1356513083962,-0.08337629,0.44855982,0.8898554,-0.49608636,0.75576764,-0.42745015,-0.8642609,-0.47708425,0.15951127
1356513083988,-0.22028092,0.64399827,0.73262715,-0.45224825,0.5980445,-0.66167533,-0.8642614,-0.47708383,0.15950924
1356513084018,-0.22029519,0.6440049,0.73261696,-0.45223817,0.59803694,-0.66168904,-0.864263,-0.4770843,0.15949899
1356513084059,-0.22034734,0.64404756,0.73256385,-0.45222503,0.5979797,-0.6617498,-0.8642566,-0.47709852,0.15949118
1356513084102,-0.22057575,0.6443484,0.7322306,-0.45223856,0.59758645,-0.6620957,-0.86419135,-0.4771851,0.15958607
1356513084141,-0.22139788,0.64538425,0.7310692,-0.45216647,0.59627664,-0.6633247,-0.8640188,-0.47742367,0.15980673
1356513084181,-0.22330186,0.64752746,0.7285907,-0.45180142,0.59356785,-0.6659975,-0.8637197,-0.47789684,0.16000903
1356513084223,-0.22678167,0.65124327,0.7241907,-0.4507522,0.58895653,-0.67078507,-0.8633611,-0.47855234,0.15998483
1356513084260,-0.2316939,0.65646327,0.7178954,-0.4488972,0.5825567,-0.67758316,-0.8630233,-0.4792531,0.15970975
1356513084301,-0.23754838,0.6628145,0.7101041,-0.44633678,0.5748093,-0.68584096,-0.8627597,-0.47986594,0.15929341
1356513084345,-0.24374166,0.6697427,0.70145184,-0.4433056,0.56634855,-0.6947873,-0.862595,-0.48030618,0.158858
1356513084382,-0.24969491,0.67667395,0.6926505,-0.44010204,0.55785406,-0.70363986,-0.8625327,-0.4805322,0.1585123
1356513084423,-0.25503525,0.68318456,0.6842629,-0.43689746,0.5498878,-0.7118595,-0.86259925,-0.48050207,0.15824085
1356513084465,-0.25929624,0.68885046,0.6769421,-0.43355328,0.5433009,-0.7189268,-0.86301625,-0.47990546,0.15777743
1356513084504,-0.26178494,0.6935273,0.6711845,-0.42954677,0.53903747,-0.72451925,-0.8642674,-0.47797334,0.15679055
1356513084543,-0.26183784,0.69716257,0.6673869,-0.42476064,0.5376931,-0.72833,-0.8666136,-0.47418407,0.15533882
1356513084582,-0.25863615,0.69966847,0.6660116,-0.4190635,0.53994167,-0.729965,-0.8703408,-0.46789646,0.15355706
1356513084624,-0.25188917,0.7009915,0.667205,-0.41261157,0.54583985,-0.7292534,-0.87538755,-0.45898762,0.15174615
1356513084663,-0.24097931,0.7008799,0.6713392,-0.40553683,0.5557253,-0.7257474,-0.88174194,-0.4471429,0.15031427
1356513084706,-0.22572172,0.6989797,0.67858446,-0.39821225,0.56950986,-0.7190865,-0.88908744,-0.43253422,0.1497916
1356513084732,-0.20862693,0.69541186,0.68766075,-0.39143115,0.58498514,-0.71033376,-0.8962458,-0.41736656,0.15016216
1356513084772,-0.18553099,0.6898764,0.6997491,-0.3838989,0.60462976,-0.6978857,-0.904544,-0.39811236,0.15266526
1356513084813,-0.15653476,0.68143,0.7149477,-0.37587178,0.62830305,-0.6811429,-0.913355,-0.37535116,0.15777898
1356513084852,-0.12296337,0.6706181,0.7315404,-0.36793715,0.65379417,-0.6611924,-0.92168444,-0.35046336,0.16635257
1356513084892,-0.08793545,0.6588198,0.7471437,-0.36156926,0.6777847,-0.6402152,-0.9281891,-0.32644182,0.1786077
1356513084933,-0.05562991,0.6481765,0.7594553,-0.35799617,0.69711,-0.6211895,-0.9320643,-0.30643886,0.1932646
1356513085003,-0.029160947,0.6407979,0.7671556,-0.35710883,0.710153,-0.60675853,-0.9336075,-0.29165167,0.20812583
1356513085013,-0.009544313,0.6380296,0.7699528,-0.3578797,0.7168054,-0.59842473,-0.9337189,-0.28126204,0.22149646
1356513085050,0.0039646327,0.6401777,0.7682166,-0.35943806,0.717793,-0.5963032,-0.93316054,-0.27376217,0.23294997
1356513085091,0.013523787,0.6463463,0.7629244,-0.36132497,0.71459544,-0.59899724,-0.9323419,-0.2675629,0.24320507
1356513085131,0.022332042,0.6545981,0.7556472,-0.3629521,0.7095753,-0.60396075,-0.93154013,-0.26077604,0.253434
1356513085171,0.034304917,0.6621158,0.7486159,-0.3631991,0.7061018,-0.60787064,-0.9310798,-0.25104368,0.26470262
1356513085213,0.05371082,0.6651864,0.74474305,-0.36039722,0.7084629,-0.60679007,-0.93125135,-0.23581211,0.27778345
1356513085252,0.08386694,0.6596879,0.7468455,-0.35220107,0.7207342,-0.59707344,-0.9321592,-0.2129651,0.29278857
1356513085292,0.1247856,0.6423774,0.7561613,-0.3359219,0.74446213,-0.5770031,-0.93358713,-0.18200947,0.3086868
1356513085333,0.17054754,0.61361855,0.77096426,-0.31140542,0.77589095,-0.54865277,-0.9348477,-0.14651105,0.32341045
1356513085372,0.21045713,0.5794086,0.78739667,-0.28435677,0.8068923,-0.517751,-0.9353336,-0.114937186,0.334575
1356513085412,0.23513748,0.54882777,0.80218357,-0.2639048,0.8303694,-0.49075538,-0.93544894,-0.09630512,0.34008926
1356513085452,0.23981094,0.52978605,0.8135217,-0.2567997,0.84274274,-0.47311586,-0.93623966,-0.095453754,0.33814782
1356513085493,0.22308625,0.52682,0.82017887,-0.26455706,0.84252447,-0.4692144,-0.9382123,-0.11230877,0.32732958
1356513085533,0.18605024,0.5402144,0.82070315,-0.28373805,0.82924026,-0.48151147,-0.94067955,-0.14327942,0.30755973
1356513085572,0.13216282,0.56607294,0.81369185,-0.30812916,0.80368537,-0.5090641,-0.9421196,-0.18344285,0.2806409
1356513085613,0.06718719,0.59772307,0.79888237,-0.33082068,0.7687428,-0.5473501,-0.94129884,-0.22751187,0.24938881
1356513085652,-6.890744E-4,0.6275864,0.77854663,-0.34633416,0.73021364,-0.5889318,-0.938111,-0.2700431,0.21685141
1356513085692,-0.06286517,0.65001756,0.7573145,-0.35350472,0.6951169,-0.6259768,-0.93331796,-0.30706638,0.18608558
1356513085732,-0.11407685,0.663374,0.73954135,-0.3554073,0.66788626,-0.6539217,-0.9277242,-0.33743572,0.15957761
1356513085773,-0.15381747,0.6692336,0.72695714,-0.35583872,0.64883184,-0.672604,-0.9218021,-0.36213773,0.13833755
1356513085813,-0.1832999,0.6696037,0.71974456,-0.35640398,0.63707274,-0.68345785,-0.9161755,-0.38179755,0.121874034
1356513085852,-0.20144367,0.6649251,0.7192322,-0.35618258,0.6342896,-0.6861564,-0.9124441,-0.39439988,0.10906112
1356513085893,-0.20409152,0.6539481,0.72849053,-0.3529846,0.64493597,-0.67783433,-0.9130983,-0.39548618,0.09920764
1356513085932,-0.18810195,0.6350715,0.74920076,-0.34460688,0.6716446,-0.65585035,-0.91970855,-0.38154644,0.09251237
1356513086003,-0.15704888,0.60847425,0.7778784,-0.32995027,0.7100657,-0.62204456,-0.9308429,-0.35435256,0.08925122
1356513086011,-0.12273207,0.57802534,0.80673647,-0.3116438,0.74931705,-0.58429617,-0.9422394,-0.32312626,0.088172734
1356513086050,-0.09772794,0.54991555,0.8294831,-0.2960979,0.77966255,-0.551772,-0.95014495,-0.29953173,0.08663404
1356513086091,-0.086679235,0.5286368,0.84441096,-0.28799427,0.7981158,-0.5292168,-0.9537012,-0.2890576,0.08306426
1356513086131,-0.087193474,0.5158336,0.85223997,-0.28751817,0.8060612,-0.51729935,-0.95379794,-0.29013965,0.07802826
1356513086171,-0.09569569,0.5125849,0.8532873,-0.29243976,0.8049153,-0.5163239,-0.9514838,-0.29894504,0.072873294
1356513086211,-0.110318795,0.5203608,0.84679055,-0.30060542,0.7946187,-0.5274632,-0.9473468,-0.312739,0.068761945
1356513086251,-0.13037972,0.5403525,0.83127624,-0.31092834,0.77385294,-0.5517927,-0.94144815,-0.33040997,0.0671162
1356513086291,-0.15485431,0.57265633,0.8050372,-0.32314926,0.7406817,-0.5890375,-0.9335924,-0.35136217,0.07035571
1356513086331,-0.17998868,0.6147915,0.7678773,-0.33760732,0.6946001,-0.6352574,-0.92391855,-0.37358016,0.08253795
1356513086371,-0.19594607,0.66043925,0.7248623,-0.3550111,0.6412735,-0.6802467,-0.91409653,-0.39062575,0.10880822
1356513086411,-0.18668482,0.69909054,0.6902328,-0.37727445,0.59769595,-0.7074063,-0.90709037,-0.39246917,0.15216821
1356513086451,-0.14018428,0.7197226,0.6799617,-0.40415964,0.58533084,-0.7028818,-0.9038825,-0.37334594,0.20882857
1356513086491,-0.06497079,0.7178149,0.6931958,-0.42648074,0.60805064,-0.66961825,-0.90216017,-0.3391403,0.26662874
1356513086531,0.007092148,0.7044742,0.70969415,-0.43489456,0.64125156,-0.63218915,-0.90045345,-0.3041585,0.31091988
1356513086571,0.04419607,0.7020937,0.7107118,-0.43343174,0.6544407,-0.6195517,-0.9001021,-0.28066325,0.33323336
1356513086611,0.036379397,0.72218424,0.69074345,-0.4290474,0.63554317,-0.6418748,-0.90254915,-0.2730106,0.33297193
1356513086651,-0.0036777854,0.7544916,0.6562994,-0.42020148,0.5943835,-0.6856669,-0.90742344,-0.27829966,0.31485242
1356513086691,-0.055011064,0.7820321,0.6208056,-0.4043265,0.5510433,-0.7299804,-0.91295886,-0.29116517,0.28588283
1356513086731,-0.10341847,0.79701126,0.5950443,-0.38405132,0.51985854,-0.7630542,-0.9175016,-0.3074414,0.25233024
1356513086771,-0.14382008,0.7999965,0.5825131,-0.36371782,0.5047015,-0.78293407,-0.9203397,-0.32447204,0.21838677
1356513086811,-0.17516175,0.793845,0.5823474,-0.3463679,0.5039921,-0.791215,-0.9216006,-0.34029704,0.18668228
1356513086851,-0.19711876,0.78126144,0.5922624,-0.3326249,0.51498663,-0.7900312,-0.9222282,-0.3527312,0.15835345
1356513086891,-0.20675474,0.76312876,0.6122801,-0.32127595,0.5381456,-0.7792182,-0.9241397,-0.35781792,0.13391078
1356513086931,-0.1995002,0.73887485,0.64363307,-0.31024903,0.57541764,-0.75672984,-0.92948645,-0.35065436,0.11443937
1356513087002,-0.17361611,0.7076814,0.6848681,-0.29733226,0.6253094,-0.72151345,-0.9388561,-0.3288998,0.101852775
1356513087011,-0.1349495,0.6708345,0.7292254,-0.2811969,0.6797705,-0.67737746,-0.95011413,-0.2964677,0.09690189
1356513087065,-0.09981385,0.63531697,0.76577383,-0.2653347,0.7247535,-0.63586944,-0.95897585,-0.26665497,0.09623122
1356513087090,-0.0777536,0.60814494,0.79000884,-0.25523865,0.7538569,-0.6054362,-0.9637466,-0.2487157,0.09660703
1356513087130,-0.0701147,0.5926105,0.8024319,-0.25395253,0.7673037,-0.58885753,-0.964672,-0.24506713,0.0966956
1356513087169,-0.072996974,0.5893798,0.80455136,-0.25998908,0.76756555,-0.5858744,-0.9628484,-0.25194162,0.09720236
1356513087212,-0.08340974,0.59893155,0.7964444,-0.27057445,0.7555928,-0.59654754,-0.9590788,-0.2652554,0.09903175
1356513087251,-0.10082972,0.6220175,0.77648413,-0.28344357,0.7301586,-0.6217139,-0.9536735,-0.28277665,0.10268515
1356513087291,-0.12575722,0.65799844,0.7424441,-0.29767954,0.6888715,-0.660941,-0.9463467,-0.30412847,0.10924208
1356513087331,-0.15687099,0.70428026,0.69237334,-0.31224167,0.6297269,-0.711301,-0.93696135,-0.3277703,0.1211198
1356513087371,-0.1862506,0.7540221,0.6298899,-0.32631433,0.5572419,-0.76354456,-0.9267306,-0.34775278,0.14226156
1356513087411,-0.19868684,0.7987355,0.56793064,-0.34185967,0.4866053,-0.8039572,-0.9185073,-0.35388824,0.17637336
1356513087451,-0.18229982,0.8333996,0.52173936,-0.362588,0.43625203,-0.8235376,-0.9139458,-0.33930716,0.22265196
1356513087491,-0.14364654,0.8579191,0.4932956,-0.3864565,0.41025788,-0.8260387,-0.91105276,-0.30929485,0.27261627
1356513087531,-0.10666478,0.87598777,0.47039145,-0.40615562,0.39343345,-0.82477134,-0.9075573,-0.2790262,0.3138218
1356513087571,-0.092963874,0.89222825,0.4419121,-0.41659376,0.36826134,-0.83116376,-0.904327,-0.26136604,0.33746177
1356513087611,-0.106547415,0.90699524,0.40743995,-0.4153605,0.3317054,-0.84702253,-0.9033954,-0.25948253,0.34138763
1356513087652,-0.13638395,0.9169532,0.37496194,-0.4023453,0.29460603,-0.8667904,-0.90527225,-0.26908037,0.32875216
1356513087692,-0.16905624,0.9202366,0.3529654,-0.38153386,0.26909715,-0.88431823,-0.90876395,-0.2841678,0.30560887
1356513087734,-0.19798148,0.91777074,0.34423873,-0.35825577,0.25914192,-0.89693826,-0.91239035,-0.30090266,0.27749133
1356513087772,-0.22125345,0.9110826,0.347815,-0.33671263,0.26335293,-0.9040297,-0.91524386,-0.31713343,0.24850535
1356513087812,-0.23986942,0.90161794,0.35992718,-0.31819707,0.27725255,-0.9065769,-0.9171767,-0.3319879,0.22038788
1356513087852,-0.25440598,0.89029324,0.37769783,-0.3025385,0.29768002,-0.9054596,-0.91855764,-0.34462243,0.19361639
1356513087892,-0.2629953,0.877908,0.40013874,-0.28899786,0.32401156,-0.9008311,-0.92049646,-0.35255358,0.1685
1356513087932,-0.26065254,0.8651528,0.42845172,-0.2767915,0.35819453,-0.8916743,-0.9249036,-0.35100898,0.14610273
1356513087999,-0.24253231,0.85209703,0.46379817,-0.26498628,0.40170765,-0.8765918,-0.9332526,-0.335502,0.12836689
1356513088014,-0.20953906,0.8379969,0.50383997,-0.25244325,0.4514472,-0.8558433,-0.94465125,-0.30652353,0.11695081
1356513088052,-0.1728603,0.82281566,0.5413813,-0.23977733,0.49796495,-0.8333893,-0.9553147,-0.27387086,0.11121416
1356513088092,-0.14454308,0.8086011,0.5703259,-0.23016483,0.5330939,-0.8141468,-0.9623572,-0.24894828,0.10905647
1356513088132,-0.13078085,0.7976349,0.5887911,-0.22710508,0.55399704,-0.8009435,-0.9650491,-0.23846552,0.10869473
1356513088172,-0.12930876,0.7908357,0.59821254,-0.23089021,0.5626828,-0.79377437,-0.964349,-0.2407634,0.10983634
1356513088212,-0.13551167,0.7881642,0.6003614,-0.23959845,0.56189644,-0.79174805,-0.9613684,-0.25113675,0.11269939
1356513088252,-0.14692116,0.7893207,0.5961434,-0.2516885,0.5530152,-0.7942462,-0.9565913,-0.2667341,0.11741334
1356513088292,-0.16279873,0.7934811,0.5864164,-0.2669947,0.536742,-0.8003885,-0.9498475,-0.28687233,0.124474406
1356513088332,-0.18173313,0.7991257,0.5730369,-0.28655115,0.5144134,-0.8082495,-0.9406707,-0.31109008,0.13550442
1356513088372,-0.19855833,0.8046466,0.55956995,-0.31160128,0.48948634,-0.8144371,-0.9292358,-0.33607596,0.15353727
1356513088412,-0.20225525,0.8093119,0.5514591,-0.34298044,0.46889853,-0.8139402,-0.9173099,-0.35376328,0.18274093
1356513088452,-0.17911237,0.81291294,0.55415815,-0.37895107,0.46280098,-0.8013809,-0.9079178,-0.35353613,0.2251609
1356513088492,-0.12396166,0.81297576,0.56894994,-0.41315195,0.47902277,-0.7744951,-0.9021858,-0.3310704,0.276502
1356513088532,-0.04978147,0.8049996,0.59118295,-0.4365071,0.51485634,-0.7378241,-0.89832246,-0.2947856,0.3257578
1356513088572,0.019163847,0.78816676,0.6151634,-0.44446623,0.55785275,-0.7008923,-0.8955906,-0.25998756,0.3610041
1356513088613,0.06430566,0.7667291,0.6387421,-0.43990436,0.59630173,-0.6714972,-0.89573944,-0.23780426,0.37563294
1356513088652,0.080705106,0.7451309,0.66201705,-0.42818284,0.6256936,-0.6520483,-0.9000812,-0.23084068,0.36954892
1356513088692,0.0737766,0.72474444,0.68505657,-0.4133726,0.6473619,-0.64034814,-0.9075682,-0.23594089,0.34734964
1356513088733,0.052495748,0.70496285,0.7072987,-0.3987765,0.66415143,-0.6323608,-0.91554433,-0.2488579,0.31598777
1356513088772,0.023974776,0.68522173,0.72793984,-0.38723356,0.67767125,-0.6251495,-0.92166984,-0.26689494,0.2815879
1356513088812,-0.007486969,0.66555333,0.7463128,-0.37975654,0.68852746,-0.61783075,-0.9250563,-0.28804275,0.24759322
1356513088852,-0.038611293,0.64631337,0.76209456,-0.37531704,0.69744337,-0.6104996,-0.92609185,-0.3095993,0.21564329
1356513088893,-0.066124916,0.6281597,0.77526957,-0.37132508,0.7056741,-0.60344154,-0.9261454,-0.3277796,0.18658882
1356513088932,-0.08548504,0.6119822,0.7862379,-0.36334234,0.7156342,-0.5965316,-0.9277255,-0.33666807,0.16118306
1356513089001,-0.09128255,0.5987651,0.7957059,-0.34620672,0.7301172,-0.58912635,-0.9337069,-0.32925564,0.1406495
1356513089014,-0.08070846,0.58900386,0.80408984,-0.31703484,0.7496558,-0.5809519,-0.9449735,-0.30181223,0.1262312
1356513089052,-0.06188865,0.58198947,0.8108378,-0.2828942,0.7688508,-0.5734451,-0.9571523,-0.26487112,0.11705834
1356513089092,-0.0449726,0.57690054,0.8155755,-0.25290918,0.7832306,-0.56796724,-0.96644425,-0.23180944,0.11067951
1356513089132,-0.038424954,0.57343954,0.8183462,-0.23608212,0.7905575,-0.5650523,-0.9709731,-0.21490903,0.10500169
1356513089172,-0.04271929,0.57201827,0.81912756,-0.23400989,0.7913406,-0.56481797,-0.9712951,-0.21581264,0.10005242
1356513089212,-0.054154098,0.57359755,0.81734526,-0.24312831,0.7863374,-0.56794554,-0.9684813,-0.22947633,0.096874416
1356513089252,-0.06991869,0.5793675,0.81206185,-0.25951508,0.7754602,-0.57559824,-0.96320456,-0.25098744,0.0961355
1356513089292,-0.08913155,0.59029186,0.80225384,-0.28085485,0.75787985,-0.58884525,-0.9556025,-0.2778015,0.09823531
1356513089332,-0.111272514,0.6066978,0.7871063,-0.30622154,0.7325551,-0.6079403,-0.9454347,-0.30867594,0.1042707
1356513089372,-0.13345772,0.62796724,0.76671124,-0.33489364,0.69954836,-0.6312514,-0.9327568,-0.34101212,0.11694211
1356513089412,-0.14716834,0.6526005,0.7432726,-0.36421642,0.6629003,-0.654148,-0.91961294,-0.36698186,0.14012986
1356513089452,-0.13835937,0.67751163,0.72238135,-0.39020175,0.63310736,-0.668519,-0.9102744,-0.3743703,0.17676985
1356513089492,-0.09719738,0.69755423,0.7099089,-0.40886125,0.6223339,-0.6674826,-0.9074057,-0.35513183,0.22471374
1356513089532,-0.03240338,0.70732903,0.7061414,-0.4164517,0.63270545,-0.65287966,-0.90858024,-0.31522924,0.27406657
1356513089572,0.031080961,0.7070066,0.70652354,-0.4125956,0.652905,-0.6352007,-0.9103838,-0.2717659,0.31200075
1356513089612,0.07122111,0.7032477,0.7073686,-0.4022308,0.66920114,-0.6248042,-0.91276395,-0.24002613,0.3305291
1356513089652,0.08087972,0.70220774,0.7073633,-0.39015883,0.6753621,-0.6258292,-0.91718847,-0.2253671,0.32859564
1356513089692,0.06551504,0.70482075,0.7063536,-0.37771797,0.6727173,-0.6362237,-0.9235999,-0.22512029,0.3102966
1356513089732,0.035369188,0.70848614,0.7048379,-0.36549288,0.66559064,-0.6506951,-0.9301419,-0.23459865,0.28248805
1356513089772,-0.0014695823,0.71068895,0.7035048,-0.35530642,0.6572306,-0.66468436,-0.93474865,-0.25093663,0.25154656
1356513089812,-0.040174425,0.7101631,0.7028899,-0.34868088,0.6492721,-0.67591965,-0.93638,-0.27223903,0.22153622
1356513089852,-0.0773693,0.7065974,0.70337343,-0.3452596,0.6428472,-0.6837714,-0.9353126,-0.29574937,0.19422293
1356513089892,-0.109384865,0.70023584,0.70548177,-0.34262574,0.639683,-0.6880504,-0.9330822,-0.31697857,0.1699472
1356513089932,-0.1312545,0.6916864,0.7101705,-0.33732235,0.64246047,-0.688083,-0.9321941,-0.3298704,0.14899546
1356513090001,-0.13713947,0.68161786,0.7187418,-0.32665655,0.65388775,-0.68244135,-0.9351407,-0.3283714,0.13298112
1356513090014,-0.123173565,0.67021143,0.7318776,-0.3096838,0.67470586,-0.66997606,-0.94282776,-0.309174,0.1244477
1356513090052,-0.09595871,0.6573594,0.7474426,-0.28951192,0.70001215,-0.6528138,-0.95235217,-0.27903673,0.12314111
1356513090092,-0.06588937,0.64372957,0.76241124,-0.2706335,0.72390264,-0.6346042,-0.960425,-0.24814768,0.12651724
1356513090133,-0.04480897,0.6307807,0.7746662,-0.25980905,0.74140364,-0.6187244,-0.96461976,-0.22898974,0.13066107
1356513090172,-0.036325738,0.620461,0.7833955,-0.25962824,0.75113595,-0.6069497,-0.9650252,-0.22543952,0.13380367
1356513090212,-0.03700356,0.6143022,0.7882027,-0.26724118,0.7539329,-0.60013944,-0.96291894,-0.2328475,0.13626862
1356513090252,-0.043289915,0.6138985,0.78819704,-0.27910358,0.7500937,-0.59955037,-0.95928466,-0.24594313,0.13886976
1356513090292,-0.05457367,0.62098145,0.7819232,-0.29395267,0.73839587,-0.6069295,-0.9542608,-0.26297075,0.14224213
1356513090332,-0.07171357,0.63685966,0.76763725,-0.31218362,0.71661896,-0.6236976,-0.9473113,-0.28437132,0.14742583
1356513090372,-0.094252944,0.6617429,0.7437827,-0.33414376,0.6827418,-0.649778,-0.9377976,-0.30977383,0.15676683
1356513090412,-0.11684105,0.693951,0.71047884,-0.3580687,0.63783085,-0.6818788,-0.9263558,-0.33407167,0.17395729
1356513090471,-0.12686688,0.72881514,0.6728546,-0.37981266,0.5909449,-0.71170676,-0.91632265,-0.3458507,0.20184189
1356513090491,-0.109331846,0.7591114,0.6417137,-0.39527225,0.5591429,-0.7287792,-0.9120342,-0.3333304,0.23892349
1356513090531,-0.06232363,0.7783374,0.6247452,-0.40153724,0.5535139,-0.72965074,-0.9137196,-0.29633296,0.2780345
1356513090568,-0.0056818426,0.7862284,0.6179098,-0.39792395,0.5651115,-0.722707,-0.9174007,-0.24998748,0.30964828
1356513090612,0.034003645,0.79107016,0.6107797,-0.38773662,0.57370853,-0.72147,-0.9211429,-0.212289,0.326235
1356513090651,0.041229904,0.80264246,0.59503376,-0.37594974,0.56423646,-0.7350504,-0.92572236,-0.19339669,0.32501662
1356513090691,0.015089095,0.82357603,0.5670052,-0.36322135,0.53284615,-0.76429397,-0.9315807,-0.19441587,0.30718052
1356513090731,-0.033317506,0.84761906,0.52955824,-0.34724668,0.48702657,-0.80138934,-0.9371818,-0.21058759,0.2781064
1356513090771,-0.090955466,0.8676386,0.48880503,-0.32753226,0.43746904,-0.83746254,-0.94045186,-0.23627117,0.24438941
1356513090811,-0.1491358,0.8804719,0.4500308,-0.30603057,0.39167616,-0.8677183,-0.9402679,-0.26713103,0.21103841
1356513090851,-0.20243669,0.88599926,0.41716275,-0.28516728,0.35418904,-0.8906344,-0.9368559,-0.2992582,0.18095708
1356513090891,-0.24673724,0.88560563,0.39347607,-0.2670465,0.32817328,-0.9060841,-0.9315615,-0.32864112,0.15552533
1356513090931,-0.27747273,0.88106287,0.38306263,-0.25349316,0.31744844,-0.91376567,-0.9266877,-0.35064885,0.13526016
1356513091001,-0.28841203,0.87366676,0.3918224,-0.246191,0.3277912,-0.912109,-0.9253153,-0.3595264,0.12054998
1356513091014,-0.27224475,0.8627517,0.42607766,-0.24572599,0.365785,-0.8976748,-0.9303233,-0.34908566,0.11241752
1356513091052,-0.23077029,0.8455465,0.48145217,-0.24788389,0.42739165,-0.86941934,-0.9409031,-0.3199804,0.11096805
1356513091092,-0.17252189,0.82008886,0.54561025,-0.24521449,0.5007189,-0.8301509,-0.9539948,-0.27701074,0.114712715
1356513091133,-0.11832535,0.79210234,0.5988096,-0.23516333,0.5635367,-0.79191196,-0.96472657,-0.23452136,0.119592726
1356513091172,-0.084907025,0.77277327,0.6289772,-0.22440764,0.6002071,-0.76771915,-0.97078943,-0.20633203,0.122454405
1356513091212,-0.07514632,0.7689764,0.634845,-0.21936983,0.60830003,-0.76278955,-0.9727434,-0.19658673,0.12297875
1356513091252,-0.08422759,0.78150004,0.6181936,-0.22040278,0.5904201,-0.7764191,-0.9717655,-0.20164752,0.12251514
1356513091292,-0.10836655,0.8083877,0.5785896,-0.22450656,0.5470799,-0.806412,-0.9684283,-0.21728525,0.12220317
1356513091332,-0.14657226,0.84563255,0.5132468,-0.22743785,0.476141,-0.84944797,-0.9626987,-0.2412372,0.1225397
1356513091373,-0.19800049,0.88552403,0.4202891,-0.22462252,0.37637687,-0.8988243,-0.9541176,-0.2723741,0.12438589
1356513091412,-0.25853437,0.91694534,0.30392638,-0.21318233,0.2527086,-0.9437646,-0.9421854,-0.3087873,0.13014269
1356513091452,-0.31764203,0.93096876,0.18000153,-0.1957781,0.12135112,-0.9731109,-0.9277793,-0.3443413,0.14371711
1356513091492,-0.35994118,0.9300126,0.07428932,-0.18374327,0.0074038506,-0.98294634,-0.91470253,-0.36745304,0.16821867
1356513091532,-0.37331867,0.92767274,0.007509023,-0.19056916,-0.06876314,-0.9792625,-0.9079188,-0.36700797,0.20245636
1356513091572,-0.356238,0.9342315,-0.017489403,-0.21848345,-0.10148066,-0.97054964,-0.9084929,-0.34192556,0.24026543
1356513091612,-0.32011557,0.9472809,-0.01359427,-0.25471684,-0.09987998,-0.96184367,-0.912494,-0.3044384,0.27326158
1356513091652,-0.28307426,0.95909286,0.003131181,-0.28312767,-0.080444455,-0.95570254,-0.9163556,-0.2714213,0.2943175
1356513091692,-0.25898916,0.96560144,0.02320984,-0.2951509,-0.056237996,-0.9537942,-0.91967964,-0.2538727,0.29956305
1356513091732,-0.25160563,0.966784,0.04498151,-0.2913462,-0.031338274,-0.9561043,-0.9229367,-0.25366643,0.2895537
1356513091772,-0.25750703,0.96373105,0.07008925,-0.27754986,-0.0042918324,-0.9607017,-0.92555726,-0.26684073,0.26858863
1356513091811,-0.27219462,0.9571111,0.0992395,-0.2601476,0.026095986,-0.96521616,-0.9264089,-0.28854355,0.24188697
1356513091851,-0.2920199,0.94731224,0.13162091,-0.24380112,0.059341908,-0.9680081,-0.9248165,-0.31476694,0.21362668
1356513091891,-0.3133222,0.93506,0.16580668,-0.23106232,0.0942865,-0.96835953,-0.92110765,-0.34172028,0.18651515
1356513091931,-0.33097357,0.92191416,0.20132244,-0.22288448,0.13093513,-0.96601164,-0.91694,-0.36459598,0.1621443
1356513092003,-0.3384924,0.91015553,0.23883036,-0.21874121,0.17074949,-0.9607273,-0.9151914,-0.37744087,0.14129108
1356513092013,-0.32880116,0.90181625,0.2803877,-0.21753684,0.2165891,-0.95171785,-0.91900355,-0.3739206,0.12496352
1356513092050,-0.2975775,0.8968085,0.32738698,-0.21752274,0.27021217,-0.93790686,-0.92958677,-0.35031402,0.11466718
1356513092091,-0.24729711,0.8922292,0.37785065,-0.21564004,0.32950366,-0.919199,-0.9446393,-0.308795,0.110915005
1356513092131,-0.19031373,0.884748,0.42544284,-0.20957276,0.38675973,-0.8980513,-0.95909333,-0.26007277,0.111813426
1356513092171,-0.14400628,0.8746064,0.46295354,-0.20171061,0.43206462,-0.8789955,-0.9688008,-0.21996349,0.11419737
1356513092211,-0.118118286,0.86509645,0.48749995,-0.19730327,0.46070176,-0.8653469,-0.9732007,-0.19839859,0.11626905
1356513092251,-0.11060941,0.8586464,0.5004916,-0.19883916,0.47428185,-0.8576244,-0.97377026,-0.1943787,0.11827248
1356513092291,-0.115272015,0.8559072,0.5041181,-0.20564684,0.47594342,-0.85509485,-0.97181356,-0.20223886,0.121151745
1356513092331,-0.12814203,0.85679257,0.4994857,-0.21631,0.46736714,-0.8571919,-0.9678788,-0.21788612,0.12544346
1356513092371,-0.14791772,0.86083615,0.4869101,-0.22988817,0.44891366,-0.8634975,-0.9619105,-0.23966146,0.13149375
1356513092412,-0.17364123,0.86710244,0.4668855,-0.24624664,0.42079893,-0.87309265,-0.9535257,-0.26657388,0.14045304
1356513092452,-0.20162302,0.87432754,0.44147417,-0.26608467,0.38488555,-0.88377714,-0.94262767,-0.2956594,0.15504342
1356513092492,-0.22243905,0.88168925,0.4161068,-0.29053122,0.34746307,-0.8915497,-0.93065155,-0.31920752,0.17886895
1356513092532,-0.2227912,0.8891251,0.39977548,-0.3204963,0.32048482,-0.8913874,-0.92067695,-0.32671982,0.21356016
1356513092572,-0.19525152,0.895487,0.39997485,-0.3540606,0.31596208,-0.88023245,-0.9146136,-0.31348208,0.2553646
1356513092613,-0.1472522,0.89725816,0.41622648,-0.3846632,0.33573747,-0.8598341,-0.9112359,-0.28671947,0.29570413
1356513092652,-0.097955406,0.8923188,0.44064945,-0.40543526,0.36858737,-0.83651996,-0.90886027,-0.26059642,0.32567233
1356513092692,-0.06478155,0.8830464,0.46479294,-0.4143825,0.3999099,-0.8175324,-0.90779424,-0.24556306,0.34001213
1356513092732,-0.055503517,0.87352234,0.48360944,-0.41325563,0.42082354,-0.807544,-0.90892196,-0.24467584,0.33763087
1356513092772,-0.06816763,0.8657859,0.49574995,-0.4047249,0.4301842,-0.8069321,-0.9118942,-0.255649,0.32108045
1356513092812,-0.09542987,0.8594482,0.50223696,-0.3914688,0.43148455,-0.81275654,-0.9152297,-0.27417132,0.29527062
1356513092852,-0.13041243,0.8535863,0.50436395,-0.37575614,0.42820635,-0.82185555,-0.9174965,-0.29669806,0.26489687
1356513092892,-0.16753188,0.8475623,0.5035583,-0.359109,0.4232224,-0.8318194,-0.918136,-0.32018867,0.23346412
1356513092932,-0.20186621,0.8412522,0.50154227,-0.3421696,0.41924113,-0.8409262,-0.9176982,-0.34136713,0.20322037
1356513093006,-0.22891477,0.83490676,0.5005282,-0.32521945,0.41904327,-0.8477234,-0.917513,-0.35683805,0.1756028
1356513093012,-0.24459437,0.82886803,0.5031413,-0.3087754,0.42530534,-0.85074854,-0.919147,-0.363446,0.15190685
1356513093038,-0.25006974,0.823449,0.5093102,-0.29403964,0.43659222,-0.8502517,-0.9224997,-0.36237964,0.13294816
1356513093081,-0.23376814,0.8176639,0.52609724,-0.27974796,0.46164617,-0.841798,-0.9311786,-0.3439601,0.120821595
1356513093121,-0.19813347,0.8097863,0.55225813,-0.265789,0.49793094,-0.82548225,-0.9434507,-0.31033984,0.11657554
1356513093161,-0.15107459,0.798607,0.5825833,-0.25102612,0.53903514,-0.8040068,-0.95611835,-0.26770863,0.119036674
1356513093201,-0.108015805,0.7860185,0.60869336,-0.23710573,0.5742383,-0.7836015,-0.9654603,-0.228966,0.12434268
1356513093241,-0.08104339,0.77652323,0.6248549,-0.22852102,0.5957407,-0.76998127,-0.97015977,-0.20519435,0.12917107
1356513093281,-0.07200447,0.7734164,0.6297955,-0.22743419,0.6020677,-0.765368,-0.9711277,-0.19834697,0.13254982
1356513093321,-0.076734304,0.77769315,0.6239432,-0.23241118,0.59459835,-0.7696998,-0.9695859,-0.20407379,0.13511854
1356513093361,-0.09188786,0.78939533,0.60696924,-0.24123976,0.57374203,-0.78270257,-0.9661056,-0.21834597,0.13771361
1356513093401,-0.116589874,0.8080037,0.5775265,-0.25212377,0.53836524,-0.80411226,-0.96064585,-0.23935944,0.14094895
1356513093441,-0.15099227,0.8318707,0.53403413,-0.26372683,0.4867493,-0.8327804,-0.95270634,-0.26658255,0.14589119
1356513093481,-0.1935508,0.8576987,0.47633082,-0.27497935,0.41862616,-0.86552787,-0.9417667,-0.29850474,0.15482396
1356513093521,-0.23699409,0.88107175,0.4093244,-0.2854877,0.33956558,-0.8962098,-0.9286176,-0.3292535,0.17106009
1356513093561,-0.26684475,0.8994787,0.3460232,-0.29705286,0.26479614,-0.91741085,-0.91681707,-0.34759343,0.1965332
1356513093601,-0.2692963,0.9142046,0.30283564,-0.31349263,0.21411186,-0.92513704,-0.91060525,-0.34407273,0.22893685
1356513093641,-0.24423295,0.9265437,0.28612438,-0.33408523,0.19659948,-0.9218112,-0.9103502,-0.32072654,0.26152843
1356513093681,-0.2074557,0.93496275,0.28776184,-0.35182273,0.20316893,-0.91375226,-0.9127886,-0.2908042,0.28679252
1356513093721,-0.17850149,0.93868816,0.29496062,-0.36038843,0.2165702,-0.90731335,-0.91556394,-0.26825717,0.29963428
1356513093761,-0.16843617,0.9389771,0.29991883,-0.35794032,0.22523248,-0.90617275,-0.91842693,-0.2599853,0.29816043
1356513093801,-0.17707586,0.9368025,0.30173716,-0.34587827,0.2277928,-0.91020805,-0.92141867,-0.26554018,0.283683
1356513093859,-0.19681144,0.9320433,0.30423787,-0.32801583,0.22983074,-0.9162879,-0.92394316,-0.28013074,0.2604916
1356513093881,-0.22059023,0.92467946,0.3103351,-0.3085398,0.23568058,-0.9215519,-0.92528003,-0.2990361,0.23331153
1356513093921,-0.24445486,0.9151033,0.32066768,-0.29056737,0.24637252,-0.9245925,-0.92510134,-0.3191966,0.2056722
1356513093958,-0.2661388,0.9040091,0.33457103,-0.27580032,0.26116496,-0.92505515,-0.92363656,-0.3384678,0.17981976
1356513094001,-0.28359616,0.89229053,0.35127035,-0.26473588,0.27922332,-0.92301095,-0.9216769,-0.3547562,0.15703464
1356513094043,-0.29309154,0.8807075,0.37209117,-0.25749254,0.30209017,-0.9178449,-0.9207579,-0.36482322,0.13823545
1356513094082,-0.28937125,0.86971366,0.3998279,-0.2534182,0.33318788,-0.90816575,-0.923062,-0.36412078,0.123986304
1356513094122,-0.2674731,0.858642,0.43725494,-0.25126204,0.37593657,-0.8919299,-0.9302287,-0.34843284,0.11519128
1356513094162,-0.22720802,0.84548736,0.48324686,-0.24891081,0.42932338,-0.86817324,-0.9414987,-0.31754136,0.11290532
1356513094202,-0.17673185,0.82879317,0.5309124,-0.24403659,0.48566297,-0.83939123,-0.95352614,-0.27790913,0.11642367
1356513094242,-0.13121793,0.81075335,0.57049185,-0.2373971,0.533026,-0.8121121,-0.96250945,-0.2419968,0.1225279
1356513094282,-0.102989525,0.79640687,0.59592724,-0.2336016,0.562991,-0.7927619,-0.9668627,-0.22085574,0.12805974
1356513094322,-0.093654215,0.7890127,0.60719687,-0.23575833,0.5749563,-0.7834815,-0.96728843,-0.21652803,0.13216919
1356513094362,-0.09780219,0.7888263,0.6067849,-0.24284083,0.57236207,-0.7832178,-0.96512336,-0.22395256,0.13558096
1356513094402,-0.1107209,0.7951852,0.5961721,-0.25249323,0.5576724,-0.79072666,-0.9612429,-0.23807946,0.1390329
1356513094443,-0.13099152,0.8073766,0.5753122,-0.2632066,0.53116393,-0.8053491,-0.9558051,-0.2569199,0.1429289
1356513094482,-0.15868726,0.82400745,0.54390264,-0.27450782,0.49234107,-0.8259816,-0.9484006,-0.2803783,0.14806825
1356513094523,-0.19184363,0.842454,0.5034552,-0.28660828,0.44253045,-0.84971905,-0.9386435,-0.30730763,0.15655762
1356513094562,-0.22236449,0.85963863,0.45997316,-0.30027872,0.38846636,-0.87116385,-0.9275703,-0.3318361,0.17175013
1356513094602,-0.23609138,0.8739219,0.42487806,-0.31754896,0.34384727,-0.8837034,-0.9183809,-0.34355432,0.19633365
1356513094642,-0.22182119,0.8850834,0.4091733,-0.33956605,0.3232435,-0.88329417,-0.9140516,-0.3348747,0.22884202
1356513094682,-0.18214965,0.89143324,0.41493177,-0.36237326,0.33142912,-0.87111443,-0.91406083,-0.30903333,0.2626618
1356513094722,-0.13342601,0.8906437,0.43468523,-0.37872627,0.3594963,-0.85283566,-0.9158405,-0.2784172,0.28934407
1356513094762,-0.0940783,0.88338983,0.45909876,-0.38473594,0.39305782,-0.8351549,-0.91821975,-0.2552018,0.30289364
1356513094802,-0.07474983,0.8727362,0.48243535,-0.38148555,0.42196143,-0.82244587,-0.9213475,-0.24551985,0.3013947
1356513094842,-0.07604152,0.86078304,0.50325954,-0.3725478,0.44364095,-0.81510174,-0.9248923,-0.2494699,0.2869478
1356513094882,-0.09199825,0.847545,0.522689,-0.36193728,0.46055016,-0.8104906,-0.92765176,-0.26374435,0.26438832
1356513094922,-0.115658045,0.83228,0.54215616,-0.35284847,0.47579402,-0.8056786,-0.9285049,-0.28448212,0.2386393
1356513094962,-0.14177492,0.8146286,0.5623878,-0.34671208,0.49127474,-0.79902434,-0.9271951,-0.30826822,0.21279114
1356513095001,-0.16736603,0.794889,0.5832152,-0.34320638,0.50758284,-0.7902968,-0.92422825,-0.33243206,0.18785888
1356513095040,-0.18697664,0.77254057,0.606812,-0.34187293,0.5279217,-0.7774455,-0.92095745,-0.35281676,0.1654017
1356513095082,-0.19790468,0.74939996,0.6318492,-0.3403644,0.55195415,-0.7612482,-0.9192311,-0.36571354,0.14583474
1356513095121,-0.19412911,0.72433555,0.6615528,-0.3366038,0.58425367,-0.73847514,-0.9214184,-0.36604065,0.13039339
1356513095161,-0.17175177,0.6963198,0.69687873,-0.327852,0.626667,-0.7069664,-0.92898566,-0.34989586,0.120658696
1356513095201,-0.13328323,0.664752,0.7350785,-0.31229398,0.6757417,-0.66771674,-0.94058925,-0.31855604,0.11753297
1356513095241,-0.08956309,0.63137424,0.770289,-0.29220024,0.72270775,-0.6263486,-0.9521542,-0.28117627,0.11975974
1356513095281,-0.05361055,0.6005355,0.7977988,-0.2748068,0.7592245,-0.5899655,-0.9600037,-0.25086898,0.12432879
1356513095321,-0.03142555,0.57615197,0.81673825,-0.26665366,0.78269255,-0.5623951,-0.96327996,-0.23545982,0.12903649
1356513095361,-0.020792946,0.5598063,0.82836264,-0.2681148,0.7950707,-0.5440377,-0.9631626,-0.2334084,0.13356048
1356513095403,-0.017818227,0.5521189,0.833575,-0.27588603,0.798626,-0.53486764,-0.96102524,-0.23950207,0.13809174
1356513095443,-0.021234423,0.55403554,0.8322222,-0.2875151,0.7938621,-0.5358341,-0.95754075,-0.25065452,0.14243639
1356513095482,-0.03174831,0.5666027,0.82337916,-0.30256325,0.77969456,-0.5482079,-0.95260036,-0.266529,0.14667916
1356513095522,-0.04997225,0.5902818,0.80564886,-0.3217067,0.7541506,-0.5725047,-0.94551975,-0.28779203,0.15221101
1356513095562,-0.07389724,0.6240765,0.77786106,-0.34472284,0.71592736,-0.6071361,-0.9357913,-0.31301212,0.16222835
1356513095602,-0.095436186,0.6635384,0.74203014,-0.3691526,0.6686876,-0.6454326,-0.92445564,-0.33551997,0.18112993
1356513095642,-0.100129575,0.70004225,0.7070466,-0.39215997,0.62532663,-0.67466813,-0.91443133,-0.34482962,0.21191478
1356513095682,-0.07737082,0.72442764,0.68499523,-0.41185862,0.6024684,-0.6836698,-0.90795726,-0.3350172,0.25174826
1356513095723,-0.033686966,0.73304135,0.6793495,-0.42506725,0.6046848,-0.6735534,-0.90453476,-0.31145912,0.2912218
1356513095762,0.009546578,0.73175895,0.6814968,-0.42924333,0.6185409,-0.658147,-0.9031386,-0.2862448,0.3200075
1356513095802,0.03249812,0.73217654,0.6803392,-0.42612803,0.6258808,-0.65321374,-0.90407896,-0.26868334,0.3323409
1356513095842,0.027889967,0.7418479,0.6699879,-0.41879237,0.617262,-0.66603345,-0.90765357,-0.26201016,0.32789564
1356513095882,0.0012914538,0.75855386,0.65160906,-0.40829194,0.59522265,-0.6921038,-0.9128505,-0.26515293,0.31048012
1356513095922,-0.036482602,0.7749996,0.6309077,-0.39514324,0.5686915,-0.72142345,-0.9178948,-0.2756183,0.28548855
1356513095962,-0.075876415,0.7853018,0.6144459,-0.38095614,0.54664373,-0.74568963,-0.92147446,-0.2906572,0.25768822
1356513096004,-0.112954855,0.7884357,0.6046573,-0.36712873,0.53236854,-0.76275826,-0.9232863,-0.3081443,0.22932374
1356513096042,-0.14147627,0.78216946,0.606791,-0.35569596,0.5318574,-0.76851034,-0.9238316,-0.32455912,0.20296931
1356513096082,-0.16140583,0.76979387,0.61754805,-0.3460971,0.54185843,-0.7659022,-0.9242105,-0.3373527,0.17896432
1356513096122,-0.1670464,0.7488727,0.6413153,-0.33776253,0.56763005,-0.750808,-0.9262894,-0.342032,0.15812057
1356513096162,-0.15228161,0.7164519,0.68081355,-0.32837403,0.6130383,-0.71857816,-0.9321915,-0.33298773,0.14190972
1356513096202,-0.11569694,0.67022693,0.7330826,-0.31385782,0.67555845,-0.66716874,-0.94239455,-0.3072731,0.13219595
1356513096242,-0.066560626,0.61397874,0.7865111,-0.2909022,0.7420729,-0.60390705,-0.9544347,-0.26899427,0.12921494
1356513096282,-0.02174981,0.5598003,0.8283421,-0.26373404,0.7959773,-0.54485273,-0.9643502,-0.23031244,0.13032603
1356513096322,0.0068574995,0.52037275,0.85391176,-0.24315897,0.8291688,-0.5033417,-0.96996224,-0.20418459,0.13221931
1356513096362,0.01849778,0.50114983,0.8651629,-0.23543455,0.843162,-0.48337197,-0.9717142,-0.19474788,0.13358462
1356513096403,0.017682493,0.502496,0.8643987,-0.23878536,0.8416394,-0.48438072,-0.9709114,-0.19784068,0.13487095
1356513096442,0.007042825,0.5250033,0.85107106,-0.24931416,0.82513744,-0.50694245,-0.9683971,-0.20861374,0.13670206
1356513096482,-0.014839143,0.5711119,0.820738,-0.26445138,0.7893579,-0.55405736,-0.96428484,-0.22526705,0.13931799
1356513096522,-0.05238563,0.6432653,0.76384914,-0.28179199,0.72429323,-0.62927943,-0.9580444,-0.24821174,0.14332443
1356513096562,-0.110571235,0.73911095,0.6644464,-0.2958479,0.6137619,-0.73196334,-0.948814,-0.27750915,0.15079999
1356513096602,-0.18786177,0.84132147,0.5068394,-0.29567552,0.4436483,-0.8460214,-0.9366344,-0.30879506,0.16541356
1356513096642,-0.26651078,0.91509503,0.30261052,-0.27501422,0.22871447,-0.93383986,-0.92376363,-0.33210057,0.1907093
1356513096682,-0.32259727,0.941077,0.10151401,-0.24686134,0.019886494,-0.96884674,-0.9137782,-0.3376072,0.22590017
1356513096722,-0.3500365,0.9351891,-0.053812385,-0.22972265,-0.14139271,-0.9629307,-0.908131,-0.324699,0.2643267
1356513096762,-0.36002904,0.919081,-0.16021603,-0.2242055,-0.2519365,-0.94141376,-0.9055998,-0.303015,0.29676747
1356513096804,-0.3636068,0.90276283,-0.22980294,-0.22006184,-0.3229468,-0.92047715,-0.90518665,-0.284121,0.31608924
1356513096842,-0.3650049,0.89070415,-0.27095675,-0.21027541,-0.36238706,-0.9079978,-0.90694857,-0.2744481,0.31956625
1356513096882,-0.36456406,0.8851787,-0.289053,-0.19357836,-0.37567854,-0.90630734,-0.910835,-0.2744527,0.30831036
1356513096922,-0.36245263,0.8862269,-0.28849617,-0.17321193,-0.3682047,-0.9134675,-0.91576517,-0.2811177,0.28696182
1356513096962,-0.35979342,0.89194494,-0.2738302,-0.15290052,-0.3458814,-0.9257362,-0.9204185,-0.29120502,0.26082462
1356513097004,-0.35817534,0.89979714,-0.24914974,-0.13432568,-0.31374043,-0.93995935,-0.9239411,-0.30320305,0.23323998
1356513097042,-0.35825694,0.9081669,-0.21652898,-0.119785815,-0.2747184,-0.9540341,-0.92590666,-0.31585225,0.2072053
1356513097082,-0.36003673,0.9152814,-0.18064731,-0.10839951,-0.23336262,-0.96632886,-0.9266191,-0.32833186,0.18323523
1356513097122,-0.35926706,0.92277086,-0.13936046,-0.10274485,-0.1875329,-0.97687,-0.92756176,-0.33663863,0.1621843
1356513097196,-0.3486756,0.9329888,-0.08920345,-0.105771005,-0.13373888,-0.985356,-0.93125606,-0.33413446,0.1453147
1356513097221,-0.30170792,0.95334804,-0.009993643,-0.12689269,-0.050542414,-0.9906279,-0.9449183,-0.29761216,0.13622189
1356513097258,-0.24616039,0.96609247,0.077913284,-0.14939824,0.041605473,-0.9879014,-0.95764565,-0.2548223,0.1340909
1356513097299,-0.18901557,0.96909034,0.15854645,-0.1678715,0.1271913,-0.9775692,-0.96751857,-0.21139124,0.13864154
1356513097341,-0.14174819,0.96465605,0.22213987,-0.18143708,0.19528604,-0.96381736,-0.9731331,-0.17692378,0.14734292
1356513097381,-0.11022949,0.9579456,0.26493368,-0.19244543,0.24094254,-0.9512684,-0.97509706,-0.15584308,0.15779322
1356513097421,-0.094462246,0.95282066,0.28846052,-0.20314297,0.26521096,-0.9425476,-0.97458184,-0.14763397,0.16850644
1356513097461,-0.09294397,0.950693,0.29587853,-0.21403345,0.2711407,-0.93844146,-0.97239447,-0.15055043,0.17827922
1356513097501,-0.10447657,0.95085007,0.29149425,-0.22540241,0.26283228,-0.9381434,-0.9686477,-0.16371742,0.18686402
1356513097541,-0.12717438,0.95115864,0.28128952,-0.23855236,0.24593782,-0.9394717,-0.96276647,-0.18657908,0.19562423
1356513097581,-0.1563682,0.94920635,0.2730497,-0.25643122,0.22795588,-0.9392971,-0.9538301,-0.21689475,0.20776117
1356513097622,-0.18190145,0.9439883,0.27531448,-0.28297377,0.2178886,-0.93405056,-0.9417207,-0.24781188,0.22748959
1356513097661,-0.18925631,0.9367436,0.29443768,-0.3199998,0.22464836,-0.9203985,-0.9283223,-0.26841116,0.2572416
1356513097701,-0.1692611,0.92838734,0.33082876,-0.36295468,0.25336403,-0.89669985,-0.9163048,-0.2718522,0.2940778
1356513097741,-0.12740743,0.9165029,0.3791962,-0.40153438,0.30192178,-0.86464643,-0.90693855,-0.2624227,0.3295403
1356513097781,-0.079366446,0.8977694,0.43325633,-0.4269057,0.3621431,-0.82861567,-0.9008066,-0.25072387,0.35452086
1356513097821,-0.03950548,0.87141144,0.48895925,-0.4365742,0.42511106,-0.7928957,-0.8988003,-0.24479082,0.36364162
1356513097861,-0.015552372,0.839242,0.54353577,-0.43317842,0.48428348,-0.76014864,-0.901174,-0.24727008,0.35600972
