1356512860674,-0.5794577,0.63442606,-0.5115978,-0.3450194,0.3777485,0.85922503,0.73837,0.6743958,5.9604645E-8
1356512860722,0.61897224,-0.67776144,-0.39687878,-0.26776552,0.29294103,-0.917871,0.73835963,0.6744071,-1.5878677E-4
1356512860762,0.61891633,-0.67797816,-0.39659584,-0.26802516,0.2923207,-0.91799295,0.73831236,0.6744585,-7.93159E-4
1356512860801,0.6187817,-0.67854935,-0.39582825,-0.2687624,0.29060844,-0.918321,0.73815715,0.67462397,-0.0025453568
1356512860843,0.61859435,-0.6794944,-0.39449763,-0.27006844,0.28761554,-0.9188799,0.73783743,0.6749553,-0.005592644
1356512860883,0.61836386,-0.6807061,-0.39276624,-0.27193242,0.28357235,-0.91958654,0.7373458,0.67544496,-0.009755135
1356512860922,0.61805075,-0.68201494,-0.39098448,-0.2741201,0.27916807,-0.9202844,0.7367981,0.6759591,-0.014413953
1356512860964,0.6174943,-0.68353784,-0.38920018,-0.27664322,0.2744634,-0.9209443,0.73632145,0.67634743,-0.019616544
1356512861001,0.61656564,-0.6852325,-0.3876896,-0.2793393,0.2699908,-0.9214524,0.7360817,0.67643285,-0.024945319
1356512861041,0.61529046,-0.6871208,-0.38637105,-0.28209352,0.26575363,-0.921845,0.7360984,0.6761952,-0.03031665
1356512861081,0.61389756,-0.688831,-0.3855406,-0.28527564,0.26180175,-0.9219965,0.736035,0.6759968,-0.035787225
1356512861122,0.6127774,-0.6897739,-0.38563678,-0.28949785,0.25812805,-0.9217163,0.7353195,0.6764479,-0.041513026
1356512861163,0.612154,-0.68979317,-0.38659132,-0.29496384,0.2544144,-0.92101556,0.73366463,0.67783386,-0.047723234
1356512861206,0.611809,-0.68980575,-0.38711458,-0.300256,0.25024363,-0.92044795,0.73180324,0.67937183,-0.054017007
1356512861265,0.61134076,-0.69097406,-0.3857683,-0.3044811,0.24456915,-0.92058516,0.73044753,0.6802504,-0.06087342
1356512861287,0.61079687,-0.6934435,-0.38218236,-0.30687112,0.23763454,-0.92160726,0.72990227,0.68019557,-0.06765133
1356512861323,0.61024684,-0.69673836,-0.37703383,-0.30778626,0.23002073,-0.9232323,0.729977,0.6794454,-0.0740771
1356512861358,0.61018264,-0.6995054,-0.3719803,-0.30803305,0.22311115,-0.9248444,0.7299266,0.6789062,-0.07933223
1356512861402,0.6107236,-0.70075345,-0.3687293,-0.30866635,0.2181454,-0.9258174,0.72920626,0.67923284,-0.083072424
1356512861440,0.6118217,-0.70017135,-0.36801392,-0.30989468,0.215886,-0.9259366,0.72776335,0.6805537,-0.08489567
1356512861482,0.6134025,-0.6974409,-0.37055847,-0.31177908,0.2172445,-0.92498577,0.7256247,0.68292093,-0.08418918
1356512861522,0.61551654,-0.6921359,-0.37694484,-0.31445175,0.22288981,-0.9227352,0.72267526,0.6864897,-0.08045098
1356512861594,0.61794615,-0.6847607,-0.38632283,-0.3178165,0.23187262,-0.91936266,0.7191211,0.6908964,-0.0743435
1356512861600,0.62080705,-0.6752655,-0.3982651,-0.32203072,0.24352345,-0.914873,0.714769,0.69621325,-0.06627515
1356512861628,0.62356704,-0.66500026,-0.41102165,-0.32720906,0.25548032,-0.9097605,0.7099989,0.70178664,-0.058284998
1356512861670,0.62733454,-0.6506543,-0.42790216,-0.3355921,0.26996127,-0.9024959,0.7027299,0.7097675,-0.048998415
1356512861711,0.6308985,-0.63276744,-0.4489682,-0.34748247,0.28694442,-0.8927031,0.69370246,0.71921366,-0.038842797
1356512861752,0.6331199,-0.61245644,-0.4733459,-0.36179635,0.30646238,-0.8804454,0.68429714,0.72868234,-0.027557075
1356512861791,0.6324744,-0.59166664,-0.4999067,-0.3771443,0.32848972,-0.8659427,0.6765636,0.7362236,-0.0153823495
1356512861843,0.6284198,-0.5708078,-0.52845716,-0.39226767,0.3541115,-0.84895885,0.67172503,0.7407992,-0.0013787746
1356512861883,0.61910343,-0.5479887,-0.5625117,-0.4124213,0.38268426,-0.82671726,0.6682961,0.7438152,0.010918915
1356512861922,0.60739774,-0.52371174,-0.5973223,-0.4361966,0.4085524,-0.801759,0.6639281,0.74753654,0.019712538
1356512861964,0.5950008,-0.49675256,-0.63183147,-0.46609002,0.42718112,-0.774775,0.65477794,0.7554821,0.022641689
1356512862011,0.58193123,-0.46784836,-0.6651872,-0.5046644,0.43364936,-0.74649984,0.6377067,0.7701078,0.01624766
1356512862054,0.5690392,-0.4447819,-0.69163823,-0.5420993,0.4295378,-0.7222365,0.6183225,0.7859175,0.0033079088
1356512862091,0.5582763,-0.4319563,-0.708337,-0.5721755,0.41779187,-0.70573723,0.6007851,0.79928946,-0.013911545
1356512862132,0.5495437,-0.42783692,-0.7176053,-0.5919666,0.4067166,-0.6958141,0.5895569,0.80717856,-0.029756606
1356512862170,0.54230344,-0.4286824,-0.7225914,-0.6021727,0.401449,-0.69009185,0.5859138,0.80936396,-0.040433645
1356512862211,0.5360774,-0.4313048,-0.7256701,-0.60546064,0.40257785,-0.6865482,0.5882503,0.8074077,-0.04532522
1356512862252,0.53104067,-0.4356255,-0.7267918,-0.6034904,0.4076519,-0.6852878,0.59480685,0.8025275,-0.046416074
1356512862291,0.52836573,-0.44426814,-0.7235022,-0.59587413,0.41298154,-0.68875265,0.60478395,0.79502964,-0.046522647
1356512862334,0.5304396,-0.46163073,-0.71100694,-0.5801381,0.41388476,-0.70152634,0.6181211,0.7845996,-0.048268676
1356512862373,0.54088366,-0.49307787,-0.68140954,-0.5519873,0.4031819,-0.7299001,0.63462967,0.7709205,-0.05409825
1356512862413,0.56373703,-0.5408039,-0.624285,-0.5072439,0.36982402,-0.7784175,0.65184677,0.7554875,-0.06583595
1356512862454,0.59919155,-0.59864193,-0.53159887,-0.4464541,0.3013232,-0.84254557,0.6645662,0.74218065,-0.08671588
1356512862493,0.64441323,-0.6459748,-0.40920427,-0.3765511,0.19768432,-0.9050581,0.6655381,0.73731774,-0.11585215
1356512862534,0.6895945,-0.6591558,-0.29995498,-0.32484376,0.088641465,-0.9416045,0.64725256,0.7467638,-0.152996
1356512862595,0.73325026,-0.643604,-0.21935822,-0.29069728,-0.005083207,-0.95680153,0.61468625,0.76534176,-0.19082119
1356512862615,0.7709377,-0.61284006,-0.17344186,-0.27301553,-0.07194778,-0.95931536,0.5754281,0.7869248,-0.2227821
1356512862652,0.80170184,-0.5828469,-0.132528,-0.24793267,-0.12251732,-0.9609989,0.54387826,0.80329263,-0.24272914
1356512862693,0.82329994,-0.5614115,-0.08363204,-0.2065458,-0.15907985,-0.96541834,0.5286928,0.8121027,-0.24692762
1356512862732,0.8347077,-0.55043036,-0.017015338,-0.14306839,-0.18691385,-0.9719026,0.5317843,0.813689,-0.23476762
1356512862773,0.8338779,-0.548016,0.065773174,-0.061113775,-0.21010467,-0.97576696,0.54855514,0.80965084,-0.20869297
1356512862814,0.81896484,-0.55124116,0.1594671,0.031848997,-0.23380136,-0.97176254,0.5729592,0.8009182,-0.1739186
1356512862853,0.79255974,-0.5574871,0.24709757,0.117279455,-0.25829488,-0.95892084,0.59841007,0.78898156,-0.13933235
1356512862894,0.7586414,-0.5649481,0.32449484,0.19005594,-0.2844984,-0.93964857,0.6231709,0.77452844,-0.108460546
1356512862932,0.72583985,-0.5752197,0.37719876,0.23844023,-0.30396175,-0.92236304,0.64521533,0.7594272,-0.08347204
1356512862973,0.7018542,-0.5899904,0.3991389,0.25929913,-0.3102791,-0.91459864,0.6634489,0.74541134,-0.06478667
1356512863013,0.691687,-0.6103024,0.38613486,0.25191283,-0.29719645,-0.92098546,0.67683756,0.734306,-0.051823914
1356512863053,0.69895333,-0.6352955,0.32842642,0.21175891,-0.25479293,-0.9435246,0.68309766,0.7290269,-0.043558896
1356512863093,0.7231854,-0.6576147,0.21105866,0.12855372,-0.17208265,-0.9766584,0.6785844,0.7334375,-0.03990888
1356512863133,0.7500994,-0.66059,0.031171888,-0.0043393373,-0.052050874,-0.998635,0.6613108,0.7489403,-0.041909866
1356512863174,0.7570479,-0.6310043,-0.16944647,-0.16248892,0.06936407,-0.98426926,0.63283163,0.7726722,-0.05001928
1356512863213,0.7430618,-0.58795345,-0.31964037,-0.28899044,0.14889053,-0.94568294,0.60360897,0.7950738,-0.059278056
1356512863254,0.7260714,-0.5528681,-0.40884852,-0.36723253,0.19091064,-0.91032594,0.5813437,0.8111041,-0.06441638
1356512863294,0.71581185,-0.53258395,-0.45162785,-0.4038121,0.21193752,-0.8899541,0.56969213,0.81941247,-0.06335646
1356512863333,0.714404,-0.52534693,-0.46220934,-0.41030025,0.22057202,-0.88487387,0.5668162,0.821802,-0.05797246
1356512863373,0.72296065,-0.53130215,-0.44164008,-0.38865286,0.21574688,-0.8957691,0.5712065,0.81925046,-0.050515592
1356512863413,0.74347514,-0.5519251,-0.3776551,-0.33098677,0.18701696,-0.92491746,0.58111316,0.812652,-0.04363747
1356512863454,0.770828,-0.58748513,-0.24634393,-0.22024523,0.11708605,-0.9683919,0.5977593,0.8007196,-0.039137587
1356512863493,0.7844792,-0.6199317,-0.016645938,-0.037248105,-0.020307757,-0.99909973,0.6190355,0.78439295,-0.039022297
1356512863535,0.7436157,-0.6091624,0.27560264,0.18118721,-0.21318243,-0.96006477,0.643589,0.76385486,-0.04815334
1356512863595,0.6588761,-0.5389835,0.52476573,0.35449308,-0.39281535,-0.8485463,0.6634885,0.7451127,-0.06775075
1356512863613,0.59781516,-0.45590335,0.6593703,0.4390238,-0.50201523,-0.7451435,0.6707274,0.73493725,-0.09995988
1356512863653,0.5753274,-0.38082,0.72386086,0.4799492,-0.5594351,-0.6757818,0.6623044,0.7362122,-0.1390841
1356512863693,0.5707418,-0.314654,0.7584502,0.5099653,-0.5881125,-0.6277412,0.6435754,0.7450614,-0.17519778
1356512863732,0.56372213,-0.25789982,0.78466874,0.5415334,-0.6019207,-0.58688414,0.62366575,0.7557639,-0.19965467
1356512863773,0.5434091,-0.21337292,0.8118981,0.5758873,-0.6089387,-0.5454791,0.61078656,0.7639802,-0.20802405
1356512863812,0.509759,-0.18434952,0.8403338,0.60880953,-0.6128457,-0.5037569,0.60786235,0.7683979,-0.20016989
1356512863852,0.4706708,-0.17241617,0.8652986,0.6347789,-0.6149796,-0.4678204,0.6128007,0.7694627,-0.1800068
1356512863892,0.4364059,-0.17702316,0.88216364,0.65048325,-0.6153114,-0.44526783,0.62162805,0.7681502,-0.15337491
1356512863933,0.41456562,-0.19652522,0.8885455,0.6553005,-0.613033,-0.44132963,0.63144016,0.76522446,-0.12535933
1356512863975,0.4081403,-0.22924143,0.8836684,0.6495465,-0.6072463,-0.4575383,0.64149106,0.76072353,-0.0989387
1356512864013,0.4194827,-0.2747966,0.8651711,0.6319168,-0.5958382,-0.49563897,0.6517019,0.7546282,-0.07629523
1356512864054,0.4441076,-0.32865936,0.83351755,0.6039554,-0.577359,-0.5494493,0.66182053,0.747422,-0.05791393
1356512864093,0.48757017,-0.39154738,0.7803627,0.5621654,-0.5430762,-0.62372935,0.6680161,0.74280477,-0.044673383
1356512864132,0.55407006,-0.45643184,0.696187,0.50220937,-0.48370028,-0.7168122,0.6639217,0.74679583,-0.038779467
1356512864171,0.6433173,-0.51671267,0.5649345,0.40873668,-0.3921377,-0.8241131,0.64736176,0.76107556,-0.041069537
1356512864208,0.7342604,-0.5546725,0.39140797,0.27892038,-0.27916014,-0.9188433,0.6189226,0.7838419,-0.050266802
1356512864252,0.7974641,-0.565162,0.21128882,0.13662289,-0.1719482,-0.975586,0.5876949,0.8068617,-0.05990845
1356512864292,0.8243863,-0.56190217,0.06821406,0.02017495,-0.091267586,-0.99562204,0.5656679,0.82215345,-0.06390339
1356512864331,0.82827634,-0.55973446,-0.025605738,-0.055462867,-0.036426716,-0.99779606,0.5575681,0.8278711,-0.06121587
1356512864372,0.822485,-0.56278366,-0.08241911,-0.099456176,3.7181377E-4,-0.9950419,0.56002396,0.8266042,-0.0556665
1356512864410,0.8129979,-0.5721067,-0.10829739,-0.11760835,0.020812277,-0.99284196,0.5702655,0.81991506,-0.050364196
1356512864450,0.8018509,-0.5884969,-0.10347201,-0.11139229,0.022907011,-0.9935125,0.5870493,0.80817485,-0.047186017
1356512864490,0.7881527,-0.61217713,-0.06367546,-0.07916698,0.0017638505,-0.99685985,0.6103671,0.79071873,-0.047074035
1356512864532,0.76816523,-0.6400647,0.015469015,-0.021324128,-0.0497244,-0.99853534,0.63989645,0.7667102,-0.05184538
1356512864590,0.73860645,-0.66161567,0.12932605,0.050206542,-0.13732049,-0.98925346,0.6722647,0.73716205,-0.06820837
1356512864624,0.7105373,-0.6570802,0.25175858,0.11745483,-0.24201325,-0.9631376,0.6937875,0.71391547,-0.0947822
1356512864662,0.7014934,-0.62976503,0.33362108,0.15302072,-0.3241096,-0.93356186,0.6960544,0.7059384,-0.13099366
1356512864703,0.7144444,-0.59032017,0.37562114,0.16771244,-0.37670815,-0.91102326,0.679295,0.71387184,-0.170133
1356512864742,0.73742723,-0.5488901,0.39359954,0.17601392,-0.4064379,-0.89656407,0.652089,0.7304298,-0.20310608
1356512864783,0.75676024,-0.5135865,0.40440428,0.18780188,-0.4217509,-0.88704944,0.6261345,0.7472316,-0.2227118
1356512864823,0.7655426,-0.48976856,0.41721848,0.20689009,-0.4266369,-0.88044167,0.6092135,0.760334,-0.22528046
1356512864863,0.7643189,-0.47925353,0.431431,0.2302294,-0.42214197,-0.876807,0.602338,0.7694882,-0.21231282
1356512864904,0.75599784,-0.48132288,0.4436165,0.25388205,-0.40905416,-0.8764808,0.6033335,0.7752439,-0.18704483
1356512864943,0.7471313,-0.49461362,0.4440182,0.26753744,-0.38773495,-0.8820914,0.60845584,0.77782965,-0.15736124
1356512864984,0.7383632,-0.51556176,0.43475956,0.27300596,-0.36097705,-0.89171934,0.6166746,0.77710474,-0.12578076
1356512865023,0.73184806,-0.54288805,0.4119113,0.2671167,-0.32754833,-0.90628946,0.6269346,0.77329457,-0.09470114
1356512865065,0.7287288,-0.5735974,0.37408617,0.24884832,-0.28711694,-0.9250073,0.6379882,0.76717013,-0.06649166
1356512865103,0.7296773,-0.60338193,0.32171607,0.21882927,-0.23969129,-0.94586563,0.6478308,0.76057756,-0.04285964
1356512865143,0.7389713,-0.6269708,0.24663535,0.17071289,-0.17987938,-0.96876234,0.6517503,0.7579914,-0.025893688
1356512865184,0.7593661,-0.63523704,0.14084408,0.09625679,-0.104406044,-0.98986566,0.64350426,0.76522756,-0.018136531
1356512865223,0.78219265,-0.6228468,0.015383452,-1.5234947E-4,-0.024882339,-0.9996904,0.62303674,0.7819481,-0.019557685
1356512865264,0.79875743,-0.59243387,-0.10492255,-0.10134767,0.03941057,-0.9940702,0.5930559,0.8046546,-0.028562322
1356512865302,0.80433226,-0.5633833,-0.18880922,-0.17649777,0.07688281,-0.9812938,0.5673607,0.8226106,-0.03759657
1356512865344,0.8040237,-0.54792017,-0.2309317,-0.21547067,0.09349477,-0.9720243,0.5541826,0.8312895,-0.042888716
1356512865382,0.80220234,-0.5475607,-0.2380098,-0.2222521,0.096126825,-0.9702389,0.5541438,0.8312261,-0.044583336
1356512865423,0.80061543,-0.55844337,-0.2171543,-0.20428593,0.08629823,-0.9750999,0.5632781,0.82504165,-0.044990435
1356512865462,0.7987927,-0.5771962,-0.16963124,-0.16472578,0.06134534,-0.9844299,0.57861525,0.8142981,-0.04607688
1356512865503,0.7939428,-0.600977,-0.09209451,-0.10300903,0.016321808,-0.9945464,0.59920275,0.79909956,-0.04894747
1356512865544,0.7800826,-0.62538576,0.019075036,-0.01961115,-0.054911584,-0.99829865,0.62536913,0.77838135,-0.055100113
1356512865598,0.7539433,-0.63822246,0.15569733,0.075404614,-0.15136446,-0.98559785,0.6525976,0.75482523,-0.06599533
1356512865624,0.72095275,-0.63048786,0.28759724,0.15680887,-0.25582302,-0.9539211,0.67500967,0.7328298,-0.085570216
1356512865662,0.6969459,-0.5994928,0.39354134,0.21430331,-0.34959066,-0.9120639,0.68435407,0.7199964,-0.115172505
1356512865703,0.692046,-0.5517505,0.4654501,0.25177687,-0.41980582,-0.8719929,0.6765211,0.7206487,-0.15160695
1356512865743,0.7010402,-0.4960695,0.5123062,0.28241575,-0.46653336,-0.8382053,0.65481603,0.7322989,-0.18696082
1356512865783,0.7086017,-0.4417858,0.5501899,0.317573,-0.4966233,-0.80778265,0.630104,0.7471216,-0.21160889
1356512865822,0.70507056,-0.39757264,0.58720654,0.35938948,-0.5135057,-0.779199,0.6113221,0.76042616,-0.21917433
1356512865863,0.68695796,-0.36818105,0.6265234,0.40563154,-0.5210669,-0.7509676,0.6029526,0.77002084,-0.2086052
1356512865904,0.65523434,-0.35517168,0.6667241,0.45234025,-0.522399,-0.722833,0.60502577,0.77521116,-0.18163532
1356512865943,0.6200415,-0.3557551,0.6992759,0.48991907,-0.5205939,-0.6992577,0.6128033,0.77615744,-0.14849862
1356512865985,0.58438647,-0.3666848,0.7239024,0.5175783,-0.5186361,-0.6805361,0.6249841,0.7723723,-0.11329582
1356512866022,0.5589401,-0.38603687,0.7338675,0.530037,-0.5142805,-0.67422277,0.63768864,0.7658271,-0.08283818
1356512866063,0.54275644,-0.40932906,0.73339295,0.53133404,-0.5089189,-0.67726344,0.6504611,0.75726575,-0.058728516
1356512866102,0.5395726,-0.4365599,0.7199145,0.52089036,-0.4986854,-0.69281036,0.66146404,0.748818,-0.041677117
1356512866143,0.55208683,-0.46539026,0.69181794,0.50044423,-0.47869873,-0.7213898,0.6669001,0.7444861,-0.0313814
1356512866183,0.5853772,-0.4913897,0.6448795,0.46993244,-0.44252,-0.76376665,0.66067916,0.7501414,-0.028121144
1356512866223,0.6395007,-0.5104401,0.5748823,0.424892,-0.3885278,-0.81762636,0.6407071,0.7671355,-0.03158185
1356512866264,0.70751524,-0.5157119,0.48318058,0.3620936,-0.32260662,-0.87453604,0.60688585,0.79370415,-0.041513145
1356512866302,0.76592267,-0.51234305,0.38841608,0.2910207,-0.26242548,-0.92002165,0.57329696,0.81770253,-0.0518952
1356512866344,0.80221915,-0.50829726,0.31317443,0.23115169,-0.21921012,-0.9479007,0.55046636,0.832815,-0.058360785
1356512866382,0.8176241,-0.510448,0.26633376,0.1926299,-0.19340003,-0.962024,0.5425722,0.83787787,-0.059800982
1356512866423,0.81885,-0.5186087,0.24602783,0.17524286,-0.18228583,-0.96750283,0.5466028,0.8353543,-0.058382273
1356512866464,0.8098794,-0.5309639,0.24934453,0.17616576,-0.1852936,-0.9667636,0.5595185,0.82688785,-0.056527823
1356512866503,0.7936089,-0.5436902,0.27310413,0.19216989,-0.20190291,-0.9603676,0.577283,0.8146387,-0.055751055
1356512866542,0.7686861,-0.5569775,0.3144801,0.21889517,-0.23290388,-0.9475445,0.6010046,0.7972025,-0.05711031
1356512866598,0.73437,-0.56761473,0.3721751,0.2525879,-0.28040284,-0.92605275,0.6300001,0.77407223,-0.06254682
1356512866623,0.6955198,-0.57018447,0.43719777,0.28366986,-0.34114152,-0.89618856,0.66013914,0.7473367,-0.075526536
1356512866663,0.663835,-0.5591028,0.49671644,0.30326718,-0.40587068,-0.86214733,0.6836316,0.7229613,-0.09987363
1356512866703,0.6492353,-0.5318047,0.5437622,0.31398505,-0.46376413,-0.82845414,0.6927532,0.7085949,-0.13411334
1356512866744,0.6527352,-0.4905814,0.57729256,0.32431424,-0.5077151,-0.7981514,0.6846584,0.7082057,-0.172301
1356512866783,0.6610877,-0.4428746,0.6056609,0.34325826,-0.53927076,-0.7689999,0.6671858,0.71627444,-0.20448488
1356512866822,0.6648161,-0.39835837,0.6319259,0.37151286,-0.55758625,-0.7423448,0.6480724,0.72829133,-0.22269705
1356512866871,0.65317494,-0.36596167,0.66289866,0.41081983,-0.5641303,-0.71622914,0.6360736,0.7401548,-0.21813148
1356512866913,0.62951505,-0.34785524,0.6947716,0.45105603,-0.56447923,-0.69131154,0.63266045,0.74857193,-0.198446
1356512866970,0.59727526,-0.3448744,0.72410214,0.48773685,-0.56052196,-0.6692741,0.6366906,0.75291216,-0.16657794
1356512866991,0.56524223,-0.35337585,0.7454037,0.5151608,-0.55452806,-0.653535,0.64429075,0.7534083,-0.13139728
1356512867032,0.5352049,-0.37020767,0.7592773,0.5340046,-0.5481774,-0.6436929,0.6545188,0.74996513,-0.0956946
1356512867068,0.5123588,-0.3934156,0.7633562,0.54278255,-0.5404782,-0.64286107,0.66548896,0.7437119,-0.063379645
1356512867111,0.49797037,-0.4198273,0.7587955,0.543491,-0.53074765,-0.6503265,0.6757537,0.7362418,-0.03612423
1356512867152,0.49686337,-0.44720316,0.7437312,0.5371204,-0.5146635,-0.6682987,0.68163663,0.7315264,-0.015515506
1356512867191,0.5140284,-0.4724994,0.7159045,0.52442753,-0.48734212,-0.698193,0.67878616,0.73433095,-0.0027160048
1356512867231,0.554296,-0.48964584,0.6730548,0.5046301,-0.4453664,-0.7395925,0.66189444,0.7495969,2.2524595E-4
1356512867271,0.6130562,-0.49749148,0.6137298,0.4720168,-0.39229658,-0.7894957,0.6335315,0.77369606,-0.0056754947
1356512867311,0.6757076,-0.49622953,0.54513806,0.4274596,-0.3387251,-0.8381787,0.600581,0.79938823,-0.016761035
1356512867350,0.7244569,-0.49348214,0.48128736,0.38045052,-0.29598463,-0.8761566,0.57482135,0.81784374,-0.026682585
1356512867391,0.7524118,-0.49566716,0.4338094,0.34225482,-0.26851702,-0.90042233,0.5627949,0.8259617,-0.032390893
1356512867431,0.76303124,-0.5035294,0.40526715,0.31699505,-0.2548961,-0.91353273,0.5632916,0.8255217,-0.03487736
1356512867472,0.761884,-0.514522,0.39344618,0.30375943,-0.25266883,-0.9186342,0.57206905,0.8194057,-0.036213428
1356512867512,0.75111544,-0.5275542,0.39687806,0.30088407,-0.2615404,-0.9170962,0.5876176,0.8082594,-0.037714392
1356512867551,0.7327016,-0.54040134,0.4136603,0.30642897,-0.28075892,-0.9095471,0.6076592,0.79318404,-0.04011789
1356512867597,0.70700073,-0.5529341,0.44092387,0.31573552,-0.3110999,-0.89639723,0.63281995,0.77296877,-0.045366913
1356512867632,0.67765,-0.5612168,0.47521183,0.3238397,-0.35243854,-0.87801766,0.6602412,0.7488811,-0.057085693
1356512867673,0.65377903,-0.55950636,0.5094366,0.32541132,-0.39991972,-0.85683817,0.68314016,0.72595924,-0.07938939
1356512867714,0.6456918,-0.54249674,0.537382,0.32067102,-0.44604445,-0.8355923,0.69300234,0.711858,-0.11404428
1356512867753,0.6520308,-0.51106054,0.56006515,0.31850466,-0.48571742,-0.8140229,0.68804836,0.7091514,-0.15392756
1356512867794,0.66677547,-0.47077337,0.57773954,0.3242918,-0.5147002,-0.7936741,0.6710033,0.7165586,-0.19052151
1356512867833,0.6772782,-0.4312123,0.5961125,0.3412375,-0.5337044,-0.77376777,0.651806,0.727472,-0.21432057
1356512867874,0.67769384,-0.4011366,0.61629575,0.3671706,-0.54155827,-0.756241,0.637116,0.73878556,-0.21972513
1356512867912,0.6670721,-0.38461593,0.63803244,0.39774725,-0.5402869,-0.74154377,0.62993014,0.74843884,-0.20743042
1356512867953,0.6487005,-0.38148645,0.6585254,0.4277651,-0.5328984,-0.73009336,0.6294479,0.7553061,-0.18250486
1356512867994,0.6268574,-0.38941962,0.6748349,0.4530974,-0.52241373,-0.72234803,0.63383955,0.75857514,-0.15103394
1356512868033,0.60663563,-0.4052204,0.6839515,0.47021818,-0.51080793,-0.71970147,0.6410055,0.75820297,-0.11933231
1356512868072,0.5895333,-0.42645258,0.6859946,0.47921056,-0.49901325,-0.7220408,0.6502366,0.754403,-0.08982435
1356512868112,0.5772894,-0.451693,0.68022823,0.47985107,-0.48636717,-0.7301985,0.6606662,0.7479441,-0.06402922
1356512868152,0.57181823,-0.47875398,0.6661971,0.47300327,-0.47109374,-0.74453926,0.67029244,0.7408545,-0.0429278
1356512868193,0.57766575,-0.50429904,0.64186037,0.45955232,-0.4489519,-0.7663249,0.67462134,0.737648,-0.027592331
1356512868234,0.6010431,-0.52397287,0.60348964,0.43863443,-0.41494885,-0.79713076,0.66809213,0.7438212,-0.019569635
1356512868272,0.64415395,-0.5339955,0.5476445,0.40635931,-0.36766872,-0.83647585,0.6480261,0.7613597,-0.019841224
1356512868313,0.69853073,-0.5337963,0.4765672,0.36033547,-0.31299496,-0.87874484,0.61823386,0.7855544,-0.026290834
1356512868352,0.74814653,-0.52845573,0.40126216,0.30627486,-0.26142883,-0.91534185,0.5886192,0.80770636,-0.03373435
1356512868393,0.78089285,-0.5266643,0.33590338,0.25589544,-0.22083527,-0.9411426,0.56984556,0.8208876,-0.037677705
1356512868432,0.79564875,-0.5328542,0.28811362,0.21727993,-0.1929305,-0.9568528,0.5654489,0.82392,-0.037726402
1356512868473,0.7973325,-0.5457813,0.25765014,0.1912973,-0.1763509,-0.9655597,0.5724214,0.81916,-0.0362038
1356512868513,0.7894881,-0.56330425,0.24371502,0.17713284,-0.17107204,-0.9692051,0.58765006,0.80834574,-0.035279658
1356512868551,0.77481115,-0.5824888,0.24571222,0.17398188,-0.17719217,-0.96867603,0.60778123,0.79329044,-0.035947975
1356512868593,0.75201094,-0.60304976,0.2661025,0.18198812,-0.19805807,-0.9631475,0.63352966,0.772725,-0.03919393
1356512868629,0.7226369,-0.62010276,0.30539888,0.1999086,-0.23545253,-0.9511039,0.6616891,0.7483547,-0.04618281
1356512868672,0.69200385,-0.6277983,0.35637033,0.22008106,-0.2866899,-0.9324019,0.68752813,0.72365606,-0.060223993
1356512868710,0.6708501,-0.6195538,0.40756992,0.23606981,-0.34259015,-0.90934217,0.7030158,0.7062472,-0.08356869
1356512868751,0.6681303,-0.59494805,0.4468096,0.24562159,-0.39048627,-0.8872376,0.7023333,0.7025364,-0.11476362
1356512868792,0.6817355,-0.5597155,0.47112122,0.25288743,-0.42397928,-0.86964905,0.68650174,0.71201134,-0.1474967
1356512868830,0.70024014,-0.5223336,0.48665318,0.26351863,-0.44442272,-0.8561812,0.663492,0.7277747,-0.17355797
1356512868872,0.71273863,-0.4902998,0.5016071,0.28124633,-0.4553578,-0.84471875,0.64257616,0.74313885,-0.18665609
1356512868910,0.71309173,-0.46797323,0.5220165,0.3079455,-0.4598394,-0.8328969,0.62981725,0.7546845,-0.18379742
1356512868950,0.7014199,-0.45643887,0.54742455,0.3411663,-0.45933676,-0.82013124,0.625792,0.7620192,-0.16646639
1356512868990,0.68281186,-0.4550714,0.57155746,0.3741169,-0.45417783,-0.8085536,0.6275384,0.7659193,-0.13986811
1356512869030,0.66443336,-0.46343076,0.5863106,0.3985989,-0.4438732,-0.80255556,0.6321765,0.7669475,-0.11020118
1356512869070,0.6517464,-0.48148942,0.5859987,0.4090144,-0.42752406,-0.80618256,0.63869697,0.7651085,-0.08170116
1356512869111,0.6470976,-0.5088599,0.567738,0.40288812,-0.4039648,-0.82127565,0.64726037,0.7601803,-0.05639103
1356512869152,0.6506865,-0.54399353,0.52979064,0.37958446,-0.37124634,-0.8474029,0.65766454,0.7524939,-0.03507349
1356512869191,0.6661365,-0.5845028,0.46326947,0.33438176,-0.32116893,-0.8860244,0.6666715,0.74512213,-0.018495262
1356512869231,0.695042,-0.6219964,0.3606065,0.26329434,-0.24651664,-0.9326873,0.6690237,0.74320245,-0.00757128
1356512869270,0.73583233,-0.64450824,0.20774946,0.15367816,-0.13984898,-0.9781744,0.6594951,0.7516989,-0.003858529
1356512869311,0.77063686,-0.6369618,0.019960642,0.010321289,-0.018842675,-0.99976915,0.63719094,0.770665,-0.007946581
1356512869351,0.7825566,-0.6032941,-0.15375759,-0.13217776,0.08034307,-0.9879646,0.6083866,0.7934615,-0.016869053
1356512869390,0.7758037,-0.5677338,-0.27533048,-0.23742218,0.14162794,-0.9610266,0.5846018,0.8109376,-0.02491711
1356512869431,0.76305073,-0.5466588,-0.34484443,-0.29798105,0.17591596,-0.93822217,0.57355106,0.81866825,-0.028661191
1356512869471,0.75105244,-0.54148966,-0.37776867,-0.32436872,0.19573933,-0.92545724,0.5750697,0.81760323,-0.028631806
1356512869510,0.74208874,-0.54726756,-0.38704333,-0.32899606,0.2057054,-0.92165446,0.58400846,0.81128514,-0.027397215
1356512869552,0.7365515,-0.5633313,-0.37436563,-0.3147576,0.2044315,-0.9268956,0.59868145,0.8005408,-0.02673845
1356512869599,0.7351278,-0.5881696,-0.33711058,-0.28141123,0.18764743,-0.9410611,0.61676145,0.7866669,-0.027572662
1356512869634,0.7347923,-0.62340796,-0.26728785,-0.22497462,0.14775914,-0.96309584,0.63989586,0.7678084,-0.03167869
1356512869673,0.73263896,-0.66236264,-0.15657583,-0.1439777,0.07401797,-0.9868089,0.6652148,0.74551797,-0.041136995
1356512869714,0.7231885,-0.6904111,-0.018192232,-0.05562374,-0.031968914,-0.99793994,0.6884072,0.7227106,-0.061522797
1356512869753,0.71262306,-0.6914733,0.118460804,0.019986808,-0.14877711,-0.98866874,0.70126235,0.7069158,-0.09220164
1356512869811,0.71420234,-0.6675695,0.21039453,0.060658097,-0.24042706,-0.96877,0.6973059,0.70466006,-0.13122007
1356512869831,0.7302761,-0.63171977,0.2600519,0.078807,-0.30022264,-0.95060813,0.67859143,0.71470034,-0.16946149
1356512869871,0.75133616,-0.5954732,0.28443927,0.09058693,-0.33387733,-0.9382537,0.6536727,0.73071045,-0.19691202
1356512869908,0.7674626,-0.5664243,0.3002743,0.10659711,-0.3491121,-0.9309983,0.6321695,0.7465148,-0.2075513
1356512869951,0.7739339,-0.5486554,0.31623343,0.13033682,-0.35067165,-0.9273844,0.61970854,0.75895107,-0.19988668
1356512869990,0.7711356,-0.54322046,0.33205622,0.15799259,-0.3419642,-0.9263362,0.61675614,0.7667933,-0.17787597
1356512870030,0.7617074,-0.54893416,0.34419915,0.1837861,-0.32636344,-0.92720526,0.6213087,0.7695182,-0.14770699
1356512870070,0.7496132,-0.56405115,0.3463037,0.20021896,-0.3054573,-0.9309179,0.63086635,0.767165,-0.116041064
1356512870110,0.73822135,-0.58618295,0.33379465,0.20300855,-0.2788326,-0.93863726,0.643286,0.7606852,-0.08684006
1356512870151,0.7296701,-0.6125965,0.3038208,0.19078277,-0.24428673,-0.95075023,0.65664566,0.7516978,-0.06137586
1356512870190,0.7255562,-0.6399364,0.2530801,0.162295,-0.19826607,-0.9666182,0.66875136,0.74240947,-0.03999469
1356512870230,0.7276397,-0.6628884,0.17640716,0.11421153,-0.13650228,-0.98403394,0.6763847,0.73616993,-0.02361498
1356512870271,0.7370183,-0.6728671,0.06367019,0.037080765,-0.053806886,-0.9978627,0.6748549,0.73780394,-0.014706224
1356512870311,0.74756265,-0.6588807,-0.08382276,-0.07347402,0.04339266,-0.9963527,0.6601149,0.7509948,-0.015971884
1356512870351,0.7478077,-0.62005275,-0.23731463,-0.19965099,0.13088015,-0.9710869,0.6331849,0.7735663,-0.025920972
1356512870392,0.735976,-0.570114,-0.36511552,-0.31379485,0.19061235,-0.9301612,0.59989345,0.79914767,-0.03861274
1356512870431,0.718183,-0.5286836,-0.45244542,-0.39470416,0.22597909,-0.8905852,0.57308096,0.8181852,-0.046379298
1356512870472,0.70130426,-0.50268584,-0.5054496,-0.44203746,0.24961093,-0.8615668,0.55926317,0.82764804,-0.047152758
1356512870511,0.68748677,-0.49028432,-0.53570807,-0.46623057,0.26758805,-0.8432234,0.5567683,0.8294684,-0.044622302
1356512870551,0.67838204,-0.4912541,-0.5463216,-0.4712091,0.2796015,-0.8365315,0.5637019,0.8249197,-0.041806757
1356512870599,0.6762556,-0.50553,-0.5358337,-0.45743844,0.28198028,-0.84334874,0.57743263,0.8154303,-0.0405581
1356512870633,0.6835922,-0.53674906,-0.49457264,-0.41808808,0.26745674,-0.86814123,0.59825075,0.8002295,-0.04157704
1356512870672,0.70256793,-0.5878655,-0.40101424,-0.33933628,0.21856895,-0.91492,0.6254991,0.77887213,-0.045924544
1356512870713,0.7261119,-0.64943224,-0.22583029,-0.20651866,0.107284516,-0.97254306,0.65582895,0.7528133,-0.056219324
1356512870752,0.73099756,-0.6817416,0.029513806,-0.03007695,-0.07539895,-0.9966998,0.68171704,0.7276974,-0.07562116
1356512870792,0.7073935,-0.6483916,0.2813943,0.13256058,-0.26934767,-0.953876,0.6942781,0.7120675,-0.10458362
1356512870834,0.6861701,-0.57487977,0.44573978,0.23677191,-0.40288466,-0.8840945,0.68782973,0.7121779,-0.14033204
1356512870873,0.6771307,-0.49651796,0.54310584,0.30637157,-0.48082083,-0.8215521,0.669052,0.7226903,-0.17345959
1356512870912,0.673988,-0.43031302,0.60047555,0.35883275,-0.5198076,-0.7752671,0.6457393,0.737991,-0.19593367
1356512870952,0.65999234,-0.3767999,0.64994764,0.41245702,-0.541355,-0.7326759,0.6279247,0.7516359,-0.2018764
1356512870992,0.6258637,-0.33488113,0.70437866,0.4718557,-0.55651695,-0.6838429,0.62100476,0.7603575,-0.19028816
1356512871032,0.5727284,-0.30371565,0.7614059,0.53131664,-0.5697844,-0.62693566,0.6242474,0.7636115,-0.16496253
1356512871072,0.5113521,-0.28388262,0.8111286,0.5804024,-0.58198583,-0.56958365,0.63376033,0.7620388,-0.13283354
1356512871112,0.45535553,-0.27677393,0.84619594,0.6126085,-0.59227234,-0.5233778,0.6460358,0.7567098,-0.10014042
1356512871153,0.41595364,-0.28442666,0.86376154,0.6269016,-0.59838253,-0.49893165,0.65876925,0.74902594,-0.07059187
1356512871194,0.4001035,-0.3091707,0.86274606,0.6245743,-0.5969333,-0.5035649,0.6706894,0.74032706,-0.04573503
1356512871233,0.4176932,-0.35751715,0.8352927,0.6025773,-0.5790626,-0.5491695,0.68002427,0.7327128,-0.026438773
1356512871274,0.47856444,-0.43394458,0.76332706,0.5514612,-0.5279556,-0.64587414,0.68327636,0.7300377,-0.0133571625
1356512871312,0.60040677,-0.54662013,0.5837107,0.42579278,-0.39933434,-0.8119314,0.67691374,0.7360289,-0.007016152
1356512871352,0.73795086,-0.63971436,0.21492788,0.15617648,-0.14794873,-0.97658587,0.65653443,0.7542391,-0.009270519
1356512871392,0.7597948,-0.6129048,-0.21693237,-0.18128401,0.12071371,-0.97599405,0.62437814,0.7808816,-0.019392207
1356512871432,0.7011612,-0.5316746,-0.47507378,-0.40056717,0.2574749,-0.87934786,0.58984655,0.8068636,-0.032440007
1356512871474,0.65126044,-0.47657192,-0.59054124,-0.50674325,0.30614436,-0.8059074,0.5648637,0.8241084,-0.04211989
1356512871512,0.6238518,-0.45239213,-0.6372993,-0.54998004,0.325238,-0.76924783,0.55527556,0.8303985,-0.045906305
1356512871554,0.6145803,-0.45057708,-0.6475117,-0.55663353,0.3339283,-0.7606912,0.5589725,0.82793254,-0.045580566
1356512871593,0.6229381,-0.46834883,-0.626576,-0.53397584,0.33076686,-0.77811503,0.5716799,0.819294,-0.044039726
1356512871618,0.6503538,-0.5017659,-0.57032526,-0.4829771,0.30636767,-0.8202877,0.5863216,0.80893123,-0.04309407
1356512871649,0.6934403,-0.55093974,-0.46433383,-0.39349452,0.25027522,-0.8846041,0.6035748,0.79613304,-0.043240875
1356512871692,0.7492339,-0.6203158,-0.23207088,-0.20883663,0.11125454,-0.9716016,0.62851876,0.7764218,-0.046188995
1356512871730,0.74305844,-0.6321562,0.21964249,0.1317941,-0.18354794,-0.9741358,0.6561209,0.7527874,-0.053072423
1356512871771,0.5993928,-0.50196534,0.6235055,0.42076826,-0.46505338,-0.7788963,0.6809423,0.72921616,-0.06753856
1356512871810,0.47298753,-0.35662076,0.80567014,0.54206735,-0.60309273,-0.58518547,0.6945832,0.71351296,-0.09194285
1356512871853,0.41934007,-0.25533313,0.8711825,0.58783907,-0.65491503,-0.47490162,0.69180864,0.7112604,-0.12453735
1356512871890,0.40455377,-0.18130113,0.8963628,0.6174883,-0.66883254,-0.41397005,0.67456985,0.72096664,-0.15862739
1356512871930,0.39662886,-0.12107688,0.90995926,0.6477935,-0.665431,-0.37089783,0.6504223,0.7365745,-0.18549633
1356512871970,0.3771044,-0.07150856,0.9234061,0.68083763,-0.6545206,-0.32872933,0.62789524,0.75265485,-0.19813687
1356512872012,0.3389333,-0.033829033,0.940202,0.71400887,-0.6415024,-0.2804746,0.61263,0.76637477,-0.1932723
1356512872050,0.2855782,-0.009528458,0.9583081,0.7423967,-0.6301509,-0.22750166,0.60604644,0.7764143,-0.17288347
1356512872090,0.22639298,0.0017528236,0.9740344,0.7618401,-0.6234105,-0.17595118,0.6069149,0.78189266,-0.14247112
1356512872130,0.17246985,0.0014855564,0.9850137,0.7705581,-0.6231289,-0.13398021,0.61359143,0.7821178,-0.10861567
1356512872170,0.13161838,-0.0086450875,0.99126273,0.7695476,-0.6294473,-0.107668936,0.62487847,0.77699506,-0.07619399
1356512872210,0.10841775,-0.02797997,0.99371153,0.7610792,-0.6407352,-0.101077855,0.6395342,0.76725185,-0.04817204
1356512872250,0.10472548,-0.05683604,0.99287575,0.7477795,-0.6536833,-0.116292894,0.6556359,0.7546309,-0.025956497
1356512872291,0.121742904,-0.09623575,0.98788524,0.7329888,-0.66237956,-0.1548568,0.6692579,0.7429615,-0.010100223
1356512872330,0.16411293,-0.14791083,0.97528934,0.72000587,-0.65786254,-0.22092652,0.67428374,0.738471,-0.0014671087
1356512872371,0.24302948,-0.21430121,0.9460505,0.70611566,-0.62961507,-0.32401463,0.66508436,0.7467662,-0.0016935766
1356512872411,0.36959743,-0.2956648,0.88089734,0.6732911,-0.5681358,-0.4731816,0.64037246,0.767987,-0.010913078
1356512872451,0.5263864,-0.37972945,0.7607384,0.5947638,-0.47493377,-0.6486092,0.6075963,0.79387873,-0.024149358
1356512872492,0.66302246,-0.4437285,0.6029148,0.47608787,-0.37159115,-0.79703224,0.5777037,0.8154907,-0.035119534
1356512872530,0.7447014,-0.48095497,0.46271178,0.36339334,-0.289313,-0.8855752,0.5597903,0.8276354,-0.040675968
1356512872598,0.779042,-0.501408,0.37640887,0.29167065,-0.24160685,-0.9255023,0.5549972,0.83079255,-0.041975886
1356512872613,0.7860268,-0.513587,0.34407896,0.2632612,-0.22550286,-0.93799895,0.5593348,0.82787496,-0.042043746
1356512872651,0.7740818,-0.5206382,0.36018473,0.27302685,-0.23876938,-0.9319042,0.57118607,0.81971025,-0.042678803
1356512872691,0.743214,-0.5208863,0.41989326,0.31523716,-0.2809347,-0.90647733,0.59013426,0.8060726,-0.044591874
1356512872728,0.6922852,-0.51051897,0.51001126,0.37636417,-0.3475804,-0.85880023,0.61570376,0.78648466,-0.0484837
1356512872772,0.62851995,-0.48703998,0.60642785,0.4346218,-0.4266734,-0.793129,0.6450322,0.76206416,-0.056494534
1356512872810,0.5715288,-0.45288336,0.68428904,0.4723093,-0.50037014,-0.7256402,0.6710282,0.7379203,-0.07207492
1356512872851,0.54081744,-0.41322923,0.73263776,0.48881245,-0.55443317,-0.6735475,0.68452823,0.72238874,-0.09785554
1356512872891,0.5396456,-0.37050697,0.75598097,0.49672297,-0.58488435,-0.6412306,0.67974186,0.72155035,-0.13159096
1356512872930,0.55401766,-0.32666248,0.7657389,0.5071675,-0.5969784,-0.6216091,0.660186,0.7327403,-0.16506398
1356512872970,0.5692079,-0.28649643,0.7706635,0.52298725,-0.5970932,-0.6082468,0.63441837,0.749266,-0.1900362
1356512873010,0.57315606,-0.25540555,0.77862716,0.5434213,-0.592729,-0.59444565,0.61333954,0.76383275,-0.2009334
1356512873050,0.56071943,-0.23748857,0.7932168,0.5663555,-0.58882844,-0.57664764,0.6040158,0.77258027,-0.19566458
1356512873091,0.5330374,-0.23346609,0.8132433,0.58909744,-0.5875171,-0.5547864,0.6073181,0.77480143,-0.17563432
1356512873130,0.4961608,-0.24115391,0.83406794,0.6080286,-0.58924365,-0.532065,0.61977875,0.7711269,-0.14573115
1356512873170,0.45743984,-0.2574153,0.85116756,0.62016726,-0.59363544,-0.51282513,0.63729227,0.76245284,-0.11191195
1356512873210,0.42355037,-0.27986032,0.8615586,0.62424254,-0.59904015,-0.50146997,0.65644974,0.75021935,-0.079022974
1356512873252,0.3993175,-0.30722153,0.8638058,0.6208557,-0.60265213,-0.5013468,0.67459893,0.73649526,-0.049909294
1356512873292,0.39135593,-0.34021223,0.85504156,0.61057013,-0.59918016,-0.5178679,0.6885089,0.7247336,-0.026769282
1356512873331,0.40383005,-0.37753615,0.8332993,0.5949935,-0.5835168,-0.55271244,0.694913,0.7190095,-0.011010109
1356512873370,0.44569325,-0.42106003,0.7899785,0.56951773,-0.5474791,-0.6131202,0.690657,0.7231703,-0.004206627
1356512873413,0.5231645,-0.4672617,0.71271694,0.5236231,-0.48358408,-0.70140237,0.672397,0.74014384,-0.008324981
1356512873462,0.6439581,-0.50645447,0.5734299,0.43077877,-0.37938735,-0.8188376,0.632256,0.7743185,-0.026139736
1356512873501,0.74464434,-0.528055,0.40824342,0.30623278,-0.27317375,-0.9119198,0.59306514,0.8040734,-0.041709542
1356512873542,0.80189115,-0.5310597,0.27376312,0.19967465,-0.19365408,-0.96053535,0.56311697,0.8249083,-0.049250335
1356512873600,0.8264301,-0.5292297,0.19216955,0.13467143,-0.14559935,-0.9801349,0.5466963,0.83589274,-0.049055547
1356512873623,0.83230025,-0.5298705,0.16282974,0.11305432,-0.12531137,-0.985655,0.54267395,0.8387695,-0.04439253
1356512873662,0.8263867,-0.5329841,0.1816948,0.13096637,-0.1318981,-0.9825735,0.54766124,0.8357816,-0.039195832
1356512873703,0.8078409,-0.5353712,0.24651729,0.18510917,-0.16663234,-0.9684876,0.5595781,0.8280165,-0.0355103
1356512873743,0.76958394,-0.5314063,0.35404506,0.2703035,-0.23121488,-0.93459916,0.57851243,0.81495214,-0.0342983
1356512873783,0.7062433,-0.51254857,0.4883793,0.3698935,-0.3210504,-0.8718402,0.6036548,0.7963796,-0.037151307
1356512873822,0.6281655,-0.47575665,0.6156816,0.4534952,-0.41912368,-0.7865606,0.6322581,0.7732988,-0.047525674
1356512873863,0.5600728,-0.4251311,0.7110429,0.5055213,-0.5045918,-0.6998824,0.6563282,0.7514324,-0.06769535
1356512873904,0.52072656,-0.36820346,0.7702403,0.5338891,-0.563578,-0.6303508,0.6661879,0.7394633,-0.09689021
1356512873942,0.5026677,-0.30849648,0.8075612,0.5584703,-0.5971798,-0.57574934,0.6598758,0.74040955,-0.12789688
1356512873982,0.49594563,-0.2513615,0.8311771,0.58621955,-0.6092313,-0.53402615,0.6406127,0.7521002,-0.15479258
1356512874022,0.48566103,-0.20178951,0.8505377,0.61700535,-0.6101103,-0.49706125,0.61922354,0.7661896,-0.17180157
1356512874062,0.46419844,-0.16603272,0.8700304,0.64615893,-0.60835564,-0.4608493,0.60580397,0.7761035,-0.17511421
1356512874102,0.43185896,-0.14761111,0.8897802,0.669521,-0.6085561,-0.42591223,0.6043505,0.77966046,-0.16398168
1356512874142,0.3951159,-0.146027,0.90695065,0.6844981,-0.61164105,-0.39668334,0.61265475,0.7775419,-0.14171392
1356512874182,0.36219954,-0.15816727,0.9185829,0.6905699,-0.6163676,-0.37842342,0.6260389,0.77141047,-0.11402249
1356512874222,0.33894622,-0.18078622,0.9232723,0.68885684,-0.620708,-0.37443003,0.6407743,0.76291406,-0.08585081
1356512874260,0.32784885,-0.21165521,0.92071563,0.68071246,-0.6228671,-0.38557386,0.6550922,0.7531525,-0.060129944
1356512874300,0.3300177,-0.2494024,0.91043216,0.66684765,-0.6210428,-0.41184953,0.66813356,0.7430372,-0.03864166
1356512874341,0.3468969,-0.29284906,0.8910118,0.6480627,-0.61190045,-0.4534232,0.677995,0.73472255,-0.0224818
1356512874382,0.38261402,-0.3407699,0.858768,0.62478787,-0.5893051,-0.5122106,0.6806222,0.7325268,-0.01256755
1356512874421,0.44440913,-0.39137086,0.8058097,0.59285855,-0.5458566,-0.59208035,0.67157954,0.7408571,-0.010556072
1356512874462,0.5339024,-0.44092473,0.7214802,0.540199,-0.47855893,-0.69221854,0.650487,0.7593199,-0.017316699
1356512874502,0.63579273,-0.481889,0.6029515,0.45704478,-0.3944536,-0.7971928,0.62199485,0.7824253,-0.03054586
1356512874542,0.7171072,-0.5112898,0.4736454,0.35733536,-0.31375146,-0.87969965,0.5983884,0.8000892,-0.042291492
1356512874598,0.76260775,-0.53209436,0.36783826,0.2716403,-0.2526533,-0.92864305,0.5870613,0.80811006,-0.04813707
1356512874623,0.78114086,-0.54948443,0.29645544,0.21273611,-0.21216528,-0.9537972,0.5869943,0.8081168,-0.048835784
1356512874664,0.7830235,-0.56531256,0.2594146,0.18158412,-0.19113715,-0.9646211,0.5948962,0.8024265,-0.047013104
1356512874703,0.7756104,-0.5784892,0.25254464,0.17417727,-0.18841483,-0.96652067,0.6067049,0.79363096,-0.045376837
1356512874744,0.7598172,-0.5894422,0.2742914,0.18759932,-0.2051723,-0.9605784,0.6224824,0.78132087,-0.045314487
