1356511957421,-0.5528587,0.59939176,-0.5788582,-0.433312,0.38656712,0.81412935,0.71175,0.70092463,0.04600668
1356511957422,0.6670231,-0.6949378,0.2685917,0.22022758,-0.16048926,-0.9621554,0.7117443,0.70093125,0.04599443
1356511957423,0.6670955,-0.6949012,0.2685068,0.22014154,-0.16044992,-0.96218157,0.71170306,0.7009765,0.045941234
1356511957481,0.6672556,-0.6948257,0.2683043,0.21997708,-0.16031724,-0.96224135,0.7116039,0.7010817,0.045873165
1356511957482,0.6676048,-0.69466424,0.26785326,0.21970326,-0.15993121,-0.9623682,0.7113609,0.7013299,0.045849144
1356511957513,0.66833544,-0.6943335,0.26688713,0.21927269,-0.15895173,-0.96262866,0.71080744,0.7018799,0.046015263
1356511957543,0.6692114,-0.69387674,0.2658782,0.21896324,-0.15777913,-0.96289194,0.71007836,0.7025957,0.046345927
1356511957586,0.6706629,-0.69334984,0.2635854,0.21808925,-0.15532872,-0.9634886,0.708977,0.7036612,0.047038913
1356511957626,0.67226696,-0.69272447,0.261132,0.21731956,-0.15253234,-0.96410894,0.7076929,0.70488775,0.048000127
1356511957666,0.6738322,-0.6921007,0.25874072,0.21667856,-0.14969173,-0.9646983,0.7063997,0.70610833,0.04909628
1356511957706,0.67520165,-0.69156146,0.25660387,0.21618956,-0.14706653,-0.96521175,0.70524096,0.70718765,0.050208755
1356511957746,0.67632556,-0.691146,0.2547567,0.2158179,-0.14474729,-0.96564543,0.7042773,0.7080717,0.05126536
1356511957785,0.6773343,-0.6907971,0.25301713,0.21538273,-0.14264998,-0.96605444,0.7034405,0.7088373,0.05216404
1356511957826,0.67843604,-0.6903925,0.25116298,0.21462199,-0.14070824,-0.9665085,0.70261085,0.7096193,0.052711844
1356511957866,0.679724,-0.6898389,0.2491939,0.21342671,-0.13902295,-0.9670169,0.70172954,0.7104892,0.052732825
1356511957906,0.68112504,-0.68911994,0.2473508,0.21190725,-0.1378308,-0.96752167,0.70083094,0.7114186,0.052149475
1356511957946,0.68245244,-0.68829775,0.24597734,0.21031356,-0.13738322,-0.96793294,0.7000192,0.71230054,0.051000834
1356511957986,0.6835175,-0.6874771,0.2453142,0.20890255,-0.13777953,-0.9681821,0.6994023,0.71301615,0.04944098
1356511958026,0.68428874,-0.6867102,0.2453124,0.20777936,-0.13884732,-0.9682712,0.69898266,0.7135479,0.04767254
1356511958066,0.68507695,-0.6858728,0.24545507,0.20668879,-0.14008835,-0.9683259,0.6985337,0.71411055,0.04579091
1356511958106,0.68641293,-0.6847182,0.24494545,0.20514767,-0.1408245,-0.9685468,0.69767594,0.71507305,0.043804593
1356511958146,0.688617,-0.6831238,0.24320477,0.20288447,-0.14049163,-0.9690717,0.6961642,0.71666163,0.041850306
1356511958186,0.6916597,-0.6811567,0.24006759,0.20008326,-0.13866983,-0.9699161,0.693955,0.7188854,0.040375702
1356511958226,0.6955077,-0.678835,0.23548257,0.1971429,-0.13486616,-0.97105396,0.690944,0.72179925,0.040027045
1356511958266,0.7003412,-0.67596316,0.22933811,0.19425106,-0.12868096,-0.97247505,0.6868688,0.7256136,0.041185975
1356511958306,0.70615923,-0.67238826,0.22188537,0.19146006,-0.12036988,-0.97409135,0.681676,0.7303458,0.04373523
1356511958346,0.7125496,-0.66821444,0.21392159,0.18900006,-0.110820994,-0.9757037,0.6756863,0.73566854,0.0473271
1356511958386,0.7193343,-0.66343766,0.20593351,0.18709707,-0.10046303,-0.9771908,0.6689939,0.74145645,0.051860757
1356511958466,0.7275735,-0.65719277,0.19681069,0.18558998,-0.08763121,-0.97871196,0.66044915,0.748611,0.058210254
1356511958468,0.73502994,-0.65105706,0.18935591,0.1849779,-0.07612948,-0.9797895,0.6523144,0.75520134,0.06447372
1356511958507,0.74176943,-0.64526194,0.18279806,0.18510132,-0.06500195,-0.98056734,0.64460504,0.761191,0.071222395
1356511958551,0.7466812,-0.64077777,0.17852455,0.18683583,-0.055547416,-0.9808194,0.6384039,0.7657142,0.07824403
1356511958589,0.74907756,-0.6383742,0.17709094,0.19075176,-0.048156843,-0.9804564,0.6344262,0.76821834,0.08569777
1356511958627,0.7492363,-0.6379916,0.17779689,0.19613822,-0.042671993,-0.9796473,0.6325937,0.76886,0.09316313
1356511958668,0.7484194,-0.638694,0.17871304,0.20126839,-0.038031846,-0.97879755,0.6319489,0.7685205,0.10008511
1356511958710,0.7493096,-0.6383901,0.17604889,0.20263052,-0.032067135,-0.9787301,0.63045704,0.76904464,0.105329126
1356511958752,0.7550529,-0.6343569,0.1657898,0.1962189,-0.022649378,-0.98029846,0.6256142,0.77270836,0.10737136
1356511958791,0.76595783,-0.6259932,0.14642787,0.17986763,-0.010002196,-0.98363996,0.6172165,0.7797644,0.10493463
1356511958827,0.7817153,-0.61231804,0.118269846,0.15186013,0.0029621422,-0.9883975,0.6048633,0.7906059,0.095302254
1356511958883,0.8002215,-0.5939302,0.083021194,0.11034387,0.009747341,-0.9938457,0.58946574,0.80445755,0.07333657
1356511958920,0.8122947,-0.58080125,0.053359568,0.0724825,0.009746015,-0.997322,0.5787258,0.8139871,0.050014555
1356511958964,0.81657547,-0.5760907,0.036385924,0.046168655,0.0023489073,-0.9989308,0.5753894,0.81738234,0.028515406
1356511959000,0.81607616,-0.5771966,0.029390067,0.0309591,-0.007121153,-0.9994954,0.5771146,0.8165742,0.012058072
1356511959044,0.8122376,-0.5824778,0.031457603,0.025894016,-0.017871805,-0.99950486,0.5827517,0.81265,5.6654215E-4
1356511959081,0.8070365,-0.5890119,0.041915357,0.029200226,-0.031088628,-0.99909,0.589779,0.8075262,-0.0078903735
1356511959120,0.800103,-0.59662783,0.06221229,0.04057488,-0.049646027,-0.9979423,0.5984888,0.8009809,-0.015513837
1356511959161,0.7906554,-0.6044796,0.097305655,0.06232518,-0.07864079,-0.99495286,0.6090809,0.79272944,-0.024503447
1356511959200,0.7779535,-0.61030567,0.14938302,0.09448406,-0.12141509,-0.9880947,0.6211772,0.78280604,-0.036791123
1356511959241,0.763178,-0.60942453,0.21485138,0.13319297,-0.17699338,-0.975158,0.6323124,0.77283585,-0.053906415
1356511959280,0.75157416,-0.5965683,0.28150064,0.16985048,-0.23734005,-0.9564625,0.6374066,0.76666546,-0.07705122
1356511959322,0.7512041,-0.5693575,0.33395278,0.19602834,-0.29067528,-0.93652594,0.6302899,0.76898634,-0.10674626
1356511959359,0.7633084,-0.5309404,0.3680523,0.21260357,-0.33153096,-0.9191773,0.6100491,0.779865,-0.14018053
1356511959399,0.7839131,-0.487348,0.38467154,0.22137478,-0.35944813,-0.90652645,0.58006334,0.7957945,-0.17388952
1356511959467,0.80128896,-0.4455693,0.3992542,0.23364493,-0.38129294,-0.89444155,0.55076855,0.80998987,-0.20142078
1356511959478,0.8064265,-0.41232362,0.42386952,0.25762478,-0.4002224,-0.8794609,0.5322646,0.8184199,-0.21652517
1356511959515,0.79778326,-0.389441,0.46030164,0.29291272,-0.416955,-0.8604363,0.52701426,0.82126987,-0.21856749
1356511959558,0.7721183,-0.37907806,0.51003253,0.34038052,-0.4310516,-0.8356648,0.53663254,0.8188372,-0.20379204
1356511959599,0.7353753,-0.37888998,0.56184125,0.38995683,-0.44146273,-0.8081116,0.55421734,0.8133592,-0.17689005
1356511959637,0.69200754,-0.38660505,0.60964084,0.4366028,-0.44840086,-0.7799452,0.5748943,0.80589896,-0.1415039
1356511959677,0.64978814,-0.4006751,0.6459372,0.4739358,-0.4508186,-0.7564043,0.59427285,0.7976353,-0.103042305
1356511959716,0.61538893,-0.4197721,0.66714907,0.4991364,-0.44753987,-0.74200463,0.61004865,0.7896198,-0.06588757
1356511959769,0.5877795,-0.44346416,0.6766497,0.5159296,-0.4387693,-0.7357297,0.62316287,0.7815504,-0.029103339
1356511959811,0.57928014,-0.47533876,0.662184,0.51266336,-0.41912386,-0.7493408,0.6337278,0.77355564,8.986294E-4
1356511959848,0.57831454,-0.5052913,0.64049435,0.50292844,-0.39735124,-0.7675773,0.64235127,0.766024,0.024331331
1356511959891,0.5892881,-0.53291476,0.60724074,0.48443338,-0.3684428,-0.7934571,0.6465785,0.76174253,0.041042745
1356511959930,0.6167927,-0.55506754,0.5580922,0.4547632,-0.32742152,-0.8282426,0.64246184,0.76465374,0.050473005
1356511959970,0.6615684,-0.56731415,0.4903896,0.4103478,-0.27347326,-0.8699581,0.627648,0.7767671,0.051874846
1356511960007,0.71615094,-0.56643,0.40778053,0.35025173,-0.2136954,-0.9119529,0.60369825,0.79592174,0.045354903
1356511960065,0.7701338,-0.5521863,0.3193497,0.2783311,-0.15957578,-0.9471364,0.57395625,0.8183067,0.030795932
1356511960101,0.8008019,-0.5407487,0.2575016,0.22481096,-0.12711433,-0.9660755,0.55513626,0.8315243,0.019772856
1356511960142,0.8099649,-0.5390116,0.23113488,0.20055303,-0.115787596,-0.97281635,0.5511219,0.8343018,0.014316529
1356511960192,0.79910564,-0.550177,0.2423538,0.20820564,-0.124911174,-0.970076,0.56398624,0.82565266,0.014732748
1356511960233,0.7790804,-0.5612345,0.27937347,0.23669328,-0.14932582,-0.9600407,0.5805256,0.81407475,0.016503602
1356511960270,0.75167924,-0.5709333,0.33017197,0.27445227,-0.18443327,-0.94374806,0.5997118,0.8000123,0.018059256
1356511960310,0.7157017,-0.57615876,0.39473057,0.3194213,-0.2325756,-0.91862875,0.62108064,0.7835495,0.017582595
1356511960353,0.671825,-0.57402563,0.46813,0.36455113,-0.29391736,-0.8835808,0.6447896,0.764269,0.011800676
1356511960391,0.6269822,-0.55972654,0.5418481,0.40301222,-0.3621916,-0.840475,0.6666891,0.7453343,-0.001511008
1356511960467,0.5973917,-0.5328947,0.5992882,0.42394173,-0.42448235,-0.8000551,0.68073237,0.7320096,-0.027665973
1356511960470,0.58938676,-0.49287248,0.6400781,0.43522692,-0.47377974,-0.7655784,0.68058854,0.72980094,-0.06472814
1356511960506,0.6034142,-0.44320434,0.66291875,0.44320434,-0.5046972,-0.74084455,0.66291875,0.74084455,-0.10811138
1356511960546,0.62463963,-0.38972506,0.6767124,0.4564589,-0.5208987,-0.72132504,0.63361704,0.7594596,-0.14748049
1356511960587,0.63798517,-0.34189516,0.6899874,0.47758174,-0.527211,-0.7028259,0.6040617,0.77791786,-0.17306992
1356511960626,0.6348958,-0.30757263,0.7087358,0.50582975,-0.5279169,-0.6822316,0.5839894,0.7916456,-0.17959285
1356511960670,0.61478466,-0.29032695,0.73331445,0.5380494,-0.52543455,-0.6591065,0.5766651,0.799768,-0.16681886
1356511960708,0.5821091,-0.28941405,0.7598609,0.57012266,-0.5210321,-0.63520527,0.5797492,0.8029727,-0.13829601
1356511960746,0.54465216,-0.30131924,0.78266263,0.59726137,-0.5157826,-0.6142045,0.58875537,0.8019819,-0.100955784
1356511960798,0.50096476,-0.32564715,0.80186546,0.6204556,-0.5108057,-0.59507346,0.6033814,0.7956327,-0.05384609
1356511960846,0.47287357,-0.35981816,0.8043144,0.6288969,-0.5015261,-0.5941047,0.61715424,0.7867672,-0.01086998
1356511960888,0.4620329,-0.39663357,0.7932259,0.6262818,-0.48735815,-0.6084842,0.6279304,0.7779227,0.023228943
1356511960926,0.4635743,-0.43143064,0.77392924,0.6172479,-0.46940684,-0.6313972,0.63569176,0.7704057,0.04869464
1356511960966,0.4784686,-0.46352822,0.74579453,0.60206133,-0.44508708,-0.6628875,0.63921046,0.76618487,0.06611219
1356511961009,0.5086858,-0.4905687,0.70751756,0.580342,-0.41164804,-0.70267284,0.63595754,0.76804185,0.07529807
1356511961048,0.55588377,-0.5091219,0.6571059,0.5493734,-0.3682415,-0.750058,0.6238446,0.7779415,0.07499856
1356511961092,0.6162709,-0.5165464,0.59446615,0.5059622,-0.31875673,-0.80149627,0.6035002,0.79471624,0.06491247
1356511961132,0.6801961,-0.512679,0.5239213,0.45092255,-0.2708611,-0.85047233,0.5779292,0.8147359,0.04693985
1356511961172,0.73064446,-0.50635254,0.4580019,0.39530456,-0.23320884,-0.8884526,0.55668026,0.8301932,0.029770702
1356511961211,0.76094687,-0.5043909,0.40810508,0.35142702,-0.20832591,-0.91274285,0.545398,0.837968,0.018731624
1356511961246,0.7730362,-0.5096975,0.3776554,0.32405478,-0.19450317,-0.9258278,0.5453472,0.8380794,0.014811903
1356511961292,0.7723238,-0.52019584,0.36457136,0.3117314,-0.18968685,-0.93104374,0.55347943,0.8327155,0.015661716
1356511961331,0.7623094,-0.5332173,0.36682937,0.3119759,-0.19385515,-0.9301029,0.5670587,0.823468,0.018573314
1356511961368,0.744615,-0.546509,0.3832446,0.3225538,-0.20806558,-0.9234002,0.58438647,0.8111947,0.021349788
1356511961423,0.7153846,-0.5616342,0.41568246,0.3410641,-0.23854569,-0.90926963,0.6098362,0.7922519,0.020901352
1356511961468,0.6789348,-0.56806415,0.46513498,0.3681733,-0.28469348,-0.8850976,0.63521326,0.7721739,0.015857816
1356511961503,0.64618564,-0.5652132,0.512814,0.3863719,-0.33718723,-0.85849965,0.65814954,0.7528871,4.969239E-4
1356511961537,0.6236288,-0.54757625,0.5578954,0.399488,-0.390207,-0.8295467,0.67193484,0.7402017,-0.024594158
1356511961579,0.6218259,-0.5140221,0.5908585,0.40661493,-0.43289644,-0.80452776,0.66932565,0.7405281,-0.060177088
1356511961619,0.6354367,-0.46670127,0.6151504,0.41626227,-0.46394324,-0.78197336,0.6503429,0.75295854,-0.100536406
1356511961660,0.65245676,-0.41378105,0.63489014,0.43207997,-0.48514715,-0.76022315,0.62258106,0.77033603,-0.13775101
1356511961699,0.66076505,-0.36579078,0.6554286,0.45462507,-0.49977848,-0.73725,0.5972484,0.7851232,-0.16393846
1356511961755,0.65493405,-0.33098152,0.6793472,0.48235866,-0.5089201,-0.712973,0.58171433,0.7946392,-0.17365724
1356511961787,0.62933064,-0.3168824,0.7095974,0.51719385,-0.510741,-0.68677086,0.5800461,0.79920536,-0.15753531
1356511961823,0.59949887,-0.3167516,0.7350303,0.5472673,-0.5079031,-0.66523147,0.5840373,0.80106354,-0.13113958
1356511961863,0.56817865,-0.32773584,0.754826,0.5720416,-0.50209093,-0.6485932,0.5915585,0.8003086,-0.097798824
1356511961908,0.5402657,-0.34727976,0.7664919,0.58941734,-0.4939237,-0.63923913,0.6005833,0.79714257,-0.062157303
1356511961948,0.518473,-0.37257785,0.76965666,0.599641,-0.48325852,-0.6378807,0.6096034,0.7922417,-0.027143538
1356511961987,0.5059685,-0.40107527,0.7636324,0.60215783,-0.46963358,-0.6456395,0.61757743,0.7865005,0.0038907826
1356511962030,0.50180686,-0.42989603,0.75058603,0.59855,-0.4538626,-0.6601112,0.624442,0.7805116,0.02956286
1356511962080,0.51038444,-0.45633048,0.72888285,0.588389,-0.4328207,-0.682982,0.6271412,0.77745,0.047594935
1356511962119,0.5392871,-0.48067373,0.6914638,0.5668867,-0.3999824,-0.7201761,0.622743,0.7803633,0.056782186
1356511962157,0.5845909,-0.49195513,0.6451616,0.5386281,-0.3593446,-0.7620703,0.60673976,0.79300165,0.054911286
1356511962197,0.6422426,-0.4902332,0.5892332,0.5005679,-0.31391817,-0.80677587,0.5804793,0.81309706,0.043783337
1356511962237,0.6987014,-0.48053223,0.53000486,0.45603758,-0.27165326,-0.847487,0.5512223,0.8338424,0.029336274
1356511962277,0.74101555,-0.4720602,0.47755113,0.4138316,-0.23902097,-0.87841475,0.52880937,0.8485447,0.018235147
1356511962320,0.76506007,-0.47139862,0.43871006,0.38135877,-0.21729048,-0.89852685,0.51889175,0.85473293,0.013531715
1356511962357,0.77356875,-0.47904235,0.41486117,0.3609646,-0.20498812,-0.9097716,0.5208608,0.85352105,0.014344931
1356511962398,0.7708399,-0.4920492,0.40459046,0.35153732,-0.20109126,-0.91432154,0.5312507,0.8470242,0.017964453
1356511962475,0.7588143,-0.5082518,0.40728492,0.35167077,-0.2066171,-0.91303724,0.54820484,0.83605593,0.021953285
1356511962477,0.7386545,-0.5251723,0.42259157,0.35977566,-0.22300613,-0.9059966,0.5700448,0.8212566,0.024219722
1356511962516,0.7106073,-0.54120624,0.44959205,0.37303773,-0.25198612,-0.8929423,0.59655684,0.8022461,0.022827148
1356511962555,0.6765171,-0.552871,0.48647526,0.38821083,-0.2936093,-0.8735478,0.625793,0.7798251,0.01599881
1356511962597,0.6422188,-0.55579615,0.527869,0.39992025,-0.34454384,-0.84932536,0.65392566,0.75655824,0.0010015368
1356511962637,0.6175891,-0.54380965,0.5682031,0.40739065,-0.39678746,-0.8225525,0.6727679,0.7394801,-0.023508638
1356511962678,0.6101573,-0.5142516,0.60270506,0.41487536,-0.44070077,-0.79602844,0.6749715,0.73575,-0.055546463
1356511962719,0.61945164,-0.4690697,0.62948656,0.42819777,-0.47018325,-0.7717346,0.6579714,0.747597,-0.09040117
1356511962766,0.63209176,-0.4170004,0.6531238,0.45183766,-0.48639667,-0.74783754,0.62952584,0.76780784,-0.11903083
1356511962806,0.62994385,-0.37272364,0.6813574,0.48349547,-0.49836072,-0.719631,0.6077852,0.7827603,-0.1337291
1356511962847,0.61284053,-0.34507114,0.7108814,0.51597047,-0.5066211,-0.69073117,0.5984989,0.7901019,-0.13243142
1356511962890,0.58477306,-0.33383268,0.7393215,0.54579896,-0.51232815,-0.663041,0.60011995,0.7912494,-0.117390156
1356511962927,0.55198324,-0.33552888,0.76337075,0.5704205,-0.51581556,-0.6391829,0.60822284,0.7882606,-0.09332901
1356511962969,0.5204833,-0.34624946,0.78051805,0.5882293,-0.51719147,-0.6216907,0.6189374,0.7827032,-0.06551543
1356511963008,0.49361593,-0.36332,0.79015315,0.59914917,-0.51647896,-0.611776,0.6303679,0.77540195,-0.03725937
1356511963046,0.47333825,-0.38502038,0.7922816,0.60349286,-0.51343983,-0.6100621,0.64167535,0.7669021,-0.010673611
1356511963098,0.4583087,-0.41097325,0.7880698,0.60273486,-0.5079245,-0.61540496,0.65319496,0.75704265,0.014921755
1356511963138,0.4597206,-0.44046628,0.7711332,0.5938189,-0.49319202,-0.63572055,0.6603303,0.7501673,0.034826696
1356511963180,0.4741388,-0.46466276,0.74785084,0.58315825,-0.4706323,-0.66214174,0.65963537,0.7500625,0.047826916
1356511963219,0.50615716,-0.4801352,0.7164322,0.569533,-0.437722,-0.6957238,0.64763963,0.7601774,0.05189672
1356511963256,0.5549965,-0.48554096,0.67544717,0.5486561,-0.39666623,-0.73595685,0.6252642,0.7790417,0.046246618
1356511963309,0.62100077,-0.47598323,0.6227343,0.5159219,-0.3498897,-0.7819218,0.59007,0.80685633,0.028288424
1356511963347,0.6764215,-0.46833292,0.56843495,0.47627428,-0.31056342,-0.8226258,0.56179786,0.8271727,0.012983143
1356511963390,0.71196127,-0.46599472,0.52531904,0.44193953,-0.2840132,-0.85089713,0.5457111,0.8379651,0.0037350953
1356511963428,0.72988945,-0.47083262,0.49555832,0.41657844,-0.2684036,-0.8685746,0.5419629,0.84040236,2.3376948E-4
1356511963468,0.73502207,-0.48095325,0.47793987,0.3998429,-0.26182476,-0.8783925,0.54760224,0.83673877,-1.412332E-4
1356511963507,0.73081315,-0.4940034,0.47103387,0.39021638,-0.26382586,-0.8821152,0.56003875,0.8284665,-3.9190054E-5
1356511963549,0.71901125,-0.50801325,0.47428405,0.38659596,-0.274755,-0.88037115,0.5775521,0.816353,-0.0011560617
1356511963588,0.69980526,-0.5216827,0.48797524,0.38784617,-0.29617485,-0.8728435,0.5998733,0.8000798,-0.0049321055
1356511963628,0.6749526,-0.5318719,0.5114208,0.39205617,-0.32866442,-0.85922736,0.6250847,0.7804435,-0.01330924
1356511963667,0.65076804,-0.53370905,0.5400515,0.39554554,-0.36882988,-0.8411351,0.64810854,0.7609988,-0.028916448
1356511963710,0.6376969,-0.5224765,0.5660044,0.39594457,-0.4079554,-0.82267874,0.6607349,0.74872607,-0.053280175
1356511963749,0.6438087,-0.4971306,0.5816971,0.39407375,-0.43622482,-0.80895853,0.6559087,0.75004613,-0.08493924
1356511963789,0.663317,-0.46316773,0.5877807,0.39396495,-0.45165807,-0.8004977,0.6362406,0.76254874,-0.11712062
1356511963830,0.6865214,-0.4284244,0.58748686,0.39696178,-0.4560993,-0.796489,0.6091877,0.78001666,-0.14305383
1356511963866,0.7003176,-0.40088207,0.5906342,0.40604174,-0.45680377,-0.7914925,0.5870991,0.79411834,-0.1571329
1356511963909,0.6985959,-0.3853376,0.602892,0.42430454,-0.45535508,-0.7826988,0.5761332,0.80259997,-0.1546087
1356511963949,0.6863961,-0.3808858,0.619505,0.4465846,-0.45156077,-0.77243453,0.57395345,0.8068574,-0.13985181
1356511963990,0.66458726,-0.38592023,0.63983554,0.47287035,-0.44578925,-0.7600432,0.5785478,0.8076742,-0.11377564
1356511964029,0.63933766,-0.3993614,0.65708286,0.49661943,-0.43794528,-0.7493819,0.5870405,0.80542815,-0.081664294
1356511964066,0.6155973,-0.41969356,0.6670062,0.5137229,-0.42811728,-0.74350816,0.5976024,0.800358,-0.047941625
1356511964110,0.5977568,-0.4458338,0.6662725,0.52142334,-0.41506803,-0.7455443,0.60893726,0.79306424,-0.01564163
1356511964147,0.58966964,-0.47686774,0.6518335,0.51759714,-0.3964225,-0.7582496,0.61998624,0.7845039,0.013067067
1356511964188,0.5944569,-0.51124746,0.62068266,0.50058526,-0.3687922,-0.78320295,0.6293134,0.776285,0.036691844
1356511964230,0.6160092,-0.54598445,0.56783247,0.46750683,-0.3267755,-0.821374,0.63401115,0.7714395,0.05395472
1356511964266,0.6577388,-0.5768166,0.48441944,0.41125917,-0.26379433,-0.8725127,0.631067,0.7731074,0.06371337
1356511964308,0.71761966,-0.59303397,0.36514744,0.32421023,-0.17955926,-0.9287875,0.6163682,0.7849007,0.0634124
1356511964349,0.77825665,-0.5889878,0.21773832,0.20697655,-0.08676441,-0.974491,0.5928552,0.80347085,0.054381672
1356511964389,0.82067627,-0.56682885,0.07208024,0.081969574,-0.008053385,-0.99660236,0.5654834,0.82379633,0.039853476
1356511964429,0.8391911,-0.5420083,-0.044557407,-0.023154438,0.04624801,-0.9986616,0.54334354,0.8390996,0.026261032
1356511964476,0.8413765,-0.52583826,-0.124818906,-0.09665716,0.08082169,-0.9920309,0.53173584,0.84673613,0.017175436
1356511964509,0.8358815,-0.519947,-0.17594692,-0.14280485,0.1035119,-0.9843232,0.53000844,0.84790355,0.0122727305
1356511964549,0.82769006,-0.5224446,-0.20489211,-0.16791618,0.11781663,-0.97873557,0.53547484,0.84449446,0.009788752
1356511964587,0.81891346,-0.5331087,-0.21254636,-0.17361113,0.12288359,-0.97711754,0.54702836,0.8370751,0.008077413
1356511964630,0.8106183,-0.5516758,-0.19634615,-0.15909716,0.11520162,-0.98051864,0.5635478,0.8260644,0.0056144744
1356511964666,0.80173624,-0.57828397,-0.1510186,-0.12222947,0.08869472,-0.9885308,0.58504605,0.81099993,4.2642653E-4
1356511964708,0.7902276,-0.60848594,-0.07269955,-0.0640654,0.035952985,-0.9972978,0.60945547,0.7927498,-0.010571837
1356511964746,0.7764633,-0.6295514,0.02774313,0.0031346977,-0.04016614,-0.9991882,0.6301546,0.7759199,-0.029214084
1356511964790,0.7669252,-0.6304766,0.11968708,0.055532336,-0.120604396,-0.9911462,0.63932925,0.76678157,-0.057482727
1356511964828,0.7698142,-0.6111023,0.1842283,0.0853861,-0.18744247,-0.9785574,0.63253087,0.7690379,-0.09211624
1356511964869,0.7830005,-0.5809802,0.22219847,0.10031548,-0.23459864,-0.96690243,0.6138786,0.779375,-0.12540954
1356511964909,0.79749507,-0.55067223,0.24649878,0.11272097,-0.26537782,-0.9575325,0.5927019,0.79141307,-0.14956519
1356511964949,0.8045858,-0.5279029,0.27195615,0.13340555,-0.28557715,-0.9490251,0.5786576,0.79985255,-0.15934613
1356511964987,0.8000525,-0.51653916,0.30512828,0.16620179,-0.29786527,-0.9400283,0.5764485,0.8027849,-0.15245816
1356511965026,0.7862348,-0.5161797,0.33969605,0.20353061,-0.30273312,-0.9310897,0.5834468,0.80119365,-0.13296095
1356511965068,0.7654207,-0.5248979,0.3723083,0.24172474,-0.3016672,-0.9222614,0.5964062,0.7959141,-0.10402155
1356511965109,0.7413224,-0.5411176,0.39703012,0.27523822,-0.29441893,-0.9151838,0.61211526,0.787724,-0.06932309
1356511965147,0.7216749,-0.5626065,0.4033102,0.2940635,-0.27827635,-0.914379,0.62666726,0.7784833,-0.035383016
1356511965186,0.70706385,-0.5859388,0.39589947,0.30223715,-0.25574023,-0.91828626,0.63930696,0.76894253,-0.0037322026
1356511965227,0.7004704,-0.61014974,0.37021428,0.2957392,-0.22394812,-0.9286472,0.6495226,0.7599767,0.02357617
1356511965267,0.7037631,-0.6322264,0.32404804,0.27242452,-0.18110058,-0.94498,0.6561267,0.7533208,0.044782072
1356511965306,0.7196475,-0.647158,0.25158274,0.22689375,-0.12325832,-0.9660883,0.6562215,0.75232565,0.058133576
1356511965346,0.7481096,-0.64676887,0.14839853,0.15270527,-0.049834266,-0.98701453,0.6457656,0.7610563,0.06148351
1356511965387,0.78071964,-0.6245423,0.020586312,0.049821258,0.029372782,-0.9983262,0.6228922,0.78043854,0.054047383
1356511965430,0.80416244,-0.5846976,-0.10701187,-0.06324652,0.094841816,-0.9934812,0.59103525,0.80568844,0.03928812
1356511965477,0.8135871,-0.54218626,-0.21002392,-0.16121152,0.13670415,-0.9774061,0.5586473,0.82906324,0.023814067
1356511965509,0.81252795,-0.5118861,-0.27887437,-0.2284072,0.1605764,-0.96023196,0.5363101,0.8439122,0.013554335
1356511965548,0.80686945,-0.4979688,-0.31778738,-0.26534045,0.17512086,-0.9481177,0.5277842,0.84932905,0.009168416
1356511965586,0.8001382,-0.49799085,-0.33434114,-0.27929044,0.1839751,-0.9424171,0.5308255,0.8474422,0.008121431
1356511965628,0.79420567,-0.51050913,-0.32957217,-0.27270818,0.18523052,-0.9440974,0.5430172,0.8396845,0.007891104
1356511965668,0.7907271,-0.5333696,-0.30044556,-0.2450353,0.17399031,-0.9537741,0.5609887,0.8277948,0.0068844706
1356511965708,0.78866184,-0.56780875,-0.23580866,-0.18910973,0.14091605,-0.9717922,0.5850214,0.81100917,0.0037569553
1356511965747,0.78470916,-0.60809857,-0.12019858,-0.096683025,0.07146639,-0.99274623,0.6122776,0.7906382,-0.0027124882
1356511965786,0.7676301,-0.6390704,0.048301905,0.02704209,-0.04300183,-0.9987089,0.6403223,0.76794523,-0.015727691
1356511965838,0.73626316,-0.6346526,0.23480357,0.1481523,-0.18738867,-0.97104913,0.6602784,0.74973434,-0.04394212
1356511965876,0.7014767,-0.583322,0.40947008,0.25902748,-0.32657775,-0.9089839,0.66395414,0.7436951,-0.07799026
1356511965916,0.6937053,-0.5177359,0.50072205,0.31818622,-0.40339628,-0.85792136,0.6461661,0.7544675,-0.115101725
1356511965956,0.70744455,-0.45636114,0.53968203,0.35081717,-0.43614295,-0.82867765,0.61355484,0.77557325,-0.1484476
1356511965996,0.7222765,-0.40454516,0.5609455,0.37846586,-0.4476623,-0.81016177,0.5788611,0.79745954,-0.17022943
1356511966036,0.7216177,-0.36331132,0.5892985,0.4161307,-0.45265076,-0.7886333,0.5532658,0.8143169,-0.17545581
1356511966076,0.6981386,-0.3322137,0.63422114,0.46845877,-0.45793286,-0.75554204,0.5414322,0.8245796,-0.16407219
1356511966135,0.65226877,-0.3101176,0.6916448,0.52943754,-0.46659723,-0.70850754,0.5424402,0.82832,-0.14015889
1356511966157,0.591522,-0.29634458,0.7498544,0.58695084,-0.47935897,-0.6524597,0.5528024,0.8260719,-0.10961166
1356511966197,0.5259509,-0.2905884,0.7993335,0.63202107,-0.49537313,-0.5959487,0.56914407,0.81863534,-0.07688394
1356511966233,0.4673563,-0.293898,0.8337878,0.6599303,-0.51159775,-0.550236,0.5882772,0.8073981,-0.045146257
1356511966277,0.42265683,-0.30665106,0.85283417,0.6718275,-0.52557963,-0.52193266,0.6082836,0.7935559,-0.01612315
1356511966316,0.40186864,-0.33211157,0.8533484,0.66779435,-0.53134,-0.52127564,0.6265398,0.77934563,0.008253396
1356511966363,0.41261166,-0.37202412,0.8314744,0.6487383,-0.5207584,-0.5549319,0.6394453,0.76838064,0.026475253
1356511966396,0.47068626,-0.4341182,0.7681119,0.60367113,-0.47645187,-0.63919866,0.64345604,0.764549,0.03780523
1356511966437,0.5802922,-0.5087306,0.6359671,0.51183087,-0.37959442,-0.77067316,0.63347465,0.7727232,0.040108383
1356511966479,0.7153791,-0.57140374,0.40215725,0.3373083,-0.22163537,-0.91493213,0.6119279,0.79017437,0.034185916
1356511966520,0.80277026,-0.5832811,0.12386662,0.11405276,-0.05369672,-0.99202245,0.5852792,0.8104935,0.023418695
1356511966557,0.8228059,-0.56205654,-0.08415961,-0.06119287,0.059606284,-0.99634457,0.5650184,0.8249482,0.014650553
1356511966596,0.8155808,-0.543529,-0.19850497,-0.15918796,0.11906028,-0.9800428,0.5563157,0.83090365,0.010580003
1356511966648,0.80519414,-0.5439394,-0.23620404,-0.18880995,0.14243165,-0.97162956,0.56215054,0.8269481,0.011983961
1356511966686,0.80024296,-0.554178,-0.22912432,-0.18007004,0.14238322,-0.97329426,0.57200176,0.8201302,0.014150307
1356511966728,0.8001823,-0.5750749,-0.1702856,-0.12912652,0.11207795,-0.985274,0.58569163,0.8103872,0.015425369
1356511966769,0.7981218,-0.6020782,-0.022436202,-0.009114236,0.025169313,-0.99964166,0.6024272,0.7980403,0.014600694
1356511966807,0.7563015,-0.6060193,0.24647255,0.19859703,-0.14629504,-0.96910113,0.6233517,0.7818813,0.009710465
1356511966848,0.6235806,-0.52649295,0.5778862,0.44095162,-0.37351668,-0.81611705,0.64553,0.7637346,-7.5984E-4
1356511966886,0.4650244,-0.39226753,0.79364884,0.5857414,-0.53587586,-0.60806584,0.6638218,0.74763846,-0.019428015
1356511966929,0.3712777,-0.27836356,0.88581413,0.6432415,-0.6108907,-0.46157646,0.66962165,0.7411655,-0.047755066
1356511966970,0.3307793,-0.19285941,0.9237913,0.67415386,-0.6367121,-0.37431842,0.6603799,0.74659425,-0.08059427
1356511967008,0.3247586,-0.13164288,0.9365907,0.6999956,-0.63248307,-0.33161926,0.63603306,0.76330554,-0.113254875
1356511967048,0.31401426,-0.0791443,0.94611377,0.7280199,-0.61957216,-0.29345757,0.6094113,0.7809395,-0.13693586
1356511967088,0.2812522,-0.033988923,0.9590318,0.75722075,-0.60605425,-0.24354684,0.58950317,0.7946968,-0.14471698
1356511967137,0.21145666,0.0052695274,0.9773732,0.784747,-0.59701675,-0.1665628,0.58263046,0.80221146,-0.13037841
1356511967178,0.13676524,0.030685037,0.9901281,0.7999995,-0.5928854,-0.09212887,0.58420545,0.80470204,-0.10563412
1356511967217,0.06278312,0.045739084,0.9969785,0.8034462,-0.5949211,-0.023302168,0.5920578,0.80248165,-0.07409987
1356511967258,9.711385E-4,0.0504629,0.9987255,0.79760486,-0.6024504,0.029664665,0.6031795,0.79655945,-0.0408345
1356511967296,-0.0467301,0.046958894,0.99780315,0.78665674,-0.61388135,0.06573218,0.6156195,0.7880003,-0.008253753
1356511967336,-0.07765216,0.03524062,0.9963575,0.7746161,-0.6270213,0.08254787,0.6276464,0.7782047,0.021391585
1356511967376,-0.09021568,0.015069246,0.9958083,0.76485157,-0.6393485,0.078967065,0.63785845,0.7687695,0.046153426
1356511967418,-0.081403136,-0.014885426,0.99657017,0.7607976,-0.64686376,0.052482456,0.64386386,0.76246035,0.06398147
1356511967476,-0.04398328,-0.058127284,0.9973398,0.7651456,-0.64384615,-0.0037814677,0.64235324,0.76294386,0.07279436
1356511967496,0.03537965,-0.118533194,0.99231964,0.77602637,-0.62239563,-0.10201359,0.6297074,0.7736754,0.06996475
1356511967539,0.18154103,-0.20384654,0.9620237,0.7758682,-0.57138467,-0.26748478,0.6042114,0.794963,0.05442828
1356511967579,0.38304067,-0.3051356,0.8718785,0.72372663,-0.48739862,-0.48853073,0.5740205,0.8181288,0.0341413
1356511967618,0.57653713,-0.38927376,0.7183807,0.6075334,-0.38367674,-0.69548196,0.54635894,0.83741146,0.015292972
1356511967669,0.69514835,-0.4366891,0.5710266,0.48569074,-0.30031148,-0.8209247,0.52997476,0.8480068,0.0033348799
1356511967706,0.74609876,-0.4577714,0.48351002,0.41056153,-0.2553977,-0.8753349,0.52419066,0.8515969,-0.0026085973
1356511967750,0.75535125,-0.46553048,0.46122214,0.38966885,-0.246798,-0.8872705,0.52688015,0.84992474,-0.005016446
1356511967788,0.7324635,-0.46358213,0.49858683,0.41762212,-0.27242586,-0.86681944,0.53766996,0.84313446,-0.0059398413
1356511967829,0.68052334,-0.4489369,0.57908857,0.47863552,-0.32603765,-0.81523454,0.5547936,0.83195853,-0.0069990456
1356511967868,0.60507643,-0.42199498,0.6751317,0.5457835,-0.3975267,-0.7376265,0.57965755,0.81479615,-0.010216147
1356511967917,0.52091026,-0.38251144,0.7631104,0.59584934,-0.47720864,-0.6459377,0.61124146,0.7911744,-0.020663708
1356511967960,0.45326114,-0.33305377,0.82681894,0.62408566,-0.5437244,-0.5611425,0.6364523,0.7703499,-0.03859508
1356511967996,0.4260347,-0.28767675,0.85775083,0.6336345,-0.5818487,-0.5098621,0.64575666,0.7607195,-0.06560579
1356511968036,0.43070972,-0.24458192,0.8687168,0.64121133,-0.5944391,-0.48527324,0.63508826,0.76604295,-0.09920198
1356511968076,0.44945502,-0.20349325,0.8698165,0.6526162,-0.5900906,-0.4752739,0.60998553,0.78127056,-0.13241619
1356511968116,0.46375355,-0.16796058,0.86989766,0.66747075,-0.57942045,-0.46771222,0.58259374,0.7975344,-0.15659952
1356511968156,0.46244192,-0.1430569,0.87503266,0.6842532,-0.57003826,-0.45481193,0.56386614,0.8090681,-0.16572243
1356511968196,0.44391793,-0.13198084,0.8862945,0.7008077,-0.56522924,-0.43518332,0.5583955,0.8143077,-0.1584222
1356511968236,0.41315293,-0.13476953,0.90063417,0.7142066,-0.56563276,-0.41227245,0.5649899,0.8135704,-0.13743955
1356511968278,0.37812513,-0.14935145,0.9136276,0.7215215,-0.57079,-0.39192522,0.5800241,0.8073988,-0.10806975
1356511968317,0.34540176,-0.17312968,0.92234683,0.72160155,-0.57936823,-0.37897703,0.5999906,0.79646623,-0.07518413
1356511968356,0.32041872,-0.20396435,0.925057,0.715263,-0.588168,-0.37743512,0.62107223,0.78259635,-0.042571902
1356511968396,0.30522245,-0.23974758,0.9216075,0.70480365,-0.5939391,-0.38792807,0.6403836,0.7679567,-0.012308594
1356511968436,0.30251902,-0.27968484,0.9111852,0.6914566,-0.59358,-0.4117649,0.6560258,0.75461185,0.013820738
1356511968553,0.31539333,-0.32305628,0.89227897,0.67570275,-0.5837429,-0.45018876,0.66629785,0.7449019,0.03418142
1356511968555,0.3499205,-0.3708988,0.8602266,0.6554117,-0.5591729,-0.5077018,0.66932136,0.7414579,0.04742533
1356511968556,0.4015572,-0.41814184,0.8148062,0.6293161,-0.52038985,-0.5771963,0.6653669,0.744548,0.054177105
1356511968583,0.48421264,-0.46004114,0.74424475,0.5893899,-0.4571628,-0.66604936,0.6466511,0.7611599,0.049779594
1356511968625,0.591128,-0.49509135,0.6367514,0.5184091,-0.371583,-0.77018064,0.61791575,0.78537303,0.037006706
1356511968669,0.6895356,-0.5151367,0.50909215,0.42265508,-0.28460312,-0.8604439,0.5881354,0.8084771,0.021481156
1356511968707,0.7529206,-0.5237556,0.3984853,0.33319664,-0.2187836,-0.9171225,0.56753016,0.8232944,0.009786963
1356511968750,0.7822183,-0.52918994,0.3287742,0.27469987,-0.18068962,-0.94439995,0.55917305,0.8290411,0.0040296614
1356511968789,0.7892865,-0.5344513,0.3023054,0.25198233,-0.1670373,-0.9532069,0.55993897,0.828529,0.0028320253
1356511968826,0.7809002,-0.5384135,0.31671083,0.2631226,-0.17631821,-0.9485138,0.5665346,0.82402843,0.0039818287
1356511968879,0.75057346,-0.54034024,0.38035768,0.31249952,-0.21691604,-0.9248197,0.58222294,0.81300676,0.0060446262
1356511968916,0.6897775,-0.5225862,0.50110936,0.40400347,-0.29653853,-0.865359,0.6008229,0.7993551,0.0065810382
1356511968957,0.6094737,-0.48848346,0.6244403,0.4895737,-0.38762328,-0.7810672,0.62358594,0.78174955,0.0029023886
1356511968999,0.5240185,-0.43584388,0.73174083,0.5547878,-0.47720373,-0.68153286,0.6462314,0.7630968,-0.008262724
1356511969039,0.46248436,-0.3735902,0.8040762,0.59090376,-0.5462485,-0.5936711,0.66101503,0.7496953,-0.03187555
1356511969076,0.42912352,-0.30662003,0.84961003,0.61411095,-0.5907244,-0.5233665,0.66236,0.7463437,-0.065195024
1356511969116,0.4221347,-0.24174343,0.87370616,0.6341518,-0.6099749,-0.4751653,0.64780694,0.7546461,-0.104189545
1356511969156,0.4173113,-0.17963804,0.8908318,0.65956956,-0.6144735,-0.43288606,0.6251553,0.7682138,-0.13794297
1356511969197,0.39777642,-0.1254383,0.90886694,0.6892333,-0.6129966,-0.38625455,0.6055835,0.78006434,-0.15737933
1356511969237,0.35874337,-0.08367479,0.9296782,0.718452,-0.61110157,-0.33223718,0.5959277,0.78711706,-0.1591123
1356511969278,0.3064416,-0.05580747,0.9502521,0.7423052,-0.610913,-0.2752604,0.59588295,0.78972834,-0.14578295
1356511969316,0.24849832,-0.04131931,0.96775067,0.7584498,-0.6131415,-0.22093302,0.60249686,0.78889173,-0.12102598
1356511969356,0.19340259,-0.038252234,0.98037356,0.76644796,-0.61791897,-0.17531055,0.6124974,0.7853108,-0.090188816
1356511969396,0.14677352,-0.044348747,0.9881755,0.7675736,-0.62502027,-0.14205813,0.62392974,0.7793478,-0.057695568
1356511969438,0.1115188,-0.057836115,0.9920779,0.7635464,-0.63397133,-0.122788966,0.63605064,0.77119076,-0.026539132
1356511969477,0.08785945,-0.07756242,0.9931087,0.7553772,-0.64472777,-0.11718121,0.6493736,0.76046705,0.001943469
1356511969515,0.07810372,-0.10325074,0.9915841,0.74504405,-0.6548383,-0.12687102,0.66242677,0.748683,0.025780983
1356511969556,0.07952726,-0.1317561,0.98808694,0.7354665,-0.6613381,-0.14738071,0.6728778,0.73842555,0.0443078
1356511969596,0.09554374,-0.16328228,0.98194206,0.7311235,-0.6579233,-0.18054166,0.67552185,0.7351706,0.05651909
1356511969637,0.13114053,-0.19660607,0.9716729,0.73517764,-0.63825035,-0.22836441,0.6650684,0.74430007,0.06083986
1356511969679,0.19103384,-0.23096544,0.9540236,0.74280506,-0.6013442,-0.2943225,0.6416749,0.7648791,0.05668521
1356511969718,0.2758888,-0.26380658,0.9242788,0.7439871,-0.5502289,-0.37911904,0.6085791,0.7922462,0.044466794
1356511969759,0.36936814,-0.29475325,0.8812988,0.72727686,-0.49866486,-0.4715948,0.5784769,0.81514037,0.030176342
1356511969797,0.44761312,-0.32246542,0.8340615,0.6965693,-0.4591455,-0.55134076,0.5607438,0.827769,0.019099917
1356511969840,0.49772024,-0.34671578,0.7950238,0.66406226,-0.43731266,-0.60644776,0.55793893,0.8297866,0.012581499
1356511969888,0.5176415,-0.36782998,0.772495,0.6381462,-0.4354365,-0.6349524,0.5699269,0.8216424,0.009329259
1356511969926,0.52061677,-0.38149017,0.76382154,0.6218224,-0.44362074,-0.64539707,0.5850598,0.8109659,0.006262838
1356511969968,0.5118369,-0.38827306,0.7663336,0.61213046,-0.4610492,-0.6424408,0.60275984,0.79792094,0.001691699
1356511970009,0.4933849,-0.38698208,0.77898407,0.607751,-0.48732167,-0.62702173,0.622262,0.78279144,-0.0052483985
1356511970050,0.4714244,-0.37824357,0.79667485,0.6032917,-0.5206025,-0.6041624,0.64327145,0.7654442,-0.01723352
1356511970089,0.4533984,-0.36066416,0.8150774,0.59839064,-0.554571,-0.5782557,0.66057444,0.74991494,-0.03562355
1356511970130,0.45230252,-0.33558226,0.82632136,0.5927806,-0.5791277,-0.5596626,0.6663585,0.742964,-0.06301427
1356511970168,0.4707449,-0.30257994,0.8287609,0.59210765,-0.5880391,-0.551016,0.6540702,0.7501036,-0.09765652
1356511970206,0.5034883,-0.26409388,0.8226506,0.5978976,-0.58083963,-0.55239815,0.6237131,0.7699868,-0.13454485
1356511970246,0.5379338,-0.2251101,0.8123748,0.6076176,-0.56444013,-0.55875593,0.58431846,0.7941869,-0.16685054
1356511970286,0.5618094,-0.1922574,0.8046162,0.61857796,-0.54818666,-0.5628967,0.5493009,0.8139585,-0.18905023
1356511970326,0.5682601,-0.1709335,0.8048989,0.6303775,-0.53827626,-0.55935943,0.52887124,0.8252517,-0.19812828
1356511970368,0.5563768,-0.16342117,0.81470144,0.6433549,-0.5357863,-0.5468341,0.5258701,0.828388,-0.19296125
1356511970407,0.5296929,-0.16885284,0.8312124,0.65643144,-0.53899837,-0.52780545,0.5371436,0.8252088,-0.1746633
1356511970478,0.49622688,-0.18436152,0.8483925,0.6662099,-0.5457424,-0.50826144,0.5567076,0.81742036,-0.14798859
1356511970486,0.46175617,-0.207047,0.86250377,0.6708259,-0.5546594,-0.49228603,0.58032215,0.805906,-0.11722493
1356511970525,0.43245268,-0.23520966,0.8704373,0.6695105,-0.5628508,-0.48472133,0.60393745,0.79238594,-0.085931
1356511970566,0.4115516,-0.2674325,0.87126637,0.66371816,-0.5671962,-0.48761317,0.6245825,0.7789533,-0.055930674
1356511970606,0.40168566,-0.3032226,0.8641207,0.65448684,-0.5649446,-0.5024783,0.6405432,0.767394,-0.028474897
1356511970648,0.40555125,-0.3421466,0.8476225,0.64196706,-0.5535029,-0.53057784,0.6506969,0.7593222,-0.004826961
1356511970688,0.42809105,-0.38342977,0.818364,0.6247865,-0.528712,-0.574548,0.6529777,0.75726163,0.013224901
1356511970727,0.47636408,-0.42536938,0.7695052,0.5977508,-0.48514795,-0.63822067,0.64480335,0.7639977,0.023157775
1356511970777,0.5661841,-0.4620187,0.6826231,0.54511654,-0.41131765,-0.7305243,0.61829084,0.78572035,0.018972516
1356511970816,0.6705593,-0.49037394,0.5566719,0.45460406,-0.32136288,-0.8306992,0.5862469,0.8100984,0.0074330866
1356511970860,0.75494385,-0.5006902,0.42351997,0.34882948,-0.24027604,-0.90586174,0.55531776,0.83161104,-0.006739438
1356511970898,0.8062205,-0.5021385,0.31283456,0.25558484,-0.18127011,-0.94964075,0.5335587,0.8455756,-0.017804682
1356511970936,0.8301402,-0.50400823,0.23841783,0.1911457,-0.14443542,-0.9708768,0.5237659,0.8515364,-0.023562638
1356511970978,0.8370975,-0.5093591,0.19955188,0.15703051,-0.1256945,-0.9795623,0.5240316,0.8513249,-0.025233626
1356511971016,0.8342087,-0.51673526,0.19256318,0.14995492,-0.12347075,-0.98095286,0.53066885,0.84719515,-0.02551338
1356511971058,0.8215608,-0.52630717,0.2191771,0.17001848,-0.14077406,-0.97533405,0.5441797,0.83856034,-0.026172519
1356511971107,0.7925751,-0.5361836,0.2903994,0.223259,-0.18800457,-0.95645684,0.5674329,0.8228982,-0.029299917
1356511971150,0.7440248,-0.5325507,0.40350562,0.30520335,-0.26634002,-0.9142832,0.5943719,0.8034007,-0.035627306
1356511971189,0.6828973,-0.5113905,0.52166176,0.38324124,-0.35714456,-0.8518063,0.62191427,0.7816185,-0.047907144
1356511971226,0.6250062,-0.47104514,0.622482,0.44323683,-0.4422661,-0.77970624,0.6425795,0.7632282,-0.06763449
1356511971266,0.5889178,-0.41897756,0.69111043,0.48218006,-0.50411785,-0.71649677,0.6485972,0.75519735,-0.09486136
1356511971306,0.5763569,-0.3624944,0.73240054,0.5109893,-0.5395472,-0.66916263,0.6377324,0.75992537,-0.12574098
1356511971354,0.57933044,-0.3076823,0.7547899,0.5373982,-0.5520642,-0.6375172,0.61284524,0.77495587,-0.15447968
1356511971388,0.5759213,-0.25923845,0.7753129,0.5668509,-0.5567384,-0.6072252,0.5890626,0.7892008,-0.17368793
1356511971426,0.56046164,-0.22319688,0.7975374,0.5981683,-0.55692756,-0.57621735,0.57278043,0.8000093,-0.17862725
1356511971476,0.5309664,-0.20090622,0.8232323,0.630351,-0.5556256,-0.5421603,0.56633234,0.80679417,-0.1683771
1356511971506,0.49180666,-0.19177644,0.84932214,0.6606288,-0.55322194,-0.5074595,0.56718236,0.8106586,-0.14538518
1356511971548,0.44995603,-0.1941126,0.87169945,0.6859123,-0.5499557,-0.47652173,0.571895,0.8123232,-0.114311695
1356511971588,0.41238898,-0.20630616,0.8873404,0.7037394,-0.5463941,-0.4540972,0.57852066,0.81172115,-0.08014113
