1356512680951,0.11856258,0.41205874,-0.90341043,-0.3771545,-0.82295215,-0.42485785,-0.91853,0.3910976,0.05783847
1356512681101,0.28879055,0.5722904,0.7675179,0.27024266,0.72034794,-0.6388017,-0.91846013,0.39189598,0.053372383
1356512681141,0.28848925,0.57803166,0.7633173,0.27081805,0.71539867,-0.64409804,-0.9183852,0.39253545,0.04984343
1356512681181,0.28793144,0.58291566,0.75980586,0.2718274,0.7110246,-0.6485013,-0.9182622,0.39325997,0.046273887
1356512681221,0.28754184,0.5877428,0.75622624,0.27301186,0.70651627,-0.65291595,-0.9180328,0.39419937,0.042692244
1356512681262,0.28782678,0.5924015,0.75247335,0.27400503,0.7019364,-0.6574241,-0.9176475,0.39540574,0.03971511
1356512681300,0.2891203,0.5966355,0.7486224,0.27443224,0.6975397,-0.6619103,-0.91711307,0.3968178,0.037936866
1356512681341,0.29129902,0.60038674,0.744769,0.27408972,0.69351184,-0.6662703,-0.91652596,0.39821738,0.037459493
1356512681381,0.29376575,0.6040602,0.7408191,0.27276117,0.6898183,-0.6706356,-0.91613483,0.39907646,0.037880838
1356512681422,0.2956615,0.6082032,0.7366635,0.2702394,0.68639064,-0.67515814,-0.91627234,0.3986938,0.03857881
1356512681461,0.29623556,0.6131084,0.73235404,0.26648337,0.68326575,-0.67980474,-0.9171865,0.3965425,0.039024413
1356512681501,0.29526913,0.6185505,0.72815615,0.26201928,0.6804903,-0.68430895,-0.9187829,0.3928463,0.038855612
1356512681541,0.2931312,0.6237856,0.72454506,0.2578654,0.6781669,-0.68818235,-0.92064077,0.3885628,0.03793913
1356512681580,0.29053304,0.62795126,0.72198874,0.25489977,0.67647934,-0.69094276,-0.92228884,0.38477647,0.036474943
1356512681621,0.28821623,0.6303973,0.72078466,0.2532925,0.67572486,-0.69227076,-0.92345774,0.38209298,0.035079956
1356512681660,0.28663257,0.6309205,0.72095835,0.2525988,0.67613643,-0.6921223,-0.92414045,0.380498,0.034432948
1356512681701,0.28560546,0.63003016,0.72214365,0.25215787,0.6775756,-0.6908746,-0.9245788,0.37941173,0.034652233
1356512681741,0.28446808,0.6286843,0.72376364,0.25147524,0.6795842,-0.68914837,-0.92511517,0.3780493,0.035221457
1356512681780,0.2826771,0.6275169,0.72547656,0.2502923,0.6818676,-0.6873212,-0.92598456,0.37587118,0.035685718
1356512681821,0.28105763,0.6294914,0.7243944,0.24683379,0.6820104,-0.68842924,-0.9274048,0.37229326,0.036304474
1356512681861,0.27634245,0.62624145,0.7290106,0.24345669,0.6881916,-0.6834627,-0.9297116,0.36635226,0.037713885
1356512681901,0.27086502,0.62473834,0.73234844,0.23674408,0.6941878,-0.6797466,-0.9330511,0.35749874,0.04012811
1356512681941,0.26486787,0.6238678,0.7352782,0.22772254,0.7004752,-0.6763703,-0.9370099,0.3465882,0.0434646
1356512681990,0.25954854,0.6221634,0.7386118,0.21768185,0.70744866,-0.6724069,-0.94087684,0.33530462,0.04818362
1356512682020,0.25641614,0.618087,0.74311453,0.20762269,0.71565104,-0.6668856,-0.944004,0.3252877,0.055175602
1356512682060,0.25637835,0.6108108,0.74911964,0.19816057,0.7253467,-0.65924543,-0.94604576,0.31746227,0.06492454
1356512682100,0.25901133,0.6009097,0.7561883,0.1895023,0.7360736,-0.6498343,-0.94710195,0.31161386,0.07677764
1356512682141,0.2622905,0.59083974,0.76296264,0.18119624,0.74642587,-0.6403252,-0.94782466,0.3061972,0.08872247
1356512682180,0.26297492,0.58468366,0.76745623,0.17229046,0.75420916,-0.633628,-0.9492945,0.29885364,0.097602665
1356512682220,0.2576576,0.58681124,0.76763606,0.16192652,0.75700086,-0.63303196,-0.9525714,0.2874061,0.10002673
1356512682261,0.24463224,0.59911823,0.76237285,0.15049832,0.75327224,-0.64025867,-0.957865,0.27136374,0.0941084
1356512682300,0.2254439,0.6187495,0.75254506,0.14104392,0.74356484,-0.6536191,-0.96399254,0.25349635,0.08036131
1356512682340,0.20528686,0.63807714,0.74210167,0.13810658,0.7317773,-0.6674043,-0.96890867,0.23949847,0.062101603
1356512682381,0.18953422,0.64952385,0.73633933,0.14342591,0.72357386,-0.6751814,-0.9713423,0.23358014,0.04398346
1356512682420,0.18016273,0.6493637,0.7388289,0.15468527,0.7230699,-0.6732328,-0.9713979,0.23557742,0.029823244
1356512682461,0.17602065,0.6370165,0.75048435,0.16892098,0.7315328,-0.6605494,-0.96978474,0.24304287,0.02115947
1356512682500,0.17498708,0.6130576,0.77041537,0.18555722,0.7479315,-0.6373123,-0.9669271,0.25447753,0.017121077
1356512682541,0.17468792,0.57901776,0.7963809,0.20605645,0.76940966,-0.6046069,-0.96282125,0.26971692,0.015096247
1356512682581,0.17253706,0.538093,0.8250375,0.23206696,0.7918142,-0.5649559,-0.9572753,0.28893977,0.011743665
1356512682620,0.16545701,0.4953971,0.8527636,0.26362705,0.810999,-0.52228487,-0.95032877,0.31122723,0.0035853982
1356512682661,0.14959475,0.45778257,0.8763884,0.29761404,0.8244084,-0.4814319,-0.9428931,0.33284515,-0.012915313
1356512682700,0.120437324,0.43217093,0.8937131,0.32694227,0.8327741,-0.44676173,-0.9373386,0.34599936,-0.040997863
1356512682741,0.07482797,0.42146128,0.90375394,0.34228528,0.84037733,-0.42024603,-0.9366117,0.3407878,-0.081376255
1356512682781,0.014681786,0.4216658,0.90663254,0.33788162,0.8513001,-0.40140283,-0.94107413,0.3122278,-0.12997448
1356512682820,-0.049925447,0.42215303,0.9051487,0.3174127,0.8659992,-0.38638645,-0.9469723,0.2680152,-0.17723215
1356512682861,-0.10399714,0.41227424,0.9051047,0.29234582,0.8825089,-0.36839113,-0.9506411,0.22629192,-0.21230507
1356512682900,-0.13630986,0.3879801,0.9115323,0.27321166,0.89915985,-0.34185812,-0.9522474,0.20244262,-0.22856504
1356512682941,-0.14352202,0.35126716,0.92520964,0.26507837,0.9143727,-0.3060328,-0.9534857,0.20133057,-0.22434592
1356512682988,-0.12872452,0.30708686,0.9429357,0.2687045,0.9260768,-0.26491433,-0.9545826,0.21927011,-0.20172441
1356512683022,-0.09966755,0.2621573,0.95986456,0.2815329,0.9326786,-0.2254993,-0.9543614,0.24775851,-0.16676366
1356512683062,-0.06327182,0.22120066,0.9731737,0.29976708,0.93431145,-0.19287774,-0.951912,0.2795217,-0.12542427
1356512683092,-0.028181821,0.19054553,0.98127383,0.31796542,0.93238485,-0.17192036,-0.9476834,0.3071661,-0.08686316
1356512683132,0.0070429742,0.16355523,0.986509,0.33490327,0.929175,-0.15644069,-0.94222623,0.33148688,-0.048231006
1356512683162,0.039771765,0.14754033,0.98825604,0.34845963,0.92489994,-0.15210521,-0.9364796,0.35041684,-0.01462692
1356512683202,0.069407076,0.13633114,0.98822904,0.35680774,0.9216939,-0.15221226,-0.9315959,0.36317235,0.01532805
1356512683232,0.09626868,0.13515794,0.9861362,0.3597148,0.9190531,-0.16107976,-0.9280827,0.37023473,0.039857686
1356512683272,0.117984444,0.14029121,0.9830554,0.35168055,0.9199038,-0.17348692,-0.9286551,0.36619022,0.05919665
1356512683302,0.1363464,0.15594196,0.9783106,0.33528158,0.92199206,-0.19369271,-0.9321995,0.35441884,0.07342583
1356512683332,0.14896628,0.17940316,0.97243166,0.3098612,0.92540634,-0.2181949,-0.93903935,0.33382255,0.082264245
1356512683362,0.15527883,0.2126628,0.96470886,0.27693617,0.92802477,-0.24915156,-0.94825894,0.30585077,0.085208595
1356512683402,0.15211159,0.26102775,0.95327157,0.23645975,0.9268745,-0.2915311,-0.9596608,0.2697556,0.07926577
1356512683442,0.14547378,0.31923345,0.93644404,0.20354572,0.916608,-0.34409156,-0.9681976,0.24066547,0.068363845
1356512683482,0.14181918,0.37260833,0.91708803,0.18808171,0.89943266,-0.3945202,-0.9718604,0.22843805,0.057475984
1356512683512,0.14289576,0.4139354,0.8990208,0.18414417,0.8813633,-0.43507436,-0.9724566,0.22771975,0.049719274
1356512683570,0.15132433,0.4363692,0.8869514,0.19422868,0.8666662,-0.45952684,-0.96921414,0.24180897,0.046392262
1356512683592,0.16409111,0.44232056,0.88171804,0.21240541,0.8570236,-0.4694619,-0.96330583,0.26431617,0.046678662
1356512683631,0.17813268,0.436257,0.88201386,0.23624702,0.851172,-0.46871486,-0.95522565,0.29186657,0.048557162
1356512683668,0.1905778,0.4231124,0.88580817,0.26523113,0.84659386,-0.4614448,-0.9451627,0.32288504,0.049119413
1356512683711,0.19872886,0.40850776,0.8908582,0.30008817,0.8399649,-0.45211285,-0.93298125,0.35718387,0.044336915
1356512683751,0.19850433,0.4002143,0.89466447,0.33764815,0.8290263,-0.44576803,-0.92010313,0.3905687,0.029433668
1356512683791,0.18465579,0.40919858,0.8935652,0.3709395,0.8129363,-0.4489303,-0.9101132,0.4143562,-0.0016745329
1356512683830,0.15408033,0.44060633,0.88437855,0.39142886,0.7946143,-0.4640814,-0.907217,0.4176771,-0.050031602
1356512683871,0.109488785,0.49016055,0.8647282,0.39572617,0.7765468,-0.49028143,-0.9118185,0.3958759,-0.108946204
1356512683911,0.062230468,0.5426266,0.8376657,0.38859105,0.7598923,-0.5211149,-0.9193065,0.35793865,-0.16357142
1356512683951,0.027404219,0.5827838,0.812165,0.37753856,0.74626136,-0.5482323,-0.92558825,0.3216475,-0.19957262
1356512683992,0.0149899125,0.6042094,0.7966846,0.36481693,0.7385421,-0.5669781,-0.9309586,0.299143,-0.20935518
1356512684030,0.02337289,0.6162921,0.78717065,0.35155612,0.73202926,-0.5835593,-0.93587494,0.29037416,-0.19955164
1356512684071,0.048224658,0.6196819,0.78337014,0.3368045,0.72826195,-0.5968227,-0.94033885,0.29262418,-0.1735915
1356512684110,0.084952086,0.6225165,0.7779822,0.32072946,0.7221625,-0.61287355,-0.9433535,0.30158666,-0.1383102
1356512684151,0.1286563,0.6289365,0.7667374,0.30320525,0.7111913,-0.6342503,-0.9442002,0.3140791,-0.099197626
1356512684190,0.17541498,0.64149964,0.7467984,0.28345403,0.69352955,-0.6623221,-0.9428061,0.32786423,-0.060180187
1356512684231,0.22197366,0.6618887,0.7159825,0.2602377,0.6674487,-0.69770235,-0.9396829,0.3411972,-0.024092376
1356512684271,0.264927,0.6918584,0.6716738,0.23109132,0.63070947,-0.740812,-0.93616796,0.3514791,0.00720948
1356512684310,0.29952937,0.7353394,0.607913,0.19134852,0.57792175,-0.7933425,-0.93470204,0.35395268,0.032398403
1356512684351,0.31885168,0.7952082,0.51573,0.13733497,0.49962613,-0.8552852,-0.9378021,0.3435369,0.05009675
1356512684391,0.3155563,0.86540365,0.3892309,0.07323462,0.38675445,-0.91927016,-0.9460766,0.31858662,0.058665335
1356512684430,0.28936648,0.9266262,0.24006435,0.014721245,0.24645603,-0.9690422,-0.95710516,0.28394237,0.057675004
1356512684471,0.25397784,0.9619031,0.10118139,-0.022315651,0.110411406,-0.9936354,-0.96695256,0.25010344,0.04950753
1356512684510,0.22760245,0.97375405,4.8783422E-4,-0.03739378,0.0092408955,-0.9992579,-0.97303593,0.22741532,0.038515598
1356512684551,0.21780354,0.97428817,-0.05765611,-0.040498197,-0.05000162,-0.9979277,-0.9751521,0.21968716,0.02856633
1356512684590,0.22195789,0.9716777,-0.08109978,-0.039213717,-0.07421163,-0.9964713,-0.9742675,0.2243549,0.02163124
1356512684630,0.23571044,0.96890694,-0.07523242,-0.035202205,-0.06885034,-0.9970057,-0.97118556,0.23765299,0.01787892
1356512684671,0.25671938,0.96569854,-0.03900677,-0.025560379,-0.03356138,-0.99910975,-0.96614796,0.25748786,0.016067773
1356512684712,0.28359312,0.9583772,0.032985806,-0.0037055016,0.035493016,-0.99936306,-0.9589375,0.28329027,0.01361686
1356512684750,0.31204835,0.93910706,0.1438877,0.039305687,0.13855955,-0.9895738,-0.9492528,0.31445044,0.0063250363
1356512684790,0.33025694,0.90124226,0.28052223,0.107994676,0.25916713,-0.9597758,-0.93769264,0.34726754,-0.0117376745
1356512684830,0.32284594,0.8538774,0.40824485,0.19126347,0.3635823,-0.9117161,-0.92692435,0.37242618,-0.0459345
1356512684870,0.2850738,0.8191682,0.4976911,0.26699093,0.4308224,-0.86203706,-0.92056984,0.37862316,-0.09589434
1356512684910,0.22625872,0.8047067,0.54886615,0.3208233,0.47047362,-0.82202613,-0.91971695,0.36207965,-0.15171993
1356512684950,0.1624291,0.7979517,0.58042204,0.35080636,0.5031016,-0.7898251,-0.9222535,0.33190632,-0.19820821
1356512684992,0.10906255,0.78347903,0.61177284,0.36133617,0.5420958,-0.7586622,-0.92603534,0.30379727,-0.22397697
1356512685032,0.07569155,0.75406754,0.65242076,0.3587222,0.58989805,-0.7234216,-0.93037045,0.2887948,-0.22585046
1356512685063,0.060403522,0.7182286,0.6931804,0.35100532,0.6348122,-0.6883377,-0.93442315,0.28488803,-0.21375716
1356512685102,0.064434975,0.66971874,0.73981404,0.34030902,0.68216884,-0.64717484,-0.9381033,0.2934661,-0.18395585
1356512685142,0.084420145,0.61814284,0.78151953,0.32989848,0.7227468,-0.6072924,-0.9402342,0.30908984,-0.14291
1356512685182,0.11404979,0.5732913,0.8113752,0.32117337,0.75157285,-0.5761822,-0.9401278,0.32630557,-0.098409176
1356512685222,0.14819708,0.54173136,0.8273843,0.31311762,0.7678794,-0.55885464,-0.9380805,0.34188923,-0.055828154
1356512685262,0.18369958,0.5277606,0.82929075,0.3033961,0.7720161,-0.5585176,-0.93498945,0.35420305,-0.018301487
1356512685302,0.21841717,0.53418416,0.81666476,0.28865975,0.76405346,-0.576973,-0.93218535,0.361759,0.012684941
1356512685342,0.24979132,0.5642333,0.7869213,0.2635869,0.74237114,-0.61596024,-0.93173295,0.36128366,0.03671336
1356512685382,0.2735086,0.6222031,0.73352313,0.221571,0.70133746,-0.677519,-0.9360018,0.34783477,0.053959668
1356512685422,0.28293085,0.7088951,0.6460789,0.16041464,0.6291405,-0.7605586,-0.9456306,0.31882596,0.06428611
1356512685462,0.27242282,0.80951786,0.5200642,0.09101361,0.51640356,-0.85149515,-0.9578635,0.27929962,0.06700295
1356512685502,0.24791965,0.891791,0.37847683,0.035841763,0.38196263,-0.92348254,-0.96811736,0.24251473,0.0627327
1356512685542,0.22768885,0.93719256,0.2642496,0.0073284507,0.2697206,-0.9629107,-0.97370636,0.2211805,0.05454418
1356512685582,0.22342417,0.95433533,0.19830695,-8.633733E-4,0.20364353,-0.9790447,-0.97472095,0.21857104,0.046322823
1356512685622,0.23297352,0.9566879,0.17456096,0.0010091364,0.1792624,-0.98380077,-0.9724825,0.22937563,0.04079801
1356512685662,0.25008953,0.95083344,0.18267721,0.008176178,0.18659204,-0.9824035,-0.9681882,0.24718249,0.03889054
1356512685702,0.27078527,0.9375727,0.218249,0.021427661,0.22079259,-0.9750854,-0.9624013,0.2687153,0.03969741
1356512685742,0.29272312,0.91405493,0.28074324,0.045246363,0.28003407,-0.9589232,-0.95512617,0.29340163,0.040614784
1356512685782,0.31234515,0.8761912,0.36705527,0.0851087,0.3590228,-0.92944026,-0.9461485,0.32154575,0.037567556
1356512685822,0.32213297,0.8253316,0.4637435,0.1423809,0.44204643,-0.8856199,-0.93592626,0.3513156,0.02488625
1356512685862,0.31256706,0.7764665,0.547176,0.20847633,0.50591815,-0.8370092,-0.9267359,0.37569475,-0.0037415624
1356512685902,0.27937236,0.750232,0.59925205,0.26867235,0.5380926,-0.79891896,-0.9218276,0.3841983,-0.051238358
1356512685942,0.22762811,0.75062895,0.6202754,0.31405306,0.5463656,-0.7764376,-0.9217137,0.37153846,-0.11136913
1356512685991,0.17030144,0.761636,0.6252264,0.34385428,0.5486784,-0.7620474,-0.92345095,0.34476447,-0.16845107
1356512686022,0.122296184,0.7650271,0.6322792,0.35945958,0.5596688,-0.7466991,-0.92511207,0.31859723,-0.20655102
1356512686061,0.092788935,0.75372905,0.6506018,0.36199397,0.58317024,-0.7272365,-0.92755085,0.30299345,-0.21873361
1356512686101,0.0833703,0.7302863,0.6780349,0.35413843,0.6142769,-0.7051594,-0.93146944,0.29890755,-0.20741004
1356512686141,0.0909701,0.7016588,0.70668197,0.33945423,0.64527774,-0.6843884,-0.93621325,0.302145,-0.17948002
1356512686180,0.11113772,0.67552257,0.72891545,0.32080647,0.66980743,-0.6696575,-0.9406017,0.30826497,-0.1422711
1356512686220,0.13968343,0.65870154,0.73932457,0.29977995,0.6834734,-0.6655795,-0.9437269,0.31460506,-0.10199559
1356512686260,0.17333192,0.65599525,0.7345927,0.27700695,0.683299,-0.67555135,-0.94510484,0.32058185,-0.06327772
1356512686300,0.20988604,0.6694498,0.71259016,0.25224692,0.6670749,-0.7009868,-0.9446265,0.32687598,-0.028856933
1356512686340,0.24729457,0.6996145,0.6703618,0.22316773,0.6321243,-0.7420344,-0.94289,0.3331042,1.8954277E-4
1356512686380,0.2818135,0.74804044,0.6008467,0.18414012,0.5724201,-0.7990167,-0.9416335,0.33581367,0.023571491
1356512686421,0.30623356,0.8167853,0.488961,0.12816751,0.47358575,-0.8713723,-0.94328904,0.3295123,0.04034257
1356512686461,0.30912915,0.89582276,0.3192815,0.055585176,0.31813207,-0.9464154,-0.9493942,0.3103119,0.048549443
1356512686498,0.28348094,0.9530195,0.10673505,-0.015520841,0.11584592,-0.99314594,-0.95885223,0.27988127,0.0476318
1356512686541,0.2413078,0.9661035,-0.09173137,-0.061551273,-0.07909781,-0.99496484,-0.9684947,0.2457389,0.040377975
1356512686580,0.20603555,0.95089495,-0.2309722,-0.08114329,-0.21862137,-0.9724302,-0.9751744,0.21909705,0.032114953
1356512686620,0.18835264,0.93179667,-0.31028727,-0.089086205,-0.29842937,-0.95026493,-0.9780526,0.20662722,0.02680032
1356512686660,0.18633533,0.91954875,-0.34599024,-0.095613,-0.3335142,-0.937884,-0.9778227,0.20784208,0.025775328
1356512686700,0.19634253,0.9172002,-0.34668913,-0.10181773,-0.3325888,-0.9375595,-0.97523475,0.21938184,0.028085977
1356512686740,0.21815836,0.9263767,-0.30697414,-0.10249317,-0.2910624,-0.95119804,-0.9705163,0.23897451,0.031449616
1356512686780,0.25380108,0.94505453,-0.20605093,-0.0861249,-0.19010022,-0.9779798,-0.9634145,0.26595846,0.03314507
1356512686820,0.29921922,0.95410657,-0.012186021,-0.032488883,-0.0025765002,-0.9994688,-0.95363116,0.29945615,0.030226916
1356512686860,0.32828474,0.90526885,0.26966166,0.07301062,0.2603109,-0.96276045,-0.9417529,0.33574772,0.019361854
1356512686900,0.30827674,0.78806925,0.5328343,0.19759813,0.49485084,-0.8462137,-0.9305484,0.36615503,-0.0031700134
1356512686940,0.24935606,0.68077904,0.68873906,0.28838372,0.62673753,-0.7239026,-0.92447627,0.3791306,-0.040044785
1356512686991,0.1766341,0.628037,0.7578719,0.33535144,0.6855105,-0.6462312,-0.92538625,0.36829987,-0.08952856
1356512687022,0.10275826,0.60861146,0.7867864,0.3541468,0.71675944,-0.6006962,-0.9295272,0.34036437,-0.14188486
1356512687052,0.037665963,0.5877407,0.8081721,0.36093226,0.7461482,-0.55945575,-0.9318311,0.3127678,-0.18403018
1356512687093,-0.010319115,0.5531724,0.8330029,0.35792252,0.7798962,-0.5134719,-0.93369424,0.29285192,-0.20604068
1356512687132,-0.039009184,0.49792764,0.86634076,0.34823713,0.81942093,-0.4552803,-0.9365945,0.28393185,-0.20536184
1356512687172,-0.048702776,0.42967063,0.90167135,0.33599263,0.8571804,-0.39032125,-0.9406046,0.2839452,-0.18611324
1356512687212,-0.0433082,0.36082852,0.93162614,0.32674015,0.8863365,-0.3280983,-0.9441214,0.29019028,-0.15628278
1356512687252,-0.027661562,0.3011388,0.953179,0.32362875,0.9048856,-0.2764896,-0.9457797,0.300828,-0.122487724
1356512687292,-0.0056818426,0.25554886,0.9667795,0.3259056,0.91448176,-0.23980963,-0.9453852,0.3137163,-0.08848077
1356512687332,0.02011156,0.22544342,0.9740486,0.3306864,0.91791254,-0.21927851,-0.9435264,0.32651466,-0.056090415
1356512687372,0.048260897,0.21066833,0.9763656,0.3348354,0.9175317,-0.21452451,-0.94104,0.3372749,-0.02625829
1356512687412,0.077566266,0.21168505,0.9742551,0.3344425,0.91505253,-0.22544856,-0.93921864,0.3433195,1.8072128E-4
1356512687452,0.10626316,0.23254435,0.9667633,0.3239248,0.9111344,-0.2547681,-0.9400962,0.3402311,0.021493137
1356512687492,0.13141173,0.28097382,0.95067585,0.29786316,0.90348756,-0.30820078,-0.94552016,0.32367247,0.0350371
1356512687532,0.14944905,0.36393675,0.9193558,0.2550628,0.8841397,-0.39145875,-0.95530516,0.2929966,0.039307117
1356512687572,0.15779233,0.47596362,0.86519367,0.20223328,0.84202266,-0.50009954,-0.9665418,0.25388277,0.036609054
1356512687612,0.15797412,0.5915773,0.7906203,0.15286815,0.77636945,-0.6114588,-0.9755386,0.21745533,0.032212973
1356512687652,0.15674618,0.6800381,0.7162253,0.11832312,0.70703626,-0.6972083,-0.98052543,0.19403073,0.030360997
1356512687692,0.16037354,0.7290648,0.66539073,0.10090372,0.6584752,-0.74580747,-0.9818853,0.18674815,0.032036662
1356512687732,0.16990122,0.7427286,0.6476788,0.09821144,0.6412005,-0.7610627,-0.980555,0.1929149,0.035996318
1356512687772,0.1831441,0.7269088,0.6618625,0.1092574,0.65402883,-0.748538,-0.97699594,0.2094037,0.040361345
1356512687812,0.19694114,0.68514407,0.7012787,0.13524917,0.68946254,-0.71158206,-0.9710417,0.23498717,0.043118358
1356512687852,0.20737275,0.6225773,0.75458205,0.17760113,0.73457175,-0.65487564,-0.9620054,0.26981798,0.04175973
1356512687892,0.2093485,0.5511539,0.80771434,0.23431972,0.7736757,-0.58865964,-0.9493511,0.31249845,0.032821596
1356512687932,0.1975483,0.48916423,0.84952515,0.29673326,0.79610884,-0.5274089,-0.93430406,0.35627112,0.012118638
1356512687991,0.16762877,0.45151016,0.8763784,0.3502573,0.8036838,-0.48105314,-0.92153156,0.38759628,-0.023424208
1356512688012,0.11867425,0.4393071,0.8904637,0.38185453,0.80764055,-0.4493372,-0.9165716,0.39335236,-0.071905255
1356512688052,0.05670151,0.44029734,0.8960599,0.38838705,0.8170818,-0.42606655,-0.9197502,0.37217668,-0.12467605
1356512688092,-0.0049983263,0.43752354,0.8991931,0.37725574,0.8335846,-0.4035032,-0.92609566,0.3372089,-0.1692248
1356512688132,-0.05181104,0.41990748,0.90608686,0.36030242,0.8540566,-0.37519264,-0.9313956,0.30702615,-0.19554323
1356512688172,-0.07543999,0.38698438,0.918995,0.3461738,0.874465,-0.33981568,-0.9351324,0.29249626,-0.19993347
1356512688212,-0.076158464,0.3456253,0.935277,0.3384489,0.8912724,-0.30180424,-0.9378978,0.29355854,-0.18485445
1356512688252,-0.05983901,0.30504593,0.9504558,0.33717188,0.90237653,-0.26838726,-0.93953943,0.30440694,-0.15685022
1356512688292,-0.033260077,0.27256843,0.9615614,0.34068248,0.90756583,-0.24547854,-0.9395899,0.31942245,-0.12304497
1356512688332,-0.0012477636,0.2519316,0.96774423,0.3465942,0.9078683,-0.2358973,-0.93801427,0.3351202,-0.08845085
1356512688372,0.03344056,0.24436045,0.9691077,0.35204703,0.9046234,-0.24024867,-0.9353848,0.3492055,-0.055775285
1356512688412,0.06902912,0.24994186,0.9657971,0.35368314,0.8990917,-0.25795797,-0.93281466,0.35939273,-0.02633667
1356512688452,0.103389174,0.26938254,0.9574673,0.34692895,0.89240426,-0.28853914,-0.9321754,0.36200497,-0.0011916757
1356512688492,0.13302967,0.30522457,0.9429427,0.32626244,0.88488567,-0.33246067,-0.93587166,0.3518739,0.018132746
1356512688532,0.15328729,0.36123326,0.91978997,0.28859326,0.87384754,-0.39128554,-0.94510156,0.32542425,0.02970022
1356512688572,0.16087589,0.43741012,0.88475496,0.23799868,0.8527854,-0.46488035,-0.95784944,0.28535855,0.03308958
1356512688612,0.15768206,0.52354354,0.83728033,0.18646471,0.8168486,-0.54588395,-0.9697253,0.24219935,0.031179965
1356512688652,0.15151307,0.60175854,0.784175,0.1467302,0.77085197,-0.61988497,-0.97750396,0.20898281,0.028497994
1356512688692,0.15038711,0.6592877,0.7366976,0.12342802,0.7268212,-0.67564523,-0.980892,0.19253744,0.027929962
1356512688732,0.15722904,0.6944018,0.7022002,0.11413193,0.6935029,-0.7113562,-0.9809449,0.1919893,0.029785395
1356512688772,0.17104384,0.71082646,0.6822534,0.115801215,0.6731547,-0.7303785,-0.9784345,0.2039325,0.032824397
1356512688812,0.19019914,0.712253,0.67566264,0.12790817,0.66438156,-0.73636717,-0.97337747,0.22647917,0.03526181
1356512688852,0.2122452,0.70209,0.6797217,0.15079385,0.6637075,-0.73263466,-0.9655119,0.25799608,0.03499788
1356512688892,0.23435313,0.6837276,0.69108254,0.18590757,0.66624016,-0.72219276,-0.9542101,0.29772556,0.029025316
1356512688932,0.2501383,0.66310275,0.7054968,0.2316637,0.6665052,-0.70859206,-0.9400866,0.34068403,0.013101637
1356512688994,0.24992675,0.6496172,0.71800715,0.2814224,0.6607933,-0.6958115,-0.92646545,0.3759652,-0.017666876
1356512689012,0.22544956,0.6506531,0.7251365,0.32555822,0.65120006,-0.6855293,-0.9182507,0.3906265,-0.06501269
1356512689052,0.17737564,0.66480607,0.725652,0.3573491,0.6435107,-0.67690146,-0.916973,0.3793769,-0.12342477
1356512689092,0.118904114,0.6820795,0.72154653,0.3745665,0.64219534,-0.66879374,-0.91954434,0.34978944,-0.17912447
1356512689132,0.069434285,0.69292,0.71766335,0.3776464,0.647602,-0.6618117,-0.9233429,0.31697544,-0.21671301
1356512689172,0.04280144,0.69497085,0.7177629,0.36919656,0.65656686,-0.65773386,-0.9283652,0.2931475,-0.22847885
1356512689212,0.042501867,0.6913117,0.7213055,0.353338,0.6649008,-0.6580723,-0.93452966,0.28283393,-0.21600717
1356512689251,0.06424779,0.6868156,0.7239865,0.33413708,0.6688043,-0.6641184,-0.9403322,0.28457883,-0.18652135
1356512689291,0.10097763,0.68563294,0.7209098,0.31403762,0.66560197,-0.6770187,-0.94402534,0.29475653,-0.14810365
1356512689328,0.14580986,0.69069463,0.7082941,0.29352587,0.6535046,-0.6976921,-0.9447656,0.30963308,-0.10744935
1356512689371,0.19333118,0.7028818,0.6845292,0.27159443,0.6320885,-0.72574145,-0.9427935,0.32622284,-0.06869638
1356512689410,0.2389752,0.7229669,0.6482358,0.24624239,0.6006361,-0.76065826,-0.93928456,0.3414016,-0.034487963
1356512689450,0.2781177,0.7510737,0.5987811,0.21462083,0.55902547,-0.80089235,-0.9362631,0.35125327,-0.0057212114
1356512689490,0.30488208,0.7892142,0.5330928,0.17311925,0.50449276,-0.8458823,-0.93652374,0.350183,0.017182648
1356512689530,0.3120535,0.838789,0.44615638,0.120884985,0.4307347,-0.89434576,-0.9423425,0.33301732,0.03301525
1356512689570,0.2956208,0.8945661,0.33520114,0.06449211,0.33139497,-0.9412854,-0.95312595,0.29988137,0.04027483
1356512689611,0.2622,0.94198895,0.20954254,0.01700309,0.21259612,-0.97699225,-0.9648638,0.25973025,0.03972596
1356512689651,0.22932732,0.96905816,0.0912976,-0.013321847,0.09691346,-0.9952036,-0.97325814,0.22701108,0.035134554
1356512689691,0.21119365,0.9774426,-0.0017461181,-0.030145615,0.00472793,-0.99953437,-0.97697926,0.21114793,0.030464172
1356512689731,0.20923936,0.9756335,-0.06601593,-0.04099238,-0.058699608,-0.99743366,-0.97700477,0.21140853,0.027711302
1356512689771,0.2184644,0.9703145,-0.103744715,-0.04944098,-0.09517041,-0.9942324,-0.9745916,0.22233364,0.027181953
1356512689810,0.23553732,0.96516275,-0.11394349,-0.054520845,-0.10393509,-0.9930886,-0.9703349,0.24012169,0.028140873
1356512689850,0.26049373,0.96131897,-0.08949217,-0.051323563,-0.07877335,-0.99557054,-0.9641104,0.26393297,0.02881834
1356512689890,0.29375973,0.9557184,-0.017538488,-0.030032724,-0.009110898,-0.9995074,-0.9554074,0.29414177,0.026026398
1356512689930,0.3284885,0.93785346,0.1119203,0.022930682,0.11054215,-0.9936068,-0.94422954,0.3289548,0.014806211
1356512689991,0.3431005,0.89634687,0.28079247,0.110777915,0.25823832,-0.959709,-0.93274343,0.36038226,-0.010693729
1356512690012,0.31652802,0.842639,0.43562537,0.20812446,0.3863564,-0.8985616,-0.9254697,0.37508425,-0.053081155
1356512690052,0.25358889,0.8039404,0.53793347,0.28249952,0.47031602,-0.8360603,-0.92514145,0.36398152,-0.1078459
1356512690092,0.17562369,0.78348404,0.59607804,0.32543057,0.5252457,-0.7862644,-0.92911315,0.33206865,-0.16272408
1356512690132,0.102758884,0.7617408,0.63968074,0.34469402,0.5759701,-0.7412452,-0.93307376,0.2966637,-0.20338148
1356512690172,0.047433317,0.7189416,0.69345003,0.34902245,0.6385434,-0.6858904,-0.93591315,0.27456367,-0.22063851
1356512690212,0.013731003,0.6455033,0.7636341,0.3449985,0.71374947,-0.609539,-0.9385028,0.2718222,-0.21289712
1356512690252,-3.0544493E-4,0.54492015,0.83848786,0.33942598,0.78876567,-0.5124828,-0.9406327,0.28444803,-0.18520099
1356512690292,6.2852865E-5,0.43280637,0.9014869,0.3383605,0.84830487,-0.40729713,-0.94101655,0.30505317,-0.14639127
1356512690332,0.00902307,0.32745472,0.94482374,0.34410587,0.8861387,-0.31040198,-0.9388875,0.3279202,-0.1046834
1356512690372,0.022261202,0.24061534,0.9703653,0.354826,0.9055168,-0.23267537,-0.93466735,0.34949046,-0.06521869
1356512690412,0.037420273,0.17663804,0.98356426,0.3661234,0.91339046,-0.17796494,-0.9298136,0.36676544,-0.030492008
1356512690452,0.053519785,0.13621804,0.9892321,0.37217495,0.91655266,-0.14634556,-0.9266183,0.3759998,-0.0016432405
1356512690492,0.07025033,0.12068037,0.99020255,0.36647615,0.92011577,-0.13813838,-0.92777157,0.37258992,0.020411968
1356512690532,0.087550044,0.13557842,0.9868908,0.34333888,0.92588496,-0.1576561,-0.93512213,0.35264078,0.034511924
1356512690572,0.10571024,0.19373645,0.97534174,0.30109105,0.92855906,-0.21707688,-0.9477181,0.3166139,0.039825916
1356512690612,0.124988765,0.31286314,0.94153833,0.24431834,0.9100522,-0.33483374,-0.96160614,0.2718855,0.037308097
1356512690652,0.1440694,0.49079674,0.8592802,0.18459642,0.8397679,-0.51060176,-0.97219753,0.23218215,0.030385554
1356512690692,0.15920362,0.6639855,0.7306007,0.13765132,0.7178813,-0.6824211,-0.97760224,0.20921206,0.022890806
1356512690732,0.16999447,0.75802517,0.6296822,0.1163362,0.619077,-0.7766656,-0.9785539,0.2052837,0.017053902
1356512690772,0.17716527,0.7628406,0.6218413,0.12388685,0.6095247,-0.7830272,-0.9763527,0.21576318,0.013480663
1356512690812,0.17434332,0.6830803,0.7092289,0.15937412,0.6911881,-0.70488214,-0.97170174,0.23592427,0.011638701
1356512690852,0.1521458,0.525237,0.83724415,0.2154556,0.8091078,-0.546739,-0.9645883,0.263573,0.009937108
1356512690893,0.113692194,0.3458744,0.9313672,0.2756591,0.8896576,-0.36403477,-0.95450824,0.29812777,0.0058037043
1356512690932,0.07254025,0.21498278,0.97392017,0.32980737,0.91638803,-0.22684813,-0.9412572,0.33766162,-0.00442791
1356512690990,0.03407705,0.15221791,0.98775935,0.37490344,0.9142141,-0.15381819,-0.9264374,0.37555605,-0.025913298
1356512691012,-0.005576819,0.14422517,0.9895292,0.40482974,0.9051546,-0.12964588,-0.9143751,0.39986783,-0.06343454
1356512691052,-0.050965488,0.17070402,0.98400337,0.41416568,0.90017766,-0.13471073,-0.9087735,0.40067482,-0.116577744
1356512691092,-0.10104114,0.20663314,0.9731872,0.40517074,0.9019448,-0.14943966,-0.9086404,0.37920746,-0.17485523
1356512691132,-0.14694017,0.22585663,0.96301466,0.38588294,0.9095299,-0.1544334,-0.9107705,0.34891847,-0.2208007
1356512691172,-0.17772955,0.21534857,0.96022767,0.36294064,0.9213192,-0.13944554,-0.9147056,0.32372203,-0.24190438
1356512691212,-0.18760705,0.17867723,0.9658562,0.34108064,0.9339784,-0.106528856,-0.921123,0.30944926,-0.23616427
1356512691252,-0.17761517,0.12909734,0.9755956,0.32487735,0.9434714,-0.065699875,-0.92892814,0.3052796,-0.20951563
1356512691292,-0.15288532,0.08077878,0.98493695,0.31753916,0.9478184,-0.02844502,-0.9358392,0.30840725,-0.17055798
1356512691332,-0.118858755,0.043800727,0.9919447,0.3191651,0.9476923,-0.003603071,-0.9402162,0.31616586,-0.12662119
1356512691372,-0.07928985,0.02433893,0.99655443,0.32710162,0.9449846,0.0029460788,-0.9416569,0.32620814,-0.08288896
1356512691412,-0.03584653,0.026561216,0.9990043,0.33736748,0.94128436,-0.01292108,-0.94069034,0.33656836,-0.042702675
1356512691452,0.011542439,0.054015756,0.9984734,0.3448404,0.93706733,-0.054680184,-0.9385904,0.34494507,-0.0078107715
1356512691492,0.063640535,0.112804,0.9915771,0.34205973,0.93093884,-0.12785944,-0.9375207,0.3473156,0.020659745
1356512691532,0.12001294,0.21544877,0.96911246,0.319209,0.9159574,-0.2431618,-0.9400546,0.33853197,0.04115355
1356512691572,0.17658418,0.38240194,0.9069657,0.2663769,0.8684943,-0.41804433,-0.9475555,0.31541473,0.051499307
1356512691612,0.22006202,0.614993,0.75720304,0.18075769,0.7370807,-0.6511826,-0.9585925,0.28017086,0.051038742
1356512691652,0.23008423,0.8345243,0.50063014,0.08505985,0.49521786,-0.8645947,-0.9694463,0.2415131,0.042957306
1356512691692,0.21283254,0.9488505,0.2332063,0.01798758,0.23482928,-0.97187024,-0.9769232,0.21104044,0.032911777
1356512691732,0.19682804,0.9795593,0.04150054,-0.016781628,0.04568836,-0.9988148,-0.98029435,0.19589832,0.025431335
1356512691772,0.19303703,0.97790754,-0.08020991,-0.037303656,-0.07437396,-0.99653256,-0.98048216,0.19535986,0.022122502
1356512691810,0.1996114,0.9670007,-0.15831912,-0.054018468,-0.15046552,-0.9871384,-0.9783851,0.2055963,0.02220118
1356512691850,0.21461219,0.95450187,-0.2070455,-0.06881368,-0.19668114,-0.9780497,-0.9742722,0.22414893,0.023472607
1356512691890,0.23886895,0.9436425,-0.22908601,-0.079295754,-0.21617204,-0.97312987,-0.9678087,0.25061604,0.023190081
1356512691930,0.2737923,0.93578744,-0.22212544,-0.08021167,-0.20792916,-0.97484946,-0.9584383,0.28472337,0.018131703
1356512691992,0.3170574,0.9301782,-0.18504888,-0.063581645,-0.17382953,-0.9827211,-0.9462727,0.3233447,0.0040282905
1356512692012,0.35704532,0.9253783,-0.12725416,-0.02374515,-0.12719801,-0.991593,-0.9337852,0.3570653,-0.023442209
1356512692052,0.37684917,0.9235085,-0.0715318,0.034132123,-0.09101784,-0.9952642,-0.9256456,0.37262294,-0.06582132
1356512692091,0.36847135,0.9288377,-0.038591504,0.09653598,-0.07951793,-0.99214804,-0.92461324,0.36185268,-0.1189664
1356512692132,0.339975,0.93997586,-0.029366761,0.15158212,-0.085590065,-0.98473203,-0.9281379,0.33033285,-0.17158204
1356512692168,0.30698657,0.95120436,-0.031136066,0.19068426,-0.0935269,-0.97718585,-0.9324155,0.29404578,-0.21009117
1356512692211,0.28117418,0.9590729,-0.033472627,0.20766896,-0.09486216,-0.97358865,-0.93691766,0.26679677,-0.22584245
1356512692250,0.2674377,0.96301174,-0.032948405,0.20198038,-0.08946061,-0.9752952,-0.94216824,0.25417575,-0.2184346
1356512692290,0.26627746,0.9634274,-0.030065656,0.17768002,-0.079717726,-0.98085415,-0.9473786,0.2558373,-0.1924088
1356512692330,0.27621633,0.96072394,-0.026721418,0.14205426,-0.068307936,-0.9874992,-0.95053935,0.26896757,-0.15534267
1356512692370,0.29463238,0.95529485,-0.024565965,0.1014466,-0.056829333,-0.9932165,-0.9502107,0.2901416,-0.11365515
1356512692410,0.31751585,0.9478698,-0.026955903,0.059716195,-0.048357964,-0.9970434,-0.94637084,0.31496736,-0.07195759
1356512692450,0.3398096,0.9396808,-0.03910753,0.018408537,-0.048219383,-0.9986671,-0.94031405,0.33863676,-0.03368354
1356512692490,0.35553396,0.9321862,-0.0680033,-0.02319485,-0.06393486,-0.9976845,-0.9343755,0.356288,-0.0011090636
1356512692530,0.35671547,0.9260434,-0.123279005,-0.06740242,-0.10610482,-0.99206793,-0.93177843,0.36219528,0.02456832
1356512692570,0.3349732,0.9181552,-0.21162218,-0.11322495,-0.18374583,-0.9764311,-0.93539995,0.3510391,0.04240814
1356512692611,0.2888956,0.90096724,-0.32372442,-0.15026417,-0.29127836,-0.94476324,-0.94549465,0.32158214,0.05123402
1356512692651,0.23219532,0.8715087,-0.43192363,-0.16579393,-0.40209973,-0.90046,-0.95843506,0.28069293,0.051125124
1356512692691,0.18536413,0.8383732,-0.5126115,-0.16164103,-0.48853254,-0.8574428,-0.9692844,0.24179822,0.044959083
1356512692731,0.15919155,0.8116329,-0.5620588,-0.15219653,-0.5423371,-0.82626057,-0.9754456,0.2170771,0.03719224
1356512692771,0.1518966,0.7943264,-0.5881946,-0.14832142,-0.57004297,-0.80811626,-0.9772043,0.20999199,0.031227946
1356512692810,0.15700138,0.785299,-0.59887904,-0.151945,-0.5799722,-0.8003406,-0.9758398,0.21665126,0.028265782
1356512692850,0.170461,0.7842196,-0.59660923,-0.16030297,-0.5753343,-0.8020557,-0.9722377,0.23235747,0.027640648
1356512692890,0.19260246,0.7934133,-0.5774078,-0.16885146,-0.55285126,-0.8159931,-0.9666403,0.25465837,0.02748847
1356512692930,0.22744834,0.8175553,-0.52902794,-0.17042333,-0.50146306,-0.848228,-0.9587612,0.28308678,0.025273569
1356512692991,0.27980292,0.8601867,-0.4263674,-0.15036985,-0.39935952,-0.9043788,-0.94820845,0.31716064,0.017604157
1356512693012,0.3421788,0.90930533,-0.23680669,-0.083515465,-0.22159097,-0.9715567,-0.935916,0.3522231,1.1737645E-4
1356512693052,0.376748,0.9260665,0.021487057,0.03691411,0.00816831,-0.99928504,-0.92557997,0.37727183,-0.031107485
1356512693092,0.35260975,0.9047374,0.2389907,0.15933543,0.19361661,-0.968052,-0.92210555,0.3794243,-0.07588565
1356512693132,0.29169625,0.88748914,0.35675815,0.23945314,0.29334825,-0.92553174,-0.92605376,0.355401,-0.12694347
1356512693172,0.22434008,0.88353646,0.4111385,0.28211355,0.34494495,-0.89522344,-0.93278265,0.31682223,-0.17187262
1356512693212,0.16656101,0.87515837,0.4542634,0.3022532,0.3932047,-0.86835074,-0.9385629,0.28193593,-0.19902682
1356512693252,0.12501663,0.8488084,0.51370734,0.30720997,0.45920593,-0.8335179,-0.94339436,0.26201966,-0.203354
1356512693292,0.10106963,0.79958284,0.5919901,0.30270457,0.5421102,-0.7838919,-0.9477104,0.25842583,-0.1872465
1356512693332,0.09319532,0.73016095,0.67688966,0.29636502,0.6286885,-0.7189705,-0.95051694,0.26761115,-0.15780336
1356512693373,0.09824324,0.6497191,0.75379926,0.29488742,0.70443845,-0.64560664,-0.9504681,0.28571242,-0.12238765
1356512693412,0.112568706,0.57078993,0.8133432,0.30050254,0.76066005,-0.5754081,-0.9471149,0.30918464,-0.08589727
1356512693452,0.13356647,0.5070262,0.8515189,0.31030425,0.79461753,-0.5218183,-0.94120735,0.3339274,-0.051198125
1356512693492,0.16101012,0.4726349,0.8664248,0.3175555,0.8063874,-0.4988967,-0.93447006,0.35546538,-0.020251274
1356512693532,0.19763243,0.48492718,0.85193133,0.31177783,0.7928505,-0.52362454,-0.929374,0.36909848,0.005503416
1356512693562,0.24701199,0.5584543,0.7919051,0.28196245,0.7404444,-0.610114,-0.9270826,0.37399295,0.025435507
1356512693592,0.301989,0.6921891,0.65549755,0.21375653,0.6209264,-0.7541609,-0.9290376,0.36786512,0.039553046
1356512693632,0.3388064,0.8894849,0.306638,0.0645099,0.303185,-0.9507457,-0.9386419,0.3418999,0.04534042
1356512693672,0.29083958,0.9373922,-0.19159397,-0.098080575,-0.16998485,-0.9805536,-0.9517313,0.3039755,0.042501643
1356512693712,0.2188878,0.85027075,-0.47867292,-0.15614125,-0.45372504,-0.87735605,-0.9631761,0.26678315,0.033447444
1356512693752,0.1818384,0.7856709,-0.5913173,-0.16118556,-0.5693936,-0.8061081,-0.9700278,0.24189329,0.023101158
1356512693792,0.1707151,0.75486076,-0.6332783,-0.15955088,-0.61305296,-0.7737631,-0.9723167,0.23313314,0.015781395
1356512693832,0.172656,0.74316937,-0.64644355,-0.16299379,-0.6256948,-0.76284933,-0.9714026,0.23707685,0.013101958
1356512693872,0.18286139,0.74586606,-0.6405042,-0.17055252,-0.6175447,-0.7678219,-0.9682322,0.24964455,0.014284231
1356512693912,0.20376462,0.76866865,-0.60632384,-0.176128,-0.5804311,-0.7950337,-0.96304667,0.26879033,0.017112792
1356512693952,0.24422926,0.82555145,-0.5087405,-0.16522771,-0.48152894,-0.8607147,-0.9555375,0.2942697,0.018800512
1356512693989,0.31203142,0.916047,-0.25198066,-0.096870214,-0.23316488,-0.9676002,-0.94512033,0.32633105,0.01598297
1356512694031,0.3515622,0.9033922,0.24553317,0.084718615,0.23049855,-0.96937764,-0.9323233,0.36159775,0.0045004487
1356512694071,0.2891795,0.71308315,0.6386608,0.26466304,0.58160377,-0.7692143,-0.9199612,0.39147094,-0.020538867
1356512694110,0.21081263,0.5950808,0.7755236,0.35034078,0.6946561,-0.62826294,-0.9125894,0.40414327,-0.06203878
1356512694150,0.14692342,0.5774472,0.80309916,0.38287002,0.7154223,-0.5844498,-0.9120439,0.39335197,-0.1159749
1356512694190,0.090910226,0.59887266,0.7956676,0.392053,0.712933,-0.58139575,-0.91543967,0.36479867,-0.16997689
1356512694230,0.042799294,0.6143927,0.7878388,0.39010593,0.7156871,-0.579318,-0.9197748,0.33213496,-0.20904732
1356512694270,0.007525265,0.60419005,0.79680467,0.38004884,0.73530686,-0.56114763,-0.9249358,0.3070475,-0.22408837
1356512694310,-0.0111335525,0.5664873,0.8239952,0.36393932,0.7698238,-0.52432764,-0.931356,0.29404658,-0.21473789
1356512694350,-0.012815953,0.51035845,0.85986626,0.34675574,0.8088419,-0.47490555,-0.9378679,0.29207718,-0.18733579
1356512694390,-2.6083016E-4,0.44819564,0.89393544,0.33399493,0.84264016,-0.4223801,-0.94257486,0.2984597,-0.14991486
1356512694430,0.022538006,0.39184645,0.91975456,0.32811782,0.86612886,-0.37704042,-0.94436795,0.3102856,-0.10905099
1356512694470,0.051868528,0.3499936,0.93531495,0.327334,0.8788769,-0.3470271,-0.943484,0.3241602,-0.06897873
1356512694510,0.08534464,0.32902494,0.94045675,0.32719597,0.8822974,-0.3383699,-0.94109464,0.33659172,-0.032356262
1356512694550,0.12187621,0.33443752,0.93450403,0.3224382,0.87711585,-0.3559514,-0.93871176,0.3447018,-9.3591213E-4
1356512694590,0.16120827,0.3751011,0.9128587,0.30614346,0.8603234,-0.40757796,-0.9382367,0.34517065,0.02385652
1356512694630,0.20246354,0.46599907,0.8613091,0.2686575,0.8193488,-0.506449,-0.94171745,0.33393458,0.040694118
1356512694670,0.23997414,0.62257516,0.74485743,0.19975181,0.7191924,-0.66547847,-0.9500061,0.30848423,0.04822707
1356512694710,0.2558055,0.81366,0.5220355,0.10440579,0.5135913,-0.85165924,-0.9610739,0.27236265,0.04642868
1356512694750,0.23845473,0.9382845,0.25052217,0.023140222,0.25240073,-0.967346,-0.9708779,0.2364654,0.038474053
1356512694790,0.21427438,0.9747205,0.06329721,-0.015307933,0.068145305,-0.997558,-0.97665364,0.21278223,0.029522687
1356512694830,0.20555148,0.978593,-0.010216236,-0.024919748,-0.005202025,-0.9996759,-0.978329,0.20573944,0.02331701
1356512694870,0.2120943,0.9772476,0.001789391,-0.02008307,0.0061892867,-0.9997792,-0.97704285,0.2120116,0.020938843
1356512694911,0.22785601,0.9700042,0.08469683,-0.0016807914,0.087376684,-0.9961739,-0.97369343,0.22684187,0.021539688
1356512694951,0.246066,0.93911517,0.2398212,0.03776309,0.23795208,-0.97054255,-0.9685172,0.24787393,0.023088038
1356512694988,0.25491405,0.8546808,0.4522605,0.10469213,0.44056815,-0.8915936,-0.9612795,0.27462777,0.022828639
