1356513389215,-0.47041827,0.41824144,0.77703327,-0.6157934,0.47511923,-0.62853813,-0.63206416,-0.7741678,0.034045517
1356513389216,-0.46121144,0.41111326,0.78630126,-0.6227187,0.48129934,-0.61690545,-0.63206434,-0.7741684,0.03402716
1356513389249,-0.46127892,0.41111276,0.78626215,-0.62266725,0.4812981,-0.6169584,-0.6320659,-0.77416956,0.033973813
1356513389278,-0.46145374,0.41117758,0.78612554,-0.62254256,0.4812318,-0.6171359,-0.632061,-0.77417636,0.03390938
1356513389311,-0.46181506,0.41138515,0.78580487,-0.62232053,0.48099315,-0.6175457,-0.63201594,-0.7742144,0.033883512
1356513389371,-0.46261817,0.4118793,0.7850731,-0.6219553,0.48027742,-0.61847,-0.63178784,-0.7743959,0.033985436
1356513389393,-0.46490872,0.41319925,0.78302383,-0.6207413,0.47850245,-0.62106013,-0.63130045,-0.7747915,0.0340299
1356513389431,-0.46934253,0.4153446,0.77923465,-0.6181778,0.47559208,-0.6258342,-0.63053465,-0.77543604,0.033541203
1356513389468,-0.47608382,0.41826925,0.77356005,-0.61402065,0.47161114,-0.6328994,-0.6295419,-0.77629495,0.03229946
1356513389498,-0.4840055,0.42192608,0.76662695,-0.6088509,0.46687645,-0.64134777,-0.62852144,-0.77717733,0.030919313
1356513389539,-0.4918877,0.42542243,0.7596461,-0.6037649,0.4619606,-0.64966166,-0.62730724,-0.77820826,0.029622376
1356513389581,-0.50002164,0.4294361,0.75203925,-0.5984223,0.4563796,-0.65848947,-0.6259945,-0.77929604,0.028784513
1356513389621,-0.507755,0.43356472,0.7444505,-0.59322387,0.45066303,-0.6670745,-0.6247162,-0.7803362,0.028374553
1356513389661,-0.5144247,0.43753076,0.7375189,-0.5884669,0.44546884,-0.6747328,-0.6237581,-0.78110456,0.028312147
1356513389701,-0.5190163,0.44140035,0.7319752,-0.5845519,0.44149828,-0.680719,-0.6236354,-0.7811818,0.028876603
1356513389741,-0.520447,0.44541994,0.7285162,-0.5820169,0.4392392,-0.68434286,-0.62481284,-0.78017306,0.030641258
1356513389781,-0.51849794,0.44960672,0.7273332,-0.58120376,0.43859464,-0.68544656,-0.6271858,-0.7781314,0.033902705
1356513389821,-0.51423246,0.45356828,0.7279015,-0.5819374,0.43892133,-0.6846144,-0.6300109,-0.7756442,0.03824073
1356513389861,-0.50913775,0.45686415,0.7294203,-0.5835921,0.4396631,-0.6827273,-0.6326128,-0.77328616,0.042773187
1356513389901,-0.5041428,0.45936507,0.7313164,-0.5853321,0.4408884,-0.68044376,-0.635001,-0.77110386,0.046610415
1356513389941,-0.49951,0.46123722,0.7333143,-0.5862937,0.44318736,-0.6781185,-0.6377691,-0.76866454,0.049043953
1356513389981,-0.49538583,0.46263325,0.73522997,-0.5857619,0.4470985,-0.6760073,-0.64146364,-0.7655542,0.049506724
1356513390021,-0.4921927,0.46347597,0.7368423,-0.583292,0.45272988,-0.6743933,-0.6461555,-0.76172554,0.04751146
1356513390061,-0.49032545,0.4635774,0.7380223,-0.5787777,0.45991856,-0.6734176,-0.6516113,-0.75734466,0.04279846
1356513390101,-0.48975474,0.46282473,0.7388732,-0.57252365,0.46841788,-0.67290515,-0.6575386,-0.7525808,0.035568178
1356513390144,-0.49013168,0.46117988,0.7396513,-0.56525403,0.47778088,-0.67246807,-0.66352,-0.7476888,0.026508212
1356513390183,-0.49070185,0.45877406,0.7407686,-0.55775815,0.48776788,-0.6715568,-0.6694159,-0.74270386,0.016536355
1356513390259,-0.49009845,0.45601052,0.74287134,-0.5505943,0.4987463,-0.6694012,-0.6757584,-0.73709327,0.006641984
1356513390262,-0.48719585,0.45315427,0.74651957,-0.54415256,0.51107264,-0.66535914,-0.6830361,-0.7303808,-0.0024074316
1356513390288,-0.48264802,0.4496022,0.7516041,-0.5395717,0.52332675,-0.65953887,-0.68986464,-0.72386944,-0.009989977
1356513390321,-0.4776305,0.4456935,0.7571172,-0.5362509,0.5347246,-0.65307325,-0.6959197,-0.7179324,-0.016397238
1356513390361,-0.47272047,0.44059783,0.7631571,-0.53450716,0.54516435,-0.64583117,-0.7005979,-0.71321064,-0.022207618
1356513390401,-0.4669406,0.4323637,0.77138066,-0.53612775,0.5552933,-0.63578016,-0.70323074,-0.7104301,-0.027486801
1356513390441,-0.45927626,0.4213492,0.78200394,-0.54078436,0.5657789,-0.622452,-0.704711,-0.7087729,-0.031989813
1356513390481,-0.44676208,0.40860623,0.7958923,-0.5476251,0.57858205,-0.6044415,-0.7074676,-0.7058922,-0.034725428
1356513390521,-0.4258507,0.39554638,0.8137532,-0.55567604,0.5954488,-0.5802283,-0.7140556,-0.6992738,-0.03377664
1356513390561,-0.3942516,0.38321707,0.83529055,-0.563964,0.6167543,-0.5491436,-0.72561026,-0.68757457,-0.027035713
1356513390601,-0.35272914,0.3718917,0.8586492,-0.571391,0.64107466,-0.5123822,-0.74100894,-0.6713566,-0.013630092
1356513390641,-0.30587748,0.3614247,0.8808013,-0.5774877,0.66509175,-0.47345644,-0.7569325,-0.65347165,0.005281806
1356513390681,-0.2608984,0.35195297,0.8989222,-0.5832589,0.68453074,-0.43729478,-0.76924706,-0.63839394,0.026686728
1356513390724,-0.22436532,0.34452903,0.91157,-0.5900646,0.6964171,-0.40844467,-0.775554,-0.629526,0.04704255
1356513390763,-0.20028776,0.34102285,0.9184705,-0.5970142,0.7008281,-0.39040232,-0.776826,-0.6265328,0.06322819
1356513390802,-0.1894055,0.34264302,0.9201746,-0.60350466,0.6986049,-0.384361,-0.7745371,-0.6281298,0.07446706
1356513390843,-0.19137871,0.35088307,0.9166544,-0.60874325,0.6901677,-0.39128017,-0.7699389,-0.63288987,0.0815143
1356513390883,-0.20409101,0.36577532,0.9080502,-0.6127206,0.6756936,-0.40989232,-0.7634921,-0.64003646,0.08621514
1356513390923,-0.2246041,0.38680184,0.8943922,-0.61557555,0.6551912,-0.43793985,-0.7553938,-0.64892906,0.09094709
1356513390963,-0.24883828,0.4128458,0.87614954,-0.6175886,0.6292093,-0.47188985,-0.7460991,-0.65852416,0.09839749
1356513391003,-0.27021578,0.44263947,0.85501695,-0.618894,0.6004181,-0.50642705,-0.73753226,-0.6660093,0.11170441
1356513391043,-0.27740392,0.47444484,0.8354334,-0.6196208,0.57620406,-0.5329717,-0.73424584,-0.66550046,0.13413465
1356513391083,-0.25644004,0.5045715,0.82440645,-0.620014,0.5684541,-0.5407796,-0.7414991,-0.64982116,0.16706711
1356513391123,-0.20145273,0.5259287,0.8263268,-0.6185439,0.5858243,-0.5236538,-0.75948685,-0.6166108,0.20729405
1356513391163,-0.12809798,0.5321686,0.8368915,-0.61177063,0.62177134,-0.4890165,-0.7805944,-0.57462764,0.2459175
1356513391202,-0.06409782,0.52527016,0.84851795,-0.6011649,0.6583516,-0.4529613,-0.7965502,-0.5391331,0.27357507
1356513391256,-0.02864793,0.51391053,0.8573652,-0.5932213,0.6816014,-0.42837837,-0.8045295,-0.5208795,0.28533626
1356513391283,-0.02801606,0.5058796,0.86214906,-0.5918688,0.6866523,-0.4221372,-0.8055473,-0.52210575,0.280177
1356513391323,-0.059562027,0.5040046,0.8616448,-0.59529257,0.6749587,-0.4359559,-0.80129844,-0.5388971,0.25982827
1356513391363,-0.114288956,0.50592685,0.85497147,-0.59872663,0.6516777,-0.4656636,-0.7927576,-0.5651143,0.2284323
1356513391403,-0.17941034,0.506679,0.8432605,-0.5987752,0.6238692,-0.5022503,-0.78056395,-0.59503245,0.19145823
1356513391443,-0.24356404,0.50250876,0.82955486,-0.59534097,0.5977582,-0.53689325,-0.76566666,-0.62463593,0.15357172
1356513391482,-0.29925892,0.49217987,0.81743693,-0.5907451,0.57719374,-0.5637975,-0.7493093,-0.65161824,0.11802244
1356513391523,-0.34300193,0.47641462,0.8095547,-0.5876761,0.56349957,-0.5806075,-0.73279357,-0.6749055,0.08669609
1356513391563,-0.37305954,0.45672375,0.80760765,-0.58751434,0.55740774,-0.58662045,-0.7180903,-0.6933254,0.060385406
1356513391602,-0.38621733,0.4344484,0.81368953,-0.5903192,0.5614133,-0.5799468,-0.7087731,-0.70432216,0.039635718
1356513391643,-0.37861633,0.4105912,0.8294966,-0.59507006,0.578444,-0.5579375,-0.7089015,-0.7048528,0.025322199
1356513391682,-0.34984845,0.3857423,0.8537031,-0.5994704,0.60810065,-0.52043146,-0.7198898,-0.6938419,0.018498003
1356513391722,-0.30629468,0.36048537,0.8810414,-0.6011702,0.6443623,-0.47264338,-0.7380909,-0.67442393,0.019348323
1356513391763,-0.25954714,0.33624187,0.9053048,-0.6005846,0.6779016,-0.42396653,-0.7562628,-0.6537514,0.0259943
1356513391809,-0.21965083,0.315281,0.9232288,-0.6016128,0.7012024,-0.38259268,-0.76799446,-0.63946307,0.035657406
1356513391843,-0.19358444,0.30075058,0.9338492,-0.6041688,0.7134109,-0.35499996,-0.7729846,-0.632925,0.04359883
1356513391882,-0.18136182,0.29396808,0.93845123,-0.609377,0.715395,-0.34186223,-0.7718598,-0.6338713,0.049392104
1356513391923,-0.18396485,0.2987398,0.93643546,-0.61454093,0.70857936,-0.34677756,-0.767135,-0.63927287,0.05323416
1356513391962,-0.20113936,0.31625327,0.9271066,-0.61811113,0.69325733,-0.37058458,-0.759922,-0.6475941,0.05603838
1356513392002,-0.2320871,0.3470996,0.9086569,-0.6188232,0.66804576,-0.4132465,-0.7504621,-0.6582072,0.05974847
1356513392043,-0.27401847,0.39075643,0.8787624,-0.6152186,0.63109547,-0.47246653,-0.7392023,-0.6700955,0.06746876
1356513392082,-0.3196501,0.44465718,0.83672196,-0.6066106,0.5823355,-0.54121065,-0.72790605,-0.6805625,0.08359021
1356513392122,-0.35426292,0.503649,0.787931,-0.59586406,0.52780545,-0.6052829,-0.7207244,-0.6839292,0.11312443
1356513392163,-0.35628968,0.55953807,0.74831456,-0.59272236,0.48376477,-0.6439346,-0.7223142,-0.67297006,0.15929037
1356513392202,-0.31470215,0.60385245,0.73234195,-0.60385245,0.4679134,-0.6453056,-0.73234195,-0.6453056,0.21738446
1356513392256,-0.2459529,0.63144016,0.73538464,-0.6201874,0.4805386,-0.6200405,-0.7448992,-0.6085771,0.27342135
1356513392283,-0.18803054,0.646988,0.7389527,-0.6281678,0.49915028,-0.5968703,-0.7550164,-0.57641613,0.31256145
1356513392323,-0.17006841,0.6616622,0.73026025,-0.62448597,0.5008892,-0.5992724,-0.76229525,-0.55795455,0.3280133
1356513392362,-0.1972118,0.6799951,0.70619696,-0.6097917,0.47895336,-0.63147265,-0.76763374,-0.5551669,0.32020015
1356513392402,-0.25334352,0.69559133,0.67228705,-0.58457243,0.44363987,-0.67930764,-0.7707738,-0.5650986,0.29423016
1356513392443,-0.31815654,0.70109046,0.6381603,-0.5524484,0.40993148,-0.72578025,-0.77043957,-0.58346236,0.25689387
1356513392482,-0.37842268,0.6943253,0.61213446,-0.520128,0.38753104,-0.76110876,-0.76567817,-0.6064091,0.21448761
1356513392522,-0.42873943,0.6771989,0.59798336,-0.4933735,0.37897688,-0.7829171,-0.75681245,-0.6306966,0.17162973
1356513392562,-0.46733636,0.65281993,0.5961736,-0.475542,0.38285792,-0.7920099,-0.7452896,-0.65364057,0.13151985
1356513392604,-0.49322933,0.6241073,0.6059826,-0.46794936,0.3968776,-0.7896275,-0.73331314,-0.67303663,0.09629893
1356513392642,-0.5029532,0.5931734,0.62863606,-0.47139022,0.42137372,-0.77474856,-0.724451,-0.6859952,0.06768489
1356513392682,-0.49106258,0.56149304,0.6660204,-0.48511478,0.45876545,-0.7444447,-0.7235477,-0.6886653,0.047106028
1356513392722,-0.45361114,0.5288223,0.7173448,-0.50537884,0.51034737,-0.6958,-0.7340496,-0.6781537,0.03575647
1356513392762,-0.39510012,0.49449006,0.7741935,-0.5241624,0.5707575,-0.63205194,-0.75442016,-0.6555269,0.033686757
1356513392803,-0.3296509,0.45989317,0.82451725,-0.5349456,0.6286228,-0.56450564,-0.77792263,-0.62716156,0.038791716
1356513392842,-0.27390385,0.42930967,0.8606218,-0.5391379,0.6724833,-0.5070468,-0.7964339,-0.60287595,0.047261357
1356513392882,-0.23705328,0.4074756,0.88191235,-0.54276335,0.69735,-0.46809292,-0.805738,-0.58963263,0.055853724
1356513392922,-0.21972033,0.39754966,0.8908856,-0.54851234,0.70484376,-0.4498105,-0.8067572,-0.58749425,0.06319237
1356513392962,-0.21984589,0.401201,0.88921624,-0.5551301,0.6980911,-0.45221615,-0.80218345,-0.5930486,0.06924635
1356513393002,-0.23652679,0.41896006,0.87665707,-0.56060475,0.67808414,-0.47531494,-0.79358524,-0.6038828,0.07448596
1356513393042,-0.26962885,0.45009142,0.85130364,-0.5628286,0.6436658,-0.5185732,-0.78136045,-0.61896044,0.079773426
1356513393082,-0.31786436,0.4921951,0.810374,-0.5594146,0.59272194,-0.57942724,-0.7655177,-0.6375145,0.08693606
1356513393122,-0.37610137,0.5410832,0.75218123,-0.5481491,0.52456695,-0.6514308,-0.7470476,-0.6573115,0.09930402
1356513393162,-0.4313659,0.5909608,0.681681,-0.5302312,0.4452551,-0.7215281,-0.72991675,-0.67269105,0.12127793
1356513393202,-0.46393192,0.6374431,0.6151694,-0.5143662,0.3715424,-0.77290595,-0.72124517,-0.67499804,0.15550882
1356513393251,-0.4582711,0.67907286,0.57345235,-0.51274955,0.32501626,-0.7946397,-0.7259996,-0.6581979,0.19924885
1356513393282,-0.41790783,0.713731,0.5620863,-0.5256522,0.31465703,-0.79036736,-0.7409741,-0.6257627,0.24367672
1356513393322,-0.36564767,0.7378812,0.56730336,-0.54028547,0.3280388,-0.77490777,-0.7578874,-0.58984905,0.2787199
1356513393362,-0.3289861,0.751817,0.5714363,-0.5455234,0.3426333,-0.7648573,-0.77082574,-0.56335926,0.29741216
1356513393402,-0.32281065,0.7586289,0.56592906,-0.5384076,0.34457517,-0.7690158,-0.7784027,-0.5529469,0.29721892
1356513393442,-0.34425253,0.7591897,0.5523778,-0.521026,0.33495206,-0.7850726,-0.7810391,-0.5580664,0.28024948
1356513393482,-0.38120174,0.7523872,0.53721374,-0.49812037,0.3223719,-0.8049549,-0.77882046,-0.5744474,0.25189072
1356513393522,-0.4231997,0.7378597,0.52579945,-0.47490296,0.31357408,-0.8222764,-0.77160174,-0.59769076,0.21770734
1356513393562,-0.46449786,0.71661514,0.52029264,-0.45484227,0.31105042,-0.8344856,-0.7598423,-0.6242679,0.18146461
1356513393602,-0.50122136,0.69051987,0.52149725,-0.44006282,0.31550395,-0.8407151,-0.745065,-0.650876,0.14573485
1356513393642,-0.5292522,0.66208583,0.53059834,-0.43226773,0.32770938,-0.84009,-0.7300938,-0.67397994,0.112757385
1356513393682,-0.543134,0.63435864,0.5500861,-0.43300143,0.34969485,-0.83079684,-0.7193853,-0.689422,0.084747076
1356513393722,-0.536341,0.61022377,0.5830654,-0.443012,0.38447124,-0.8098903,-0.7183862,-0.6926824,0.06412876
1356513393762,-0.5051918,0.5907266,0.6291449,-0.45989785,0.4325968,-0.7754702,-0.7302569,-0.6811035,0.053129554
1356513393802,-0.45348173,0.574563,0.68134546,-0.47728646,0.48906064,-0.7300803,-0.7526964,-0.6562751,0.052451074
1356513393842,-0.39410678,0.5600395,0.728722,-0.48917362,0.54343283,-0.682195,-0.7780676,-0.6253292,0.059785962
1356513393882,-0.34346992,0.5475815,0.763009,-0.49549,0.5845094,-0.6425251,-0.79782075,-0.5987514,0.0705598
1356513393922,-0.31212297,0.53948015,0.7820105,-0.5004892,0.6062795,-0.6180095,-0.8075208,-0.5842827,0.080770195
1356513393962,-0.3010348,0.5380206,0.78734493,-0.5062121,0.6095544,-0.61007607,-0.80816305,-0.5822176,0.088855386
1356513394019,-0.30651015,0.54448414,0.78076154,-0.5110028,0.5978998,-0.61756945,-0.80307394,-0.58826256,0.094970524
1356513394042,-0.325292,0.55884343,0.76281,-0.5125182,0.5737265,-0.63887644,-0.7946762,-0.5987754,0.099788845
1356513394081,-0.3551566,0.5796369,0.7334064,-0.5093941,0.5378382,-0.6717498,-0.7838249,-0.6121692,0.104246795
1356513394118,-0.3930936,0.60413134,0.69318324,-0.50155103,0.49096924,-0.7123172,-0.77066475,-0.627674,0.110005796
1356513394162,-0.4330322,0.6289741,0.64565825,-0.4914168,0.43575096,-0.75407594,-0.7556405,-0.64382654,0.12039429
1356513394201,-0.4644006,0.65322065,0.5980258,-0.48320535,0.37900394,-0.7892202,-0.74218905,-0.6554836,0.13963008
1356513394257,-0.4723192,0.6786895,0.5624013,-0.48462558,0.33300054,-0.8088564,-0.7362423,-0.65459245,0.1716277
1356513394283,-0.44866198,0.7070211,0.54664755,-0.49912202,0.30915326,-0.80950695,-0.74133635,-0.63603884,0.21418452
1356513394323,-0.39967686,0.7339749,0.54912585,-0.521046,0.31095546,-0.79486966,-0.7541681,-0.6038109,0.25815296
1356513394362,-0.34460026,0.752111,0.5617649,-0.5401347,0.3305847,-0.77393043,-0.7677924,-0.57012534,0.29232168
1356513394402,-0.30241573,0.7576949,0.5783107,-0.55068547,0.35633314,-0.75483257,-0.77800405,-0.5467405,0.3094908
1356513394442,-0.2819742,0.7512309,0.59677696,-0.5527471,0.38121206,-0.7410452,-0.7841946,-0.53882235,0.30774873
1356513394482,-0.2822675,0.7345485,0.6170605,-0.5488526,0.40389746,-0.73186594,-0.78682023,-0.54525715,0.28915167
1356513394522,-0.29656488,0.70947284,0.6392945,-0.54290813,0.42547405,-0.7240321,-0.78568435,-0.5618008,0.25899798
1356513394562,-0.31821704,0.6779188,0.6626945,-0.5387187,0.44588906,-0.7148182,-0.7800769,-0.5844733,0.22331804
1356513394602,-0.34243172,0.64199424,0.6859912,-0.5382929,0.4643625,-0.7032839,-0.77005285,-0.61009085,0.18656844
1356513394642,-0.36527294,0.60425943,0.70812875,-0.54145235,0.48087066,-0.6896323,-0.7572351,-0.635322,0.1515286
1356513394682,-0.38359588,0.5675899,0.7284888,-0.546777,0.49612397,-0.67445976,-0.7442373,-0.6570409,0.12003398
1356513394722,-0.394884,0.5348255,0.7470129,-0.55247504,0.5114166,-0.65819776,-0.7340558,-0.6726178,0.093527496
1356513394762,-0.396089,0.5088138,0.7643443,-0.5563989,0.52919185,-0.64060616,-0.730434,-0.6790173,0.07349634
1356513394802,-0.38395146,0.4920755,0.7813085,-0.55613464,0.55222785,-0.6210947,-0.73708576,-0.67298293,0.06163156
1356513394842,-0.35785344,0.48520568,0.7978198,-0.55030406,0.58067894,-0.5999812,-0.7543915,-0.65374875,0.059212625
1356513394882,-0.32243147,0.48569587,0.81248844,-0.540241,0.610392,-0.57927656,-0.7772887,-0.62571657,0.06558323
1356513394922,-0.28692585,0.48891443,0.8237939,-0.53064245,0.6348448,-0.5615966,-0.7975539,-0.59827656,0.07728535
1356513394962,-0.25997725,0.49107787,0.83141714,-0.5267734,0.64948785,-0.5483387,-0.80927235,-0.5805239,0.08983463
1356513395002,-0.24471354,0.49135947,0.8358714,-0.5299227,0.6541585,-0.53968376,-0.8119711,-0.57501525,0.10030115
1356513395042,-0.23962197,0.4912727,0.8373963,-0.5373453,0.65126085,-0.5358352,-0.80860466,-0.57836884,0.10792661
1356513395082,-0.24255618,0.49267522,0.8357257,-0.5460548,0.64269876,-0.5373662,-0.80186695,-0.5866936,0.113137126
1356513395122,-0.252323,0.4966618,0.8304578,-0.5548029,0.62889683,-0.5446858,-0.79279685,-0.59817713,0.116864264
1356513395162,-0.26777795,0.5035749,0.82140565,-0.563932,0.60933125,-0.5574012,-0.78120136,-0.6124767,0.12081653
1356513395202,-0.2860287,0.51360816,0.8089464,-0.57448274,0.5837554,-0.57375884,-0.766914,-0.6288372,0.12808824
1356513395256,-0.30005923,0.5278349,0.7945784,-0.586676,0.5546895,-0.59002614,-0.75218064,-0.6432028,0.14322829
1356513395283,-0.29839703,0.54782134,0.78156954,-0.5991458,0.5299144,-0.60017914,-0.74295586,-0.64736587,0.17010003
1356513395323,-0.27121374,0.5723972,0.7738247,-0.6094108,0.5201746,-0.59836173,-0.74502456,-0.63386106,0.2077465
1356513395362,-0.22068799,0.59517276,0.7727006,-0.61440945,0.53044987,-0.5840582,-0.7574945,-0.6036492,0.24861586
1356513395402,-0.16374496,0.60863864,0.7763676,-0.6129571,0.5538653,-0.5634863,-0.7729626,-0.5681481,0.2823767
1356513395443,-0.12027812,0.61087304,0.782539,-0.60760874,0.5780719,-0.54465085,-0.7850764,-0.5409871,0.30164236
1356513395482,-0.10200882,0.60512143,0.789571,-0.60179836,0.59446263,-0.5333413,-0.7921067,-0.5295681,0.30352068
1356513395522,-0.11051273,0.59523165,0.7959185,-0.5969293,0.60054153,-0.5320012,-0.7946461,-0.53389996,0.2889437
1356513395562,-0.13977498,0.5831304,0.8002636,-0.59289485,0.59801257,-0.5393113,-0.79305655,-0.5498544,0.26214784
1356513395602,-0.18173602,0.569216,0.801851,-0.5894667,0.5896194,-0.55215764,-0.7870838,-0.5730114,0.22837889
1356513395642,-0.22938293,0.5533121,0.8007678,-0.586513,0.57799125,-0.5673876,-0.7767792,-0.59980977,0.19194347
1356513395682,-0.27727222,0.5355851,0.7976645,-0.58362323,0.5656072,-0.5826426,-0.7632195,-0.6270862,0.15575278
1356513395722,-0.32047588,0.51699656,0.7937316,-0.5803973,0.5550475,-0.59587014,-0.7486216,-0.6516416,0.12218398
1356513395762,-0.35376376,0.49950653,0.7907872,-0.57635516,0.549458,-0.6049054,-0.7366586,-0.6697679,0.09351486
1356513395802,-0.37147835,0.48587185,0.7911589,-0.5705885,0.5527482,-0.60736984,-0.73241556,-0.6770509,0.07189888
1356513395842,-0.36969462,0.47845036,0.7964993,-0.56201524,0.5674881,-0.60174423,-0.73990864,-0.67010635,0.059099138
1356513395882,-0.34930128,0.4775339,0.80619484,-0.5499677,0.59211445,-0.5890128,-0.7586332,-0.64912397,0.05580181
1356513395922,-0.31742626,0.480786,0.8173649,-0.5355437,0.620438,-0.57293075,-0.78258127,-0.61959785,0.06053859
1356513395962,-0.28515923,0.48480925,0.82682776,-0.5228517,0.64431024,-0.5581133,-0.80331206,-0.59145945,0.069752336
1356513396002,-0.26191634,0.48751596,0.83290344,-0.51699233,0.6578787,-0.5476446,-0.8149349,-0.5740417,0.079732776
1356513396042,-0.25060028,0.48933023,0.83531743,-0.51921624,0.660317,-0.5425827,-0.8170764,-0.5696818,0.08859265
1356513396082,-0.24919912,0.4922678,0.8340097,-0.52643377,0.65397966,-0.54330295,-0.8128759,-0.5744415,0.09617525
1356513396122,-0.25554144,0.49818042,0.828562,-0.5352997,0.64075357,-0.55035365,-0.80507946,-0.5841671,0.102936685
1356513396162,-0.26906905,0.50794226,0.81828874,-0.544107,0.62088144,-0.56431705,-0.7947008,-0.59707695,0.10931492
1356513396202,-0.2895163,0.5214056,0.80269337,-0.5525675,0.5937116,-0.5849579,-0.78156865,-0.6128971,0.11622256
1356513396256,-0.31462142,0.53814185,0.78193146,-0.5610006,0.5590805,-0.61049765,-0.76569694,-0.6307396,0.12599915
1356513396282,-0.33739012,0.5583138,0.75792706,-0.56960326,0.51994115,-0.63656366,-0.7494798,-0.6464881,0.14259446
1356513396322,-0.34500927,0.58238745,0.73606616,-0.5790882,0.4850915,-0.65524274,-0.73866457,-0.6523121,0.16989267
1356513396362,-0.32415795,0.6090041,0.72390306,-0.59040564,0.46765983,-0.65781105,-0.73915005,-0.6406312,0.20796382
1356513396402,-0.27328867,0.6320089,0.7251746,-0.6015655,0.47597778,-0.6415327,-0.7506214,-0.6115635,0.25011533
1356513396442,-0.20816508,0.64385575,0.73628604,-0.6073784,0.50495183,-0.61328226,-0.7666544,-0.57486814,0.28595072
1356513396482,-0.15261963,0.6429586,0.7505408,-0.6056972,0.53923774,-0.5851099,-0.7809214,-0.5438997,0.30713993
1356513396523,-0.124343574,0.63436246,0.7629699,-0.5992862,0.56483316,-0.5672915,-0.7908191,-0.52777636,0.30993122
1356513396562,-0.12838387,0.6236934,0.77105385,-0.5915213,0.5758885,-0.5643182,-0.79600257,-0.5285442,0.29499316
1356513396602,-0.1590884,0.61326814,0.773688,-0.58354974,0.57370687,-0.5747435,-0.7963421,-0.5429205,0.26660234
1356513396642,-0.20610872,0.6025212,0.7710301,-0.5754657,0.5626528,-0.59351593,-0.79142815,-0.5660302,0.2307626
1356513396682,-0.26016647,0.59032977,0.76408404,-0.56716216,0.54699945,-0.6157263,-0.7814351,-0.59355074,0.19250172
1356513396722,-0.3137199,0.5761515,0.7547378,-0.55857885,0.5307909,-0.637378,-0.76783425,-0.62153876,0.15530646
1356513396762,-0.35980803,0.560367,0.7460073,-0.55025935,0.5182611,-0.6546908,-0.75349367,-0.6460605,0.12187272
1356513396805,-0.39175794,0.5441382,0.741916,-0.5433333,0.5139291,-0.66382664,-0.7425056,-0.66316706,0.09431261
1356513396842,-0.4029858,0.5291322,0.74674064,-0.53874725,0.522426,-0.6609255,-0.73983365,-0.668648,0.07453823
1356513396883,-0.3888868,0.51596695,0.76324636,-0.53663975,0.5465377,-0.6428953,-0.74885565,-0.65960187,0.06434709
1356513396922,-0.35181478,0.50389516,0.78887016,-0.53472304,0.58352613,-0.61120254,-0.76830834,-0.6368571,0.06415129
1356513396962,-0.3029233,0.49178913,0.8163216,-0.53026944,0.6247493,-0.57315147,-0.79186606,-0.6064913,0.07152963
1356513397002,-0.25794703,0.4803369,0.8382957,-0.5244348,0.65910107,-0.5390305,-0.81143785,-0.5786728,0.08189225
1356513397042,-0.22852534,0.47239542,0.85124534,-0.5216782,0.6788283,-0.5167629,-0.8219659,-0.5621696,0.09130895
1356513397082,-0.21776903,0.47134128,0.8546426,-0.5238026,0.6824248,-0.5098306,-0.82353354,-0.55868936,0.09827876
1356513397122,-0.22370979,0.4798851,0.84833026,-0.52806544,0.6718936,-0.5193322,-0.81920743,-0.56415355,0.10310155
1356513397162,-0.24440005,0.49987024,0.8309022,-0.53034,0.6484636,-0.5461085,-0.8117932,-0.5741296,0.106616616
1356513397202,-0.27972665,0.5320072,0.79920036,-0.52734303,0.6104777,-0.5909537,-0.8022856,-0.58675826,0.10978341
1356513397256,-0.33012283,0.575449,0.7482495,-0.51620626,0.5535988,-0.6534978,-0.7902847,-0.6019857,0.11429483
1356513397282,-0.3932296,0.6267234,0.67274684,-0.49373114,0.4733116,-0.7295243,-0.77562886,-0.6190266,0.12331265
1356513397322,-0.45895374,0.6787654,0.5732703,-0.45933685,0.37103748,-0.8070569,-0.7605071,-0.633726,0.14149296
1356513397362,-0.5095875,0.72471255,0.46380192,-0.4211331,0.25998145,-0.8689399,-0.75031155,-0.6381233,0.17271715
1356513397402,-0.5311555,0.76327926,0.36780238,-0.39415568,0.16166753,-0.9047126,-0.75001013,-0.62551445,0.21498024
1356513397442,-0.5251823,0.79654706,0.2994936,-0.38514748,0.09134346,-0.9183234,-0.75884455,-0.59763634,0.25881612
1356513397482,-0.5086906,0.82312393,0.2523905,-0.3836347,0.045730054,-0.922352,-0.77075183,-0.56601757,0.2925164
1356513397522,-0.5001342,0.8393138,0.21311492,-0.37526745,0.011723697,-0.9268424,-0.7804102,-0.54352075,0.3091038
1356513397562,-0.5076037,0.8434855,0.1757009,-0.3534553,-0.01788485,-0.9352805,-0.7857531,-0.5368542,0.30721277
1356513397602,-0.5277432,0.83721614,0.14337459,-0.32034722,-0.03984934,-0.9464617,-0.7866796,-0.5454184,0.28923005
1356513397642,-0.5528909,0.82425356,0.12213758,-0.28344813,-0.04820788,-0.957775,-0.78356147,-0.5641649,0.26028693
1356513397682,-0.57787734,0.80806375,0.11441475,-0.25013825,-0.041921914,-0.96730214,-0.77684534,-0.5876015,0.2263534
1356513397722,-0.60063237,0.79064786,0.11881417,-0.22449064,-0.024145126,-0.97417706,-0.76736224,-0.6117949,0.19199532
1356513397763,-0.62010825,0.773208,0.13272241,-0.20779514,0.0012542605,-0.9781716,-0.75649655,-0.63415134,0.15989107
1356513397802,-0.63510543,0.75694627,0.15386182,-0.19995457,0.03129083,-0.97930545,-0.746096,-0.65272754,0.13148189
1356513397842,-0.6429736,0.74395454,0.18197924,-0.20125207,0.06514037,-0.9773711,-0.7389739,-0.6650475,0.10783893
1356513397882,-0.63885945,0.7373488,0.2194885,-0.21301493,0.10460693,-0.9714329,-0.73924494,-0.6673635,0.09023726
1356513397922,-0.61771214,0.73895806,0.26902154,-0.23578376,0.15232092,-0.9597939,-0.75022507,-0.65630734,0.08014387
1356513397962,-0.5789651,0.7462045,0.32860053,-0.26609063,0.20802939,-0.94123304,-0.7707108,-0.6323786,0.07811624
1356513398002,-0.530585,0.752819,0.38954234,-0.29656214,0.265648,-0.9173233,-0.7940595,-0.60224146,0.08230871
1356513398042,-0.48720413,0.753978,0.4406238,-0.32117465,0.314493,-0.89327544,-0.8120831,-0.5767247,0.08893633
1356513398082,-0.46020728,0.7498288,0.47535878,-0.3390741,0.34639335,-0.87466586,-0.8205108,-0.5637095,0.094834745
1356513398122,-0.4507268,0.74355906,0.49392834,-0.35161418,0.360704,-0.86386347,-0.8204955,-0.5630386,0.09886694
1356513398162,-0.45446122,0.7380782,0.498704,-0.35916382,0.36049986,-0.8608375,-0.8151481,-0.57033366,0.1012578
1356513398202,-0.46806896,0.73475164,0.49097002,-0.36132938,0.34789294,-0.86510783,-0.8064444,-0.58233196,0.10264939
1356513398256,-0.4901592,0.7332613,0.47124487,-0.35808212,0.32351732,-0.87585026,-0.7946829,-0.59805053,0.10399276
1356513398282,-0.51905143,0.732215,0.4409613,-0.35055023,0.2881562,-0.89111197,-0.7795513,-0.6171119,0.1071102
1356513398322,-0.55043817,0.73045844,0.40428728,-0.34206527,0.24441773,-0.90733194,-0.76158327,-0.63772285,0.115327656
1356513398362,-0.57533747,0.729708,0.36947677,-0.33904642,0.1983195,-0.91962874,-0.7443348,-0.6543666,0.13330424
1356513398402,-0.58142066,0.7354871,0.34786332,-0.34994972,0.15991592,-0.923018,-0.7344967,-0.65839624,0.16440499
1356513398442,-0.56028664,0.75183237,0.3476017,-0.3788545,0.14057672,-0.91471714,-0.73657864,-0.6441943,0.20607185
1356513398482,-0.51518077,0.7743403,0.36740446,-0.4187515,0.14661562,-0.89618695,-0.74782085,-0.61554945,0.2487225
1356513398522,-0.46086878,0.79287314,0.39868778,-0.4557037,0.17406726,-0.8729459,-0.7615339,-0.58399713,0.28109318
1356513398562,-0.41457325,0.8003526,0.43308762,-0.4798621,0.21210384,-0.8513192,-0.77321506,-0.56075644,0.2961262
1356513398602,-0.38669854,0.79578507,0.46603686,-0.48948714,0.25117517,-0.83505297,-0.78157955,-0.5510328,0.29239744
1356513398641,-0.37855732,0.78132105,0.49621755,-0.48838925,0.2867906,-0.82415235,-0.78623813,-0.5543362,0.27302206
1356513398681,-0.38541162,0.75968105,0.5237771,-0.48225814,0.3181029,-0.81623375,-0.7866924,-0.5671818,0.24376184
1356513398718,-0.40090972,0.7334194,0.54896927,-0.47571608,0.34544545,-0.80892617,-0.7829212,-0.5854599,0.21040702
1356513398761,-0.4205832,0.70473677,0.5713632,-0.4706731,0.36890513,-0.8014835,-0.7756138,-0.6060158,0.17654538
1356513398801,-0.43960202,0.675695,0.5917654,-0.46828717,0.3897918,-0.7929499,-0.76645756,-0.62569857,0.14506608
1356513398841,-0.45502955,0.6483401,0.6104123,-0.46808934,0.40899044,-0.7833384,-0.7575225,-0.6421696,0.117378354
1356513398881,-0.4627759,0.6245238,0.62913316,-0.46942326,0.42938602,-0.7715371,-0.7519843,-0.6523785,0.094456494
1356513398921,-0.45785755,0.60601765,0.6504683,-0.47135395,0.4548862,-0.7555819,-0.7537851,-0.6525497,0.07737571
1356513398961,-0.43699926,0.5932139,0.6761131,-0.4729115,0.48787105,-0.7337143,-0.7651055,-0.64037424,0.06733841
1356513399002,-0.40234867,0.5841914,0.70486593,-0.47340283,0.52623963,-0.7063721,-0.78358495,-0.6178934,0.06482595
1356513399041,-0.36241147,0.5757697,0.7329033,-0.4735801,0.56351936,-0.67688096,-0.80273277,-0.5923978,0.06844711
1356513399081,-0.3285283,0.56583303,0.75624204,-0.47634965,0.59213054,-0.6499788,-0.81557345,-0.57377213,0.07500279
1356513399121,-0.3075475,0.5549618,0.7729371,-0.48426843,0.6079502,-0.62919044,-0.819084,-0.56781507,0.08177692
1356513399161,-0.299084,0.5457598,0.78274834,-0.4961597,0.6117459,-0.6161108,-0.8150916,-0.5726371,0.08782065
1356513399201,-0.3002046,0.5412767,0.7854278,-0.5080837,0.6061399,-0.6119194,-0.8072969,-0.582764,0.09304786
1356513399257,-0.3098888,0.5437792,0.7799186,-0.5166815,0.5922867,-0.618253,-0.79812855,-0.5945592,0.09741765
1356513399283,-0.32866564,0.55436623,0.7646287,-0.5206001,0.56915987,-0.6364218,-0.7880067,-0.60723567,0.10153979
1356513399322,-0.35619432,0.572881,0.73819566,-0.5201746,0.53471065,-0.6659601,-0.776237,-0.6212019,0.10753733
1356513399362,-0.38903183,0.5982534,0.7005334,-0.51663655,0.48791206,-0.70358264,-0.7627194,-0.63563716,0.11926633
1356513399402,-0.41793787,0.62915224,0.6553589,-0.51245815,0.43239027,-0.7419065,-0.75014293,-0.6459149,0.141702
1356513399443,-0.42778367,0.66441804,0.61282116,-0.51310676,0.37965298,-0.7697954,-0.7441253,-0.64374864,0.1785081
1356513399482,-0.40692884,0.70171636,0.58481014,-0.52359635,0.34541762,-0.7788026,-0.74850225,-0.6231218,0.22685581
1356513399522,-0.36062562,0.7351375,0.57404,-0.54012614,0.33715677,-0.771096,-0.7604031,-0.58813107,0.27547967
1356513399562,-0.3114007,0.75885427,0.57198775,-0.55214596,0.34539866,-0.75883776,-0.77341104,-0.55212325,0.31144089
1356513399602,-0.28166032,0.7724176,0.5692438,-0.55355924,0.3537693,-0.75393593,-0.78373444,-0.52746403,0.32793617
1356513399643,-0.2804351,0.7782959,0.5617932,-0.5441097,0.35326755,-0.76101685,-0.7907597,-0.5190929,0.32440972
1356513399682,-0.3033095,0.77764577,0.5506999,-0.5259399,0.34530115,-0.77727365,-0.7946009,-0.52538955,0.30426186
1356513399722,-0.3397842,0.77042305,0.53943944,-0.50265145,0.33601964,-0.79651254,-0.7949139,-0.54179245,0.27308017
1356513399762,-0.38071853,0.7569773,0.53107303,-0.4785552,0.33013296,-0.813632,-0.79122573,-0.56391263,0.2365678
1356513399802,-0.4210621,0.7384626,0.5266684,-0.45672554,0.32904863,-0.82651603,-0.78365076,-0.5885575,0.19872475
1356513399842,-0.4574929,0.716529,0.5265799,-0.43897223,0.3330084,-0.8345111,-0.7733069,-0.6129369,0.1621874
1356513399882,-0.48674417,0.69326985,0.53146684,-0.42643678,0.34240663,-0.83720326,-0.7623856,-0.63414085,0.12897134
1356513399922,-0.5040215,0.6711087,0.54366857,-0.42038646,0.3592528,-0.83319426,-0.7544784,-0.64849865,0.101053834
1356513399963,-0.5030308,0.6522497,0.5670365,-0.421966,0.38722813,-0.8197555,-0.7542577,-0.65163237,0.08043945
1356513400002,-0.4793465,0.63711786,0.6035793,-0.43045807,0.42865402,-0.7943309,-0.76480913,-0.64057523,0.06877869
1356513400042,-0.43586904,0.62347543,0.6490736,-0.44200376,0.47993428,-0.75782305,-0.7839967,-0.6172046,0.06639004
1356513400082,-0.3848785,0.6087621,0.6937415,-0.45227283,0.5308212,-0.7167134,-0.8045606,-0.5896081,0.071024954
1356513400122,-0.3423195,0.59333825,0.72853756,-0.46076074,0.5697419,-0.68050987,-0.8188509,-0.5686334,0.078353226
1356513400162,-0.3174207,0.5803184,0.749983,-0.46954018,0.5909445,-0.6559852,-0.8238786,-0.5603705,0.08490485
1356513400204,-0.31001282,0.57305646,0.7586162,-0.47857717,0.5954016,-0.6453379,-0.82149625,-0.56311935,0.089669526
1356513400257,-0.31667066,0.5739205,0.75520533,-0.48525956,0.5860799,-0.6488709,-0.81501096,-0.57194895,0.09290606
1356513400283,-0.3355101,0.58413297,0.739068,-0.48669964,0.56424105,-0.6668999,-0.8065707,-0.5834558,0.09498876
1356513400322,-0.36590478,0.60332227,0.70860136,-0.4812796,0.5290139,-0.6989379,-0.7965448,-0.5967802,0.09679794
1356513400362,-0.40621,0.62938565,0.6624705,-0.46885818,0.47871333,-0.7422975,-0.7843248,-0.6121333,0.100634456
1356513400402,-0.45087045,0.6589464,0.6020842,-0.45104837,0.41387868,-0.7907337,-0.77024096,-0.62808764,0.11061102
1356513400442,-0.48781228,0.6890546,0.5359504,-0.4332761,0.34187764,-0.83390135,-0.757833,-0.6390019,0.13177878
1356513400482,-0.5013481,0.71964115,0.48038185,-0.42598563,0.27795684,-0.860974,-0.7531178,-0.63628346,0.1672036
1356513400522,-0.48339307,0.751556,0.4488818,-0.43681222,0.23729253,-0.86769086,-0.7586345,-0.6155128,0.21358323
1356513400562,-0.44233775,0.7812437,0.44044957,-0.46043852,0.22362357,-0.8590628,-0.7696322,-0.58279574,0.26079744
1356513400602,-0.40001893,0.80259514,0.44252193,-0.48270723,0.22594327,-0.8461343,-0.77908814,-0.55207837,0.29703695
1356513400642,-0.3754111,0.8130438,0.44500148,-0.49412698,0.23063588,-0.83823955,-0.7841588,-0.53457165,0.31516355
1356513400682,-0.37417787,0.81314063,0.44586253,-0.49322414,0.23264766,-0.8382154,-0.7853159,-0.53355175,0.3140089
1356513400722,-0.39142162,0.8039516,0.4477175,-0.48316574,0.23452121,-0.84353465,-0.78316027,-0.54649943,0.29664516
1356513400762,-0.41810364,0.7865235,0.45449972,-0.469683,0.24108738,-0.8492789,-0.777552,-0.5685575,0.26861727
1356513400802,-0.44754535,0.7621996,0.46771246,-0.4575023,0.25423706,-0.8520887,-0.7683715,-0.59532785,0.23492545
1356513400842,-0.47501796,0.7326968,0.48735344,-0.4495685,0.27403134,-0.85017353,-0.7564695,-0.62294644,0.19922757
1356513400882,-0.49670607,0.70032954,0.51266146,-0.44717038,0.29974723,-0.8427279,-0.7438561,-0.647835,0.16428035
1356513400922,-0.5083334,0.6679512,0.5435424,-0.45073414,0.33144468,-0.8288445,-0.73378193,-0.6663224,0.13258398
1356513400962,-0.5045221,0.6386091,0.58106434,-0.45995408,0.37075347,-0.80683583,-0.7306844,-0.67432946,0.10667759
1356513401002,-0.4799233,0.61429656,0.6263494,-0.47335577,0.41979122,-0.7744093,-0.7386529,-0.66814303,0.08931321
1356513401042,-0.43346047,0.5944743,0.6772829,-0.4870726,0.47777742,-0.73108757,-0.75820327,-0.6467836,0.0824545
1356513401082,-0.37278435,0.5764038,0.7271798,-0.496154,0.5384171,-0.6811301,-0.78413206,-0.61470777,0.0852716
1356513401122,-0.31324354,0.5579945,0.7684534,-0.4997661,0.59121,-0.63301224,-0.80753475,-0.582334,0.093674004
1356513401162,-0.26887447,0.53986,0.7976577,-0.50295997,0.62757826,-0.59428686,-0.82142437,-0.56097835,0.10278815
1356513401202,-0.24393514,0.5244413,0.81575555,-0.5101766,0.645967,-0.5678438,-0.8247519,-0.5546963,0.10998356
1356513401256,-0.23503211,0.5142736,0.8247925,-0.5208339,0.6498214,-0.5535922,-0.8206656,-0.5596918,0.1151222
1356513401283,-0.23800138,0.5112801,0.82580143,-0.5319937,0.64272726,-0.55125713,-0.8126119,-0.5705211,0.11902785
1356513401322,-0.2510716,0.516259,0.8188038,-0.54177827,0.6260402,-0.56084746,-0.8021467,-0.584423,0.12251699
1356513401362,-0.27358606,0.5290521,0.80327743,-0.5497286,0.59929204,-0.5819344,-0.7892713,-0.60079366,0.12687707
1356513401402,-0.303114,0.54869646,0.7791367,-0.5562348,0.5619987,-0.61217666,-0.773773,-0.61894226,0.13485438
1356513401442,-0.3318199,0.573809,0.7487582,-0.5619042,0.5173321,-0.6454698,-0.757733,-0.6349101,0.15076458
1356513401483,-0.34467125,0.60254514,0.71982014,-0.56863713,0.4760955,-0.67080915,-0.7468959,-0.6405251,0.17853314
1356513401522,-0.327106,0.6314559,0.7030398,-0.57880986,0.4542014,-0.6772594,-0.7469811,-0.628462,0.21692091
1356513401562,-0.27881354,0.6539347,0.7033011,-0.5906284,0.46069825,-0.66250676,-0.7572458,-0.60010546,0.25778347
1356513401602,-0.218934,0.6642396,0.71474034,-0.5981161,0.4873919,-0.63616526,-0.77092475,-0.5667759,0.29058576
1356513401642,-0.17222336,0.66323715,0.7283237,-0.59893507,0.51649845,-0.61196905,-0.7820587,-0.541614,0.3082829
1356513401682,-0.15318996,0.6563326,0.73875594,-0.5950874,0.5355594,-0.5992054,-0.78892577,-0.53141654,0.3085329
1356513401722,-0.16203463,0.6470511,0.74503005,-0.5886222,0.5425981,-0.5992589,-0.79200304,-0.5356419,0.29294896
1356513401762,-0.18898574,0.63506067,0.74898756,-0.5808456,0.5426985,-0.6067097,-0.7917719,-0.5497056,0.26630992
1356513401803,-0.22273827,0.6187236,0.7533717,-0.57352215,0.5417415,-0.6144823,-0.78832734,-0.5689441,0.2341851
1356513401841,-0.25538734,0.5972419,0.76031536,-0.5685984,0.54324675,-0.61772066,-0.7819676,-0.5900721,0.20085233
1356513401881,-0.28367257,0.57137215,0.77010626,-0.5669421,0.5477672,-0.61524606,-0.7733734,-0.6111342,0.1685484
1356513401921,-0.30467469,0.5419775,0.78322005,-0.5686768,0.55614436,-0.6060611,-0.764055,-0.63005054,0.13876694
1356513401961,-0.31330433,0.5096744,0.8012943,-0.5732296,0.5712209,-0.5874645,-0.7571317,-0.6433807,0.113194406
1356513402001,-0.30249617,0.47439423,0.82670796,-0.5791668,0.5973753,-0.55471486,-0.75700843,-0.646601,0.09404975
1356513402041,-0.26839468,0.43580627,0.85909086,-0.583271,0.6362333,-0.5049773,-0.76665455,-0.63661605,0.08343154
1356513402081,-0.21567115,0.39437804,0.8932815,-0.5814482,0.68307567,-0.44195655,-0.7844768,-0.6147142,0.08199066
1356513402121,-0.15759447,0.35275525,0.922349,-0.573357,0.727775,-0.3763048,-0.804006,-0.5881388,0.08756137
1356513402161,-0.10803792,0.31534323,0.94280773,-0.5651208,0.76075244,-0.31920886,-0.8179036,-0.5672869,0.09601694
1356513402201,-0.07351188,0.28604043,0.9553936,-0.56358624,0.77843446,-0.2764243,-0.82277983,-0.5587671,0.10398424
1356513402257,-0.05366908,0.26736718,0.962099,-0.56946766,0.78325576,-0.24943346,-0.82025987,-0.5612711,0.11022037
1356513402282,-0.047148377,0.2610874,0.964163,-0.57923484,0.77923393,-0.23933521,-0.813796,-0.56976116,0.114491284
1356513402322,-0.054181427,0.268543,0.9617428,-0.5902598,0.76824784,-0.24776752,-0.80539304,-0.58110243,0.116885364
1356513402362,-0.07552396,0.2909351,0.95375717,-0.60159606,0.74950534,-0.27626777,-0.79522204,-0.59464145,0.118419826
1356513402402,-0.111105174,0.32961327,0.9375557,-0.61224073,0.720415,-0.32582757,-0.7828262,-0.6102109,0.121760905
1356513402442,-0.15789083,0.38480797,0.9093917,-0.6198387,0.6782814,-0.39463186,-0.768681,-0.6259849,0.13142449
1356513402482,-0.20599997,0.45333612,0.86720836,-0.6211411,0.62421346,-0.4738579,-0.75614,-0.63627344,0.15299773
1356513402522,-0.23644397,0.52526885,0.8174269,-0.6172028,0.5685582,-0.5438771,-0.7504364,-0.6331147,0.18976527
1356513402562,-0.23494825,0.5884429,0.77365,-0.6141517,0.52705574,-0.5873924,-0.7534036,-0.6131453,0.23756242
1356513402602,-0.21801943,0.6421511,0.7349213,-0.6109097,0.49745786,-0.61589366,-0.76108915,-0.58324736,0.28384095
1356513402642,-0.22803116,0.7003035,0.6764443,-0.59686786,0.4483562,-0.6653762,-0.76925325,-0.5554744,0.31574947
1356513402682,-0.29305488,0.7683906,0.5689418,-0.5574915,0.34610653,-0.7545949,-0.7767381,-0.5383179,0.32694298
1356513402723,-0.3899827,0.8204747,0.41801316,-0.4840793,0.2034927,-0.85103357,-0.78331405,-0.53423977,0.31781608
1356513402762,-0.47320455,0.8369689,0.2748826,-0.39454126,0.07763934,-0.9155923,-0.787664,-0.541715,0.2934795
1356513402802,-0.5300321,0.8299662,0.17384478,-0.31342578,-0.0012538433,-0.9496119,-0.78792775,-0.5578122,0.26079744
1356513402842,-0.569468,0.81409264,0.113839656,-0.24942926,-0.039173305,-0.9676004,-0.7832569,-0.5794124,0.22536641
1356513402882,-0.5994397,0.79595876,0.084391385,-0.20250633,-0.04880929,-0.9780638,-0.7743794,-0.60337996,0.19044489
1356513402922,-0.6228298,0.77844405,0.07815388,-0.17190829,-0.038716674,-0.98435193,-0.763237,-0.6265189,0.15793478
1356513402962,-0.6387868,0.76377314,0.092746764,-0.15863025,-0.012786746,-0.9872552,-0.75285316,-0.6453581,0.12932551
1356513403002,-0.6425733,0.7546246,0.13282025,-0.16734746,0.030942142,-0.9854123,-0.74772614,-0.6554268,0.10640192
1356513403042,-0.62626576,0.7516986,0.20673698,-0.20339575,0.09845656,-0.9741336,-0.7526096,-0.65211606,0.09123236
1356513403082,-0.5828068,0.74905753,0.31503808,-0.26343295,0.19259083,-0.94525754,-0.76872575,-0.63389397,0.08508313
1356513403122,-0.51564133,0.7363374,0.43808806,-0.32931137,0.3017094,-0.89472085,-0.7909918,-0.6056225,0.086910486
