1356512556471,-0.34820414,0.62515765,-0.69852114,-0.362934,0.5971352,0.71533805,0.8643106,0.5026007,0.018966079
1356512556512,-0.25339678,0.46769613,-0.8467882,-0.4344691,0.7270807,0.53159213,0.864307,0.5026071,0.018959582
1356512556557,-0.25341547,0.4676272,-0.84682065,-0.43450537,0.72709614,0.5315414,0.86428326,0.502649,0.018929183
1356512556595,-0.25365618,0.46776152,-0.8466745,-0.4345153,0.7269181,0.5317767,0.8642077,0.50278145,0.018862307
1356512556636,-0.25407523,0.46811375,-0.84635407,-0.43452558,0.72653747,0.5322883,0.8640794,0.50300384,0.01881224
1356512556677,-0.25477552,0.46908846,-0.8456035,-0.43442264,0.72572654,0.5334772,0.8639249,0.50326633,0.018885314
1356512556717,-0.25574636,0.4709736,-0.8442617,-0.43409842,0.72436506,0.5355874,0.8638012,0.50346714,0.01919514
1356512556773,-0.2568969,0.4738087,-0.8423238,-0.4334646,0.72250164,0.5386092,0.863778,0.50348455,0.019770801
1356512556815,-0.25774384,0.47798422,-0.83970195,-0.4326156,0.719995,0.54263335,0.8639514,0.50312847,0.02120912
1356512556838,-0.2584672,0.4822589,-0.83703107,-0.43195185,0.7173307,0.5466756,0.86406726,0.5028549,0.022906184
1356512556879,-0.25877753,0.48590127,-0.8348259,-0.43222973,0.71466136,0.5499424,0.86383545,0.5031493,0.025082707
1356512556919,-0.25875363,0.48791504,-0.83365786,-0.4336596,0.7125069,0.55160975,0.8631257,0.5042548,0.027225316
1356512556963,-0.25866488,0.48811227,-0.8335699,-0.43574625,0.7111889,0.5516661,0.8621007,0.50592166,0.028733552
1356512557007,-0.25868475,0.48688555,-0.834281,-0.4374109,0.7110132,0.55057424,0.8612514,0.5073487,0.029040694
1356512557044,-0.25894466,0.48494592,-0.83532935,-0.43797377,0.7118578,0.5490331,0.8608871,0.50802153,0.028061807
1356512557084,-0.2595621,0.48247743,-0.83656627,-0.43740594,0.7135726,0.547257,0.86098987,0.5079662,0.025822103
1356512557125,-0.26053947,0.47984064,-0.83777803,-0.4362948,0.7155726,0.5455297,0.8612583,0.50765026,0.022917092
1356512557165,-0.26178586,0.47759476,-0.8386724,-0.4353753,0.717097,0.5442612,0.86134577,0.5076171,0.020207107
1356512557205,-0.2631816,0.47632098,-0.83896,-0.43519533,0.71749544,0.5438799,0.8610113,0.50825065,0.018461108
1356512557248,-0.2645601,0.47628897,-0.8385444,-0.43613,0.7164343,0.5445297,0.86011547,0.50977516,0.018184006
1356512557285,-0.26574495,0.47706708,-0.83772707,-0.43790427,0.71441555,0.5457565,0.85884774,0.5118763,0.019057333
1356512557327,-0.26632348,0.4781156,-0.8369453,-0.44122937,0.7115158,0.5468655,0.8569647,0.5149279,0.021465242
1356512557365,-0.26577425,0.47842938,-0.8369404,-0.4459188,0.70869607,0.54672325,0.85470486,0.5185125,0.024987519
1356512557417,-0.2640733,0.4780669,-0.8376857,-0.4527863,0.7054168,0.54531807,0.851616,0.52329654,0.030180395
1356512557446,-0.26109695,0.47597942,-0.83980477,-0.46266606,0.7018397,0.54162824,0.8472122,0.5299666,0.03697133
1356512557484,-0.25723815,0.47215936,-0.8431454,-0.47492167,0.69809616,0.53582764,0.84159255,0.5382633,0.04466176
1356512557526,-0.25320292,0.46799237,-0.8466826,-0.48824745,0.69374186,0.52946824,0.8351663,0.5474536,0.052838624
1356512557564,-0.24960214,0.46503574,-0.8493765,-0.50077736,0.688752,0.52425444,0.8288068,0.5562036,0.06096542
1356512557605,-0.24708152,0.46448585,-0.8504138,-0.51090956,0.68327546,0.5216379,0.8233603,0.56337154,0.0684855
1356512557644,-0.24612498,0.46604648,-0.8498372,-0.51811826,0.6777537,0.5217312,0.81913126,0.5687272,0.074655056
1356512557688,-0.24722177,0.46687686,-0.8490627,-0.52342385,0.6730643,0.5225055,0.81541944,0.57359433,0.07797837
1356512557726,-0.25067765,0.46355712,-0.84986794,-0.52850485,0.66999495,0.5213343,0.81107545,0.57984614,0.07703942
1356512557766,-0.25729367,0.44832167,-0.8560418,-0.53633034,0.6706468,0.51242816,0.8038343,0.59096575,0.06789529
1356512557805,-0.26568076,0.4237762,-0.8659257,-0.5463132,0.67388654,0.49741212,0.7943271,0.60521954,0.05247587
1356512557845,-0.27554753,0.3905676,-0.87836814,-0.55799735,0.67905784,0.47698998,0.78275967,0.62156045,0.030822933
1356512557887,-0.28496185,0.35710832,-0.8895337,-0.5680491,0.6845809,0.45680323,0.77208596,0.6354704,0.0077756643
1356512557925,-0.2928992,0.33347413,-0.89610547,-0.5734657,0.68865937,0.44371754,0.7650798,0.64385027,-0.010471821
1356512557964,-0.30024147,0.32276344,-0.89759624,-0.5734313,0.690909,0.4402514,0.76225436,0.6468914,-0.022356868
1356512558005,-0.3091221,0.32523543,-0.8936809,-0.5678956,0.690644,0.4477784,0.7628488,0.6459356,-0.028793573
1356512558044,-0.32101083,0.33969083,-0.8840601,-0.5562575,0.6878623,0.46628642,0.7665048,0.641448,-0.031855702
1356512558085,-0.3364154,0.36432534,-0.8683845,-0.53733546,0.68302214,0.4947235,0.7733661,0.63304645,-0.034014225
1356512558126,-0.35533562,0.39672187,-0.8463736,-0.50977826,0.67670906,0.5312165,0.78349394,0.62022305,-0.038218677
1356512558164,-0.3780605,0.43297502,-0.81829274,-0.47537908,0.66767406,0.5729102,0.7944087,0.6055939,-0.046593964
1356512558207,-0.40366605,0.4606265,-0.7904916,-0.43888304,0.6606209,0.6090662,0.8027673,0.5927927,-0.064509094
1356512558245,-0.434104,0.47451723,-0.7657591,-0.40685725,0.6551306,0.63660896,0.8037542,0.5879092,-0.091334045
1356512558284,-0.4683511,0.4620275,-0.7531121,-0.3894965,0.6571181,0.6453591,0.7930572,0.5955892,-0.12780386
1356512558326,-0.5018564,0.42817476,-0.7515361,-0.38800648,0.66510516,0.638033,0.7730401,0.6118018,-0.16765273
1356512558364,-0.52720356,0.38852668,-0.7557138,-0.39619946,0.6743661,0.6231022,0.7517196,0.62791514,-0.20159405
1356512558416,-0.5404345,0.359044,-0.7609323,-0.40566447,0.6811321,0.6095042,0.7371342,0.63808036,-0.22245586
1356512558445,-0.54123425,0.3486246,-0.76519686,-0.41136384,0.68389755,0.6025479,0.7333793,0.64089394,-0.2267372
1356512558485,-0.5313827,0.3570918,-0.7681914,-0.41379896,0.681854,0.60319614,0.73919076,0.6384047,-0.21456116
1356512558525,-0.5132474,0.37751162,-0.7707542,-0.4166888,0.67550194,0.60833174,0.75029826,0.6333893,-0.18939471
1356512558566,-0.48892808,0.40357116,-0.7733561,-0.42203853,0.66644585,0.6146002,0.7634349,0.62688136,-0.15552151
1356512558605,-0.46109787,0.42611155,-0.77834284,-0.43058798,0.6595161,0.6161432,0.77587545,0.61924744,-0.12062293
1356512558647,-0.4318759,0.44715267,-0.78328645,-0.43909824,0.65434694,0.6156483,0.7878299,0.6098234,-0.08625275
1356512558685,-0.40243474,0.46226808,-0.790161,-0.44790962,0.65334,0.6103473,0.7983879,0.5995457,-0.05587238
1356512558728,-0.37453023,0.4748844,-0.7963743,-0.45481974,0.6543679,0.6041039,0.8080014,0.5884619,-0.029093802
1356512558766,-0.34917432,0.47983286,-0.80488366,-0.46305308,0.6583912,0.59338254,0.81465274,0.5798978,-0.0077052116
1356512558804,-0.3298044,0.47448766,-0.8161437,-0.47557575,0.6632992,0.57780784,0.8155101,0.5787017,0.00689584
1356512558847,-0.3184386,0.45391586,-0.83220035,-0.4966614,0.66786814,0.55432814,0.8074184,0.5898412,0.012767494
1356512558884,-0.31509987,0.418845,-0.8516343,-0.5258876,0.6699308,0.52405626,0.79003435,0.612994,0.009170294
1356512558923,-0.31640875,0.3781682,-0.8699852,-0.5569875,0.6683112,0.4930771,0.767887,0.6405849,-8.2451105E-4
1356512558965,-0.31771994,0.34491786,-0.88322467,-0.58121073,0.6651298,0.46882454,0.749165,0.6622945,-0.010855079
1356512559007,-0.3168369,0.3275332,-0.8901328,-0.59301484,0.6640262,0.4554147,0.740235,0.6721541,-0.016155958
1356512559045,-0.31602708,0.3248689,-0.89139616,-0.5936116,0.66521764,0.45289162,0.74010277,0.6722691,-0.017380834
1356512559086,-0.31710443,0.33438647,-0.8874855,-0.5841081,0.66837454,0.46053565,0.7471696,0.6644254,-0.016626716
1356512559125,-0.32417768,0.3543026,-0.8771422,-0.5668353,0.6695817,0.47995633,0.7573682,0.6527863,-0.016232252
1356512559167,-0.33538383,0.38286752,-0.8607729,-0.540406,0.6702322,0.5086749,0.7716728,0.63576823,-0.017881095
1356512559205,-0.35328695,0.4217998,-0.83502895,-0.50409114,0.66609347,0.54973775,0.7880866,0.61514586,-0.022696614
1356512559244,-0.3743168,0.4638829,-0.8029319,-0.4583527,0.6601527,0.5950725,0.80610156,0.5907717,-0.034484267
1356512559286,-0.40073985,0.5018436,-0.766525,-0.40615645,0.65263146,0.63961643,0.82124573,0.5676488,-0.057708383
1356512559325,-0.4342045,0.5230274,-0.73342264,-0.3570715,0.64755094,0.67318475,0.8270227,0.5541841,-0.09441137
1356512559363,-0.4736906,0.51863354,-0.711784,-0.32215816,0.65015423,0.6881232,0.81965315,0.5552645,-0.14088988
1356512559413,-0.51216024,0.49434215,-0.7023658,-0.305793,0.6592242,0.68696004,0.80260986,0.5666122,-0.18646204
1356512559445,-0.5414573,0.4649021,-0.70049274,-0.30544364,0.6674851,0.67909336,0.7832804,0.5816611,-0.21941328
1356512559483,-0.55651504,0.44579417,-0.7011124,-0.3124395,0.66962993,0.6737785,0.7698523,0.59402305,-0.23337537
1356512559524,-0.55720216,0.44825137,-0.6989968,-0.32023478,0.6606681,0.6789457,0.7661432,0.6021531,-0.22458005
1356512559563,-0.5464534,0.46167806,-0.69874316,-0.33048126,0.64775157,0.68644005,0.7695263,0.6060291,-0.20139009
1356512559604,-0.5268492,0.48479638,-0.6981421,-0.34171602,0.63126403,0.6962298,0.7782417,0.60537446,-0.16691828
1356512559643,-0.5014458,0.50537264,-0.7022467,-0.35673007,0.6186954,0.6999712,0.7882231,0.60151017,-0.12996048
1356512559701,-0.4730263,0.52419364,-0.7081435,-0.3723926,0.6094725,0.699905,0.7984797,0.59478086,-0.09309071
1356512559721,-0.44298282,0.53889436,-0.7164908,-0.3878811,0.6053115,0.6950872,0.80827874,0.58582497,-0.05911565
1356512559761,-0.41377097,0.5474717,-0.7273707,-0.40300536,0.60627425,0.6855787,0.8163211,0.5768069,-0.030224621
1356512559798,-0.38908258,0.5450295,-0.7426692,-0.42038587,0.6123042,0.6695964,0.8196893,0.57273597,-0.009114146
1356512559841,-0.37309942,0.5253185,-0.7647466,-0.44348496,0.62302387,0.644331,0.8149343,0.5795531,5.210042E-4
1356512559881,-0.3666977,0.48681986,-0.79280466,-0.47335827,0.63598657,0.60946953,0.80091494,0.5987717,-0.0027745962
1356512559921,-0.36664987,0.436615,-0.8215444,-0.50780225,0.6459886,0.56994355,0.77955425,0.6261518,-0.015137553
1356512559961,-0.36716148,0.38970983,-0.84458196,-0.5403355,0.64972234,0.53469473,0.75711954,0.6526769,-0.027978957
1356512560002,-0.36584803,0.3572234,-0.85938734,-0.5647983,0.64870226,0.5100866,0.73970133,0.67199475,-0.035567224
1356512560046,-0.3645424,0.34110332,-0.8664626,-0.5783929,0.6462866,0.49777022,0.72977424,0.6826142,-0.03830713
1356512560085,-0.36588734,0.33778185,-0.86719656,-0.5814283,0.64461476,0.49640006,0.72668254,0.6858391,-0.03946042
1356512560124,-0.37322274,0.34354258,-0.8617907,-0.57485867,0.6434603,0.50546646,0.72817737,0.6840595,-0.0426656
1356512560168,-0.3868148,0.35480112,-0.8511701,-0.5585706,0.6442778,0.5224031,0.7337392,0.6775118,-0.05103469
1356512560205,-0.4073957,0.3720692,-0.83402234,-0.533456,0.6442933,0.5480061,0.7412513,0.66816956,-0.06399977
1356512560247,-0.43206444,0.38762873,-0.81428766,-0.5011607,0.6474639,0.5741329,0.7497723,0.6561513,-0.08548188
1356512560285,-0.46207643,0.40004143,-0.7914874,-0.46495685,0.65070534,0.60033137,0.75518245,0.6454064,-0.114673615
1356512560324,-0.49471048,0.39660648,-0.77328193,-0.4335002,0.6585741,0.6151079,0.75321925,0.63951814,-0.15387458
1356512560365,-0.52703464,0.37504318,-0.762612,-0.412451,0.6717085,0.6153794,0.7430469,0.63886636,-0.1993267
1356512560420,-0.5532825,0.34596154,-0.75775266,-0.4015303,0.6862469,0.606497,0.72983,0.6398248,-0.2407744
1356512560444,-0.5703042,0.32967332,-0.7523754,-0.39320883,0.6946093,0.6024158,0.7212073,0.63940084,-0.26650816
1356512560484,-0.57923055,0.34114155,-0.74034745,-0.3799971,0.6905023,0.6154744,0.7211755,0.6378315,-0.2703272
1356512560522,-0.5817166,0.38203034,-0.71809375,-0.36052665,0.67027915,0.64864963,0.72912717,0.6362222,-0.2521804
1356512560564,-0.5774498,0.4372071,-0.6894937,-0.34212983,0.63721,0.6905871,0.7412819,0.6346758,-0.21837515
1356512560603,-0.5662701,0.4906168,-0.66229403,-0.33226138,0.5994756,0.72816986,0.7542815,0.63239557,-0.17645216
1356512560643,-0.54899466,0.53292644,-0.6438899,-0.3335354,0.56668556,0.75340664,0.7663934,0.62837636,-0.13335747
1356512560684,-0.5269188,0.5662378,-0.63382274,-0.34192476,0.5415084,0.7680209,0.7781028,0.62140435,-0.09172022
1356512560723,-0.5008944,0.58935285,-0.63385177,-0.35552233,0.5276071,0.77151453,0.789119,0.61179566,-0.054747343
1356512560763,-0.47385934,0.60213,-0.6425705,-0.37218174,0.5243776,0.76583874,0.798084,0.6020528,-0.024379432
1356512560801,-0.4483797,0.5946762,-0.66731995,-0.39714137,0.53629565,0.74475884,0.8007712,0.59895504,-0.0042936206
1356512560843,-0.42676798,0.55724114,-0.7122862,-0.4350325,0.56400466,0.7018872,0.79285306,0.60941046,0.0017188787
1356512560881,-0.4080345,0.49032915,-0.7701202,-0.48541963,0.59790325,0.637871,0.7732242,0.63410485,-0.0059497952
1356512560923,-0.38954818,0.41329363,-0.8230677,-0.5387781,0.6225368,0.56759673,0.74697405,0.66455716,-0.019834518
1356512560961,-0.37177268,0.35062295,-0.85956305,-0.5821403,0.63319874,0.51007056,0.7231167,0.6900166,-0.031294227
1356512561001,-0.35741556,0.31510788,-0.87918204,-0.6074586,0.6366,0.47511524,0.7093999,0.70388025,-0.036115766
1356512561042,-0.3492604,0.3056059,-0.88578904,-0.6145666,0.63888794,0.4627419,0.70733654,0.70599383,-0.035323024
1356512561081,-0.3492291,0.31636417,-0.8820163,-0.6064448,0.6412543,0.4701252,0.71432745,0.6990756,-0.032087207
1356512561123,-0.35791296,0.34385008,-0.868139,-0.5844694,0.6425752,0.4954721,0.7282127,0.68473655,-0.029016137
1356512561161,-0.37487286,0.38770992,-0.84211135,-0.54754776,0.6404019,0.53858787,0.7481055,0.66299814,-0.02777958
1356512561202,-0.39849132,0.44803995,-0.8002904,-0.49345034,0.6307838,0.5988477,0.77311796,0.63353926,-0.030276358
1356512561242,-0.4265436,0.5200348,-0.7400164,-0.4220614,0.60919416,0.67137665,0.7999529,0.5987038,-0.040361166
1356512561282,-0.4574191,0.59061915,-0.66478336,-0.34085178,0.5740292,0.7445203,0.82133305,0.56715035,-0.061258376
1356512561323,-0.49055856,0.63676083,-0.59488475,-0.26562345,0.5409148,0.7980322,0.8299376,0.54949695,-0.09621173
1356512561363,-0.52535415,0.65978134,-0.5373003,-0.2036766,0.51559293,0.83227384,0.826147,0.546674,-0.13648689
1356512561415,-0.55940306,0.65708566,-0.5052788,-0.16733856,0.5075047,0.8452436,0.81182885,0.5573845,-0.17394394
1356512561443,-0.5873985,0.64592445,-0.48759055,-0.15179324,0.5038609,0.85034287,0.7949351,0.57350314,-0.19792014
1356512561486,-0.6046589,0.64181376,-0.47165945,-0.14930023,0.4903474,0.8586436,0.7823663,0.5896054,-0.20066994
1356512561522,-0.6103647,0.6463329,-0.45793968,-0.15459055,0.4698067,0.8691279,0.77688915,0.6012781,-0.18683648
1356512561562,-0.6059906,0.6607043,-0.4429958,-0.16395934,0.4411958,0.8823059,0.7783911,0.60730237,-0.15903187
1356512561602,-0.5934077,0.67646694,-0.4361878,-0.18079564,0.41604495,0.89118993,0.78433424,0.6076999,-0.12458199
1356512561642,-0.5745396,0.6906836,-0.4391588,-0.20327601,0.3993321,0.893987,0.7928324,0.6029014,-0.08903265
1356512561682,-0.55078477,0.7025261,-0.45065874,-0.2283225,0.392524,0.89095104,0.8028107,0.5936178,-0.055793703
1356512561722,-0.523912,0.71002555,-0.47051018,-0.25431073,0.39680278,0.8819714,0.81292194,0.58173126,-0.02732259
1356512561764,-0.4967636,0.70719206,-0.50309575,-0.2836578,0.41554493,0.864211,0.820222,0.5720156,-0.0058270097
1356512561804,-0.47153777,0.6835661,-0.55712616,-0.32282928,0.45410758,0.8304021,0.82062984,0.57142264,0.006546259
1356512561843,-0.44969702,0.62693,-0.63618517,-0.3777111,0.5119658,0.7715085,0.80938685,0.5872392,0.006568849
1356512561881,-0.42532313,0.54321915,-0.72388756,-0.44325343,0.5723169,0.6899129,0.7890669,0.61430156,-0.0026358366
1356512561923,-0.3982265,0.4497115,-0.79948425,-0.5092256,0.6165529,0.60045964,0.76295793,0.64623684,-0.016523063
1356512561961,-0.37103748,0.3736501,-0.8501275,-0.560601,0.63970375,0.525838,0.7403092,0.67168796,-0.027885437
1356512562003,-0.3492657,0.32780018,-0.8778158,-0.59002554,0.6508301,0.47779715,0.72793096,0.68481183,-0.033902228
1356512562041,-0.33665878,0.30937088,-0.889354,-0.5993868,0.6580189,0.45579225,0.7262206,0.6865135,-0.036095023
1356512562082,-0.33538163,0.31208044,-0.8888897,-0.59324014,0.66300565,0.45660666,0.7318369,0.6804626,-0.037221253
1356512562122,-0.34570423,0.33380058,-0.876964,-0.57240725,0.66553545,0.4789703,0.7435311,0.6675626,-0.0390085
1356512562162,-0.36839786,0.37625027,-0.8501287,-0.5360557,0.66114795,0.5249074,0.7595574,0.64909106,-0.04187441
1356512562202,-0.39847624,0.43814006,-0.8057605,-0.48142573,0.6478496,0.590356,0.78067017,0.62315667,-0.047220767
1356512562242,-0.43468904,0.51631206,-0.73788035,-0.4085505,0.6171216,0.6724935,0.80257833,0.5937869,-0.057316422
1356512562280,-0.47062123,0.5906706,-0.65545696,-0.3267051,0.5734098,0.7513088,0.8196215,0.56772304,-0.07688367
1356512562320,-0.5064353,0.64350736,-0.5739527,-0.24844834,0.5284977,0.8117658,0.8257098,0.5537044,-0.107771516
1356512562360,-0.54240954,0.668001,-0.5094767,-0.1849712,0.4965978,0.8480426,0.81949836,0.55422497,-0.1457985
1356512562411,-0.57532054,0.67501235,-0.46191394,-0.13798025,0.47654754,0.86825335,0.80620575,0.563259,-0.1810292
1356512562442,-0.59893656,0.6816077,-0.42034012,-0.102784544,0.45512757,0.8844739,0.7941727,0.57294834,-0.20253384
1356512562482,-0.6099566,0.6954007,-0.37996125,-0.07836893,0.42419937,0.9021714,0.78855,0.5800626,-0.20424539
1356512562540,-0.6106687,0.7118167,-0.34698808,-0.070013225,0.38793123,0.9190253,0.7887851,0.5855137,-0.1870609
1356512562561,-0.6060675,0.7237358,-0.32998285,-0.0814074,0.35623962,0.9308416,0.7912364,0.5910159,-0.15698779
1356512562601,-0.59914935,0.72907734,-0.33085677,-0.10906714,0.3350652,0.9358609,0.79317355,0.59680605,-0.12123567
1356512562638,-0.58989537,0.7300581,-0.34501967,-0.14507231,0.32450783,0.9346918,0.79434085,0.60142314,-0.085514426
1356512562681,-0.57728636,0.7302195,-0.3654039,-0.18171388,0.32139164,0.92934793,0.7960657,0.6028988,-0.052843988
1356512562721,-0.5616551,0.73049617,-0.38848278,-0.214937,0.3245936,0.92110866,0.79896533,0.6008447,-0.025298953
1356512562760,-0.54611593,0.72774327,-0.41490614,-0.24484918,0.33499044,0.9098518,0.80112815,0.598474,-0.0047563314
1356512562800,-0.53574586,0.7143298,-0.45023248,-0.27519,0.3563869,0.89289355,0.7982774,0.60226345,0.005643606
1356512562841,-0.5341216,0.6833966,-0.4976778,-0.3091041,0.39005935,0.8673571,0.78687274,0.6171084,0.0029016137
1356512562882,-0.5404875,0.6337438,-0.5533913,-0.3480307,0.43042117,0.8328338,0.7659946,0.6427335,-0.012075007
1356512562921,-0.54733837,0.58194506,-0.6014655,-0.38564354,0.46245342,0.7983833,0.742765,0.668937,-0.028695166
1356512562962,-0.5516874,0.54218864,-0.63377625,-0.4153381,0.48036695,0.7724906,0.72328085,0.68940485,-0.03982073
1356512563001,-0.55361193,0.5221243,-0.6487681,-0.4317305,0.48623508,0.75972646,0.7121255,0.70068663,-0.043768525
1356512563042,-0.5543162,0.5200374,-0.649842,-0.4347638,0.4848674,0.7588703,0.7097281,0.7031819,-0.04267645
1356512563081,-0.5555152,0.53052884,-0.64026725,-0.4261777,0.47951758,0.7670955,0.7139857,0.6990008,-0.040279806
1356512563121,-0.5556553,0.5508226,-0.6227695,-0.40690115,0.47304595,0.7814468,0.7250371,0.68762064,-0.03872019
1356512563161,-0.55254054,0.57957244,-0.59899485,-0.37722874,0.4669518,0.79978406,0.7432345,0.6678711,-0.039378464
1356512563201,-0.54414356,0.6134392,-0.5723636,-0.33882934,0.46342063,0.8188016,0.7675301,0.6394792,-0.044316173
1356512563241,-0.53250116,0.64447945,-0.54871553,-0.29555267,0.4658931,0.8340217,0.79315263,0.6062919,-0.05761099
1356512563281,-0.5251306,0.6611042,-0.53589094,-0.2553688,0.478272,0.8402634,0.81180334,0.5780979,-0.08232987
1356512563320,-0.5298933,0.6539108,-0.5400128,-0.22830324,0.5032598,0.833431,0.8167563,0.56491613,-0.11738402
1356512563360,-0.5467424,0.62086624,-0.561781,-0.22348124,0.53839475,0.8125191,0.8069256,0.5697861,-0.15561128
1356512563410,-0.5669216,0.56881833,-0.59585714,-0.2437264,0.57512355,0.78091633,0.786891,0.5879444,-0.18741399
1356512563442,-0.57868147,0.5126821,-0.6342593,-0.28283846,0.60327756,0.74569345,0.76493806,0.61091185,-0.2040993
1356512563482,-0.5743729,0.46934938,-0.6706764,-0.32877636,0.61804974,0.71408725,0.7496678,0.63065493,-0.20068002
1356512563522,-0.5530288,0.4483646,-0.70223093,-0.37149408,0.621727,0.68952715,0.74575543,0.6422031,-0.17726809
1356512563562,-0.5184685,0.44804078,-0.72831976,-0.4067158,0.6200143,0.670943,0.75217855,0.64408207,-0.13923264
1356512563602,-0.47648734,0.4604779,-0.7489459,-0.433603,0.6179758,0.6558158,0.7648191,0.6372331,-0.09479308
1356512563642,-0.4326517,0.47817442,-0.76430476,-0.4524111,0.6181408,0.6428267,0.7798313,0.62389994,-0.0511083
1356512563682,-0.39169562,0.49585196,-0.77505183,-0.46412548,0.6208569,0.63176286,0.7944571,0.60718,-0.013049364
1356512563722,-0.3578666,0.5095011,-0.7825218,-0.4707308,0.6253085,0.62241614,0.8064392,0.591099,0.01606077
1356512563762,-0.3353878,0.51496786,-0.78887457,-0.47566918,0.63022983,0.61363596,0.81317514,0.5810494,0.033582926
1356512563804,-0.328289,0.5075305,-0.79664236,-0.4832291,0.6344259,0.60331875,0.81161314,0.5830237,0.036978543
1356512563842,-0.33810496,0.48445356,-0.8068394,-0.49686867,0.6362129,0.5902158,0.79925376,0.60044813,0.025602996
1356512563883,-0.36035317,0.449931,-0.81713384,-0.5171429,0.6326871,0.57642895,0.7763433,0.63029295,0.0046878457
1356512563922,-0.38588122,0.4152078,-0.82383144,-0.5398572,0.6225033,0.56660736,0.74809754,0.66339445,-0.016059399
1356512563964,-0.40625998,0.3929285,-0.8249606,-0.55662525,0.6095613,0.5644495,0.7246524,0.68850714,-0.028926492
1356512564004,-0.41894865,0.38783705,-0.82101434,-0.5617884,0.5996412,0.56993353,0.71335536,0.7000092,-0.03333652
1356512564043,-0.4272497,0.39624643,-0.8126786,-0.5553647,0.59427416,0.5817287,0.71346176,0.6998764,-0.033842206
1356512564084,-0.43293327,0.41486,-0.8002875,-0.5380578,0.59336966,0.5986705,0.7232307,0.68978524,-0.033670783
1356512564123,-0.4388307,0.4419998,-0.78234506,-0.5112425,0.59318984,0.6218978,0.7389579,0.6728759,-0.03434086
1356512564164,-0.4435625,0.47727868,-0.758589,-0.47442278,0.5930615,0.65053904,0.76037836,0.6484467,-0.03662795
1356512564202,-0.44765982,0.5200801,-0.72740465,-0.4270659,0.5903475,0.6849121,0.78563064,0.61725736,-0.042166412
1356512564244,-0.45276254,0.5646094,-0.69008857,-0.3717644,0.5839365,0.7216712,0.81043035,0.58329606,-0.054482937
1356512564282,-0.46384597,0.5997843,-0.65200126,-0.31591642,0.575595,0.7542461,0.8276737,0.5558319,-0.07750571
1356512564322,-0.4860883,0.6138064,-0.622061,-0.27018577,0.57138574,0.774931,0.8310944,0.54475695,-0.11190212
1356512564362,-0.5190327,0.60166115,-0.6071316,-0.24366151,0.5766797,0.77978814,0.81928873,0.55267024,-0.15271401
1356512564409,-0.5540326,0.57032615,-0.6064453,-0.23942482,0.5885299,0.77221,0.79732275,0.5730276,-0.18951452
1356512564442,-0.58016896,0.53550076,-0.6137124,-0.25289395,0.59781337,0.76069957,0.7742407,0.5965385,-0.2114079
1356512564483,-0.5919083,0.5111647,-0.6231816,-0.27580315,0.59804714,0.7525106,0.7573489,0.6172927,-0.21300822
1356512564522,-0.5898398,0.5016464,-0.63280314,-0.30203658,0.5897068,0.74901253,0.74890774,0.6329271,-0.19631696
1356512564562,-0.5772587,0.50365835,-0.642729,-0.32896936,0.576969,0.7475867,0.74736303,0.64298916,-0.16737223
1356512564602,-0.5573652,0.51175267,-0.65379906,-0.3551908,0.5647905,0.7448833,0.7504555,0.6473955,-0.13302469
1356512564642,-0.5323844,0.52254647,-0.665967,-0.37894756,0.5563735,0.7394913,0.7569449,0.64606017,-0.09818685
1356512564682,-0.5037875,0.5348493,-0.67833203,-0.39834744,0.5529423,0.73182935,0.76649684,0.6388983,-0.06550956
1356512564722,-0.47330588,0.547057,-0.6904421,-0.4126771,0.5547641,0.7224503,0.7782539,0.6268696,-0.036815166
1356512564762,-0.44433653,0.5547136,-0.70346135,-0.42406058,0.56145644,0.71059084,0.7891373,0.6140517,-0.014243484
1356512564804,-0.42211792,0.55038273,-0.7203438,-0.43735063,0.5723814,0.69361657,0.79406595,0.6078308,-9.021759E-4
1356512564842,-0.41093335,0.52758664,-0.7434961,-0.45721114,0.58629715,0.6687404,0.7887282,0.6147423,2.8932095E-4
1356512564883,-0.40963995,0.48778045,-0.770886,-0.48452652,0.5996548,0.63690513,0.77293533,0.6344165,-0.0092999935
1356512564922,-0.4118181,0.44227213,-0.79674417,-0.51523954,0.60814375,0.60389525,0.75162095,0.6592091,-0.022568464
1356512564964,-0.41089353,0.40613252,-0.8162247,-0.5414329,0.61160433,0.57688,0.7334963,0.67896724,-0.031410694
1356512565004,-0.40550014,0.38691214,-0.82817173,-0.55728686,0.61351407,0.5594925,0.72456944,0.68840355,-0.033158958
1356512565043,-0.39945507,0.3819732,-0.83338594,-0.5622559,0.615937,0.55180603,0.7240883,0.6889979,-0.03127241
1356512565084,-0.39600435,0.38835496,-0.8320824,-0.556112,0.61964977,0.5538716,0.73069847,0.6820665,-0.02941513
1356512565123,-0.39855552,0.40504852,-0.8228543,-0.53867495,0.62275124,0.56745934,0.74228215,0.6694151,-0.030011415
1356512565163,-0.40614575,0.43271965,-0.8048598,-0.50809014,0.62514186,0.59248805,0.75953275,0.64957786,-0.034038126
1356512565202,-0.41887236,0.4736325,-0.77473754,-0.46224445,0.623153,0.6308807,0.78158563,0.62237656,-0.042087555
1356512565245,-0.43622845,0.52469665,-0.7310254,-0.4019386,0.61322784,0.6799978,0.80507773,0.59046173,-0.056611598
1356512565282,-0.45955098,0.5755295,-0.67644566,-0.33341706,0.5941347,0.7320089,0.82319254,0.56193393,-0.081143856
1356512565322,-0.4907886,0.6104996,-0.62162423,-0.26839775,0.5728302,0.77448577,0.82890844,0.54695135,-0.117281795
1356512565380,-0.52983046,0.61959195,-0.5791248,-0.21862368,0.55998945,0.7991342,0.81944096,0.550016,-0.16124201
1356512565440,-0.5751103,0.59577745,-0.56062233,-0.19738127,0.56399393,0.8018425,0.7939073,0.5718042,-0.20676339
1356512565449,-0.61091816,0.578476,-0.540504,-0.18300827,0.56104064,0.80730504,0.7702513,0.59211403,-0.236884
1356512565478,-0.6339373,0.5711968,-0.5213998,-0.17282386,0.55250347,0.8153968,0.75382715,0.60702074,-0.25153607
1356512565521,-0.6430385,0.58694774,-0.4919287,-0.1609376,0.5244324,0.83610386,0.7487327,0.6168168,-0.24276829
1356512565560,-0.64146113,0.61156857,-0.46315372,-0.15474676,0.4881683,0.85892093,0.75138605,0.62263596,-0.2185027
1356512565600,-0.6329513,0.637393,-0.4394347,-0.15568653,0.45121646,0.87872946,0.7583762,0.62460697,-0.18636459
1356512565640,-0.6197226,0.66155046,-0.42224985,-0.16244842,0.41824186,0.89369136,0.7678245,0.62243456,-0.15172613
1356512565680,-0.60297966,0.68433535,-0.4100008,-0.17246577,0.3899647,0.9045347,0.77889097,0.61612713,-0.11711633
1356512565720,-0.583919,0.7058081,-0.4010905,-0.1837138,0.36636406,0.912155,0.79075146,0.6063104,-0.084260225
1356512565760,-0.56479084,0.72368336,-0.39660275,-0.19638765,0.34891897,0.91634464,0.8015256,0.59543085,-0.05494374
1356512565801,-0.5496509,0.7321001,-0.40238434,-0.21420577,0.34205544,0.9149393,0.807465,0.5890902,-0.031190991
1356512565841,-0.5429286,0.7229805,-0.4272327,-0.24253769,0.35206944,0.9040037,0.8039925,0.59442943,-0.01579851
1356512565881,-0.5451541,0.6912395,-0.4743364,-0.28407404,0.38001806,0.8802774,0.78873885,0.61463344,-0.01080519
1356512565922,-0.55158,0.6395882,-0.5354311,-0.3364665,0.4167639,0.84445137,0.76324946,0.64593714,-0.014678657
1356512565961,-0.5549995,0.5881656,-0.58824897,-0.38530248,0.44496322,0.80842423,0.7372365,0.67532885,-0.020332694
1356512566003,-0.55543447,0.5543491,-0.61983025,-0.41805953,0.45818442,0.7844063,0.71883154,0.6948123,-0.022740424
1356512566041,-0.55779636,0.5433902,-0.62736785,-0.42939538,0.45792842,0.7784094,0.7102696,0.7035828,-0.022101521
1356512566081,-0.5641878,0.5519695,-0.61402094,-0.4205108,0.44790226,0.789021,0.71053696,0.70335853,-0.020591855
1356512566121,-0.577238,0.5768867,-0.5779255,-0.39076436,0.42629498,0.8158283,0.7170072,0.6967598,-0.02064693
1356512566162,-0.59335005,0.6164696,-0.51759136,-0.33899823,0.39183396,0.85530484,0.7300793,0.68295777,-0.023512542
1356512566201,-0.60782427,0.6677563,-0.42971045,-0.2652985,0.33928287,0.90249866,0.7484426,0.6625622,-0.029069602
1356512566241,-0.61093533,0.72325045,-0.3219733,-0.17590135,0.2725212,0.9459339,0.7718916,0.63454,-0.03927213
1356512566281,-0.5999753,0.77286994,-0.20664367,-0.07965854,0.1993022,0.97669506,0.7960428,0.6024538,-0.058010638
1356512566320,-0.58079004,0.8071901,-0.10548499,0.011122167,0.13743603,0.9904482,0.8139775,0.5740692,-0.08879924
1356512566360,-0.56463313,0.8246238,-0.034423858,0.088581234,0.1020152,0.99083114,0.82057464,0.55640674,-0.13064736
1356512566421,-0.5586531,0.8293927,0.0037899613,0.1473532,0.09475362,0.98453474,0.8162069,0.5505719,-0.17514813
1356512566443,-0.56278634,0.8264762,0.014441848,0.18223,0.10700953,0.9774155,0.8062653,0.55270785,-0.21083224
1356512566482,-0.5726768,0.81976783,0.0046841204,0.19066301,0.12763262,0.9733229,0.79730093,0.55829257,-0.22939157
1356512566522,-0.5840986,0.8114524,-0.01933822,0.17383459,0.14833045,0.9735397,0.79284954,0.5652815,-0.22769809
1356512566562,-0.5943077,0.80240464,-0.05426854,0.1363366,0.16702068,0.9764816,0.79259735,0.5729318,-0.20865875
1356512566602,-0.6011809,0.79326344,-0.09651232,0.085490376,0.18392569,0.9792154,0.7945269,0.5804347,-0.17838901
1356512566642,-0.60281205,0.78505576,-0.1424959,0.028615415,0.19974929,0.9794291,0.79736996,0.5863341,-0.14287597
1356512566682,-0.5979874,0.77896607,-0.1887402,-0.028360575,0.21477044,0.9762527,0.8010035,0.5891397,-0.106338024
1356512566722,-0.5869307,0.77557176,-0.23238075,-0.081103265,0.22925419,0.9699818,0.80556476,0.58815897,-0.071654916
1356512566762,-0.5720644,0.7736881,-0.27230328,-0.12722656,0.24427158,0.9613245,0.81028134,0.5845837,-0.041305363
1356512566802,-0.5586034,0.7691928,-0.3103299,-0.16717193,0.2620592,0.9504622,0.8124136,0.5828099,-0.017799735
1356512566842,-0.5540498,0.7545891,-0.35160214,-0.20465699,0.28592914,0.936141,0.80693513,0.5906266,-0.003987074
1356512566881,-0.56055486,0.72563654,-0.3990363,-0.24364984,0.316014,0.9169351,0.79146266,0.6112175,-3.4195185E-4
1356512566923,-0.5772158,0.68012655,-0.45194006,-0.28742152,0.34881657,0.8920291,0.7643368,0.6447906,-0.0058594346
1356512566961,-0.5902415,0.633422,-0.5003915,-0.33046955,0.37595165,0.865708,0.7364814,0.6763408,-0.012575567
1356512567002,-0.59408313,0.5986419,-0.5373017,-0.36519092,0.39443046,0.84324384,0.7167292,0.69717467,-0.015705943
1356512567041,-0.58908105,0.5802422,-0.5624078,-0.38779432,0.4076103,0.8267221,0.70894223,0.7051049,-0.015100837
1356512567083,-0.5794064,0.57504594,-0.5775902,-0.39831233,0.41849506,0.8162164,0.71108055,0.70298225,-0.013430834
1356512567121,-0.56833065,0.5797796,-0.58382857,-0.39730936,0.42798018,0.81177473,0.7205175,0.69331706,-0.012882352
1356512567162,-0.55732244,0.5934666,-0.5806799,-0.38472116,0.43517905,0.8140079,0.7357862,0.67706466,-0.014215946
1356512567202,-0.54529583,0.61764055,-0.56672096,-0.3584683,0.43932074,0.8237098,0.7577288,0.652317,-0.018155277
1356512567242,-0.53289837,0.65014124,-0.5416048,-0.31935525,0.43819892,0.84023446,0.7836017,0.6207239,-0.025889456
1356512567282,-0.5210632,0.6848648,-0.5093656,-0.2688387,0.43471426,0.8595053,0.81007344,0.5847937,-0.042395413
1356512567322,-0.51620096,0.7114479,-0.47684222,-0.21453649,0.43159562,0.8761845,0.82916266,0.5545873,-0.07015848
1356512567360,-0.52476054,0.71863794,-0.4562739,-0.16708943,0.43862015,0.8830026,0.8346901,0.5396034,-0.11009371
1356512567424,-0.54613364,0.70534015,-0.45192194,-0.13503811,0.45829767,0.8784805,0.8267423,0.54079443,-0.15504402
1356512567442,-0.57118106,0.6800597,-0.4596423,-0.12170294,0.48362207,0.86677456,0.8117516,0.55102503,-0.19347048
1356512567482,-0.5899537,0.6554376,-0.4715467,-0.124058455,0.50349015,0.8550481,0.7978497,0.56293815,-0.21572328
1356512567522,-0.59768367,0.6406294,-0.48204595,-0.1365568,0.5111244,0.8485895,0.79001683,0.5730147,-0.21800846
1356512567562,-0.5954956,0.6362409,-0.49049214,-0.15589215,0.5074285,0.847475,0.78808796,0.5811315,-0.20298648
1356512567602,-0.5870042,0.63749313,-0.49902764,-0.18089543,0.49753475,0.8483726,0.7891153,0.58827007,-0.1767354
1356512567642,-0.57499576,0.6403034,-0.509305,-0.20977417,0.4863138,0.84822977,0.7908064,0.5945674,-0.14530927
1356512567682,-0.5603253,0.6441046,-0.5207349,-0.2392546,0.4760328,0.8462565,0.7929646,0.59876716,-0.11262822
1356512567723,-0.5428688,0.6500842,-0.53168046,-0.2659253,0.4674518,0.84307325,0.79660356,0.5990654,-0.08089119
1356512567762,-0.52328414,0.65779257,-0.5417403,-0.28848866,0.4614432,0.8389543,0.8018403,0.59529746,-0.051700175
1356512567802,-0.5043222,0.6626616,-0.5536594,-0.30944973,0.45989323,0.8323095,0.8061637,0.59108186,-0.026873827
1356512567842,-0.49031538,0.65674204,-0.572958,-0.33419478,0.4654796,0.81953806,0.8049253,0.5933116,-0.008752048
1356512567883,-0.4841869,0.63285464,-0.6042004,-0.36756343,0.47953665,0.79683226,0.7940152,0.6078977,4.287958E-4
1356512567924,-0.4848469,0.58911747,-0.64642406,-0.41105515,0.4988966,0.7629782,0.77198255,0.6356436,2.7126074E-4
1356512567963,-0.4847448,0.5390484,-0.68880284,-0.4560358,0.51623654,0.7249353,0.7463604,0.66552734,-0.004417658
1356512568004,-0.48078892,0.49697155,-0.72239965,-0.4922914,0.52877414,0.6914095,0.7255971,0.6880532,-0.009573877
1356512568042,-0.47306916,0.47162884,-0.7441584,-0.51298815,0.53924775,0.66787344,0.71627414,0.69769484,-0.013161421
1356512568083,-0.46508935,0.46275455,-0.75468534,-0.51775545,0.5493009,0.65589464,0.7180676,0.6957921,-0.015880287
1356512568123,-0.4602497,0.467585,-0.7546752,-0.50855666,0.5579114,0.65582395,0.7276953,0.68563783,-0.018985033
1356512568163,-0.46057734,0.4853288,-0.74318534,-0.4863764,0.5623969,0.66869104,0.7425001,0.66945183,-0.02297473
1356512568222,-0.46566573,0.51723784,-0.7180672,-0.44984323,0.5604123,0.69539857,0.76210016,0.64684093,-0.028288841
1356512568241,-0.47464967,0.56370074,-0.6759801,-0.39716613,0.5482039,0.73602414,0.7854723,0.61783004,-0.036321938
1356512568282,-0.48606458,0.6193253,-0.6165854,-0.32931545,0.5237274,0.78565955,0.8095015,0.5849323,-0.050612032
1356512568318,-0.5007415,0.6723437,-0.5451714,-0.2542814,0.48777395,0.8351153,0.82740486,0.5568038,-0.07328409
1356512568361,-0.521263,0.7058364,-0.4796664,-0.18658751,0.45420542,0.8711387,0.8327485,0.5435921,-0.10506028
1356512568421,-0.54988015,0.71492416,-0.431874,-0.13653314,0.43317088,0.89091057,0.8240087,0.5488592,-0.14058119
1356512568442,-0.5827755,0.7046678,-0.40474194,-0.10878816,0.42592743,0.8981932,0.80531853,0.5674761,-0.17156059
1356512568482,-0.61142075,0.68877375,-0.3895579,-0.09930292,0.42161912,0.9013192,0.78505,0.58976954,-0.18938941
1356512568522,-0.62912667,0.67958194,-0.3773169,-0.10076952,0.41001534,0.90649486,0.7707433,0.60832214,-0.18947041
1356512568562,-0.6348189,0.68032956,-0.36627412,-0.10948771,0.39005333,0.91425973,0.7648643,0.6204918,-0.17312557
1356512568602,-0.6311738,0.6870394,-0.35999528,-0.12563524,0.36744034,0.9215223,0.765399,0.6268688,-0.1456024
1356512568642,-0.62112975,0.6953304,-0.3615432,-0.1488395,0.34826732,0.9255035,0.76944435,0.62866974,-0.112826586
1356512568682,-0.60616016,0.7036416,-0.37075382,-0.17621863,0.3357523,0.92532015,0.7755752,0.62622595,-0.079524934
1356512568722,-0.58663225,0.71250343,-0.3849696,-0.20364872,0.33029813,0.92164546,0.7838303,0.61906546,-0.04866308
1356512568762,-0.5631969,0.72196126,-0.40197167,-0.22834727,0.33153683,0.9153911,0.79414535,0.6073345,-0.021862686
1356512568802,-0.53815407,0.72945184,-0.4222444,-0.25068188,0.3397777,0.9064821,0.8047042,0.593676,7.56979E-6
1356512568843,-0.5158901,0.72881806,-0.45020175,-0.27456823,0.35713547,0.89278585,0.81146145,0.58419055,0.01586765
1356512568884,-0.50172263,0.7112179,-0.4923856,-0.30565038,0.38673842,0.8700639,0.8092294,0.5870286,0.02334863
1356512568923,-0.49546677,0.6737107,-0.5482942,-0.345724,0.42611772,0.8360015,0.79686105,0.6037694,0.021790862
1356512568965,-0.49570656,0.61667657,-0.611543,-0.3945435,0.4673919,0.7911259,0.7736991,0.6334467,0.011616528
1356512569003,-0.49382192,0.5587748,-0.6662662,-0.4413997,0.49907613,0.74571395,0.7492038,0.66233957,1.8829107E-4
1356512569044,-0.48812014,0.51556927,-0.7042209,-0.47601968,0.5190329,0.7099367,0.7315353,0.6817574,-0.007929325
1356512569082,-0.4802921,0.49203104,-0.7261026,-0.49458343,0.53174925,0.68748087,0.7243664,0.6893099,-0.012044609
1356512569123,-0.47362375,0.48426554,-0.7356409,-0.49918887,0.54053825,0.6772214,0.725597,0.68797183,-0.014271796
1356512569163,-0.47024104,0.48834145,-0.73511624,-0.49213892,0.5463239,0.6777384,0.73257935,0.68047976,-0.016572118
1356512569203,-0.47058958,0.50305414,-0.7249014,-0.4741657,0.54866713,0.68857193,0.7441185,0.6677581,-0.019666076
1356512569242,-0.47332442,0.5286562,-0.7046181,-0.44449395,0.54725677,0.7091792,0.760519,0.6488703,-0.024045527
1356512569283,-0.47716793,0.5640072,-0.6739486,-0.4025567,0.54141915,0.73811483,0.7811907,0.62350726,-0.03130299
1356512569324,-0.481947,0.6031433,-0.635567,-0.35030603,0.5322372,0.77072,0.803127,0.59408903,-0.04522544
1356512569362,-0.4906086,0.63474905,-0.59698975,-0.29668874,0.5224929,0.7993603,0.81931615,0.56929326,-0.06801659
1356512569427,-0.5073962,0.6437904,-0.57278526,-0.25548422,0.52242804,0.8135089,0.82296836,0.5591089,-0.100599766
1356512569443,-0.53274715,0.6237795,-0.57190883,-0.2379653,0.5381098,0.8085854,0.81212866,0.56686604,-0.13823855
1356512569482,-0.55813056,0.58270925,-0.5907116,-0.24525474,0.56425077,0.7883344,0.7926793,0.5848684,-0.1720134
1356512569522,-0.57402784,0.53728634,-0.6179122,-0.2693318,0.5887448,0.7621286,0.7732738,0.6039064,-0.19324756
1356512569562,-0.575384,0.50578713,-0.64273834,-0.297481,0.6026108,0.7405169,0.761865,0.61728406,-0.19627059
1356512569602,-0.56353605,0.4956922,-0.6608452,-0.3222143,0.60471165,0.72835547,0.76066095,0.62338835,-0.18105769
1356512569642,-0.54214454,0.5012389,-0.6744175,-0.34408152,0.59980726,0.72238433,0.76660764,0.6236913,-0.1527152
1356512569682,-0.5144383,0.51280713,-0.6873006,-0.36549047,0.59392715,0.71670586,0.7757384,0.6199027,-0.11811274
1356512569722,-0.4826066,0.5243066,-0.70156515,-0.38650972,0.5913091,0.707788,0.7859397,0.6127448,-0.0827201
1356512569762,-0.44822553,0.5334924,-0.71727246,-0.40541124,0.593809,0.6950054,0.7967029,0.60230947,-0.04987657
1356512569802,-0.41276482,0.53960294,-0.7337941,-0.42068303,0.6016097,0.6790372,0.8078681,0.58897746,-0.021321535
1356512569843,-0.37793195,0.5401071,-0.7519654,-0.43353105,0.6144155,0.65919983,0.81805766,0.57513297,0.0019458532
1356512569883,-0.34593645,0.52932346,-0.77469015,-0.44866735,0.63182294,0.632058,0.82403016,0.56623006,0.018919528
1356512569922,-0.31836134,0.4999006,-0.80544746,-0.47224733,0.6530857,0.5919979,0.8219663,0.5688396,0.02815944
1356512569965,-0.29612392,0.44645476,-0.84438646,-0.5089947,0.6742945,0.5350245,0.80822945,0.5882219,0.0275684
1356512570003,-0.27601734,0.38123387,-0.8823124,-0.55145025,0.68904245,0.47023723,0.7872211,0.616345,0.02004379
1356512570044,-0.2579232,0.3187163,-0.91208315,-0.59079456,0.6949384,0.40990537,0.7644851,0.6445778,0.009055078
1356512570082,-0.24119532,0.2717751,-0.9316454,-0.617213,0.6978621,0.36336833,0.7489145,0.6626664,-5.7798624E-4
1356512570123,-0.22760248,0.24268657,-0.94302714,-0.6284124,0.7031749,0.33263022,0.74383783,0.6683175,-0.007537067
1356512570163,-0.21943863,0.2280035,-0.94861007,-0.6277882,0.7112739,0.31618252,0.74681234,0.6649089,-0.012943089
1356512570204,-0.21881996,0.22550055,-0.949351,-0.6194073,0.71966577,0.31371295,0.7539579,0.65668154,-0.01780057
1356512570243,-0.22653691,0.23535451,-0.9451398,-0.6038908,0.7274053,0.32587948,0.76419693,0.6445849,-0.022655785
1356512570283,-0.244072,0.2602771,-0.9341759,-0.57952034,0.73323387,0.3557024,0.77755064,0.628191,-0.028126001
1356512570324,-0.27245155,0.30234933,-0.9134304,-0.543203,0.73524654,0.40539247,0.79416674,0.6066279,-0.03608203
1356512570363,-0.31418866,0.3627541,-0.87732255,-0.49424946,0.7265056,0.4773962,0.8105571,0.5836087,-0.048968792
1356512570426,-0.3663334,0.42587784,-0.82730156,-0.43822876,0.70536065,0.55715513,0.820826,0.56665194,-0.071765244
1356512570442,-0.42694014,0.47702384,-0.76822543,-0.3838246,0.6736246,0.6315921,0.81878006,0.5645159,-0.10450387
1356512570482,-0.48516604,0.48903868,-0.7248827,-0.350512,0.6507031,0.67359245,0.8010962,0.58088434,-0.14428508
1356512570522,-0.5339006,0.46684885,-0.70498383,-0.3435794,0.6420443,0.68537015,0.77259517,0.6081374,-0.18238819
1356512570562,-0.57144046,0.44058648,-0.69234335,-0.34775707,0.6341566,0.6905869,0.74331737,0.6353966,-0.20916569
1356512570602,-0.6036073,0.444501,-0.6618739,-0.33744654,0.6097076,0.7172074,0.722349,0.65625864,-0.21802866
