1356511847028,-0.6354109,-0.1491369,0.75763535,-0.7471741,-0.12889582,-0.65200984,0.19489476,-0.9803796,-0.029529393
1356511847031,0.8098532,0.17783913,-0.55902684,0.5533128,0.08502266,0.82862294,0.19489151,-0.9803797,-0.0295448
1356511847053,0.8097914,0.17786877,-0.55910695,0.55340827,0.08495927,0.82856566,0.19487725,-0.98037976,-0.029634759
1356511847100,0.80945677,0.17795572,-0.55956364,0.5539007,0.084846556,0.8282482,0.19486853,-0.9803738,-0.02989018
1356511847141,0.808299,0.17800815,-0.56121826,0.55556434,0.08500269,0.8271172,0.19493869,-0.98035085,-0.030187383
1356511847178,0.80596375,0.1779383,-0.56458867,0.5588454,0.08583605,0.8248176,0.1952287,-0.98029083,-0.030259237
1356511847222,0.80167305,0.17751917,-0.5707953,0.5647694,0.08791706,0.8205523,0.19584641,-0.98018235,-0.029776663
1356511847261,0.7951797,0.1766399,-0.58007556,0.57353795,0.09143314,0.8140604,0.19683373,-0.9800196,-0.028603926
1356511847298,0.786393,0.17532086,-0.59232485,0.58511,0.096054375,0.8052452,0.19807167,-0.97981435,-0.027045503
1356511847342,0.77598506,0.17389543,-0.6063065,0.5983204,0.10132331,0.7948247,0.1996494,-0.9795376,-0.025419831
1356511847381,0.76378375,0.17282951,-0.62190384,0.6130927,0.107079744,0.78272045,0.20187052,-0.9791138,-0.02417475
1356511847423,0.74997544,0.17251256,-0.6385736,0.62894607,0.11299354,0.7691939,0.2048503,-0.9785049,-0.023758724
1356511847463,0.7350935,0.17358415,-0.65536714,0.6450195,0.11861518,0.7549042,0.2087759,-0.97764975,-0.024771914
1356511847504,0.71947396,0.17602527,-0.6718426,0.6609901,0.123389214,0.7401805,0.21318862,-0.97662187,-0.027575642
1356511847542,0.7044997,0.17909952,-0.68673396,0.6756681,0.12680545,0.72621834,0.21714698,-0.9756248,-0.03167744
1356511847582,0.691064,0.1825858,-0.69935185,0.68845236,0.12842089,0.7138217,0.2201451,-0.9747669,-0.036954597
1356511847625,0.6793772,0.18643737,-0.7097095,0.6994323,0.12795278,0.70315176,0.22190306,-0.9740991,-0.043472096
1356511847671,0.6692513,0.19073597,-0.7181382,0.7089963,0.12525627,0.69399947,0.22232199,-0.9736174,-0.051403165
1356511847710,0.66100097,0.19480777,-0.72465694,0.7168197,0.12167122,0.68656075,0.22191727,-0.97326565,-0.059217244
1356511847750,0.6541945,0.19824761,-0.7298818,0.7233258,0.11795688,0.68035734,0.22097379,-0.9730283,-0.06623086
1356511847787,0.64882743,0.20059025,-0.7340208,0.7285143,0.11482397,0.67533875,0.21974954,-0.9729229,-0.07163194
1356511847834,0.64531994,0.20119166,-0.7369424,0.7318992,0.11350843,0.67189246,0.21882835,-0.97295314,-0.07400277
1356511847870,0.6433169,0.20007586,-0.7389946,0.73366207,0.11477989,0.6697504,0.2188226,-0.9730341,-0.07294822
1356511847912,0.6436359,0.19668576,-0.73962665,0.73287857,0.120041765,0.66968584,0.22050375,-0.9730903,-0.066883564
1356511847951,0.6446153,0.19153959,-0.7401241,0.7311178,0.12853202,0.6700345,0.22346774,-0.9730325,-0.05718428
1356511847995,0.64635444,0.18446836,-0.7404036,0.72825027,0.14050975,0.6707523,0.22776657,-0.9727428,-0.043520063
1356511848076,0.6464427,0.17617822,-0.74234295,0.72644746,0.15527216,0.66945106,0.23320788,-0.9720349,-0.027609676
1356511848079,0.642647,0.16828778,-0.7474518,0.7278333,0.17060992,0.664192,0.23929814,-0.97086126,-0.01284349
1356511848118,0.6363029,0.161962,-0.754246,0.73106134,0.1855706,0.65659195,0.24630883,-0.9691914,-3.2502413E-4
1356511848160,0.628644,0.15757823,-0.7615614,0.7351026,0.19921938,0.6480245,0.25383234,-0.9672025,0.009401917
1356511848204,0.6213931,0.15532726,-0.767948,0.73855805,0.21105948,0.6403014,0.26153892,-0.965053,0.016432732
1356511848240,0.61707145,0.1546163,-0.7715677,0.7398443,0.22000831,0.6357883,0.26805452,-0.9631667,0.021368831
1356511848281,0.61599296,0.15498266,-0.77235556,0.73892283,0.22614217,0.6347069,0.27303076,-0.9616861,0.024781764
1356511848317,0.61821777,0.15635777,-0.77029806,0.7355744,0.23029995,0.63709664,0.27701467,-0.96047604,0.027362734
1356511848362,0.6211256,0.15892553,-0.76742804,0.7313147,0.2345008,0.6404594,0.28174785,-0.95903707,0.029429853
1356511848400,0.62277377,0.16317603,-0.76519704,0.7272897,0.2398282,0.64306474,0.28844857,-0.9570037,0.030682474
1356511848440,0.6199289,0.17000672,-0.76601946,0.7254641,0.2478,0.64210355,0.29898155,-0.95377827,0.030284584
1356511848481,0.6119528,0.17909774,-0.7703491,0.7264708,0.25776193,0.63702345,0.3126561,-0.94946444,0.027628869
1356511848523,0.59991,0.18904167,-0.7774132,0.73019636,0.26775932,0.6285844,0.32698828,-0.9447583,0.022593945
1356511848561,0.5871239,0.19713515,-0.7851263,0.7357506,0.27450773,0.61912566,0.33757472,-0.9411606,0.016127706
1356511848597,0.577116,0.2016421,-0.791377,0.74203545,0.27521938,0.61125904,0.34105784,-0.93999714,0.009207934
1356511848653,0.5728126,0.20195886,-0.79441696,0.7487737,0.26539955,0.60737216,0.3335021,-0.942749,8.0272555E-4
1356511848691,0.5728462,0.20297912,-0.7941327,0.7525513,0.2537091,0.60769916,0.32482898,-0.9457437,-0.0074159205
1356511848731,0.5748352,0.20697546,-0.7916601,0.7538346,0.24235955,0.6107334,0.31827322,-0.9478518,-0.016708493
1356511848771,0.5801677,0.21589416,-0.7853631,0.7508367,0.23194325,0.61842275,0.31567356,-0.9484683,-0.02753526
1356511848810,0.58888423,0.22966275,-0.7749002,0.7437308,0.22130084,0.6307856,0.316354,-0.9477768,-0.040486664
1356511848851,0.60056233,0.24755067,-0.76029176,0.733286,0.20856923,0.64714026,0.31877345,-0.94615936,-0.056266636
1356511848890,0.6110811,0.27005315,-0.7440773,0.7224604,0.19384727,0.6636822,0.32346678,-0.94313014,-0.07664627
1356511848934,0.6148261,0.29920143,-0.7297036,0.7147221,0.17976412,0.6759121,0.33340842,-0.9371037,-0.10332221
1356511848965,0.6040676,0.3373552,-0.7220068,0.71476763,0.17131156,0.67805564,0.3524337,-0.9256586,-0.13764682
1356511849005,0.57416797,0.3834679,-0.72338337,0.7246771,0.17314708,0.6669806,0.3810174,-0.9071783,-0.1784749
1356511849045,0.52989936,0.42970318,-0.7311374,0.74089473,0.18493152,0.6456588,0.41265193,-0.88383,-0.2203697
1356511849090,0.48448765,0.46621287,-0.7402143,0.757426,0.19980538,0.6215976,0.43769556,-0.86181396,-0.25631854
1356511849136,0.45293647,0.4860349,-0.747408,0.76995265,0.20939374,0.6027663,0.44946808,-0.84848356,-0.2793818
1356511849168,0.4487067,0.48610663,-0.74990845,0.77498937,0.20621157,0.5973846,0.44503236,-0.84922147,-0.28419894
1356511849207,0.4612282,0.47145602,-0.7516633,0.77512085,0.19818324,0.5999259,0.43180573,-0.8593327,-0.2740277
1356511849250,0.49390587,0.44243544,-0.7485371,0.76616424,0.18562385,0.6152528,0.411156,-0.87737936,-0.24729753
1356511849291,0.5387201,0.40105447,-0.7409022,0.74929917,0.17393973,0.6389802,0.38513818,-0.89938885,-0.20680496
1356511849330,0.58694607,0.35130978,-0.7294353,0.7272668,0.16713202,0.6656951,0.35577717,-0.92122114,-0.15739843
1356511849371,0.6309174,0.29854298,-0.71611124,0.7041372,0.16723812,0.69008857,0.32578224,-0.9396295,-0.10470182
1356511849411,0.66435474,0.2490974,-0.7046867,0.68516046,0.17375207,0.70736516,0.29864365,-0.95276487,-0.055238694
1356511849450,0.6864145,0.20693764,-0.6971456,0.6725488,0.18399984,0.7168139,0.27661043,-0.9608959,-0.012875497
1356511849491,0.6968359,0.17437676,-0.69571006,0.66794777,0.1955781,0.7180494,0.26127678,-0.9650606,0.019811273
1356511849533,0.69536006,0.15323994,-0.70213383,0.67193127,0.20792317,0.7108279,0.2549171,-0.966067,0.04161477
1356511849573,0.6822758,0.1430215,-0.716969,0.6839442,0.22161922,0.6950577,0.25830227,-0.96458787,0.053386733
1356511849615,0.6554677,0.14478388,-0.7412151,0.70368373,0.23926651,0.6690148,0.27421048,-0.9600985,0.054949433
1356511849651,0.6213454,0.15111732,-0.76882595,0.7259301,0.25825566,0.6374397,0.29488176,-0.9541842,0.050765365
1356511849690,0.5849925,0.15924689,-0.795251,0.7471924,0.27551293,0.60481095,0.31541622,-0.94801533,0.04218492
1356511849731,0.5533689,0.1652101,-0.8163874,0.7655493,0.28532344,0.5766496,0.3282028,-0.9440848,0.03141266
1356511849770,0.53120327,0.16877195,-0.8302645,0.7799722,0.2852691,0.55701435,0.33085722,-0.9434711,0.019898474
1356511849811,0.5196339,0.17227551,-0.83684033,0.7896106,0.2772754,0.54738784,0.3263368,-0.9452193,0.008051097
1356511849851,0.5192664,0.17793766,-0.835883,0.7929375,0.26450822,0.54889464,0.31876692,-0.9478257,-0.0037432015
1356511849891,0.5309321,0.18649709,-0.8266376,0.7886052,0.24832174,0.56252825,0.31018195,-0.9505551,-0.015230566
1356511849928,0.5542512,0.197741,-0.8085197,0.7759621,0.22869015,0.5878637,0.3011453,-0.95320475,-0.026687741
1356511849973,0.586161,0.21177423,-0.7820275,0.7556576,0.20524701,0.621977,0.2922275,-0.9555236,-0.039721012
1356511850010,0.62319696,0.22953112,-0.7476236,0.72797596,0.17908391,0.6618005,0.28579122,-0.9566841,-0.055488616
1356511850085,0.6505969,0.25414556,-0.7156352,0.70313257,0.154452,0.69408154,0.286929,-0.95475376,-0.07821202
1356511850091,0.6591295,0.291085,-0.6934103,0.6887414,0.13658035,0.7120261,0.30196634,-0.94689775,-0.110458136
1356511850127,0.64345044,0.33920187,-0.6862315,0.6900957,0.13090658,0.7117804,0.3312695,-0.9315609,-0.14984983
1356511850171,0.60854375,0.3895552,-0.6913185,0.70347583,0.13824266,0.6971446,0.36714602,-0.91056883,-0.18991596
1356511850210,0.57211137,0.42885822,-0.6991203,0.7178938,0.1503742,0.67971766,0.3966322,-0.8907683,-0.22184387
1356511850252,0.5506636,0.44943404,-0.7034051,0.72603786,0.15791157,0.66927797,0.4118721,-0.8792457,-0.23935002
1356511850290,0.55066323,0.45023334,-0.7028941,0.7257402,0.15778646,0.6696303,0.41239703,-0.87885916,-0.23986521
1356511850328,0.57016325,0.43335718,-0.6979366,0.71704227,0.15212426,0.6802269,0.4009543,-0.8882904,-0.22399974
1356511850370,0.601074,0.4027432,-0.6902956,0.70253885,0.14548439,0.6966157,0.38098446,-0.9036771,-0.1954959
1356511850410,0.63456076,0.36338,-0.6821199,0.68605083,0.14158654,0.7136438,0.35590285,-0.9208193,-0.1594519
1356511850451,0.6645712,0.3201586,-0.67516184,0.6708892,0.14219946,0.72779596,0.3290178,-0.9366311,-0.120289296
1356511850492,0.68702704,0.27763224,-0.6715014,0.6600943,0.14785671,0.7364875,0.30375865,-0.94924116,-0.08168191
1356511850526,0.6981088,0.24053583,-0.6743787,0.65738463,0.15788299,0.73682994,0.2837069,-0.95771366,-0.047905028
1356511850571,0.69802284,0.21201085,-0.68397045,0.6623991,0.1716618,0.7292186,0.27201384,-0.9620726,-0.020611957
1356511850611,0.6856817,0.1929428,-0.7018645,0.67602074,0.18870816,0.71230984,0.26988265,-0.9628928,-0.0010396242
1356511850655,0.6585369,0.18639386,-0.72909975,0.6979142,0.21114564,0.68434876,0.28150463,-0.959518,0.008960277
1356511850691,0.62161976,0.18616515,-0.76087546,0.72365946,0.23533434,0.64879483,0.2998431,-0.9539184,0.011568308
1356511850731,0.5784875,0.1914722,-0.7929001,0.7489532,0.26040754,0.60930866,0.32314277,-0.9463225,0.0072388053
1356511850770,0.53690886,0.19640377,-0.8204599,0.7705771,0.28171876,0.5717041,0.34342378,-0.93918055,-8.6933374E-5
1356511850813,0.5045601,0.19819412,-0.84032035,0.7872795,0.29392025,0.54203504,0.3544153,-0.93505615,-0.0077337325
1356511850847,0.48412788,0.19818297,-0.8522581,0.7990186,0.296862,0.522917,0.35663632,-0.9341287,-0.014632732
1356511850903,0.47561485,0.19886091,-0.8568809,0.8065363,0.29024684,0.51503,0.35112634,-0.9360615,-0.02234286
1356511850941,0.48548332,0.20549917,-0.84975064,0.8027983,0.2800584,0.52638614,0.3461518,-0.93772995,-0.029010683
1356511850981,0.5028865,0.21474919,-0.8372503,0.79385936,0.26839536,0.5456658,0.3418954,-0.93906695,-0.035508275
1356511851021,0.5294943,0.22798032,-0.8171051,0.7781711,0.25298023,0.5748484,0.3377655,-0.94022655,-0.043456078
1356511851073,0.56162107,0.246045,-0.78996426,0.7569467,0.23272324,0.6106322,0.334086,-0.94090474,-0.05554065
1356511851101,0.58963156,0.27089196,-0.76088905,0.73571414,0.20857018,0.6443782,0.33325565,-0.93974257,-0.076319486
1356511851140,0.60371435,0.30619153,-0.7360542,0.7211727,0.18374234,0.66794366,0.33976305,-0.93406934,-0.10988909
1356511851179,0.59617275,0.35273883,-0.7212166,0.719556,0.16370025,0.67486405,0.3561141,-0.92129123,-0.15622169
1356511851220,0.57151335,0.40220985,-0.715262,0.728917,0.1515153,0.66762495,0.37689847,-0.9029232,-0.20658457
1356511851260,0.5455334,0.4411207,-0.71260494,0.7404381,0.14463991,0.65637696,0.39261264,-0.8857155,-0.24771672
1356511851299,0.53206766,0.4612044,-0.71006656,0.7469218,0.13929293,0.6501579,0.39876294,-0.8762921,-0.2703704
1356511851347,0.5418539,0.458853,-0.7041649,0.7422627,0.13175899,0.6570279,0.39425927,-0.8786885,-0.26919538
1356511851380,0.5647054,0.43928978,-0.69866467,0.73121583,0.12620777,0.67036927,0.38266325,-0.88943577,-0.24994543
1356511851421,0.6003481,0.40409315,-0.6901383,0.7119956,0.12292907,0.69133973,0.36420375,-0.90642,-0.21391231
1356511851460,0.6339409,0.3622916,-0.6832744,0.6930649,0.12592223,0.7097921,0.34319115,-0.9235197,-0.17126432
1356511851499,0.6638484,0.31863087,-0.6765942,0.67501783,0.13418898,0.7254958,0.3219568,-0.93833244,-0.12600037
1356511851538,0.6863782,0.27800632,-0.6720101,0.6610581,0.14665642,0.73586285,0.30312914,-0.94931793,-0.08311656
1356511851580,0.7010358,0.24373971,-0.6701789,0.65217984,0.1610128,0.74076736,0.28846177,-0.95638156,-0.0460864
1356511851619,0.70774835,0.21801224,-0.6719844,0.6487839,0.17587036,0.7403709,0.27959204,-0.959969,-0.016970888
1356511851661,0.7060716,0.20240371,-0.6785982,0.65106446,0.19136828,0.73450196,0.2785281,-0.96042216,0.0033418536
1356511851703,0.6945701,0.19840594,-0.6915255,0.6593688,0.20891204,0.7222109,0.28775895,-0.9575964,0.014281362
1356511851741,0.67465115,0.20373411,-0.7094634,0.6719641,0.2282418,0.7045353,0.30546707,-0.95204943,0.017081589
1356511851787,0.6461719,0.21767661,-0.7314908,0.6875566,0.24997073,0.68174815,0.33125192,-0.94346786,0.011859089
1356511851821,0.6182393,0.2314736,-0.7511326,0.70140195,0.2687938,0.66014034,0.35470486,-0.93497056,0.0038228333
1356511851879,0.5959977,0.24231702,-0.76555157,0.7127303,0.27950358,0.64334536,0.36986792,-0.92906415,-0.006123185
1356511851898,0.5836788,0.2491708,-0.7728085,0.72032475,0.28038508,0.63444185,0.37476832,-0.92698336,-0.015829057
1356511851937,0.58116806,0.25340834,-0.7733226,0.7246096,0.27136728,0.633483,0.3703843,-0.92851716,-0.025912106
1356511851973,0.5883394,0.2579998,-0.7663504,0.7232952,0.25581333,0.6414075,0.36152565,-0.9316628,-0.036104977
1356511852017,0.6043101,0.26396412,-0.75175273,0.7152311,0.2360248,0.65782726,0.35107505,-0.9352087,-0.04616317
1356511852058,0.6286462,0.2713892,-0.72880167,0.69928694,0.21280438,0.682431,0.34029657,-0.93864906,-0.056000233
1356511852100,0.6592008,0.28006494,-0.69786674,0.6756743,0.1867052,0.7131658,0.33002812,-0.9416501,-0.06615648
1356511852142,0.68936026,0.2905007,-0.6636202,0.6492906,0.15847307,0.7438468,0.32125396,-0.94366074,-0.07937434
1356511852180,0.71363264,0.30605894,-0.6301241,0.62444705,0.12973538,0.77021724,0.31748128,-0.94313127,-0.0985342
1356511852223,0.72100866,0.3343708,-0.60691243,0.61147517,0.10498297,0.78426826,0.32595187,-0.9365761,-0.12876582
1356511852260,0.711385,0.37323347,-0.5955066,0.61191964,0.08781505,0.7860298,0.34566712,-0.92357206,-0.16591859
1356511852303,0.6847971,0.41915205,-0.5961245,0.625628,0.081325054,0.775871,0.3736877,-0.9042664,-0.20654204
1356511852339,0.65449053,0.4566884,-0.6025594,0.64327145,0.08243203,0.76118773,0.39729583,-0.88579947,-0.23982361
1356511852384,0.6325568,0.47751468,-0.6097964,0.65680605,0.086527765,0.7490787,0.41046044,-0.87435275,-0.25890085
1356511852421,0.6201222,0.4811046,-0.6196667,0.66627777,0.09400764,0.73975426,0.41415262,-0.8716082,-0.2622531
1356511852460,0.6205098,0.46794844,-0.62927884,0.66855645,0.10374686,0.7363891,0.40987784,-0.8776451,-0.248474
1356511852501,0.62857753,0.442069,-0.6398947,0.6669453,0.116864264,0.73588496,0.40009272,-0.8893356,-0.22137758
1356511852540,0.64026463,0.40800855,-0.6508381,0.66393864,0.13217562,0.7360129,0.38632447,-0.9033596,-0.18626529
1356511852581,0.65305364,0.36953038,-0.66103566,0.6610295,0.14778587,0.73566246,0.3695414,-0.9173912,-0.1477584
1356511852620,0.66530967,0.32988185,-0.669732,0.6589748,0.1621322,0.73448294,0.35087773,-0.9299951,-0.1095157
1356511852660,0.67565477,0.2922768,-0.67680496,0.65814805,0.17450011,0.7323871,0.33216232,-0.9402787,-0.07445955
1356511852700,0.6826463,0.26002365,-0.6829215,0.6587272,0.18560168,0.72912997,0.3163424,-0.94759685,-0.044584364
1356511852744,0.6834493,0.23764543,-0.69023305,0.6614013,0.19857186,0.7232687,0.30894238,-0.9508385,-0.021465182
1356511852781,0.6762053,0.2267554,-0.70094824,0.6672411,0.21483505,0.7131867,0.31230724,-0.9499621,-0.006027937
1356511852825,0.6585003,0.23019741,-0.71650994,0.676148,0.23708779,0.6975767,0.3304561,-0.94382125,4.748702E-4
1356511852861,0.63575375,0.23711476,-0.7345704,0.6874212,0.25893715,0.6785305,0.3510971,-0.93633765,0.0016225874
1356511852900,0.61252207,0.24382666,-0.7519078,0.6995702,0.27562642,0.65926605,0.3679923,-0.9298273,-0.0017465949
1356511852941,0.5926742,0.24573058,-0.76704216,0.713237,0.28232908,0.64154756,0.37420616,-0.92731154,-0.007934958
1356511852980,0.5781974,0.24362457,-0.77867496,0.7274474,0.2782483,0.62721455,0.36946985,-0.92909896,-0.016341627
1356511853021,0.5691638,0.24093445,-0.78613174,0.7400379,0.26655924,0.61748695,0.35832453,-0.9332185,-0.026584744
1356511853075,0.5662273,0.24042237,-0.7884058,0.7483596,0.25094378,0.61399114,0.34546277,-0.93766963,-0.037831187
1356511853100,0.57082087,0.24294537,-0.78430927,0.7506629,0.23260635,0.6183846,0.33266902,-0.9417387,-0.049593538
1356511853140,0.5839443,0.24859145,-0.77279454,0.7459686,0.2111896,0.63160896,0.32021874,-0.9453049,-0.06211844
1356511853182,0.6034466,0.25807908,-0.7544849,0.73535776,0.18581238,0.6517074,0.3083847,-0.948087,-0.07765263
1356511853221,0.6258613,0.27334118,-0.7304671,0.72003686,0.1574417,0.67583954,0.29974076,-0.94894505,-0.09827906
1356511853267,0.6391044,0.2995444,-0.7083916,0.7083103,0.12971437,0.6938809,0.29973668,-0.94522345,-0.12926933
1356511853301,0.6383752,0.33791804,-0.691584,0.7041532,0.10650134,0.7020154,0.3108783,-0.93513036,-0.16995826
1356511853346,0.6158967,0.38835937,-0.68545485,0.71366507,0.09350029,0.69421893,0.33369663,-0.9167523,-0.21957201
1356511853380,0.5878572,0.43299767,-0.6833279,0.72696805,0.08779919,0.6810351,0.35488224,-0.89710885,-0.26316208
1356511853420,0.56705785,0.46207482,-0.6818593,0.73706526,0.084855765,0.67047316,0.36766845,-0.8827719,-0.29246122
1356511853458,0.56209457,0.47138047,-0.67959553,0.7394463,0.08166796,0.6682436,0.37049812,-0.8781405,-0.3026554
1356511853500,0.57428086,0.46206942,-0.6757909,0.7325214,0.07854855,0.6761972,0.3655324,-0.88335836,-0.2933668
1356511853541,0.59968585,0.43743214,-0.670097,0.71707356,0.07796782,0.6926229,0.3552215,-0.89586496,-0.2669148
1356511853582,0.62977344,0.40346146,-0.6637802,0.69735575,0.08275813,0.71193117,0.34216997,-0.91124636,-0.22923732
1356511853621,0.6590494,0.36533943,-0.6574048,0.676579,0.093759865,0.73037666,0.32847357,-0.9261405,-0.1853886
1356511853661,0.6835635,0.3277853,-0.6521486,0.65793294,0.11012977,0.74498034,0.31601462,-0.93831134,-0.14038008
1356511853700,0.7024369,0.29365623,-0.6483427,0.6425748,0.13007227,0.75510186,0.30607176,-0.9470201,-0.097328514
1356511853740,0.7145413,0.265607,-0.64721215,0.6320599,0.15146634,0.7599726,0.2998849,-0.9521086,-0.05965057
1356511853781,0.71912396,0.24608052,-0.6498501,0.62675124,0.17415136,0.7595092,0.30007273,-0.9534756,-0.028994873
1356511853821,0.71537083,0.23614807,-0.6576311,0.62729466,0.19755131,0.75330937,0.30780846,-0.951424,-0.0068119913
1356511853861,0.7019312,0.23717844,-0.6715944,0.6336401,0.22265497,0.7408947,0.32525808,-0.94560623,0.0060026944
1356511853901,0.68000925,0.24631195,-0.69059235,0.64446497,0.24836609,0.72317296,0.3496459,-0.9368269,0.0101518035
1356511853939,0.6551601,0.2569806,-0.7104409,0.6569342,0.2706208,0.70370585,0.37309885,-0.9277529,0.008480608
1356511853978,0.6343329,0.26317608,-0.7268838,0.66918117,0.28385243,0.6867491,0.38706368,-0.9220445,0.003944427
1356511854021,0.622259,0.26223844,-0.7375803,0.68055046,0.28439057,0.6752578,0.38683948,-0.92214584,-0.0015019178
1356511854076,0.61994,0.25567406,-0.74182564,0.69003385,0.27242488,0.6705505,0.37353414,-0.9275859,-0.0075366795
1356511854100,0.62514746,0.24802798,-0.7400492,0.6953485,0.25368446,0.6724096,0.35451537,-0.9349472,-0.013875693
1356511854140,0.63700444,0.24103262,-0.732208,0.6954068,0.23017126,0.6807574,0.332618,-0.94282794,-0.020995587
1356511854177,0.65564483,0.23640339,-0.71710765,0.6881274,0.20387581,0.6963587,0.3108225,-0.9500253,-0.029005527
1356511854220,0.67851335,0.23481087,-0.6960485,0.6749195,0.17480522,0.716887,0.29000574,-0.95619404,-0.03987074
1356511854260,0.7034093,0.23868227,-0.6695118,0.65614426,0.14412287,0.74074507,0.27329466,-0.96034336,-0.055232614
1356511854306,0.7183074,0.25522354,-0.6472214,0.64244974,0.11369696,0.7578466,0.26700747,-0.96017396,-0.08229895
1356511854340,0.72227037,0.28526026,-0.6300414,0.63540065,0.0860475,0.7673734,0.27311462,-0.9545798,-0.119105
1356511854386,0.7016883,0.33374754,-0.62948084,0.64802146,0.068276554,0.75855553,0.29614484,-0.9401866,-0.1683667
1356511854421,0.66561127,0.3867673,-0.6382575,0.6718689,0.061763823,0.7380904,0.32489046,-0.92010665,-0.21874624
1356511854459,0.628309,0.42888606,-0.6490644,0.69590735,0.063106716,0.71535337,0.3477654,-0.90115166,-0.25881442
1356511854500,0.60333246,0.45118666,-0.65758693,0.711982,0.066723585,0.6990203,0.3592652,-0.88993174,-0.2809803
1356511854539,0.59614563,0.45275313,-0.66304225,0.7174588,0.07026029,0.69304866,0.36036545,-0.8888634,-0.28294635
1356511854580,0.6047512,0.43676782,-0.66596526,0.713302,0.074878514,0.6968452,0.35422605,-0.8964524,-0.2662645
1356511854619,0.6219322,0.40884492,-0.66786695,0.7035291,0.082796454,0.7058269,0.3438708,-0.9088403,-0.23614055
1356511854662,0.6434109,0.37314516,-0.66841984,0.6903396,0.09453198,0.717283,0.33083776,-0.9229444,-0.196774
1356511854700,0.6607121,0.3364221,-0.6710288,0.68006396,0.110147834,0.7248313,0.31776166,-0.93524736,-0.15601254
1356511854741,0.675183,0.30113012,-0.6733859,0.6711594,0.12798107,0.7301821,0.30606043,-0.94495577,-0.115695655
1356511854780,0.68296987,0.27045825,-0.67853105,0.66721845,0.14706033,0.7302005,0.29727376,-0.9514334,-0.08001694
1356511854821,0.6846967,0.24612708,-0.68601155,0.66732514,0.16672727,0.7258644,0.29303175,-0.95478976,-0.05008915
1356511854861,0.677791,0.22958198,-0.6984923,0.6731738,0.18829131,0.71511084,0.29569656,-0.95490235,-0.026926398
1356511854906,0.6602187,0.22134657,-0.7177165,0.68555117,0.21275297,0.6962441,0.30680758,-0.95170474,-0.011280894
1356511854941,0.63125813,0.22065243,-0.7435225,0.70364475,0.2402555,0.6687012,0.32618594,-0.9452988,-0.0035977066
1356511854981,0.5944524,0.22352326,-0.77244014,0.72461694,0.26758632,0.635081,0.3486498,-0.93724865,-0.002901435
1356511855020,0.5576919,0.22514471,-0.7989303,0.7450348,0.28854677,0.6013849,0.36592734,-0.9306184,-0.0068204403
1356511855080,0.52848995,0.2231045,-0.81909883,0.7631695,0.2977608,0.57350737,0.37184763,-0.9282041,-0.012903005
1356511855118,0.50997305,0.21873322,-0.83191544,0.7783071,0.29448906,0.55453974,0.36628622,-0.930286,-0.020060152
1356511855136,0.501733,0.2154139,-0.8377713,0.7887707,0.2836596,0.5453237,0.3551122,-0.9344164,-0.027590781
1356511855179,0.5037343,0.2150658,-0.8366592,0.7933521,0.2680626,0.5465664,0.3418248,-0.9390896,-0.03559062
1356511855213,0.51812553,0.21884677,-0.82683253,0.78959477,0.24919954,0.56074923,0.32876444,-0.94340116,-0.04368359
1356511855259,0.5423287,0.22627395,-0.8091228,0.7786438,0.22637743,0.5852069,0.31558418,-0.947393,-0.053415835
1356511855300,0.57739234,0.23844919,-0.7808713,0.7578883,0.19920287,0.62122744,0.30368292,-0.9505052,-0.06569964
1356511855340,0.6089505,0.2559774,-0.75076956,0.7362811,0.16968766,0.65505445,0.29507548,-0.95167315,-0.08513993
1356511855379,0.62820446,0.28339258,-0.7246018,0.7200848,0.14095932,0.67941767,0.29468125,-0.94858795,-0.11551541
1356511855423,0.622183,0.32342887,-0.7129391,0.72004104,0.12104356,0.683293,0.30729336,-0.9384787,-0.15757078
1356511855459,0.58886665,0.37112296,-0.7179859,0.7376081,0.11639127,0.6651221,0.33040935,-0.9212604,-0.20520437
1356511855497,0.5441055,0.413545,-0.73002034,0.76077497,0.12372148,0.63711417,0.35379463,-0.9020386,-0.2472972
1356511855551,0.5152887,0.4387269,-0.7362039,0.77386904,0.13091466,0.61966765,0.36824477,-0.8890332,-0.2720583
1356511855590,0.50604403,0.44510922,-0.7387809,0.77767324,0.13497818,0.6140075,0.37301975,-0.88524497,-0.27784467
1356511855635,0.5347886,0.43169358,-0.7263895,0.7605902,0.12856624,0.63637507,0.36810818,-0.89281094,-0.25958613
1356511855671,0.56862205,0.40741014,-0.714623,0.7399968,0.12607628,0.66068864,0.3592683,-0.90450084,-0.2297925
1356511855710,0.6116982,0.3738936,-0.69715774,0.7109848,0.12658602,0.69171995,0.3468801,-0.9187924,-0.18840024
1356511855751,0.64971215,0.33541507,-0.682181,0.68357676,0.13480377,0.7173219,0.33256117,-0.9323758,-0.1416983
1356511855791,0.67850834,0.29616365,-0.6722451,0.6623572,0.1490781,0.73420614,0.31766218,-0.94343144,-0.09501538
1356511855831,0.69552165,0.2597201,-0.66992176,0.6510182,0.16671309,0.7405283,0.3040148,-0.9511847,-0.05312994
1356511855867,0.6988107,0.22935492,-0.6775396,0.651814,0.18595836,0.73522645,0.2946219,-0.9554139,-0.019547045
1356511855912,0.6846198,0.2084118,-0.69846994,0.6668073,0.20794177,0.7156313,0.2943871,-0.9556802,0.0033905506
1356511855951,0.65199053,0.19668049,-0.73227394,0.69418246,0.23363501,0.680827,0.3049902,-0.9522245,0.015795678
1356511855992,0.6003937,0.19431975,-0.7757366,0.7293496,0.26479042,0.63082105,0.32798862,-0.9445241,0.017251462
1356511856030,0.5427005,0.19295323,-0.8174627,0.76260823,0.2946814,0.57583994,0.3520012,-0.93591243,0.012776017
1356511856078,0.48526642,0.19290555,-0.8528211,0.79220545,0.31577626,0.5222029,0.37003648,-0.9290171,4.1481853E-4
1356511856117,0.44079584,0.18974522,-0.87732315,0.8158215,0.32293367,0.47973877,0.37434533,-0.92720586,-0.012450427
1356511856160,0.41507757,0.18706217,-0.89034736,0.8337184,0.31352615,0.45454925,0.36417618,-0.93097216,-0.02581954
1356511856200,0.408526,0.18785283,-0.89320654,0.84474015,0.2928431,0.44794762,0.3457176,-0.93752563,-0.039052814
1356511856240,0.42129296,0.19301456,-0.8861476,0.84711987,0.26519233,0.46050084,0.32388294,-0.944679,-0.051782846
1356511856277,0.45540133,0.20265633,-0.8669141,0.8375595,0.23260584,0.4943566,0.3018338,-0.9512228,-0.063807756
1356511856319,0.51007956,0.21610633,-0.83253634,0.8128158,0.19548532,0.5487404,0.28133488,-0.95659995,-0.07594156
1356511856364,0.5778034,0.2331644,-0.7821622,0.7723013,0.15378201,0.6163617,0.26399612,-0.9602007,-0.09121743
1356511856398,0.6510976,0.2552085,-0.714801,0.7154377,0.10808093,0.69026613,0.2534181,-0.9608263,-0.112214535
1356511856442,0.7014745,0.28745073,-0.65215456,0.6647572,0.06603253,0.74413544,0.25696573,-0.9555165,-0.14476481
1356511856480,0.7294491,0.3295653,-0.5994086,0.62652326,0.029803542,0.7788327,0.2745407,-0.9436623,-0.18474014
1356511856520,0.73061633,0.37773207,-0.5687866,0.6120235,0.00700769,0.79080856,0.30269966,-0.9258884,-0.22606096
1356511856560,0.7281378,0.41830415,-0.5429889,0.60112184,-0.009069801,0.7991058,0.3293445,-0.9082617,-0.25805584
1356511856602,0.7410854,0.4401922,-0.5069746,0.5754572,-0.02743429,0.81737155,0.34589213,-0.89748436,-0.27364296
1356511856641,0.7698883,0.4420846,-0.46025336,0.5325754,-0.04771167,0.8450366,0.35161823,-0.89570343,-0.2721761
1356511856680,0.8074196,0.42694676,-0.4071734,0.47582358,-0.06321606,0.8772661,0.34880602,-0.9020645,-0.2541932
1356511856720,0.84246314,0.40187863,-0.35881674,0.41757694,-0.066251725,0.90622306,0.3404194,-0.9132931,-0.22362988
1356511856760,0.86963797,0.37353763,-0.32279932,0.3684195,-0.05578798,0.92798424,0.32862872,-0.92593586,-0.1861339
1356511856802,0.8894744,0.34507525,-0.2995972,0.33120406,-0.035080105,0.9429068,0.31486392,-0.9379192,-0.14549318
1356511856840,0.90134305,0.3198893,-0.2919787,0.31087732,-0.008462161,0.95041245,0.30155596,-0.9474172,-0.107073635
1356511856881,0.90758604,0.29868087,-0.29508868,0.30316707,0.020050168,0.9527265,0.29047772,-0.95414245,-0.072352946
1356511856920,0.9067341,0.28335807,-0.3123163,0.31153187,0.049060613,0.94896835,0.28422028,-0.9577585,-0.04379013
1356511856960,0.897017,0.2766205,-0.34473413,0.3364038,0.07862356,0.9384301,0.28669322,-0.9577576,-0.022529513
1356511857001,0.8754766,0.2787786,-0.3947445,0.37916732,0.11018491,0.9187445,0.2996212,-0.9540135,-0.009239435
1356511857046,0.84199,0.2864205,-0.45718288,0.43403563,0.14366797,0.88936645,0.32041532,-0.9472713,-0.0033497065
1356511857092,0.79716384,0.2964164,-0.52599156,0.49477243,0.17856628,0.8504788,0.34602022,-0.9382171,-0.004312083
1356511857127,0.75574183,0.29739168,-0.58344877,0.5456673,0.20663267,0.81212693,0.36207938,-0.9321272,-0.006115958
1356511857174,0.73014015,0.29060388,-0.6184212,0.57813555,0.21968585,0.7858101,0.36421782,-0.93128276,-0.0076069683
1356511857210,0.7184525,0.2810169,-0.63628256,0.5970115,0.22027987,0.7713975,0.35693598,-0.9340805,-0.009509683
1356511857251,0.7176149,0.2723794,-0.6409668,0.6052679,0.21133742,0.76745504,0.34449917,-0.9386937,-0.013203621
1356511857289,0.7256005,0.2681186,-0.6337322,0.6025288,0.19726738,0.77333355,0.3323598,-0.942973,-0.01841189
1356511857330,0.74037755,0.26779786,-0.61654305,0.5904329,0.17932364,0.7869129,0.32129434,-0.94664,-0.025349468
1356511857371,0.7620686,0.27130926,-0.5879139,0.5676329,0.15691024,0.80819064,0.31151932,-0.949616,-0.034427702
1356511857411,0.786194,0.27860004,-0.55161667,0.5381666,0.13010645,0.83273584,0.3037691,-0.95155364,-0.047644317
1356511857451,0.805515,0.29194185,-0.51567006,0.51060784,0.09964451,0.8540203,0.30070797,-0.9512313,-0.06880267
1356511857489,0.81145173,0.3160643,-0.49157855,0.4971699,0.06880593,0.86492074,0.30719408,-0.9462395,-0.10130496
1356511857530,0.7959603,0.35486907,-0.49042335,0.50941825,0.044987828,0.85934234,0.3270171,-0.933833,-0.14496826
1356511857569,0.7609751,0.40166503,-0.50949204,0.54316807,0.035033792,0.8388928,0.35480335,-0.9151163,-0.19151178
1356511857610,0.7177638,0.4430738,-0.53712267,0.58331674,0.038591206,0.8113276,0.38020623,-0.8956542,-0.230753
1356511857650,0.6817493,0.46768564,-0.5625727,0.6156135,0.048733234,0.7865399,0.39526942,-0.88255036,-0.25468975
1356511857691,0.6643133,0.4711756,-0.5802425,0.63271827,0.058807522,0.77214587,0.39793894,-0.88007677,-0.25905478
1356511857730,0.65936613,0.45786726,-0.596317,0.64165175,0.070643514,0.76373595,0.3918156,-0.8862094,-0.24721137
1356511857772,0.6704285,0.42860445,-0.6056599,0.6387427,0.08195177,0.76504356,0.377536,-0.8997678,-0.21882519
1356511857810,0.6793026,0.39180094,-0.6205159,0.6396529,0.09834215,0.76234704,0.35971117,-0.9147791,-0.18381256
1356511857849,0.68930864,0.3499491,-0.6343415,0.640237,0.115516394,0.7594422,0.33904293,-0.9296191,-0.1444239
1356511857890,0.6937967,0.30691263,-0.6514989,0.6461718,0.13413358,0.7513124,0.31797513,-0.9422382,-0.105256855
1356511857931,0.6908946,0.26638144,-0.6720905,0.6581741,0.1528762,0.737181,0.29911798,-0.9516669,-0.069704026
1356511857970,0.678053,0.23198463,-0.69744337,0.6771333,0.17192644,0.7154941,0.2858926,-0.95740503,-0.040509284
1356511858009,0.6533687,0.20687953,-0.7282239,0.70245695,0.19296336,0.6850689,0.28224728,-0.9591486,-0.01924774
1356511858084,0.61546975,0.19258124,-0.76427054,0.7324419,0.2183637,0.6448614,0.29107714,-0.9566764,-0.0066583157
1356511858092,0.5661531,0.18735054,-0.80272686,0.7633681,0.24828508,0.59634185,0.31103003,-0.9503969,-0.0024500787
1356511858128,0.5112615,0.18696553,-0.8388418,0.7910085,0.27926204,0.5443512,0.3360316,-0.94183683,-0.00511539
1356511858169,0.4602886,0.18575111,-0.8681192,0.81330884,0.30378637,0.49622846,0.35589772,-0.9344573,-0.011243582
1356511858211,0.41956237,0.1821399,-0.8892652,0.83186483,0.3149118,0.4569809,0.3632746,-0.9314803,-0.019390613
1356511858250,0.390023,0.17730549,-0.9035734,0.8479514,0.3133909,0.4275098,0.3589715,-0.932925,-0.028116733
1356511858291,0.3715127,0.17364824,-0.91204417,0.861518,0.30169338,0.40837213,0.34607086,-0.9374579,-0.037518144
1356511858330,0.3643843,0.1730828,-0.9150226,0.8709115,0.28459144,0.40065062,0.32975337,-0.9428946,-0.04703918
1356511858370,0.3688202,0.17605564,-0.9126752,0.87533236,0.26451296,0.40475434,0.31267375,-0.9481757,-0.05654949
1356511858426,0.38395196,0.18291181,-0.9050548,0.87452275,0.24249469,0.42000747,0.2962953,-0.95275366,-0.06685421
1356511858465,0.40305597,0.19686198,-0.89375126,0.8706577,0.21839763,0.44074675,0.2819594,-0.95579696,-0.08337289
1356511858493,0.4284779,0.220707,-0.8761821,0.8609943,0.1943669,0.47001094,0.27403545,-0.9557771,-0.10674554
1356511858533,0.43581834,0.25583902,-0.8629072,0.85599124,0.17842427,0.4852254,0.27810314,-0.95011103,-0.14123535
1356511858580,0.41181868,0.30530873,-0.8585988,0.86055744,0.17962337,0.47663033,0.29974386,-0.93515885,-0.18876344
1356511858631,0.35871628,0.36129177,-0.860692,0.8711022,0.20175472,0.4477453,0.33541533,-0.9103643,-0.24234939
1356511858669,0.31209335,0.40249702,-0.86057764,0.8774502,0.22517666,0.42352873,0.36425108,-0.8872946,-0.28289497
1356511858712,0.28909394,0.42393917,-0.8583125,0.878758,0.23814729,0.41360652,0.37974882,-0.87382007,-0.303693
1356511858750,0.29639643,0.42700008,-0.85429513,0.8750067,0.23708427,0.42208353,0.3827696,-0.87261796,-0.30335695
1356511858790,0.33058754,0.41440016,-0.8479295,0.86528546,0.22563544,0.44762686,0.37681958,-0.88168097,-0.28398216
1356511858831,0.37884396,0.3900665,-0.8392409,0.8502624,0.2113632,0.48205757,0.36541912,-0.8961996,-0.2515852
1356511858870,0.43261674,0.35671943,-0.828006,0.83084506,0.1988456,0.5197662,0.35005605,-0.91280425,-0.21035466
1356511858907,0.4786653,0.319764,-0.8176983,0.8122473,0.19234055,0.5506899,0.3333674,-0.92776936,-0.16766071
1356511858952,0.51808953,0.2812584,-0.8077605,0.79483765,0.19051868,0.5761386,0.31593728,-0.9405298,-0.12484902
1356511858990,0.54472554,0.24498072,-0.802034,0.78309536,0.19360319,0.5909987,0.30005968,-0.9500012,-0.08638269
1356511859026,0.55991685,0.21372697,-0.8005086,0.7767956,0.20069984,0.5969155,0.2882389,-0.95605457,-0.05364698
1356511859085,0.5601738,0.190445,-0.8061861,0.7779066,0.21356598,0.5909746,0.2847221,-0.958186,-0.028514385
1356511859113,0.5435524,0.17764556,-0.82036144,0.7863529,0.23408782,0.5717098,0.29359835,-0.9558478,-0.012453079
1356511859150,0.5134219,0.1730485,-0.84050715,0.7993905,0.25971523,0.54177743,0.3120463,-0.95005375,-0.0049898326
1356511859189,0.47626784,0.17333764,-0.8620458,0.8132259,0.28602275,0.50680816,0.3344137,-0.9424145,-0.004739225
1356511859229,0.4396493,0.17377457,-0.8811986,0.8264904,0.30579212,0.47265714,0.3515994,-0.93610555,-0.009181708
1356511859270,0.40904385,0.17228946,-0.8961024,0.83962893,0.31351602,0.44354373,0.35736036,-0.93382233,-0.016417474
1356511859308,0.3860582,0.17018247,-0.9066405,0.85257685,0.30946124,0.42112523,0.3522383,-0.9355596,-0.02562359
1356511859360,0.3705303,0.17021352,-0.9130907,0.8651256,0.29452652,0.40597022,0.33803102,-0.94036245,-0.038125068
1356511859400,0.36739534,0.17486444,-0.9134786,0.87167776,0.2777741,0.40375683,0.32434344,-0.94459724,-0.05037251
1356511859440,0.37359512,0.18319333,-0.90932226,0.8734299,0.26059908,0.41134948,0.3123251,-0.9479074,-0.06264803
1356511859479,0.38908434,0.19589162,-0.90013325,0.8702413,0.24233091,0.4289008,0.30214822,-0.95021164,-0.07618582
1356511859522,0.40984392,0.21444789,-0.88658905,0.86313474,0.22317146,0.45298234,0.2950025,-0.9508978,-0.09363198
1356511859560,0.42826915,0.24092016,-0.87094367,0.85449934,0.20556599,0.4770465,0.2939665,-0.9485252,-0.11782855
1356511859604,0.4303457,0.277898,-0.85882205,0.84986883,0.1958744,0.48924047,0.3041802,-0.94042856,-0.15188316
1356511859639,0.40841177,0.32370523,-0.8534721,0.8520508,0.20019874,0.48366308,0.3274283,-0.9247353,-0.19404975
1356511859680,0.36491743,0.37015894,-0.8542936,0.85926664,0.21937928,0.462097,0.35846362,-0.9026932,-0.23800987
1356511859717,0.31974304,0.40537637,-0.8564079,0.86576444,0.24225748,0.43790773,0.38498867,-0.88146544,-0.27350032
1356511859760,0.29320806,0.42382607,-0.8569717,0.8684499,0.25675142,0.42411485,0.39977962,-0.86859095,-0.2927901
1356511859800,0.2922976,0.42633712,-0.85603666,0.8670924,0.2594146,0.4252705,0.40337703,-0.8665684,-0.29384738
1356511859842,0.3264031,0.4134671,-0.8500035,0.8578467,0.24805418,0.4500758,0.39693844,-0.8760788,-0.2737257
1356511859880,0.37501106,0.38969445,-0.8411331,0.84316385,0.23372188,0.48419905,0.38528097,-0.8907931,-0.240928
1356511859919,0.4360993,0.35689247,-0.82610244,0.82060647,0.21906745,0.5278394,0.36935407,-0.90809536,-0.1973331
1356511859960,0.49507955,0.31840807,-0.8084012,0.794614,0.21037939,0.569499,0.35140407,-0.92431426,-0.148857
1356511860015,0.54258746,0.2789616,-0.7923252,0.77083474,0.20945626,0.601616,0.33378524,-0.9371811,-0.10138497
1356511860035,0.5746925,0.24243921,-0.78163403,0.75389653,0.21474543,0.6209061,0.31838435,-0.9461013,-0.059361517
1356511860074,0.58879393,0.2117823,-0.7800448,0.74754834,0.22434175,0.62517375,0.30739734,-0.95121974,-0.026226461
1356511860118,0.5837902,0.18933353,-0.78952,0.75281835,0.23794842,0.61371416,0.30406177,-0.9526455,-0.0036218166
1356511860161,0.5582492,0.17587683,-0.8108176,0.76914835,0.25671095,0.5852438,0.31107652,-0.9503509,0.008033305
1356511860203,0.5126259,0.17104408,-0.84140277,0.79296553,0.28149503,0.540339,0.32927248,-0.94419515,0.008669615
1356511860241,0.45758545,0.16924661,-0.87290967,0.81697637,0.30745173,0.48787606,0.35094896,-0.9363915,0.0024149418
1356511860279,0.40216178,0.16902003,-0.89983225,0.8373853,0.3294927,0.43614265,0.37020501,-0.9289062,-0.009025514
1356511860320,0.35508236,0.16766796,-0.919676,0.85404456,0.34188738,0.39207256,0.3801636,-0.92466235,-0.021797717
1356511860359,0.3203702,0.16657352,-0.9325321,0.8682387,0.34206074,0.3593828,0.37884626,-0.92479604,-0.035039485
1356511860400,0.29873294,0.16791937,-0.93944764,0.8796886,0.33321238,0.33928967,0.37000895,-0.92777836,-0.048175275
1356511860439,0.2907921,0.1730715,-0.9410027,0.8874353,0.31882727,0.332878,0.35762903,-0.9318774,-0.060877323
1356511860481,0.2975431,0.18221915,-0.9371575,0.89068055,0.30044532,0.34120488,0.34373865,-0.93623114,-0.07290357
1356511860520,0.31875685,0.19499958,-0.9275609,0.8887167,0.27871957,0.36400276,0.32950976,-0.9403673,-0.08445561
1356511860559,0.34969187,0.2110506,-0.91278327,0.88203585,0.25424904,0.39669898,0.31579784,-0.94383,-0.097245395
1356511860600,0.38386017,0.23174715,-0.8938371,0.87148523,0.22904934,0.43364725,0.30522934,-0.9454256,-0.1140413
1356511860641,0.40679216,0.26050198,-0.87559056,0.86152875,0.20934105,0.4625414,0.30378997,-0.9425047,-0.13927162
1356511860680,0.41280115,0.29639575,-0.86124605,0.85505486,0.19967455,0.47855124,0.31380945,-0.9339591,-0.17100874
1356511860720,0.38927525,0.33745784,-0.85708046,0.8573579,0.20743108,0.471073,0.33675238,-0.9182018,-0.20857435
1356511860760,0.35229132,0.3733188,-0.8582097,0.86327446,0.22453377,0.45204192,0.36145282,-0.9001209,-0.24317527
1356511860803,0.32082266,0.39649358,-0.8601544,0.86799276,0.2403478,0.4345361,0.37902698,-0.88601685,-0.26704454
1356511860840,0.30637982,0.4047366,-0.8615798,0.86989,0.24850348,0.42607218,0.38655257,-0.8800195,-0.27593982
1356511860879,0.32017612,0.398505,-0.8594656,0.8659142,0.24490786,0.43613395,0.3842914,-0.8838631,-0.26665747
1356511860921,0.35557735,0.37950295,-0.8541325,0.85605603,0.23456073,0.46059677,0.3751437,-0.894963,-0.24147129
1356511860960,0.40298074,0.3504718,-0.84544426,0.8407839,0.22312301,0.4932531,0.36150938,-0.9096074,-0.20475674
1356511860999,0.45238996,0.3147277,-0.83443975,0.82224953,0.21510315,0.526912,0.3453244,-0.9244875,-0.1614742
1356511861037,0.49657562,0.27580354,-0.8230097,0.8035315,0.21250698,0.5560376,0.32825243,-0.937429,-0.11609107
1356511861084,0.53420603,0.23551002,-0.8118862,0.7860602,0.21496323,0.5795691,0.31102005,-0.94780064,-0.07029042
1356511861126,0.5504191,0.20013434,-0.81054616,0.7799878,0.2229748,0.5847232,0.29775456,-0.95405895,-0.03337276
1356511861175,0.5495214,0.17500108,-0.816946,0.78244907,0.23502105,0.5766616,0.2929159,-0.95610654,-0.0077803433
1356511861211,0.5320281,0.1594125,-0.8315851,0.79292494,0.25070405,0.55535346,0.29701203,-0.95484823,0.0069794655
1356511861249,0.4996535,0.15400416,-0.85242546,0.8084006,0.27061507,0.522739,0.31118312,-0.95028955,0.0107167065
