1356513223712,0.70948064,-0.23005049,0.6661185,0.61571115,-0.25748286,-0.74471617,0.3428365,0.9384984,-0.04103443
1356513223731,-0.8218135,0.32077968,0.4708746,0.4550748,-0.12771952,0.8812461,0.3428257,0.93850315,-0.041017115
1356513223760,-0.8219168,0.32068676,0.4707575,0.45493984,-0.12773317,0.88131374,0.34275702,0.938533,-0.040907085
1356513223793,-0.8220073,0.32045752,0.4707558,0.454888,-0.12784094,0.88132495,0.34260908,0.93859667,-0.04068607
1356513223831,-0.82216793,0.31992632,0.4708366,0.4548645,-0.12807548,0.881303,0.34225467,0.9387459,-0.040223658
1356513223871,-0.8215016,0.3189577,0.47265318,0.4564823,-0.12885791,0.88035196,0.3417001,0.93896836,-0.039741576
1356513223913,-0.8189626,0.31752652,0.47799292,0.46155316,-0.13046998,0.87746584,0.3409824,0.9392308,-0.039705336
1356513223952,-0.8133984,0.31560993,0.48864448,0.4718969,-0.13317627,0.8715374,0.3401417,0.93949693,-0.040609956
1356513223995,-0.804109,0.31319007,0.5052928,0.48819908,-0.13711625,0.8618938,0.3392204,0.93973994,-0.042642772
1356513224035,-0.7909147,0.31013083,0.5275156,0.509915,-0.14254904,0.8483316,0.33829063,0.93994606,-0.04539627
1356513224073,-0.7744647,0.3062415,0.5535526,0.535112,-0.14960206,0.8314291,0.33743072,0.9401252,-0.04801202
1356513224113,-0.7562174,0.30148244,0.5807267,0.561058,-0.15789825,0.8125774,0.33667356,0.9403066,-0.049743652
1356513224153,-0.73776436,0.29601085,0.6066972,0.5855135,-0.16669983,0.793338,0.33597293,0.9405258,-0.050333202
1356513224194,-0.72035295,0.29024553,0.62995964,0.6071788,-0.17517757,0.775014,0.3352992,0.9407818,-0.05004126
1356513224232,-0.70462435,0.28482854,0.6499055,0.62561595,-0.18281192,0.75840914,0.33482707,0.94098485,-0.049379587
1356513224275,-0.6904365,0.28043273,0.6668246,0.6411978,-0.1895197,0.7436046,0.3349074,0.9409781,-0.04896158
1356513224314,-0.67732406,0.27752888,0.68132937,0.65454835,-0.19545722,0.73031694,0.33585477,0.9406243,-0.049268126
1356513224352,-0.66511345,0.27623558,0.6937709,0.665911,-0.20101231,0.7184405,0.33791527,0.93983406,-0.050252378
1356513224392,-0.6540134,0.2763965,0.70418143,0.67507815,-0.20682168,0.70816255,0.34137368,0.9385253,-0.051325083
1356513224433,-0.644056,0.27783257,0.71274185,0.68193203,-0.21367592,0.6995079,0.3466418,0.9365638,-0.051843643
1356513224473,-0.63438284,0.2805819,0.7203001,0.6870101,-0.22251362,0.6917404,0.3543664,0.9336817,-0.051603734
1356513224513,-0.62304676,0.28486884,0.7284659,0.69144404,-0.23480946,0.6832055,0.36567461,0.9293623,-0.050673544
1356513224553,-0.60851145,0.29061836,0.73841363,0.69564974,-0.2523653,0.67259437,0.38181823,0.9229587,-0.04860145
1356513224593,-0.5907416,0.29710123,0.7501701,0.69870126,-0.27662754,0.659768,0.4035356,0.91389716,-0.044169605
1356513224633,-0.5712958,0.30301213,0.76276124,0.69905484,-0.30731326,0.64566314,0.43005037,0.9020766,-0.03625536
1356513224673,-0.5527622,0.30696714,0.7747419,0.6958225,-0.34157062,0.63179153,0.45856833,0.88831335,-0.024787247
1356513224713,-0.5372128,0.30833083,0.7850697,0.6895963,-0.375382,0.6193103,0.4856535,0.8740826,-0.010963798
1356513224753,-0.52517384,0.30768868,0.7934232,0.68128,-0.406686,0.60865766,0.5099511,0.8601944,0.003958583
1356513224791,-0.51651037,0.30659634,0.7995096,0.67212236,-0.43333858,0.6003908,0.530536,0.84747636,0.01775366
1356513224832,-0.5121038,0.30686146,0.8022379,0.66086257,-0.45583475,0.5962176,0.5486441,0.83549434,0.030641437
1356513224871,-0.5139837,0.31064683,0.79957443,0.6456194,-0.4736389,0.599034,0.5647976,0.8241145,0.04288307
1356513224913,-0.52318656,0.31974125,0.7899629,0.62476015,-0.48653662,0.610702,0.5796125,0.8130484,0.054787844
1356513224953,-0.5391953,0.33538312,0.7725196,0.5970048,-0.4947741,0.6314934,0.5940149,0.8016961,0.06655455
1356513224993,-0.559886,0.35784858,0.7473099,0.56188744,-0.49887526,0.659853,0.6089419,0.78934646,0.07824266
1356513225032,-0.58165663,0.3860928,0.7159664,0.5204356,-0.499816,0.6923372,0.6251579,0.7753169,0.08978486
1356513225073,-0.60069764,0.41799733,0.6814988,0.4754096,-0.4985801,0.72484726,0.64276594,0.7594051,0.10077596
1356513225113,-0.6158669,0.4509263,0.6460445,0.4306605,-0.49397445,0.75532824,0.65972686,0.7434074,0.11002636
1356513225153,-0.6296885,0.48198453,0.60924816,0.38989255,-0.48224878,0.78448707,0.6719198,0.7315238,0.11574435
1356513225192,-0.64620495,0.50858593,0.56899863,0.3552751,-0.45938468,0.81409174,0.6754249,0.7282211,0.11616874
1356513225233,-0.6683605,0.52862346,0.5233083,0.3269534,-0.42314005,0.8450172,0.6681286,0.73587346,0.10997486
1356513225272,-0.69750804,0.5401158,0.47091115,0.30346686,-0.3726775,0.8769374,0.6491457,0.7545769,0.09603846
1356513225312,-0.73264635,0.54148525,0.41233853,0.28203,-0.30984008,0.9079969,0.6194259,0.7815324,0.07428813
1356513225353,-0.77120274,0.5320006,0.3496024,0.25909263,-0.2393254,0.93573207,0.5814787,0.8122185,0.046730936
1356513225392,-0.8094231,0.51247334,0.2867147,0.23247126,-0.16871941,0.9578575,0.53925073,0.84196484,0.017430067
1356513225432,-0.84300894,0.48610094,0.2303082,0.20461836,-0.10617161,0.9730668,0.49746087,0.86742926,-0.0099615455
1356513225472,-0.8685121,0.45820212,0.18904358,0.18295996,-0.05810702,0.9814016,0.4606651,0.8869466,-0.033366024
1356513225513,-0.88527894,0.43355945,0.16824816,0.17409024,-0.026525497,0.98437244,0.43124682,0.9007345,-0.051995993
1356513225553,-0.8945492,0.41443864,0.16739881,0.17955312,-0.009774864,0.9836997,0.40931946,0.91002476,-0.065669656
1356513225592,-0.8961463,0.40258986,0.18666333,0.20072131,-0.0074108243,0.97962034,0.39576858,0.91535044,-0.07416719
1356513225633,-0.8867313,0.4008098,0.2303454,0.24184379,-0.022447824,0.9700555,0.3939785,0.9158862,-0.077028096
1356513225672,-0.8618863,0.40981275,0.2986729,0.30199087,-0.05834973,0.9515234,0.4073739,0.91030157,-0.073468864
1356513225712,-0.8228224,0.4247594,0.37754837,0.36603332,-0.11208463,0.9238272,0.43472162,0.89834094,-0.06325036
1356513225753,-0.7790791,0.43932626,0.4472452,0.41518083,-0.17298037,0.89314204,0.46974537,0.8815159,-0.047634423
1356513225790,-0.7469913,0.44858655,0.49068734,0.43975827,-0.22014552,0.8707172,0.4986147,0.86620206,-0.032822788
1356513225831,-0.7313861,0.453202,0.5095904,0.44663495,-0.24636114,0.86012995,0.5153558,0.8566879,-0.022230804
1356513225871,-0.73089087,0.45518273,0.5085344,0.4419598,-0.25211984,0.8608758,0.5200674,0.85395795,-0.01690036
1356513225913,-0.74251705,0.45657888,0.4901062,0.42697123,-0.24114764,0.87151784,0.5161046,0.85637814,-0.015889823
1356513225952,-0.7659223,0.45854867,0.45066187,0.3968432,-0.21431136,0.89251673,0.5058443,0.8624406,-0.01782608
1356513225993,-0.8029514,0.460702,0.37818342,0.33925653,-0.16843635,0.92549133,0.49007553,0.87142575,-0.021049976
1356513226033,-0.8521405,0.45907485,0.25121078,0.2324947,-0.09795064,0.96765274,0.46883133,0.88298124,-0.023264766
1356513226072,-0.8947649,0.44393444,0.048145548,0.05244197,-0.0026037693,0.9986205,0.4434474,0.89605546,-0.020951033
1356513226113,-0.888919,0.40876958,-0.2067132,-0.18378547,0.09508729,0.9783564,0.41957814,0.90767056,-0.009398937
1356513226154,-0.8240937,0.37436855,-0.42510927,-0.39378935,0.16083878,0.9050199,0.40718502,0.9132246,0.014876068
1356513226192,-0.74118274,0.367158,-0.56199914,-0.529082,0.19578218,0.82567644,0.4131831,0.90932083,0.049146354
1356513226233,-0.66509867,0.3831276,-0.64098126,-0.6070423,0.2225104,0.7628819,0.43490607,0.8964945,0.08458334
1356513226273,-0.59575397,0.40125704,-0.69575155,-0.65687513,0.2550432,0.7095548,0.46216062,0.8797419,0.111632705
1356513226313,-0.5305728,0.40418035,-0.745071,-0.6958448,0.29425567,0.6551439,0.4840377,0.8660553,0.12512273
1356513226353,-0.47114944,0.38470787,-0.7937368,-0.730367,0.33439064,0.5956064,0.4945527,0.86033875,0.123429894
1356513226393,-0.42157882,0.34599513,-0.8381877,-0.76077074,0.36805344,0.5345695,0.49345627,0.86303186,0.108059466
1356513226433,-0.3862226,0.2976545,-0.87306005,-0.7851496,0.3906815,0.480529,0.48412007,0.8710739,0.08281326
1356513226472,-0.3681404,0.25023308,-0.8954642,-0.8018577,0.40205848,0.44201046,0.4706346,0.8807567,0.05263728
1356513226513,-0.36785358,0.21033087,-0.90578395,-0.81047165,0.4050206,0.423195,0.45587212,0.889786,0.021478951
1356513226553,-0.38428423,0.18092522,-0.905313,-0.81078243,0.40285167,0.42466736,0.44153988,0.8972049,-0.00811857
1356513226592,-0.41686368,0.16484255,-0.8938969,-0.8009469,0.39836413,0.44697893,0.42977756,0.9022932,-0.034033358
1356513226633,-0.46668822,0.16753381,-0.8684092,-0.7757578,0.39400625,0.49290866,0.4247375,0.9037098,-0.05391246
1356513226672,-0.53609276,0.19810489,-0.82058454,-0.7252749,0.3893118,0.56781375,0.43194997,0.8995503,-0.06502676
1356513226713,-0.6233344,0.26449335,-0.73586506,-0.6365684,0.37489206,0.6739707,0.4541307,0.88853765,-0.06531495
1356513226751,-0.71222675,0.36085224,-0.60209537,-0.5045474,0.33316714,0.7965121,0.48802158,0.8710829,-0.055223525
1356513226790,-0.7751663,0.4492928,-0.44413206,-0.36002615,0.2635182,0.8949521,0.51913244,0.85363585,-0.04251325
1356513226832,-0.8062141,0.5047008,-0.30870032,-0.24330494,0.1927768,0.95059973,0.5392787,0.8414952,-0.03262317
1356513226871,-0.8207862,0.529111,-0.21529393,-0.16546042,0.14052314,0.9761537,0.54674745,0.83683616,-0.027792454
1356513226911,-0.8302787,0.53394794,-0.15980288,-0.11937678,0.1096974,0.98677033,0.5444139,0.8383711,-0.027338505
1356513226951,-0.8393333,0.52670616,-0.1345372,-0.097794786,0.0971517,0.9904533,0.5347483,0.8444775,-0.030033529
1356513226991,-0.8494128,0.50999063,-0.13567379,-0.098376736,0.09956223,0.99015623,0.5184784,0.85439855,-0.03439814
1356513227031,-0.8600432,0.48378408,-0.16210662,-0.12226711,0.11304289,0.98603857,0.49535477,0.86785614,-0.038070917
1356513227071,-0.8680973,0.4498562,-0.2098484,-0.16868952,0.1302386,0.97702694,0.466852,0.88355374,-0.03717369
1356513227130,-0.86907846,0.41687864,-0.26629823,-0.22813593,0.13989097,0.9635271,0.43892664,0.8981328,-0.026471257
1356513227151,-0.8612905,0.39979044,-0.3136021,-0.28369966,0.13365489,0.949553,0.42153662,0.9068098,-0.0016952753
1356513227192,-0.8470108,0.40724242,-0.34165236,-0.32423556,0.11351627,0.9391408,0.42124107,0.9062382,0.035892963
1356513227228,-0.82913285,0.43226078,-0.3545267,-0.3512586,0.09054673,0.9318898,0.43492067,0.89719105,0.07676011
1356513227272,-0.8105722,0.46006006,-0.36237735,-0.37028968,0.07677269,0.92573833,0.45371592,0.8845624,0.108125746
1356513227311,-0.794679,0.47841096,-0.3736417,-0.38514858,0.07838726,0.91951936,0.46919695,0.8746304,0.12196666
1356513227351,-0.78420544,0.48229077,-0.39040664,-0.39649472,0.09448856,0.9131614,0.4772983,0.8709004,0.11712736
1356513227392,-0.7804157,0.47253528,-0.40946507,-0.4039351,0.118851244,0.90703404,0.47727102,0.873261,0.09812021
1356513227431,-0.78342485,0.45324734,-0.42522016,-0.40625474,0.14429998,0.90229404,0.47032163,0.87962735,0.07108581
1356513227471,-0.7930243,0.42970628,-0.43181613,-0.40095264,0.16549158,0.90102696,0.45863888,0.887674,0.041052938
1356513227511,-0.8087916,0.40664262,-0.4248506,-0.38510716,0.17976677,0.9051941,0.44446453,0.8957264,0.011207044
1356513227551,-0.82972544,0.38769266,-0.4015597,-0.35617223,0.18617201,0.91568625,0.42976403,0.9027926,-0.01638633
1356513227591,-0.8540293,0.37698764,-0.35848892,-0.3103631,0.1838134,0.9326775,0.417503,0.90779567,-0.03997904
1356513227631,-0.8782671,0.3807652,-0.2892485,-0.24102336,0.16992623,0.9555275,0.41298255,0.90892404,-0.05746734
1356513227673,-0.895156,0.40444565,-0.18740201,-0.14277513,0.13811797,0.98007077,0.42226893,0.9040726,-0.0658924
1356513227712,-0.8938044,0.44477308,-0.057363972,-0.023223206,0.0818373,0.9963751,0.4478553,0.8918966,-0.062817395
1356513227750,-0.86941797,0.4878766,0.078030616,0.09238382,0.0053792,0.9957089,0.48536333,0.872896,-0.0497486
1356513227790,-0.8335382,0.5189982,0.18935438,0.17901963,-0.07051408,0.9813153,0.52265304,0.8518619,-0.034134746
1356513227831,-0.80242014,0.5348634,0.26465642,0.23336627,-0.12692833,0.9640692,0.5492377,0.83535045,-0.022969246
1356513227871,-0.78427607,0.53866655,0.3078138,0.2648906,-0.15791517,0.9512601,0.5610205,0.8275875,-0.018838644
1356513227911,-0.77940863,0.5349256,0.32615465,0.28088185,-0.1669913,0.9451028,0.5600246,0.82823217,-0.020096421
1356513227951,-0.7862342,0.5267412,0.3230782,0.28231192,-0.15888709,0.9460734,0.5496688,0.835044,-0.02378285
1356513227991,-0.80459553,0.5147584,0.2960571,0.26480037,-0.13522941,0.9547742,0.5315137,0.8466031,-0.027503252
1356513228031,-0.8343709,0.4972751,0.23778705,0.21954505,-0.09588355,0.97087914,0.5055939,0.8622783,-0.029171824
1356513228071,-0.8703284,0.4717456,0.14136621,0.13671924,-0.044320166,0.9896179,0.47311327,0.88062006,-0.02592355
1356513228113,-0.89760137,0.44060993,0.013220578,0.01800701,0.0066838264,0.9998155,0.44044027,0.8976738,-0.013933539
1356513228153,-0.901053,0.41722935,-0.118419796,-0.11140442,0.04122448,0.9929198,0.41915706,0.90786576,0.009335697
1356513228193,-0.88083184,0.41653636,-0.22501695,-0.2214981,0.05748254,0.97346514,0.41841817,0.90729994,0.041629612
1356513228232,-0.84669995,0.4383776,-0.30153635,-0.30356362,0.067429364,0.9504222,0.43697622,0.89625794,0.07598311
1356513228273,-0.8067,0.46847308,-0.36023363,-0.36565632,0.083186686,0.92702514,0.46425292,0.8795528,0.10419339
1356513228312,-0.7665672,0.49043512,-0.41454592,-0.41714764,0.11049181,0.9020973,0.48822412,0.8644449,0.11988437
1356513228352,-0.7308798,0.494022,-0.47091073,-0.46267605,0.14859384,0.8739855,0.50174254,0.8566575,0.119968
1356513228393,-0.7026222,0.47757977,-0.52748424,-0.50269353,0.19150364,0.8429861,0.5036083,0.8574636,0.10552156
1356513228433,-0.68339837,0.44690052,-0.5772751,-0.53525937,0.23099929,0.81248796,0.49645144,0.86424494,0.08134323
1356513228473,-0.67411757,0.41101074,-0.6137065,-0.557832,0.26130676,0.787745,0.48413736,0.8733779,0.053123474
1356513228513,-0.6750361,0.37728202,-0.6340224,-0.568744,0.28129083,0.7729202,0.4699536,0.8823455,0.024695456
1356513228553,-0.6855037,0.3494598,-0.63871944,-0.5679131,0.2923028,0.7694373,0.45558688,0.8901893,-0.001911819
1356513228592,-0.7039871,0.32885814,-0.62948745,-0.55626553,0.2957387,0.7765999,0.44155496,0.8968785,-0.025263786
1356513228633,-0.72883564,0.31810847,-0.60630494,-0.5328399,0.29257542,0.7940285,0.42997712,0.9017798,-0.043738484
1356513228672,-0.7582986,0.32366318,-0.56588465,-0.49301422,0.28321034,0.82263535,0.42652112,0.9027924,-0.055187464
1356513228712,-0.78912246,0.35283962,-0.50278217,-0.43098012,0.26517236,0.86251944,0.43765497,0.8973226,-0.057186604
1356513228751,-0.81426215,0.40672022,-0.41419306,-0.34606683,0.23274821,0.9088817,0.4660633,0.88340646,-0.04876572
1356513228790,-0.8269775,0.46557483,-0.31519556,-0.25581715,0.18763447,0.94834113,0.5006653,0.86488926,-0.036067486
1356513228831,-0.82785296,0.51280546,-0.22735442,-0.17977126,0.14138722,0.9734947,0.5313584,0.84678227,-0.024860144
1356513228871,-0.825277,0.5399529,-0.16543567,-0.12793794,0.106568515,0.9860401,0.5500454,0.8349216,-0.018868148
1356513228911,-0.82514536,0.54918677,-0.1323975,-0.10030925,0.088205576,0.9910388,0.5559436,0.8310317,-0.017693996
1356513228951,-0.8287849,0.5452783,-0.12564711,-0.094256386,0.08529502,0.99188733,0.5515717,0.83390427,-0.019295216
1356513228991,-0.83540773,0.5305371,-0.14361137,-0.10935114,0.09562987,0.9893924,0.53864294,0.8422501,-0.021875083
1356513229031,-0.8432456,0.50419325,-0.18634893,-0.14730279,0.116656125,0.982188,0.5169513,0.85567546,-0.02410072
1356513229071,-0.8484288,0.46535093,-0.25222424,-0.2090603,0.14316195,0.96736676,0.48627397,0.8734719,-0.02417636
1356513229111,-0.8448954,0.41913462,-0.332382,-0.2887147,0.16578591,0.94295216,0.45032814,0.89265954,-0.019061387
1356513229151,-0.8285311,0.38055405,-0.41074917,-0.37073115,0.17692834,0.9117318,0.4196364,0.90767556,-0.00550735
1356513229191,-0.8007008,0.3660981,-0.47418386,-0.4392748,0.17939621,0.88025826,0.40732765,0.91312057,0.017175019
1356513229233,-0.7648918,0.37998292,-0.52014744,-0.48905656,0.18297946,0.8528436,0.4192423,0.9067146,0.0458737
1356513229272,-0.72386545,0.4108253,-0.55429363,-0.52425015,0.19477284,0.8289906,0.44853166,0.8906661,0.07438582
1356513229312,-0.68173236,0.44018427,-0.5843619,-0.5512486,0.21608603,0.80587333,0.4810052,0.87151855,0.09533805
1356513229352,-0.64436555,0.45357558,-0.6156803,-0.57437235,0.24447119,0.78123635,0.5048658,0.8570315,0.102992415
1356513229392,-0.61664253,0.4456965,-0.64892733,-0.59510165,0.2757272,0.7548699,0.5153698,0.8516626,0.0952096
1356513229432,-0.6003953,0.41957414,-0.68079585,-0.6132617,0.30481684,0.7286953,0.5132597,0.8550112,0.07429814
1356513229472,-0.59487414,0.38297063,-0.70672375,-0.62808114,0.3272267,0.7060006,0.5016363,0.86386126,0.045877874
1356513229512,-0.59834635,0.34368905,-0.7237813,-0.6385317,0.34113336,0.68985885,0.4840029,0.8749319,0.015340447
1356513229553,-0.60907114,0.30694687,-0.7313111,-0.64362985,0.3474983,0.6818985,0.463436,0.8860183,-0.014091015
1356513229592,-0.6254996,0.27587578,-0.7298238,-0.64264596,0.34827244,0.68243134,0.44244382,0.8958788,-0.04055381
1356513229632,-0.6464588,0.25399554,-0.7194284,-0.6340179,0.34568232,0.69175506,0.4243964,0.9033216,-0.062431693
1356513229672,-0.6710769,0.24718593,-0.69896704,-0.61431503,0.34241164,0.7108947,0.4150576,0.906451,-0.0779345
1356513229712,-0.69844437,0.26353845,-0.6653743,-0.5784689,0.33951044,0.74169147,0.42136574,0.9029286,-0.08468032
1356513229751,-0.7260073,0.31048208,-0.6136076,-0.52146506,0.33313864,0.7855525,0.4483164,0.8902918,-0.07995558
1356513229791,-0.7490778,0.37608495,-0.545383,-0.44984344,0.31559992,0.8354864,0.48633668,0.87118125,-0.06722951
1356513229831,-0.7628162,0.44256148,-0.4714349,-0.37775847,0.28671336,0.8803943,0.52479523,0.8496675,-0.051528215
1356513229872,-0.7701007,0.4917165,-0.4063986,-0.31927812,0.25443703,0.9128654,0.55227387,0.83275247,-0.03894788
1356513229911,-0.77601963,0.5176131,-0.36037514,-0.28063896,0.22832185,0.9322612,0.5648321,0.8245883,-0.031919837
1356513229951,-0.78295165,0.52384216,-0.33552352,-0.26126832,0.21257848,0.9415674,0.5645578,0.82486343,-0.029575348
1356513229991,-0.7908576,0.5147991,-0.33094722,-0.2597279,0.20732313,0.9431641,0.5541531,0.8318647,-0.030255437
1356513230032,-0.7987534,0.49247134,-0.3456371,-0.2758978,0.21070635,0.9378077,0.5346713,0.8444376,-0.03243065
1356513230072,-0.80493456,0.4574581,-0.37790525,-0.31002447,0.21880007,0.92520875,0.50592995,0.8618924,-0.034296453
1356513230112,-0.8064405,0.41326123,-0.42292908,-0.35959578,0.22503394,0.90556645,0.4694089,0.8823689,-0.032869518
1356513230152,-0.800051,0.3708759,-0.47156078,-0.41631424,0.2227534,0.881512,0.43197328,0.9015719,-0.023813128
1356513230192,-0.78433967,0.3463533,-0.5146364,-0.46904862,0.21179575,0.85740066,0.40596136,0.91388285,-0.0036632419
1356513230232,-0.7596704,0.34899265,-0.54873043,-0.51160985,0.2001561,0.8355794,0.4014428,0.91550076,0.026495457
1356513230272,-0.7269487,0.37281933,-0.5766727,-0.54506135,0.19752032,0.8147968,0.41767657,0.90663743,0.059622288
1356513230312,-0.6891059,0.4021894,-0.60280716,-0.5722473,0.20834118,0.7931751,0.44459617,0.8915366,0.08658278
1356513230352,-0.65186346,0.42213964,-0.62997794,-0.5947536,0.23079294,0.77006674,0.4704702,0.87666,0.10062355
1356513230392,-0.621511,0.42471185,-0.65828866,-0.61298645,0.25960022,0.74622744,0.48782355,0.8673106,0.09899813
1356513230432,-0.6019073,0.40978056,-0.68541056,-0.6271586,0.2887571,0.7233889,0.49434787,0.8652741,0.08319229
1356513230472,-0.5936547,0.38276315,-0.70786047,-0.6375345,0.31305134,0.70395213,0.49104357,0.86919004,0.05818039
1356513230512,-0.59540313,0.3505678,-0.7229089,-0.6440978,0.32956052,0.69030994,0.48024267,0.8766368,0.029578626
1356513230553,-0.60534954,0.31850728,-0.7294552,-0.6463238,0.3381889,0.68402755,0.4645614,0.8855401,0.0011364222
1356513230592,-0.6218032,0.2900686,-0.7274757,-0.6434157,0.34038675,0.6856772,0.44651645,0.8944255,-0.02501887
1356513230632,-0.6430838,0.2682461,-0.71727765,-0.63431394,0.3381915,0.6951779,0.42905602,0.9020369,-0.04733324
1356513230672,-0.6675351,0.25820524,-0.69837457,-0.6165254,0.3342291,0.7128726,0.41748458,0.9064331,-0.063919604
1356513230712,-0.69323874,0.2678045,-0.66910446,-0.58627874,0.3304059,0.73966825,0.41916254,0.9050484,-0.07204205
1356513230754,-0.71743566,0.3051529,-0.6262329,-0.539716,0.32488686,0.77663064,0.44044596,0.89517045,-0.068389535
1356513230792,-0.73793143,0.36209422,-0.5695129,-0.4801048,0.31140864,0.82007563,0.47429588,0.87858546,-0.055955112
1356513230832,-0.75112265,0.42522287,-0.50497544,-0.41637993,0.28843707,0.86222494,0.51229143,0.85789835,-0.039597392
1356513230872,-0.7602781,0.47634435,-0.44167095,-0.3582071,0.25977486,0.89677465,0.5419085,0.8400078,-0.026871145
1356513230912,-0.7694637,0.5073951,-0.38791192,-0.31128764,0.23240411,0.9214598,0.5576965,0.8297821,-0.02088064
1356513230952,-0.78061134,0.52022386,-0.346429,-0.27616858,0.21014005,0.937855,0.5606932,0.8277731,-0.020368218
1356513230992,-0.7937756,0.5188795,-0.317308,-0.2523349,0.19373614,0.94804716,0.5533962,0.8326045,-0.022851586
1356513231032,-0.8086027,0.5055479,-0.30097035,-0.24040669,0.18299288,0.9532671,0.5369976,0.84316957,-0.0264315
1356513231072,-0.82448524,0.48054063,-0.29883906,-0.24243528,0.17722017,0.95384383,0.51132107,0.8588793,-0.029615402
1356513231130,-0.8395025,0.44486207,-0.3119829,-0.26072693,0.17394608,0.94961274,0.47671488,0.87854457,-0.030040622
1356513231151,-0.8495632,0.40490574,-0.33807358,-0.29433447,0.16797131,0.9408256,0.43773237,0.8987975,-0.023524523
1356513231201,-0.84936965,0.378432,-0.36791372,-0.33645645,0.14885682,0.9298595,0.40665507,0.9135814,8.9138746E-4
1356513231238,-0.8352701,0.3750211,-0.40209836,-0.3821121,0.12993258,0.914936,0.39536595,0.91786534,0.034771323
1356513231282,-0.81294656,0.39642656,-0.4265724,-0.41675508,0.11557251,0.90164196,0.40673485,0.9107629,0.071258485
1356513231321,-0.7869275,0.42519087,-0.44716617,-0.44351554,0.11407989,0.88897675,0.4289975,0.8978855,0.09880626
1356513231361,-0.7625749,0.44514456,-0.4693887,-0.46479192,0.12765568,0.8761692,0.44994208,0.8863127,0.10955268
1356513231401,-0.7437433,0.44907683,-0.4951523,-0.48186988,0.15320879,0.8627447,0.46330035,0.88025963,0.10244864
1356513231441,-0.7321531,0.4383308,-0.52136165,-0.49435,0.1846134,0.84943277,0.46858287,0.87964994,0.08152354
1356513231481,-0.7284634,0.41903073,-0.5419912,-0.50037396,0.21494061,0.83870524,0.46793917,0.8821643,0.05309564
1356513231521,-0.73339915,0.39768597,-0.55133617,-0.4974008,0.23890305,0.83397704,0.46337688,0.88587314,0.022598028
1356513231561,-0.7475361,0.37834582,-0.54593414,-0.48355523,0.25349814,0.83780247,0.45537236,0.89027697,-0.006547928
1356513231601,-0.7704946,0.3630639,-0.5239492,-0.4573938,0.25761443,0.85113204,0.4439922,0.8954437,-0.03242737
1356513231641,-0.80071527,0.35539415,-0.48223448,-0.4150484,0.25134414,0.8743918,0.43196052,0.90028954,-0.053749323
1356513231683,-0.8350924,0.3626137,-0.413681,-0.34817508,0.23380983,0.9078035,0.42590466,0.90213317,-0.06899977
1356513231753,-0.8667724,0.39217925,-0.30806005,-0.24681902,0.19940996,0.9483227,0.43334275,0.8980151,-0.07604575
1356513231761,-0.8821564,0.441804,-0.16312353,-0.112087,0.139458,0.9838638,0.4574238,0.88620573,-0.073503196
1356513231800,-0.8701049,0.49286383,-0.0016394556,0.029975891,0.056239247,0.9979672,0.49195415,0.868287,-0.06370807
1356513231841,-0.8392597,0.5259254,0.13800617,0.14472935,-0.028579473,0.9890585,0.5241151,0.85005045,-0.052131236
1356513231881,-0.80972373,0.5372733,0.23597667,0.22096917,-0.09336507,0.97080153,0.5436177,0.8382246,-0.04312098
1356513231921,-0.792277,0.5335396,0.2960282,0.26734787,-0.13256198,0.95443827,0.54847264,0.83532196,-0.037614882
1356513231961,-0.78747046,0.5220006,0.32772803,0.29320806,-0.15043664,0.9441387,0.5421433,0.8395738,-0.034590364
1356513232001,-0.7940045,0.50681365,0.3357035,0.3017004,-0.15089399,0.94138616,0.52776295,0.8487467,-0.03309536
1356513232041,-0.81228375,0.4889601,0.31798276,0.28984493,-0.13470823,0.94754606,0.50614715,0.861842,-0.032301247
1356513232081,-0.8425368,0.46722794,0.2680109,0.24970031,-0.102077544,0.9629278,0.47726464,0.8782245,-0.030662835
1356513232121,-0.87963974,0.4400903,0.18042846,0.17281501,-0.057700932,0.9832627,0.44313532,0.8960977,-0.025298178
1356513232161,-0.9092568,0.4113016,0.063898,0.06328824,-0.015116155,0.99788076,0.41139588,0.9113739,-0.012286007
1356513232201,-0.91770524,0.39393824,-0.051281676,-0.051500022,0.010024965,0.99862266,0.39390975,0.9190823,0.011087894
1356513232241,-0.90626675,0.40067092,-0.13469724,-0.14068761,0.014582038,0.9899466,0.39860696,0.916106,0.0431543
1356513232282,-0.8848032,0.42968515,-0.18026048,-0.19588926,0.008003056,0.9805933,0.42278904,0.90294325,0.07708961
1356513232323,-0.8610265,0.46754122,-0.20009623,-0.22561133,0.0014537573,0.9742163,0.45577717,0.8839701,0.10423088
1356513232362,-0.8401354,0.50009894,-0.20993726,-0.24075845,0.0029820204,0.9705805,0.48601234,0.86596316,0.11789769
1356513232403,-0.825885,0.51886994,-0.22065331,-0.24821538,0.016802669,0.9685591,0.5062638,0.854688,0.11491448
1356513232443,-0.8199714,0.5215514,-0.23586287,-0.25117376,0.042425156,0.96701187,0.51435286,0.85216457,0.096212566
1356513232483,-0.8219648,0.510055,-0.25341216,-0.25110942,0.07480711,0.9650637,0.51119256,0.8568826,0.066590786
1356513232522,-0.8303155,0.48852637,-0.2681759,-0.24811575,0.106833875,0.9628215,0.4990139,0.8659842,0.032505214
1356513232563,-0.8433178,0.4617824,-0.27490363,-0.24059986,0.13298422,0.9614712,0.48054835,0.87696755,-0.0010432005
1356513232602,-0.8595274,0.4348573,-0.26853645,-0.2250073,0.14979589,0.96277356,0.4588948,0.8879529,-0.03090769
1356513232642,-0.8773534,0.41236138,-0.24537522,-0.19746132,0.15579414,0.9678518,0.43733275,0.89760023,-0.055261135
1356513232682,-0.8946109,0.40092695,-0.19730422,-0.14925687,0.1480751,0.97764826,0.4211814,0.9040638,-0.0726285
1356513232753,-0.905872,0.40806288,-0.113492295,-0.06951828,0.121074736,0.99020606,0.4178074,0.90488976,-0.08131033
1356513232761,-0.90008587,0.43558073,0.010714367,0.044126794,0.066664696,0.9967992,0.43347228,0.8976777,-0.079224646
1356513232800,-0.8681769,0.47120488,0.15567556,0.16890252,-0.014399946,0.9855276,0.4666271,0.8819062,-0.06708598
1356513232841,-0.8177319,0.49910164,0.28672653,0.27159715,-0.10462719,0.95670694,0.5074934,0.8602039,-0.049997568
1356513232881,-0.76830477,0.51255816,0.38339528,0.33983618,-0.18094212,0.92291456,0.54241973,0.83937126,-0.035167098
1356513232921,-0.7326081,0.5137259,0.44651002,0.38254124,-0.23183036,0.89438075,0.56298107,0.826039,-0.026680589
1356513232961,-0.71242195,0.50723994,0.4849356,0.4108882,-0.25868058,0.8742169,0.5688812,0.8220657,-0.024129212
1356513233001,-0.70623654,0.49676347,0.50443643,0.42919213,-0.26624084,0.8630817,0.563049,0.8260399,-0.025178015
1356513233041,-0.71459544,0.48452592,0.5045671,0.4354177,-0.2564513,0.8629276,0.5475077,0.83634156,-0.027712166
1356513233081,-0.7409737,0.4715273,0.4781422,0.42159465,-0.22757006,0.8777641,0.5227006,0.85198236,-0.030169964
1356513233121,-0.7892984,0.45714203,0.40991366,0.37132308,-0.17630672,0.91161126,0.48900634,0.87174374,-0.030588746
1356513233161,-0.85414755,0.4386801,0.27927002,0.26052523,-0.10380256,0.9598707,0.4500651,0.8926281,-0.025624514
1356513233201,-0.9059195,0.41496968,0.084321395,0.08139531,-0.024768233,0.99637413,0.4155535,0.9094981,-0.011338532
1356513233241,-0.9096746,0.39649916,-0.12361427,-0.118945405,0.03644991,0.9922315,0.39792472,0.9173112,0.01400429
1356513233281,-0.87235606,0.399839,-0.2812891,-0.27614692,0.07177383,0.9584317,0.40340757,0.9137709,0.04780203
1356513233322,-0.8220448,0.4243032,-0.37974864,-0.37732288,0.09357047,0.9213425,0.42646182,0.9006727,0.08318025
1356513233362,-0.7723201,0.45299307,-0.44533026,-0.4439961,0.11642337,0.8884329,0.45430082,0.8838795,0.111211
1356513233402,-0.72592276,0.46926868,-0.5028153,-0.4961092,0.14907205,0.8553673,0.4763528,0.87038183,0.124593675
1356513233442,-0.68318456,0.46478668,-0.56323385,-0.5427348,0.19285232,0.81746376,0.48856723,0.8641652,0.120502114
1356513233482,-0.64460146,0.43952018,-0.6255486,-0.58568376,0.24201435,0.7735655,0.4913894,0.8650151,0.101417005
1356513233522,-0.6117963,0.39927465,-0.68285084,-0.6237797,0.28732145,0.7268737,0.48641992,0.870647,0.073277175
1356513233562,-0.58682895,0.3515219,-0.72942734,-0.6557383,0.32216406,0.6828013,0.47501493,0.87900096,0.041451097
1356513233602,-0.5723583,0.30364752,-0.76171136,-0.679708,0.34393632,0.64784634,0.45869717,0.88854146,0.009536803
1356513233643,-0.57352924,0.26422858,-0.7754015,-0.69091755,0.35251266,0.63116384,0.44011036,0.8977294,-0.019616187
1356513233682,-0.60022396,0.24480876,-0.7614459,-0.67815983,0.34897935,0.64677083,0.42406407,0.9045894,-0.043446243
1356513233753,-0.667193,0.2615109,-0.6974709,-0.61675763,0.33110476,0.7141286,0.41768837,0.90663207,-0.05962199
1356513233763,-0.7804503,0.3319506,-0.52981716,-0.4556833,0.27820182,0.845551,0.42807728,0.9013393,-0.06585842
1356513233800,-0.8765443,0.43673986,-0.20230757,-0.15269609,0.14628357,0.97738683,0.45645803,0.8876145,-0.061535597
1356513233841,-0.8514302,0.4961347,0.1700504,0.17213959,-0.04191494,0.98418045,0.49541372,0.8672333,-0.04971683
1356513233881,-0.7634739,0.4970474,0.41237295,0.36729088,-0.19103998,0.9102753,0.5312297,0.84643227,-0.036706924
1356513233921,-0.69569534,0.47985408,0.534554,0.45833835,-0.27646965,0.84468365,0.55311286,0.8326491,-0.027596831
1356513233961,-0.6597013,0.46202844,0.5927258,0.5018862,-0.31619102,0.8050674,0.55937856,0.8285849,-0.023294091
1356513234001,-0.64852595,0.44781843,0.6155263,0.52227855,-0.3264792,0.7878048,0.55375004,0.8323881,-0.022155762
1356513234041,-0.66010493,0.4396421,0.6090782,0.5223963,-0.3139755,0.79279345,0.53978103,0.84150714,-0.022410631
1356513234081,-0.7010144,0.44050083,0.5608367,0.4894307,-0.27481252,0.82760835,0.5186871,0.8546561,-0.022947133
1356513234121,-0.78272635,0.45165578,0.42818996,0.38324597,-0.19229907,0.9034067,0.49036935,0.8712222,-0.022577763
1356513234161,-0.882161,0.4550792,0.12122217,0.116446495,-0.03863454,0.99244523,0.45632455,0.88961244,-0.018910408
1356513234201,-0.85215515,0.39520365,-0.34299505,-0.3074469,0.15228361,0.9393008,0.42344767,0.90588284,-0.008265138
1356513234241,-0.68171334,0.30941036,-0.6629723,-0.6103543,0.25913036,0.74854463,0.4034037,0.9149408,0.012197375
1356513234281,-0.5396969,0.2748803,-0.79571867,-0.7382705,0.29970187,0.6042644,0.40457872,0.9135752,0.041187882
1356513234321,-0.44694299,0.27904898,-0.8499257,-0.7871612,0.3286991,0.52185655,0.42499334,0.90226865,0.072746694
1356513234362,-0.3773548,0.29217798,-0.8787693,-0.80663484,0.3624357,0.46688396,0.45491055,0.88502675,0.09891409
1356513234402,-0.31536365,0.29319802,-0.9025413,-0.81633997,0.40112895,0.41555342,0.48387492,0.8678309,0.112847745
1356513234442,-0.25597876,0.27107868,-0.92789614,-0.8243457,0.44013768,0.35599563,0.50490487,0.8560345,0.11079669
1356513234482,-0.20036885,0.22538978,-0.9534421,-0.833288,0.4726036,0.2868396,0.5152509,0.85196555,0.0931195
1356513234522,-0.15284592,0.16528195,-0.97433054,-0.84339553,0.49206114,0.21577728,0.5150943,0.8547267,0.06418854
1356513234562,-0.11773077,0.10365075,-0.9876214,-0.8545874,0.49597147,0.15392438,0.5057864,0.8621304,0.030187547
1356513234602,-0.097249776,0.050247967,-0.9939908,-0.86681384,0.48648283,0.10939962,0.4890566,0.872244,-0.003754735
1356513234642,-0.09233391,0.010195166,-0.9956759,-0.8791933,0.468579,0.08632991,0.46743298,0.88336277,-0.034302175
1356513234682,-0.10376555,-0.014484614,-0.9944962,-0.8896432,0.4484287,0.086293936,0.44471073,0.8937012,-0.059417605
1356513234754,-0.13441506,-0.02111724,-0.9907001,-0.89426565,0.43327084,0.11209571,0.4268743,0.90101635,-0.07712251
1356513234772,-0.20295617,0.0016158521,-0.97918653,-0.8833945,0.4310768,0.18381265,0.42240164,0.9023138,-0.08606231
1356513234812,-0.30478922,0.058460265,-0.950624,-0.84624934,0.44133934,0.29846543,0.4369962,0.89543396,-0.08504355
1356513234852,-0.4489862,0.1636135,-0.8784316,-0.76095134,0.44529137,0.4718778,0.46836358,0.8803103,-0.07542777
1356513234893,-0.610275,0.30477688,-0.73121506,-0.61060774,0.40708655,0.67929286,0.5047006,0.861041,-0.06233561
1356513234932,-0.72683865,0.4236533,-0.540577,-0.43515974,0.32486862,0.8397002,0.5313583,0.8455639,-0.05177021
1356513234972,-0.78204894,0.48238942,-0.3945882,-0.309055,0.2496264,0.91769904,0.54118794,0.8396351,-0.046135187
1356513235012,-0.80499965,0.4950986,-0.3268836,-0.2536562,0.21085823,0.9440325,0.53631526,0.84286195,-0.044155896
1356513235052,-0.8140085,0.4822542,-0.32376075,-0.25466943,0.20464659,0.94512606,0.5220476,0.8517926,-0.043768644
1356513235092,-0.81183696,0.45292026,-0.36848873,-0.2985958,0.22028387,0.92860943,0.50175816,0.8639087,-0.04359448
1356513235151,-0.7952814,0.4097506,-0.44680202,-0.37499675,0.246602,0.8936246,0.47634548,0.8782323,-0.042462885
1356513235171,-0.7622417,0.35714677,-0.53984606,-0.46898392,0.27011502,0.8408876,0.44614083,0.89413875,-0.038396835
1356513235211,-0.71814746,0.30791566,-0.62406105,-0.5591949,0.2784322,0.780882,0.41420442,0.9097601,-0.02777052
1356513235248,-0.67498475,0.2803142,-0.6825098,-0.6270242,0.2696277,0.7308499,0.3888911,0.9212627,-0.0062307715
1356513235292,-0.6413546,0.2867728,-0.7116358,-0.6659992,0.25242293,0.70194566,0.3809321,0.924145,0.029097855
1356513235331,-0.61435616,0.32168454,-0.720476,-0.68410474,0.23781651,0.68952453,0.3931505,0.9164946,0.073961794
1356513235371,-0.589152,0.3687008,-0.71899897,-0.6909663,0.23140794,0.6848473,0.4188859,0.9002833,0.11842543
1356513235411,-0.5636071,0.4074527,-0.71856064,-0.6947249,0.2367909,0.67918134,0.4468829,0.8819934,0.14961052
1356513235451,-0.54047936,0.42522547,-0.7259926,-0.69819546,0.2548036,0.66902775,0.46947318,0.8684805,0.15917444
1356513235491,-0.5231884,0.41915268,-0.74201405,-0.7017917,0.28206456,0.654162,0.48348963,0.86298937,0.14658505
1356513235531,-0.51338875,0.39325857,-0.7627449,-0.70593107,0.31185,0.63593316,0.48794818,0.8649262,0.11751312
1356513235571,-0.51138955,0.35526216,-0.7824766,-0.71082795,0.3368082,0.61748195,0.48291248,0.87197995,0.08029002
1356513235611,-0.5169236,0.31288248,-0.7968027,-0.71562856,0.35283726,0.6028115,0.46975082,0.8818223,0.041517735
1356513235651,-0.53009725,0.27272886,-0.8028797,-0.71780336,0.35972202,0.5961194,0.4513925,0.892311,0.0050780773
1356513235691,-0.55185604,0.2408108,-0.7984141,-0.71343833,0.3594094,0.6015235,0.43181086,0.90157366,-0.02653855
1356513235753,-0.5847229,0.22418979,-0.7796397,-0.69621754,0.35460842,0.6241266,0.41638958,0.90773994,-0.051262736
1356513235773,-0.63271606,0.23241465,-0.73868394,-0.65551805,0.3470934,0.6706879,0.41227007,0.90857565,-0.06725961
1356513235812,-0.69766587,0.27645308,-0.66093576,-0.575877,0.3323955,0.74691296,0.42617846,0.9017134,-0.072698
1356513235853,-0.7694286,0.35870826,-0.5284959,-0.4440896,0.2942757,0.84627783,0.45909038,0.88584995,-0.0671255
1356513235892,-0.8194964,0.45489493,-0.34856313,-0.27615526,0.21949482,0.93571377,0.50215924,0.86307156,-0.05425358
1356513235933,-0.83188057,0.5271021,-0.17360298,-0.1241833,0.12808216,0.983958,0.5408818,0.8400942,-0.0410918
1356513235972,-0.82491344,0.5626949,-0.05378017,-0.025664061,0.05776137,0.9980005,0.56467617,0.8246442,-0.03320706
1356513236013,-0.81987596,0.57254016,0.0011282861,0.018971056,0.02519679,0.99950254,0.5722269,0.8194895,-0.03151989
1356513236052,-0.8235879,0.56718326,-0.0024710596,0.017324895,0.029511094,0.99941427,0.566924,0.8230627,-0.03413129
1356513236093,-0.8334466,0.5489453,-0.06344886,-0.03154856,0.0673638,0.9972296,0.5516987,0.8331393,-0.03882569
1356513236133,-0.838717,0.5121705,-0.18502745,-0.13457333,0.13429844,0.9817606,0.5276778,0.84831905,-0.043713927
1356513236173,-0.81907076,0.4482206,-0.3580802,-0.28975952,0.2154867,0.9325261,0.49513894,0.86756194,-0.046622634
1356513236213,-0.7587533,0.36239246,-0.54126257,-0.464969,0.2806089,0.83968,0.4561768,0.8887803,-0.04441166
1356513236252,-0.6723071,0.28468692,-0.6833421,-0.6107345,0.30834675,0.7293322,0.41833767,0.90767586,-0.033435524
1356513236293,-0.589063,0.24297296,-0.77069384,-0.70541036,0.3106439,0.63710016,0.39420944,0.9189475,-0.011593282
1356513236332,-0.5199763,0.23974031,-0.8198471,-0.7583259,0.3122018,0.5722516,0.3931495,0.91926855,0.019463778
1356513236372,-0.46034294,0.25955287,-0.8489503,-0.7858243,0.32575077,0.5257059,0.41299468,0.90913075,0.05400586
1356513236412,-0.40438092,0.2812951,-0.87025803,-0.8009633,0.3504231,0.48544976,0.44151312,0.8933513,0.08360267
1356513236453,-0.35224032,0.28902268,-0.89016443,-0.8114339,0.37964183,0.44435027,0.466371,0.8788277,0.10079759
1356513236493,-0.30793577,0.27695727,-0.91020346,-0.82057714,0.40684623,0.40140915,0.48148608,0.8705003,0.101982236
1356513236532,-0.2753809,0.24859971,-0.9286353,-0.82919127,0.42735124,0.36029524,0.48642272,0.86923474,0.0884524
1356513236572,-0.2563244,0.2119979,-0.943056,-0.8371346,0.4390627,0.32623553,0.48322198,0.8730869,0.06492829
1356513236612,-0.25046226,0.17422861,-0.95231986,-0.84416276,0.44228956,0.30293435,0.47398093,0.87978655,0.03630048
1356513236652,-0.25648233,0.1392318,-0.95646816,-0.85012126,0.43836096,0.29177648,0.45990282,0.8879494,0.0059320927
1356513236692,-0.273019,0.10936192,-0.9557723,-0.8544431,0.42893794,0.29315415,0.44202685,0.89668965,-0.023664653
1356513236754,-0.29921374,0.08726138,-0.9501877,-0.8551795,0.41718706,0.3076085,0.42324832,0.9046217,-0.05020398
1356513236772,-0.33539605,0.077536106,-0.93888116,-0.84825045,0.40872312,0.33677393,0.40985456,0.9093589,-0.0713141
1356513236811,-0.38310957,0.087509274,-0.9195484,-0.8277991,0.40917957,0.38382393,0.40984857,0.9082479,-0.084320545
1356513236851,-0.44501117,0.12647703,-0.8865487,-0.78641057,0.4183875,0.45443404,0.4283964,0.89941955,-0.08672428
1356513236891,-0.52046484,0.19819587,-0.8305629,-0.71787506,0.42512125,0.551296,0.4623546,0.8831706,-0.0789808
1356513236931,-0.5999006,0.2901526,-0.7456077,-0.6246701,0.41242683,0.6630924,0.4999066,0.8635483,-0.06616545
1356513236971,-0.6687985,0.3753844,-0.6417126,-0.52324224,0.37550932,0.7649904,0.5281345,0.8473956,-0.054723144
1356513237011,-0.719955,0.43431452,-0.5413277,-0.43352434,0.32765728,0.8394625,0.5419607,0.839054,-0.047612548
1356513237051,-0.75524825,0.46568558,-0.46123415,-0.36596134,0.28418982,0.8861763,0.5437576,0.838077,-0.04421085
1356513237091,-0.7787111,0.47567803,-0.40907148,-0.32416648,0.25318134,0.9114907,0.5371454,0.8423952,-0.042956233
1356513237131,-0.79310197,0.468766,-0.38890585,-0.310899,0.23750013,0.920291,0.52376634,0.850795,-0.042622924
1356513237172,-0.7989479,0.44651127,-0.4028771,-0.32892513,0.23639375,0.91429,0.5034784,0.8629865,-0.041997552
1356513237213,-0.7942215,0.41083685,-0.44768882,-0.37724742,0.24418604,0.89334065,0.4763366,0.8783998,-0.03895068
1356513237252,-0.7766819,0.37024593,-0.50959116,-0.44486207,0.2503277,0.85990334,0.4459405,0.89456916,-0.02971661
1356513237293,-0.7490452,0.34204352,-0.5673954,-0.51113963,0.24651617,0.82338697,0.4215063,0.9067723,-0.009819746
1356513237332,-0.71811295,0.341567,-0.6063379,-0.55948627,0.2347911,0.79488885,0.41387054,0.9100578,0.022495568
1356513237372,-0.6877623,0.36905414,-0.6251257,-0.58749807,0.2228589,0.7779331,0.4264143,0.9022932,0.06354457
1356513237412,-0.65758586,0.4096551,-0.6322686,-0.60289335,0.2171207,0.76770973,0.45177478,0.88602555,0.10420281
1356513237452,-0.6277984,0.44456187,-0.63893175,-0.6139412,0.22177976,0.75755525,0.47848225,0.8678585,0.13370192
1356513237492,-0.600935,0.46112987,-0.65286773,-0.6247589,0.23848361,0.74350643,0.4985513,0.854684,0.14478189
1356513237532,-0.57972443,0.45524526,-0.6757747,-0.63629425,0.26512164,0.7244585,0.50896883,0.8499778,0.13597244
1356513237572,-0.56561315,0.4297496,-0.70384437,-0.6482433,0.2958861,0.70159245,0.5097669,0.85309243,0.11122531
1356513237612,-0.5591388,0.39214945,-0.7304674,-0.6596899,0.3232205,0.67848194,0.50216836,0.86124754,0.077971935
1356513237652,-0.5603889,0.35038102,-0.75046474,-0.6692822,0.34217864,0.6595264,0.4878785,0.871864,0.042750657
1356513237692,-0.5694152,0.31056052,-0.7611297,-0.6749666,0.35188633,0.64853376,0.46924013,0.8830221,0.009248555
1356513237752,-0.58649856,0.2774364,-0.76095223,-0.6739521,0.35392267,0.6484808,0.4492304,0.89317846,-0.020596266
1356513237773,-0.6128765,0.2564519,-0.74740547,-0.6616958,0.35043675,0.66283697,0.43190414,0.9007922,-0.045081258
