1356513506622,-0.3264706,0.14904502,0.9333824,0.9237052,-0.15912294,0.348495,0.20046392,0.97594345,-0.08572471
1356513506642,-0.9777086,0.2048597,0.046027772,0.062481076,0.07458216,0.9952556,0.20045492,0.9759457,-0.085719526
1356513506658,-0.97771853,0.2048188,0.045997716,0.062445953,0.07457799,0.9952581,0.20041716,0.97595465,-0.08570635
1356513506689,-0.9777497,0.20469002,0.045908205,0.062347844,0.07459998,0.99526256,0.20029557,0.97598,-0.08570206
1356513506732,-0.97783947,0.20431691,0.045656405,0.06209769,0.07479262,0.99526376,0.19993445,0.9760434,-0.08582282
1356513506773,-0.97798663,0.20368147,0.045342453,0.061806165,0.07520819,0.9952506,0.19930398,0.9761442,-0.08614129
1356513506812,-0.9781775,0.20280349,0.045161985,0.06160719,0.07552034,0.9952394,0.19842735,0.976303,-0.086366415
1356513506851,-0.97837985,0.20176832,0.045413256,0.061667487,0.07501477,0.99527377,0.19740805,0.97655636,-0.0858354
1356513506893,-0.9785882,0.20059133,0.04613252,0.061918557,0.0731467,0.9953972,0.1962936,0.9769404,-0.084000826
1356513506933,-0.9787998,0.19929129,0.047264718,0.06232059,0.06996077,0.9956012,0.19510797,0.97743976,-0.08089763
1356513506973,-0.9790108,0.19792125,0.04863125,0.06283862,0.06614375,0.99582946,0.19387914,0.9779837,-0.077192545
1356513507013,-0.9792464,0.19644067,0.049875244,0.063254096,0.062428355,0.9960429,0.19254972,0.9785263,-0.07355845
1356513507054,-0.9795098,0.19487283,0.050844163,0.06356859,0.059604585,0.9961959,0.19110097,0.9790157,-0.0707711
1356513507094,-0.9797251,0.19355509,0.051722057,0.06407207,0.05809605,0.99625283,0.18982494,0.9793678,-0.069319606
1356513507133,-0.9796814,0.19337125,0.05321619,0.06545116,0.057440042,0.9962011,0.18957993,0.9794428,-0.068929315
1356513507175,-0.97908247,0.19550918,0.056335963,0.06865527,0.056812406,0.9960215,0.19153076,0.9790549,-0.069046736
1356513507214,-0.97772396,0.20064195,0.0616329,0.07410519,0.05524957,0.9957187,0.19637775,0.9781054,-0.06888747
1356513507253,-0.97578186,0.20785081,0.06817569,0.08069673,0.052358985,0.9953626,0.2033173,0.9767583,-0.06786388
1356513507292,-0.97339565,0.21639904,0.075314745,0.08765455,0.04798919,0.99499434,0.21170153,0.9751249,-0.06568086
1356513507334,-0.9708423,0.22527729,0.0819477,0.09395756,0.043099225,0.99464285,0.22053857,0.973341,-0.06300902
1356513507373,-0.96825385,0.23409534,0.08765827,0.0994674,0.03910154,0.9942723,0.22932692,0.971427,-0.061145127
1356513507413,-0.9656554,0.24284074,0.09240155,0.10441517,0.037046373,0.99384356,0.23792256,0.96935856,-0.061130285
1356513507453,-0.96300805,0.2516779,0.09629994,0.109008335,0.03701651,0.99335134,0.2464399,0.9671029,-0.06308222
1356513507493,-0.9601617,0.26106992,0.099659614,0.11341534,0.038125515,0.99281585,0.2553948,0.9645667,-0.06621599
1356513507533,-0.95693874,0.2715207,0.102687575,0.117633455,0.039309382,0.9922788,0.26538765,0.9616295,-0.069556594
1356513507573,-0.9533722,0.28299153,0.10486815,0.12106719,0.040323555,0.991825,0.2764494,0.95827436,-0.072704315
1356513507613,-0.94976735,0.29485238,0.104900464,0.122527555,0.041903853,0.9915801,0.287974,0.9546236,-0.07592642
1356513507665,-0.9465526,0.30625665,0.10121829,0.120655715,0.04516536,0.99166644,0.29913288,0.95087695,-0.07970297
1356513507693,-0.94426316,0.3160916,0.09194155,0.11377184,0.051275432,0.99218285,0.30890632,0.94734204,-0.08437979
1356513507733,-0.9432378,0.32337683,0.075696155,0.10060133,0.060982823,0.9930561,0.3165152,0.9443032,-0.09005344
1356513507775,-0.9432533,0.32791826,0.052372307,0.08091503,0.07400274,0.99397,0.32206523,0.94180316,-0.09633684
1356513507813,-0.94336325,0.3309199,0.02361767,0.05598849,0.08863157,0.99448967,0.32700318,0.93948734,-0.10213947
1356513507853,-0.9422241,0.33491307,-0.006861508,0.02900131,0.10196251,0.9943654,0.33372557,0.936716,-0.105784416
1356513507893,-0.9389898,0.34212887,-0.035297573,0.003029421,0.11084849,0.9938327,0.34393153,0.9330919,-0.10512209
1356513507933,-0.93399835,0.35208532,-0.060687855,-0.021734625,0.11355424,0.993294,0.3566156,0.929054,-0.09840703
1356513507973,-0.92859715,0.36106193,-0.0856832,-0.048245475,0.11147171,0.9925958,0.3679398,0.9258555,-0.08609271
1356513508013,-0.9240133,0.3649365,-0.11410849,-0.07930857,0.10901791,0.9908709,0.37404484,0.9246277,-0.07179141
1356513508053,-0.92023426,0.3622459,-0.14814425,-0.11513085,0.111213446,0.98710513,0.37405038,0.925424,-0.0606367
1356513508093,-0.91609,0.35391596,-0.18847448,-0.15499046,0.12096298,0.98048246,0.36980683,0.9274219,-0.055959344
1356513508133,-0.9099509,0.34091944,-0.23614244,-0.20000958,0.13805002,0.97001976,0.36329806,0.92990106,-0.05743158
1356513508173,-0.8998575,0.32309446,-0.29302952,-0.25332925,0.15976208,0.9540966,0.3550783,0.932784,-0.06191379
1356513508213,-0.8832697,0.299758,-0.36052698,-0.31800976,0.18202597,0.9304495,0.34453493,0.936489,-0.0654521
1356513508253,-0.85722214,0.27126643,-0.43770382,-0.3945968,0.20008922,0.8968041,0.33085266,0.94147694,-0.06448001
1356513508293,-0.81991345,0.2410796,-0.519252,-0.4786484,0.2089079,0.8527914,0.31406647,0.94775426,-0.055894017
1356513508333,-0.7728517,0.21762037,-0.59610534,-0.56082255,0.20533574,0.8020694,0.29694834,0.95419,-0.036647677
1356513508373,-0.72094464,0.21225427,-0.659687,-0.63112533,0.1920625,0.7515269,0.2862159,0.9581545,-0.0045073032
1356513508413,-0.6682037,0.23180844,-0.7069432,-0.6853158,0.17805064,0.7061447,0.289562,0.9563278,0.039887905
1356513508452,-0.61387676,0.27131605,-0.74131155,-0.7265257,0.17308784,0.6649819,0.30873227,0.94679886,0.090863526
1356513508493,-0.5553591,0.31474456,-0.7697482,-0.7605362,0.18219239,0.62320995,0.33639422,0.93152666,0.13819236
1356513508533,-0.4931894,0.3442948,-0.79889,-0.7911993,0.20421898,0.5764531,0.36161828,0.91638184,0.17168719
1356513508573,-0.43177235,0.3501508,-0.83124423,-0.8191669,0.2335177,0.52386534,0.37754214,0.90711844,0.18600553
1356513508613,-0.37607777,0.3312331,-0.8653614,-0.8438029,0.2634372,0.46754414,0.3828345,0.9060274,0.18042248
1356513508662,-0.32965046,0.29251397,-0.8976448,-0.8644506,0.28871608,0.41154364,0.37954682,0.91163516,0.15768844
1356513508693,-0.2942618,0.24249223,-0.9244498,-0.88096774,0.30620474,0.36074153,0.37054792,0.920563,0.12352353
1356513508732,-0.27010596,0.1891653,-0.9440653,-0.89389783,0.3150574,0.31888163,0.35775608,0.93002975,0.08399558
1356513508773,-0.256349,0.13772291,-0.95672226,-0.90403813,0.31610522,0.28773686,0.34205282,0.93867445,0.0434736
1356513508813,-0.25173753,0.09115866,-0.96349275,-0.91190124,0.31109118,0.26769108,0.32413647,0.94599813,0.0048143268
1356513508853,-0.2555412,0.05259502,-0.9653665,-0.9170378,0.30302984,0.25925782,0.30617055,0.95152867,-0.029205024
1356513508893,-0.2679756,0.026171625,-0.96307015,-0.91776985,0.29714456,0.26344568,0.29306588,0.9544738,-0.055607975
1356513508933,-0.29072842,0.017201126,-0.956651,-0.9112739,0.29978397,0.28232855,0.29164496,0.953852,-0.07148075
1356513508973,-0.326281,0.03096363,-0.94476557,-0.8941679,0.31406844,0.31910005,0.30660155,0.94889534,-0.074787915
1356513509013,-0.37554783,0.06904635,-0.9242274,-0.8637186,0.33554816,0.3760287,0.3360862,0.93948925,-0.0663777
1356513509053,-0.43409574,0.12362683,-0.8923437,-0.8210933,0.35322642,0.44837135,0.3706301,0.92733353,-0.051824927
1356513509093,-0.49220186,0.17826128,-0.852033,-0.77382946,0.35866046,0.5220638,0.39865434,0.91628903,-0.038589537
1356513509132,-0.5412648,0.21894056,-0.8118483,-0.7318191,0.35282236,0.5830585,0.4140934,0.90971506,-0.030745447
1356513509173,-0.57804304,0.24185212,-0.7793419,-0.70097154,0.34175676,0.6259722,0.41773802,0.90813535,-0.028018594
1356513509213,-0.60256755,0.24893138,-0.7582516,-0.68338454,0.32977057,0.65133464,0.41218668,0.9106506,-0.028593183
1356513509253,-0.6154669,0.2423736,-0.7499703,-0.6800402,0.3177179,0.66075766,0.39842916,0.9166844,-0.030721009
1356513509293,-0.61727893,0.22388366,-0.7542167,-0.69110775,0.30379003,0.65580606,0.37594774,0.9260603,-0.03279549
1356513509333,-0.6090767,0.19690502,-0.7682799,-0.71434593,0.2846663,0.639277,0.34458026,0.9381863,-0.032725275
1356513509373,-0.5940157,0.16920549,-0.7864571,-0.7437058,0.25718027,0.6170575,0.30667084,0.95143455,-0.026930034
1356513509412,-0.57828116,0.15375736,-0.80121756,-0.76983905,0.22226268,0.59828687,0.27007177,0.96278656,-0.010161936
1356513509453,-0.5680853,0.1629583,-0.8066745,-0.7848128,0.18773317,0.59061414,0.24768499,0.9686077,0.021243334
1356513509493,-0.56464845,0.19855908,-0.8010909,-0.7871237,0.16235274,0.5950445,0.24821085,0.96654844,0.06461823
1356513509532,-0.56453145,0.24903962,-0.7869456,-0.7806152,0.14872986,0.6070578,0.26822373,0.957005,0.110441506
1356513509573,-0.5647092,0.29655713,-0.770167,-0.77066416,0.1443829,0.6206692,0.29526278,0.94403785,0.1470117
1356513509612,-0.5659053,0.32776505,-0.7565191,-0.7605807,0.14662552,0.63246965,0.31822643,0.9333118,0.16631562
1356513509667,-0.57080144,0.33770648,-0.7484251,-0.7507291,0.15452445,0.64228356,0.3325533,0.92848074,0.1653232
1356513509693,-0.58192337,0.32868522,-0.74386245,-0.7392568,0.16739649,0.65228665,0.33891696,0.92948616,0.14557081
1356513509728,-0.60210335,0.30961546,-0.7359413,-0.7223654,0.18137413,0.66730165,0.34008762,0.93340325,0.11444956
1356513509772,-0.62981546,0.28520948,-0.7224874,-0.6997542,0.19540983,0.6871383,0.33715945,0.93833387,0.07650441
1356513509811,-0.6667534,0.2613905,-0.6979361,-0.66787463,0.20601732,0.7151925,0.33073145,0.94299084,0.037213385
1356513509851,-0.7092795,0.2400968,-0.66277903,-0.62749916,0.21335721,0.7488147,0.32119668,0.9470122,-6.6930056E-4
1356513509891,-0.75757337,0.22655097,-0.61217415,-0.5736997,0.21627033,0.7899972,0.31136978,0.9496851,-0.033868432
1356513509931,-0.81074315,0.2284711,-0.53897727,-0.4985028,0.21323973,0.8402523,0.30690473,0.9499104,-0.058989167
1356513509971,-0.86456627,0.25356254,-0.4338561,-0.39231506,0.19894779,0.8980583,0.31402865,0.9466392,-0.07252711
1356513510011,-0.9067723,0.30117112,-0.29505938,-0.25541806,0.16439867,0.95275116,0.3354485,0.93929183,-0.07214767
1356513510053,-0.92353135,0.35641694,-0.14162183,-0.11015771,0.107191384,0.98811704,0.36736232,0.92815787,-0.059732556
1356513510091,-0.91622216,0.40063095,-0.0056441575,0.011740193,0.04092461,0.99909323,0.4004987,0.9153251,-0.042199492
1356513510131,-0.8999094,0.42590594,0.09363325,0.09631868,-0.015282273,0.99523324,0.42530668,0.90463835,-0.02726996
1356513510171,-0.886684,0.4350978,0.15646504,0.14855862,-0.052372456,0.9875158,0.43786043,0.89885867,-0.018199742
1356513510211,-0.8807143,0.43390572,0.18991624,0.17673887,-0.07094598,0.98169756,0.43943793,0.8981607,-0.01420486
1356513510253,-0.8829613,0.42594665,0.1973548,0.18367779,-0.07342422,0.98024046,0.43202072,0.90176404,-0.013406277
1356513510292,-0.8944696,0.41136125,0.17523131,0.1651496,-0.06024176,0.98442703,0.41551134,0.90947944,-0.014051735
1356513510332,-0.9147393,0.3876001,0.114096746,0.11062878,-0.03132999,0.9933678,0.3886041,0.92129505,-0.014220893
1356513510372,-0.9363649,0.35100967,0.0036157072,0.0071937293,0.008890033,0.9999346,0.35095456,0.93632966,-0.010849357
1356513510412,-0.94060093,0.30383298,-0.15151082,-0.14454445,0.04542947,0.9884549,0.30720824,0.9516416,0.0011863112
1356513510452,-0.9119946,0.26333153,-0.31451944,-0.31007016,0.05943358,0.94885415,0.2685562,0.9628729,0.027448177
1356513510492,-0.86028934,0.2518642,-0.44324574,-0.4455074,0.0512653,0.89380926,0.24784169,0.9664038,0.06810433
1356513510532,-0.8044295,0.27233452,-0.52794623,-0.53887963,0.039485574,0.84145683,0.25000402,0.9613921,0.11499208
1356513510572,-0.7518855,0.3091147,-0.58233696,-0.6016064,0.039642632,0.7978083,0.26969963,0.9501982,0.15615869
1356513510612,-0.7027923,0.34274712,-0.6233838,-0.64684486,0.056851268,0.7604996,0.29609925,0.9377059,0.18174958
1356513510663,-0.65722924,0.35935152,-0.66250753,-0.6824579,0.089286804,0.7254509,0.31984502,0.9289211,0.18656045
1356513510693,-0.6163705,0.35364357,-0.7035791,-0.7120496,0.13123667,0.6897552,0.33626288,0.92612803,0.17092139
1356513510732,-0.5826004,0.32887882,-0.74324656,-0.7357972,0.17500412,0.65419877,0.3452233,0.92801523,0.14003068
1356513510772,-0.5590246,0.29341835,-0.77549815,-0.7524349,0.21339661,0.6231402,0.34832942,0.9318625,0.10148424
1356513510812,-0.54869163,0.25621158,-0.79579717,-0.7604812,0.2424509,0.6024002,0.34728366,0.9357207,0.061813295
1356513510852,-0.5532926,0.22358039,-0.8024208,-0.7588502,0.26198483,0.59624684,0.3435312,0.9388162,0.024709761
1356513510892,-0.573065,0.19917068,-0.79493874,-0.74652064,0.2733084,0.60663784,0.33808786,0.94108105,-0.007938445
1356513510932,-0.60790914,0.18605074,-0.77190125,-0.7210312,0.2777586,0.6347945,0.33250618,0.9424623,-0.034703553
1356513510972,-0.6579592,0.18895374,-0.72896236,-0.67657924,0.2767064,0.6824032,0.3306511,0.94219434,-0.054219306
1356513511012,-0.7222868,0.21447231,-0.6574979,-0.603487,0.26889473,0.7506658,0.33779472,0.9389874,-0.064787924
1356513511071,-0.79245716,0.2640978,-0.54978544,-0.49548525,0.24689478,0.8327889,0.35567683,0.9323601,-0.064796925
1356513511091,-0.8497706,0.32325324,-0.41641006,-0.36689284,0.20453632,0.9074991,0.37852302,0.9239439,-0.055209696
1356513511131,-0.8826612,0.36819452,-0.2921335,-0.2528556,0.15194952,0.9554975,0.39619845,0.91724813,-0.041019917
1356513511168,-0.8981904,0.38937303,-0.20406535,-0.17574808,0.10743916,0.9785547,0.40294746,0.91479254,-0.028069258
1356513511198,-0.90600044,0.396156,-0.14907573,-0.12891899,0.07719785,0.98864573,0.4031663,0.9149322,-0.01886928
1356513511242,-0.91184926,0.39080155,-0.12571837,-0.10980664,0.06289786,0.9919608,0.3955673,0.91832346,-0.0144408345
1356513511281,-0.916103,0.37826383,-0.13293506,-0.117327675,0.064127624,0.9910206,0.3833921,0.9234739,-0.014366686
1356513511321,-0.91781944,0.35862762,-0.17027554,-0.15204245,0.078673124,0.98523784,0.36672965,0.93015957,-0.017681181
1356513511361,-0.9128702,0.3294511,-0.24110165,-0.21893331,0.10341382,0.97024417,0.34458128,0.9384922,-0.022275627
1356513511401,-0.8937443,0.2901675,-0.34208775,-0.31722748,0.13033825,0.9393502,0.31715602,0.9480584,-0.02443993
1356513511441,-0.8556523,0.25029305,-0.453004,-0.42901382,0.14657849,0.89132595,0.28949332,0.95701003,-0.018041015
1356513511481,-0.8075508,0.23025653,-0.542995,-0.52341855,0.14453703,0.8397273,0.27183557,0.9623362,0.0037996173
1356513511522,-0.76505333,0.2433329,-0.5962237,-0.58358943,0.1294353,0.80166703,0.27224436,0.96126777,0.042981565
1356513511561,-0.732099,0.28065553,-0.62069595,-0.61733675,0.11184329,0.7787082,0.28796947,0.95326996,0.09137857
1356513511601,-0.7034874,0.32070845,-0.634233,-0.64058244,0.10039812,0.7612978,0.3078304,0.94184196,0.13481146
1356513511666,-0.67587155,0.34643888,-0.6505211,-0.6629188,0.09996241,0.74198794,0.32208115,0.9327313,0.16209912
1356513511683,-0.6501079,0.35161135,-0.6735942,-0.68562686,0.110672176,0.7194911,0.32752937,0.92958117,0.16912532
1356513511722,-0.62935776,0.33870944,-0.6994175,-0.70525324,0.12905991,0.69710934,0.3263843,0.93199754,0.157651
1356513511762,-0.6183582,0.31552547,-0.71977544,-0.7164673,0.15004909,0.6812928,0.3229668,0.9369786,0.13327962
1356513511801,-0.6220264,0.29076675,-0.7270062,-0.71426487,0.16969037,0.6789926,0.32079446,0.9416262,0.1021325
1356513511841,-0.6436386,0.27063453,-0.71588147,-0.6947165,0.18583417,0.694863,0.32108915,0.94457537,0.0684042
1356513511881,-0.6833241,0.25788313,-0.6830554,-0.65495896,0.19690943,0.72955847,0.3226409,0.94589806,0.0343498
1356513511921,-0.73817897,0.25343323,-0.62519073,-0.59204584,0.20086884,0.7804701,0.32337838,0.94626814,0.0017669201
1356513511961,-0.80299026,0.25934955,-0.5366045,-0.50050694,0.1953724,0.84339935,0.32357296,0.94581574,-0.027075887
1356513512001,-0.86929655,0.2805024,-0.40699115,-0.3701814,0.17618072,0.9120998,0.3275502,0.94354576,-0.049316525
1356513512041,-0.9197249,0.31908077,-0.22867791,-0.19478953,0.13481265,0.97153616,0.34082717,0.9380901,-0.061836958
1356513512082,-0.93123114,0.3636791,-0.023367986,0.0012402833,0.067284584,0.997733,0.36442697,0.9290911,-0.06310856
1356513512122,-0.90502775,0.39549494,0.15655197,0.16587989,-0.010741115,0.9860875,0.39167416,0.91840535,-0.055883646
1356513512162,-0.869053,0.40815362,0.27956668,0.27326158,-0.07504034,0.9590084,0.41240153,0.90982395,-0.04631865
1356513512202,-0.8429312,0.40698588,0.35189396,0.33481288,-0.11517316,0.9352195,0.4211499,0.9061444,-0.039180994
1356513512243,-0.82968664,0.3990927,0.39031398,0.3682284,-0.1342352,0.9199939,0.41955674,0.9070314,-0.03558415
1356513512283,-0.8274354,0.3894029,0.40461835,0.38209668,-0.13761443,0.9138186,0.41152492,0.91072917,-0.03492254
1356513512323,-0.8371159,0.37997517,0.39351735,0.3744268,-0.12644118,0.91859525,0.39880016,0.91631407,-0.03642696
1356513512363,-0.8629007,0.36991322,0.34433508,0.3325237,-0.09749782,0.9380417,0.38056594,0.92393637,-0.03887397
1356513512403,-0.90604067,0.35498357,0.23038451,0.22925518,-0.045874834,0.97228473,0.35571396,0.9337463,-0.039817333
1356513512443,-0.9450692,0.32630932,0.019141614,0.029409707,0.026562572,0.9992144,0.32554454,0.9448898,-0.034700155
1356513512483,-0.9221707,0.28188682,-0.2648416,-0.2480889,0.094239056,0.96414256,0.29673752,0.95480824,-0.016971469
1356513512522,-0.826567,0.2503823,-0.5040791,-0.48841196,0.12600946,0.86346704,0.27971563,0.95991164,0.018134415
1356513512563,-0.72061914,0.25649107,-0.6441433,-0.6342083,0.13155395,0.761888,0.2801571,0.9575521,0.06786835
1356513512603,-0.62809926,0.28546435,-0.72387946,-0.7208465,0.13687587,0.67944497,0.29303893,0.9485648,0.11980432
1356513512666,-0.53973955,0.31008,-0.7826439,-0.7833013,0.1556192,0.60184854,0.30841556,0.9378875,0.15889227
1356513512683,-0.44919878,0.31258225,-0.8369664,-0.8342675,0.1884824,0.51814294,0.3197157,0.9310031,0.17611116
1356513512722,-0.35857713,0.2879317,-0.8879852,-0.8749591,0.22789478,0.42721254,0.3253753,0.93013936,0.1702106
1356513512763,-0.2743715,0.24134895,-0.93084425,-0.904549,0.2637474,0.33500513,0.32636088,0.93391,0.14594716
1356513512802,-0.20374691,0.18384358,-0.96160734,-0.92380214,0.28910857,0.25100952,0.32415536,0.9394774,0.110930145
1356513512842,-0.15082693,0.12562367,-0.98054576,-0.9352498,0.30319488,0.18270364,0.32024837,0.9446119,0.07175958
1356513512883,-0.11649105,0.07303667,-0.9905026,-0.94157696,0.30919412,0.13353604,0.3160106,0.94819015,0.03275132
1356513512922,-0.10048172,0.029758573,-0.9944937,-0.94464135,0.31093463,0.104748935,0.31233966,0.94996524,-0.0031320453
1356513512963,-0.10330778,-0.0011644065,-0.9946487,-0.94480956,0.31269294,0.09776524,0.31090578,0.94985354,-0.033403754
1356513513003,-0.1271964,-0.015927047,-0.99174964,-0.9401969,0.32047442,0.115437895,0.31599176,0.9471233,-0.055737734
1356513513043,-0.17722774,-0.008171439,-0.9841359,-0.9262257,0.3394351,0.1639806,0.33271033,0.94059396,-0.0677259
1356513513083,-0.2603422,0.03076309,-0.96502626,-0.8950391,0.3671678,0.2531658,0.3621147,0.9296459,-0.06805509
1356513513123,-0.37660286,0.104252696,-0.92048985,-0.8365447,0.388575,0.38626727,0.39794868,0.9155003,-0.059126377
1356513513163,-0.5047227,0.19638205,-0.84064806,-0.7490796,0.38440835,0.53954613,0.42910933,0.90203345,-0.046913862
1356513513204,-0.6100711,0.27484757,-0.74315,-0.6540835,0.35466337,0.66812325,0.44720006,0.89368486,-0.036596596
1356513513243,-0.67719364,0.32078564,-0.6621975,-0.580928,0.31924653,0.7487351,0.4515877,0.8917277,-0.029838324
1356513513283,-0.7114689,0.33654907,-0.6168848,-0.54311925,0.2936883,0.78661853,0.44590762,0.89469653,-0.026163876
1356513513323,-0.72048837,0.32951683,-0.6101764,-0.54155093,0.282237,0.7918743,0.43315023,0.90097773,-0.02489829
1356513513363,-0.70729655,0.30367124,-0.63836926,-0.57331717,0.28188962,0.769315,0.41356856,0.9101219,-0.025279641
1356513513403,-0.67297965,0.26248586,-0.6915198,-0.6310141,0.28402758,0.7219069,0.38590103,0.9221873,-0.025512516
1356513513443,-0.62281454,0.21584997,-0.75200456,-0.6994703,0.27697563,0.65880644,0.35049027,0.936319,-0.021523833
1356513513483,-0.56911284,0.18174899,-0.8019214,-0.76031446,0.25504577,0.597389,0.31310147,0.94969416,-0.006963432
1356513513522,-0.5226556,0.1752272,-0.83434194,-0.8037187,0.2251637,0.55076087,0.2843718,0.95843446,0.023150325
1356513513562,-0.48338765,0.19652084,-0.8530626,-0.8320687,0.19966704,0.5174889,0.27202582,0.95995444,0.0670023
1356513513602,-0.4443032,0.23213652,-0.8652786,-0.8526772,0.18672878,0.48792815,0.2748383,0.9545915,0.114973426
1356513513666,-0.4009053,0.26488417,-0.87698984,-0.8704769,0.1882515,0.45478708,0.2855605,0.945726,0.15510458
1356513513682,-0.3542673,0.28186852,-0.8916529,-0.88690096,0.20102537,0.41592726,0.29648167,0.9381572,0.17877275
1356513513722,-0.30860466,0.27674484,-0.91004145,-0.90170753,0.21944827,0.3725131,0.30279812,0.9355506,0.18182015
1356513513762,-0.26851487,0.2504073,-0.9301592,-0.91416144,0.23815566,0.32801038,0.30365887,0.93839127,0.16496438
1356513513802,-0.23775756,0.20965034,-0.9484293,-0.9235231,0.25374866,0.2876051,0.30095917,0.94427663,0.13328624
1356513513842,-0.21895564,0.1638493,-0.9618795,-0.92936283,0.26527154,0.25674084,0.2972261,0.9501498,0.094192624
1356513513882,-0.21345297,0.120815635,-0.96945417,-0.9315194,0.2739283,0.23923814,0.29446468,0.9541315,0.054071367
1356513513922,-0.22184423,0.0857988,-0.9713,-0.929627,0.28198102,0.23723465,0.29424262,0.9555759,0.01720506
1356513513962,-0.24482486,0.06270504,-0.9675375,-0.92242223,0.29232612,0.25235426,0.2986603,0.9542607,-0.013728142
1356513514003,-0.2834047,0.05566755,-0.95738333,-0.90711105,0.30837297,0.2864536,0.3111773,0.94963527,-0.03689766
1356513514042,-0.33903572,0.07066345,-0.93811595,-0.8790521,0.3314428,0.3426559,0.33514503,0.94082534,-0.050254047
1356513514082,-0.41177797,0.11317703,-0.90422887,-0.8328445,0.35600424,0.42382908,0.36987704,0.9276055,-0.05233586
1356513514122,-0.49492705,0.17922232,-0.85025096,-0.76730657,0.36905932,0.5244387,0.40778413,0.911962,-0.045138955
1356513514162,-0.57388353,0.24975309,-0.77992374,-0.69224834,0.3608938,0.62493825,0.4375499,0.89854276,-0.0342198
1356513514203,-0.6368023,0.30295527,-0.70901394,-0.6248082,0.3360445,0.7047615,0.45177147,0.8917916,-0.024704993
1356513514242,-0.68237716,0.33163762,-0.651443,-0.57510996,0.30654013,0.7584733,0.45123172,0.8922162,-0.018447936
1356513514282,-0.7146371,0.34064105,-0.61094815,-0.5430917,0.28025424,0.7915232,0.44084615,0.8974527,-0.015280783
1356513514322,-0.7374179,0.33619636,-0.5858216,-0.5254119,0.2595114,0.81030625,0.42444944,0.9053319,-0.014726758
1356513514362,-0.75308216,0.3215327,-0.57400703,-0.52017236,0.24322426,0.8186958,0.40284985,0.91512775,-0.015915394
1356513514402,-0.76289356,0.29840684,-0.57353884,-0.52658784,0.22788465,0.8190078,0.37509823,0.9268344,-0.016714334
1356513514442,-0.76759666,0.2714203,-0.58062583,-0.542108,0.20834774,0.81407005,0.34192726,0.9396394,-0.012787938
1356513514482,-0.76820815,0.25123775,-0.5888427,-0.56048024,0.18056053,0.8082449,0.3093834,0.95093507,0.0021057725
1356513514522,-0.76586735,0.25053447,-0.59218204,-0.57495254,0.14550716,0.8051442,0.2878831,0.9571103,0.032606304
1356513514562,-0.7603368,0.27286804,-0.5894326,-0.5841493,0.10952169,0.8042229,0.28400236,0.955797,0.0761224
1356513514602,-0.75077635,0.3085615,-0.58405876,-0.59129953,0.080200255,0.80245423,0.29444814,0.9478173,0.12223983
1356513514666,-0.73860973,0.34191877,-0.58098805,-0.59880793,0.06310558,0.79840255,0.3096524,0.93760824,0.15813333
1356513514683,-0.7279936,0.36158168,-0.58248085,-0.6053924,0.059695303,0.7936854,0.32175344,0.9304274,0.17544109
1356513514729,-0.72312874,0.36368895,-0.5872096,-0.60805106,0.06809926,0.7909717,0.3276562,0.92902786,0.171897
1356513514761,-0.7263566,0.3506794,-0.591126,-0.6041415,0.084365666,0.7923986,0.3277486,0.93268776,0.15058047
1356513514801,-0.73810506,0.32874128,-0.5891775,-0.5918106,0.10386586,0.79935735,0.32397717,0.9386912,0.11788869
1356513514841,-0.7575568,0.3036981,-0.5778194,-0.57000256,0.12363142,0.81228834,0.3181271,0.94471306,0.079450786
1356513514883,-0.78348106,0.27995682,-0.5547808,-0.53781044,0.1417768,0.83105916,0.31131572,0.94948596,0.039484203
1356513514921,-0.8139945,0.26133502,-0.5187648,-0.49451083,0.15677547,0.8549155,0.3047489,0.9524313,0.0016186237
1356513514962,-0.8469877,0.2535279,-0.46726382,-0.43758515,0.16663289,0.88360214,0.3018793,0.95286787,-0.030195951
1356513515002,-0.8794557,0.2645235,-0.39570814,-0.36200523,0.16806573,0.9169003,0.30904663,0.9496217,-0.05204743
1356513515042,-0.905785,0.29988423,-0.2993709,-0.26354542,0.1545332,0.95218873,0.33180913,0.9413761,-0.060940742
1356513515082,-0.91763777,0.3536556,-0.18129727,-0.14803049,0.119196415,0.9817735,0.36881968,0.9277499,-0.0570274
1356513515122,-0.9115384,0.4070436,-0.058422133,-0.034860253,0.065069854,0.99727154,0.40973455,0.911088,-0.045124054
1356513515162,-0.8956376,0.44217718,0.048089147,0.05729778,0.0074840784,0.99832904,0.44107845,0.8968965,-0.03203875
1356513515202,-0.8813038,0.45476675,0.1284162,0.124165356,-0.039349377,0.99148095,0.45594573,0.8897408,-0.021787465
1356513515243,-0.873483,0.45076317,0.18395628,0.17040747,-0.070875645,0.98282135,0.45605773,0.88982534,-0.014904678
1356513515283,-0.87250435,0.43749118,0.21757236,0.19940901,-0.08768678,0.9759852,0.44606313,0.8949372,-0.010732651
1356513515322,-0.8791383,0.41897985,0.22709411,0.20879498,-0.089723885,0.9738348,0.42839295,0.90355164,-0.008601189
1356513515362,-0.8954342,0.39580485,0.20380436,0.18954054,-0.07528901,0.97898215,0.40283006,0.9152432,-0.007604778
1356513515403,-0.9207963,0.36667323,0.1329846,0.12558427,-0.044082582,0.99110305,0.3692733,0.92930484,-0.0054573417
1356513515442,-0.94343245,0.33156097,0.0015930533,5.8212876E-4,-0.0031483173,0.9999949,0.33156428,0.9434285,0.0027772188
1356513515482,-0.93762034,0.29844183,-0.17832679,-0.17706263,0.031502604,0.98369527,0.29919356,0.9539077,0.023305476
1356513515522,-0.8891757,0.28384757,-0.35888308,-0.36019814,0.04947287,0.931563,0.28217685,0.95759225,0.05825126
1356513515562,-0.8135747,0.29472727,-0.50123054,-0.50808907,0.05882007,0.8592937,0.28273967,0.9537693,0.101893246
1356513515602,-0.72873074,0.31880534,-0.60606486,-0.6182139,0.074409306,0.7824799,0.29455566,0.9448949,0.14286554
1356513515666,-0.6393173,0.33655423,-0.69137883,-0.70401543,0.10541588,0.7023174,0.30925024,0.93574506,0.16954511
1356513515682,-0.5438272,0.3327315,-0.7704167,-0.7751535,0.15258497,0.6130701,0.32154173,0.93059534,0.17493814
1356513515722,-0.44135678,0.300454,-0.84553623,-0.8346355,0.20857781,0.5097831,0.3295265,0.93071085,0.15871233
1356513515762,-0.33575827,0.24310586,-0.9100362,-0.8811873,0.2603048,0.394652,0.33282903,0.9344201,0.1268223
1356513515802,-0.23581195,0.17227617,-0.9564066,-0.9134755,0.29651856,0.27863827,0.33159503,0.93936026,0.087447405
1356513515842,-0.15078986,0.10133603,-0.98335826,-0.9329889,0.3142441,0.17544925,0.3267939,0.9439182,0.047160566
1356513515991,-0.08666563,0.039877355,-0.995439,-0.94340104,0.3177969,0.09486604,0.3201304,0.94731987,0.010078251
1356513515993,-0.04692781,-0.0067073107,-0.99887574,-0.9482971,0.3145337,0.04243955,0.31389543,0.94922256,-0.021120906
1356513515994,-0.03393805,-0.03637263,-0.9987619,-0.95002806,0.31146163,0.02093932,0.31031442,0.94956243,-0.045125425
1356513515999,-0.04882276,-0.043591768,-0.9978557,-0.9458251,0.3230796,0.032163143,0.32098478,0.9453673,-0.057003856
1356513516042,-0.13140291,-0.0121611655,-0.99125445,-0.9294708,0.34919912,0.11892858,0.3446989,0.93696964,-0.057189226
1356513516083,-0.28891155,0.07047853,-0.95475805,-0.8788742,0.37592676,0.29369918,0.37961856,0.92396533,-0.046667814
1356513516123,-0.5221259,0.21152768,-0.82622063,-0.7442218,0.36015588,0.5625137,0.4165554,0.90859437,-0.030623198
1356513516163,-0.7320978,0.35260007,-0.582843,-0.5163908,0.2707526,0.81242454,0.4442672,0.895749,-0.016137958
1356513516202,-0.83221287,0.42630583,-0.35452104,-0.31223732,0.16804296,0.9350237,0.45818084,0.88883346,-0.006738901
1356513516243,-0.86268365,0.4465232,-0.23747405,-0.20981745,0.11124647,0.9713912,0.46016684,0.88782954,-0.0022821426
1356513516282,-0.8644024,0.4391438,-0.24486972,-0.21758208,0.11234611,0.9695547,0.45328414,0.89136475,-0.0015624166
1356513516323,-0.8264647,0.4015919,-0.39456326,-0.35325253,0.17579675,0.91886246,0.43837065,0.89878786,-0.0034264922
1356513516363,-0.67962086,0.30482653,-0.66723025,-0.60528934,0.28082258,0.74482447,0.4144156,0.9100656,-0.0063446164
1356513516403,-0.42930448,0.16964015,-0.887085,-0.81899965,0.34090245,0.4615465,0.38070625,0.9246663,-0.0074157715
1356513516443,-0.23429397,0.08338407,-0.9685833,-0.9105916,0.33011892,0.24868563,0.34048408,0.9402493,-0.0014160275
1356513516483,-0.13763827,0.062021166,-0.98853886,-0.94305634,0.2969247,0.14993471,0.30282077,0.9528846,0.01762122
1356513516523,-0.09859866,0.08128795,-0.9918016,-0.9555621,0.270505,0.11716655,0.2778115,0.9592806,0.05100429
1356513516562,-0.08043563,0.116756946,-0.98989785,-0.95996714,0.25826037,0.108465016,0.2683154,0.958994,0.09130955
1356513516603,-0.06334117,0.14857486,-0.9868704,-0.9610367,0.25752184,0.10045344,0.26906547,0.9547816,0.12647426
1356513516666,-0.04192975,0.16434896,-0.98551065,-0.96103823,0.2630979,0.08476415,0.27321666,0.9506676,0.14691406
1356513516683,-0.019941807,0.16073593,-0.986796,-0.9604162,0.27121502,0.063586,0.27785447,0.94900286,0.14896482
1356513516722,-0.0044193566,0.14144391,-0.9899365,-0.95888644,0.28030625,0.044331342,0.2837558,0.9494325,0.13438982
1356513516762,-0.003181696,0.11464667,-0.9934012,-0.95627284,0.29018313,0.03655225,0.29245883,0.9500789,0.10871023
1356513516803,-0.023602486,0.089327395,-0.9957227,-0.9523347,0.3009997,0.049576968,0.30414087,0.9494313,0.0779652
1356513516841,-0.07404339,0.07368165,-0.9945293,-0.9455376,0.31179643,0.093496054,0.3169796,0.9472877,0.04658234
1356513516881,-0.1651982,0.07514331,-0.9833936,-0.93005943,0.3199104,0.18068385,0.328175,0.94446325,0.01703918
1356513516921,-0.31107163,0.10212386,-0.9448837,-0.88882965,0.32073057,0.32728246,0.33647642,0.94164896,-0.008999467
1356513516961,-0.51868343,0.16427848,-0.8390353,-0.782369,0.3045411,0.54328036,0.34477007,0.9382256,-0.029434085
1356513517001,-0.7482051,0.26110506,-0.60992897,-0.5579084,0.24991721,0.7913783,0.35906458,0.9323978,-0.04131663
1356513517041,-0.8908343,0.35685036,-0.28119776,-0.24420026,0.14583498,0.95869625,0.38311955,0.92270803,-0.042771816
1356513517081,-0.9102995,0.41390643,0.0060307235,0.02036491,0.03022778,0.9993355,0.4134491,0.90981746,-0.035945475
1356513517121,-0.87991136,0.43729717,0.18581524,0.17841174,-0.058371067,0.98222303,0.44036958,0.89742076,-0.026657641
1356513517161,-0.85043913,0.441846,0.28552648,0.26286453,-0.113232374,0.9581653,0.45569238,0.88991606,-0.019848406
1356513517202,-0.83284116,0.43571204,0.34136567,0.310686,-0.14242655,0.93978125,0.45809355,0.8887461,-0.016750872
1356513517243,-0.82478887,0.42338675,0.37478924,0.3415581,-0.15518135,0.92696106,0.45062333,0.8925595,-0.016619325
1356513517283,-0.82371795,0.40723708,0.39452088,0.36261806,-0.15654224,0.9186962,0.43588632,0.8998069,-0.018724859
1356513517323,-0.8299959,0.38758066,0.40110853,0.37363818,-0.14758325,0.91575855,0.4141272,0.9099453,-0.022321463
1356513517363,-0.8461539,0.3630828,0.39012116,0.3693852,-0.12810421,0.9204042,0.3841591,0.92290854,-0.02572161
1356513517402,-0.8738543,0.33232725,0.35487643,0.3412158,-0.10075551,0.9345695,0.34633866,0.937767,-0.025349677
1356513517442,-0.90894216,0.29774883,0.29183865,0.2824857,-0.0750038,0.9563348,0.30663657,0.9516933,-0.01593566
1356513517483,-0.9400541,0.2695324,0.20892721,0.19896664,-0.06408274,0.9779088,0.27696675,0.96085674,0.006613195
1356513517523,-0.9572565,0.26050925,0.12567814,0.11024897,-0.07307756,0.99121386,0.26740462,0.96270174,0.041233003
1356513517563,-0.9602774,0.27315307,0.057051018,0.032654308,-0.09304595,0.99512625,0.27713013,0.95746017,0.08043021
1356513517602,-0.9549663,0.29670382,0.002502814,-0.03128229,-0.10906565,0.99354213,0.2950607,0.948721,0.113435626
1356513517666,-0.94706655,0.31771642,-0.046056807,-0.08510214,-0.11012602,0.9902676,0.30955222,0.9417688,0.13133502
1356513517683,-0.9398807,0.32840568,-0.09366988,-0.13083136,-0.09290272,0.98704225,0.31544805,0.93995684,0.13028318
1356513517722,-0.9345757,0.3277862,-0.13829124,-0.16702467,-0.06104648,0.98406106,0.31411943,0.9427776,0.11180091
1356513517763,-0.9316964,0.31948268,-0.17283693,-0.189862,-0.022679925,0.9815488,0.30966792,0.9473207,0.08178842
1356513517802,-0.93214625,0.30842546,-0.18967678,-0.19491383,0.014044166,0.98071986,0.30514282,0.9511449,0.047025144
1356513517843,-0.93654764,0.298288,-0.18412669,-0.17921922,0.043974698,0.9828258,0.30126208,0.9534623,0.012274563
1356513517883,-0.9441645,0.291824,-0.15294495,-0.14028943,0.06394267,0.9880436,0.29811457,0.9543323,-0.019432545
1356513517922,-0.95181787,0.29292145,-0.09077351,-0.0731625,0.070551455,0.9948215,0.29780877,0.95353,-0.045721352
1356513517962,-0.95180064,0.30655837,0.009870544,0.029034898,0.058017313,0.9978932,0.30533987,0.95008206,-0.06412184
1356513518002,-0.93110085,0.33331364,0.14816664,0.16362415,0.018621624,0.986347,0.3260038,0.94263214,-0.071876824
1356513518042,-0.88222855,0.36363256,0.29907215,0.30295014,-0.0478158,0.9518061,0.36040807,0.9303145,-0.067978084
1356513518082,-0.8185345,0.38501617,0.4263378,0.41136077,-0.12518841,0.90283453,0.40097842,0.91437984,-0.055909574
1356513518122,-0.76265186,0.3930714,0.5136701,0.47860658,-0.19125634,0.8569461,0.4350837,0.8993975,-0.04226458
1356513518162,-0.7257434,0.39027488,0.5665527,0.5168261,-0.23425865,0.8234158,0.4540784,0.89039785,-0.031692505
1356513518202,-0.70679915,0.38086858,0.5961325,0.5393292,-0.25519603,0.8024954,0.45777598,0.88871485,-0.025041163
1356513518242,-0.7015521,0.36855194,0.60991323,0.5524019,-0.25944507,0.79217446,0.45019642,0.89266884,-0.021574557
1356513518283,-0.70880127,0.35563138,0.609202,0.55593604,-0.24996763,0.7927492,0.4342073,0.90057904,-0.02053088
1356513518322,-0.73227847,0.3428616,0.58839977,0.5437015,-0.22592658,0.8082981,0.41006953,0.91181314,-0.020973265
1356513518362,-0.77987623,0.32950044,0.5321865,0.4996764,-0.18434197,0.8463696,0.37698346,0.9259846,-0.020879686
1356513518402,-0.85643035,0.31326038,0.41035965,0.3913198,-0.12456632,0.9117851,0.33674315,0.9414623,-0.015902579
1356513518442,-0.93741405,0.29147676,0.19051531,0.18183312,-0.05685848,0.98168415,0.29697055,0.9548866,2.9987097E-4
1356513518482,-0.95849717,0.27078617,-0.0892072,-0.09447965,-0.00647074,0.9955057,0.26899195,0.96261775,0.031786025
1356513518522,-0.9088248,0.26918468,-0.31871143,-0.32700786,0.014710486,0.94490707,0.2590429,0.9629762,0.07465631
1356513518562,-0.8361246,0.28676373,-0.46761334,-0.48134273,0.02526635,0.87616825,0.26306814,0.95766807,0.11690581
1356513518602,-0.76114935,0.30541182,-0.5721673,-0.5886567,0.045041442,0.80712736,0.27227753,0.9511546,0.14549941
1356513518665,-0.6832607,0.30938268,-0.66139036,-0.674032,0.08106506,0.73424065,0.28077698,0.947476,0.1531452
1356513518682,-0.6009344,0.2921899,-0.7439778,-0.7461017,0.1288352,0.6532486,0.28672314,0.9476426,0.14058185
1356513518723,-0.5176719,0.25593007,-0.8164041,-0.80480516,0.1781627,0.5661684,0.29035226,0.9501357,0.11374408
1356513518762,-0.44218785,0.20874104,-0.8722941,-0.8479333,0.21972764,0.48241982,0.29236788,0.9529674,0.07983762
1356513518802,-0.38462812,0.16014063,-0.90907437,-0.8752439,0.24962658,0.41428822,0.2932735,0.9550087,0.044148684
1356513518842,-0.3556069,0.11874956,-0.9270611,-0.8874412,0.26830888,0.3747777,0.29324344,0.9559858,0.009970784
1356513518882,-0.3720889,0.09464592,-0.92335904,-0.88063043,0.27837265,0.38340414,0.2933255,0.9557985,-0.020231247
1356513518922,-0.4722219,0.10689479,-0.8749743,-0.82981527,0.2809248,0.48217,0.29734343,0.95375824,-0.043955863
1356513518962,-0.72287285,0.19663428,-0.66241205,-0.6168346,0.24839461,0.7468703,0.3113999,0.948491,-0.058266878
1356513519003,-0.9401695,0.33672705,-0.051924586,-0.028179765,0.075027525,0.9967832,0.33953965,0.93860835,-0.0610497
1356513519042,-0.82110333,0.36182302,0.4414447,0.42742097,-0.122804165,0.89567316,0.37828642,0.9241229,-0.05381584
1356513519082,-0.7022363,0.35058272,0.61964184,0.577667,-0.22813857,0.7837433,0.41613108,0.90831965,-0.04231286
1356513519122,-0.64639366,0.34282005,0.6816522,0.62228334,-0.2800982,0.7309641,0.44151866,0.89667135,-0.032277465
1356513519162,-0.62788457,0.33757412,0.70128787,0.6342233,-0.3003599,0.7124218,0.45113394,0.89209175,-0.02550602
1356513519202,-0.6307536,0.333188,0.7008108,0.63334125,-0.30077988,0.713029,0.44836247,0.89359796,-0.021303773
1356513519242,-0.6497719,0.33019587,0.6846658,0.6220093,-0.28676593,0.7286082,0.43692222,0.89929754,-0.019052505
1356513519282,-0.6892689,0.32991385,0.6450312,0.59201425,-0.25675058,0.76393604,0.41764522,0.908425,-0.018343508
1356513519323,-0.7613508,0.33275735,0.55643284,0.5184181,-0.20293891,0.8306976,0.38934264,0.9209171,-0.017999709
1356513519363,-0.8716197,0.3333362,0.35939676,0.34129992,-0.11357248,0.93306786,0.35184288,0.9359425,-0.014775634
1356513519403,-0.9505419,0.3105088,-0.0073691905,-0.0061923265,0.004775703,0.9999694,0.31053448,0.9505585,-0.002616763
1356513519443,-0.8809566,0.26432416,-0.3924897,-0.38349357,0.08710617,0.91942656,0.2772149,0.96049213,0.024629831
1356513519483,-0.75512826,0.24761376,-0.6070162,-0.60085857,0.108921826,0.79189956,0.2622025,0.9627167,0.066531
1356513519523,-0.6566737,0.26483327,-0.70614666,-0.70606726,0.113170564,0.69904333,0.265045,0.95763034,0.11267388
1356513519563,-0.57606274,0.28781885,-0.76505697,-0.7691745,0.12587678,0.6265187,0.27662683,0.94937634,0.14886993
1356513519602,-0.49888873,0.29592183,-0.81457984,-0.817286,0.1520918,0.55579823,0.28836378,0.9430261,0.16597587
1356513519665,-0.42267317,0.28180107,-0.86135685,-0.8563572,0.18691093,0.48136955,0.29664746,0.9410911,0.16232014
1356513519682,-0.35249984,0.24916962,-0.90203017,-0.8857721,0.22213763,0.40750796,0.30191344,0.94263965,0.14240402
1356513519722,-0.29494786,0.2070829,-0.9328035,-0.9051305,0.25226468,0.34220073,0.3061773,0.94524026,0.11303216
1356513519762,-0.25404388,0.16371924,-0.9532354,-0.9159625,0.27577978,0.29147586,0.31060326,0.9471755,0.0799005
1356513519802,-0.23040265,0.12355268,-0.9652199,-0.9209591,0.29263175,0.25729564,0.3142436,0.94820964,0.04636377
1356513519842,-0.22376588,0.08926442,-0.9705465,-0.92214334,0.3030226,0.24047631,0.31556344,0.9487935,0.014508605
1356513519882,-0.23652712,0.06503266,-0.96944606,-0.91884446,0.309404,0.24493676,0.31587934,0.9487043,-0.013427496
1356513519922,-0.27589628,0.058662057,-0.95939565,-0.9059924,0.3174974,0.27995223,0.3210282,0.9464429,-0.03444898
1356513519962,-0.35469025,0.08278805,-0.9313114,-0.87165344,0.33107454,0.3614,0.33825308,0.93996584,-0.04526639
1356513520002,-0.48263872,0.15045103,-0.8628003,-0.794101,0.3403442,0.50355685,0.36940974,0.92818654,-0.04479003
1356513520042,-0.6372762,0.25459328,-0.72736603,-0.65467834,0.3190629,0.68527013,0.4065407,0.91289717,-0.036654413
1356513520082,-0.75671774,0.35068846,-0.55172086,-0.48659325,0.26146394,0.8335848,0.4365837,0.89925206,-0.027211785
1356513520122,-0.81486124,0.40327126,-0.41638145,-0.36312288,0.2047742,0.9089606,0.45182183,0.8918743,-0.020425558
1356513520162,-0.83435625,0.41759753,-0.35980824,-0.31376994,0.17687327,0.9328796,0.4532087,0.8912509,-0.016545773
1356513520202,-0.8317414,0.40680143,-0.3777815,-0.33241555,0.18008524,0.92578036,0.44464165,0.89559025,-0.014557242
1356513520243,-0.80506986,0.37427652,-0.46019515,-0.41075432,0.20796102,0.8877123,0.4279525,0.90369755,-0.013687491
1356513520282,-0.7427915,0.31826752,-0.5890387,-0.5349907,0.24682444,0.80799913,0.402549,0.91530514,-0.013068914
1356513520322,-0.64260226,0.24594238,-0.72565466,-0.67219913,0.2735554,0.6879795,0.36771005,0.92988163,-0.0104650855
1356513520362,-0.5291944,0.1817494,-0.82880664,-0.7832319,0.27105236,0.5595341,0.32634497,0.94525015,-0.0010874867
1356513520402,-0.43370908,0.14984015,-0.88850677,-0.8539194,0.24639547,0.4583786,0.28760755,0.95751613,0.021087468
1356513520442,-0.36295092,0.15427506,-0.9189482,-0.89387536,0.22087562,0.39012915,0.26316044,0.9630229,0.05773568
1356513520482,-0.30440515,0.18030852,-0.93532145,-0.9171123,0.209836,0.3389305,0.25737607,0.96096706,0.101488054
1356513520522,-0.24550784,0.20626411,-0.94719636,-0.93274844,0.2158547,0.2887681,0.26401925,0.9543908,0.13939852
