1356513624057,-0.59848535,0.45567837,0.6589177,-0.54423535,0.3723094,-0.7517937,-0.58789736,-0.80854374,0.025174558
1356513624077,0.40133226,-0.31855106,-0.85875356,0.70235753,-0.49475783,0.5117701,-0.5878999,-0.8085419,0.025174443
1356513624088,0.4013095,-0.31853968,-0.8587684,0.7023613,-0.49477816,0.5117454,-0.58791095,-0.80853397,0.02517071
1356513624118,0.40120482,-0.3184772,-0.85884047,0.7023944,-0.49485558,0.511625,-0.58794284,-0.8085112,0.025158111
1356513624160,0.40084642,-0.3183167,-0.8590673,0.7025112,-0.49508393,0.5112435,-0.58804774,-0.80843455,0.02516839
1356513624201,0.39937913,-0.3175974,-0.8600164,0.7031909,-0.49577445,0.5096373,-0.58823365,-0.80829424,0.025329646
1356513624242,0.3960526,-0.3160088,-0.8621373,0.7048638,-0.49710834,0.5060142,-0.5884806,-0.8080976,0.025862094
1356513624282,0.39579034,-0.31724074,-0.8618052,0.70480275,-0.4966799,0.5065196,-0.58873,-0.8078783,0.027011067
1356513624321,0.3795277,-0.30775404,-0.8724942,0.7135346,-0.5029305,0.4877798,-0.58892024,-0.8076808,0.02871716
1356513624363,0.36368847,-0.29899937,-0.88223016,0.7216365,-0.5084513,0.4698065,-0.5890429,-0.8075127,0.03085095
1356513624402,0.34663087,-0.28957197,-0.89218557,0.7298869,-0.5141575,0.4504522,-0.58916223,-0.80733526,0.033131953
1356513624441,0.3285166,-0.27918583,-0.90229267,0.7380572,-0.52023,0.42968857,-0.5893627,-0.8071034,0.03515094
1356513624481,0.3111272,-0.2687838,-0.91156733,0.74531615,-0.5261191,0.4095149,-0.589664,-0.8068172,0.036638975
1356513624523,0.29551858,-0.25886366,-0.9195968,0.75144506,-0.53140706,0.39107138,-0.58991444,-0.8065954,0.037481196
1356513624563,0.2827136,-0.25017157,-0.926006,0.75636864,-0.53555906,0.3756103,-0.58989793,-0.80659205,0.037812077
1356513624603,0.27322215,-0.24353582,-0.9306127,0.7600449,-0.5383461,0.3640265,-0.58964527,-0.8067675,0.038010098
1356513624644,0.26702785,-0.23972401,-0.9333962,0.7622088,-0.54013664,0.35677743,-0.5896896,-0.8067124,0.038488217
1356513624682,0.2638268,-0.23950621,-0.93436193,0.76226354,-0.5418084,0.35411552,-0.591058,-0.80565524,0.03962329
1356513624722,0.26317066,-0.24325293,-0.9335787,0.7599085,-0.54391885,0.35593727,-0.5943738,-0.80310667,0.041706495
1356513624765,0.26590264,-0.2521358,-0.9304425,0.75479513,-0.5459357,0.36364627,-0.59964997,-0.798988,0.045145094
1356513624804,0.2679702,-0.26287466,-0.92687047,0.74892336,-0.5483572,0.37204587,-0.6060575,-0.7938521,0.04992959
1356513624842,0.26928818,-0.27416575,-0.92321014,0.74299383,-0.55076766,0.38028294,-0.6127349,-0.78834516,0.0553883
1356513624885,0.26984787,-0.2842759,-0.9199833,0.7373085,-0.5535104,0.3873014,-0.6193208,-0.782824,0.060235407
1356513624923,0.26967162,-0.29142627,-0.9177952,0.73200667,-0.557217,0.39201465,-0.62565434,-0.7775475,0.06306034
1356513624963,0.26880252,-0.2949459,-0.9169254,0.7265305,-0.56291336,0.3940585,-0.6323754,-0.7720982,0.06297463
1356513625004,0.26694775,-0.29479432,-0.9175158,0.72028863,-0.5714834,0.39318073,-0.6402524,-0.7658349,0.059780806
1356513625043,0.26394624,-0.2910239,-0.9195855,0.7127393,-0.5835174,0.3892432,-0.6498732,-0.758164,0.053406954
1356513625096,0.2599215,-0.28292698,-0.9232514,0.7039703,-0.598925,0.38172603,-0.6609589,-0.7491604,0.043498695
1356513625123,0.2552507,-0.26919776,-0.928644,0.6953535,-0.6162439,0.36976597,-0.6718114,-0.74011886,0.02989095
1356513625161,0.25056958,-0.24920194,-0.9354749,0.6887704,-0.6331488,0.35315412,-0.68030155,-0.7328171,0.012995128
1356513625201,0.24648738,-0.22452258,-0.9427797,0.6850938,-0.64769906,0.3333653,-0.68548554,-0.72806287,-0.005830612
1356513625241,0.24334049,-0.19977485,-0.9491446,0.6831923,-0.6593158,0.313928,-0.688501,-0.7248397,-0.02395356
1356513625281,0.24114329,-0.18172699,-0.95332325,0.68034273,-0.6688624,0.29959452,-0.69208646,-0.72083175,-0.037655026
1356513625321,0.2397489,-0.17662866,-0.9546323,0.6737837,-0.6776629,0.29459888,-0.6989535,-0.71384543,-0.043459415
1356513625361,0.23901927,-0.18775913,-0.95268893,0.66243565,-0.68582743,0.30136305,-0.7099639,-0.7031267,-0.039547622
1356513625401,0.23902261,-0.21425645,-0.94708097,0.6481706,-0.69103456,0.3199157,-0.7230097,-0.6903371,-0.02629814
1356513625441,0.24026066,-0.25097936,-0.9377015,0.6355356,-0.6895046,0.34738737,-0.7337366,-0.6794062,-0.006154567
1356513625481,0.24359071,-0.2902199,-0.9254383,0.6285739,-0.6794242,0.37852034,-0.7386193,-0.6739104,0.01692316
1356513625521,0.249529,-0.3258058,-0.9119133,0.6274791,-0.6628571,0.40852225,-0.7375672,-0.6741446,0.039034277
1356513625561,0.25792903,-0.355349,-0.8984429,0.6293516,-0.64376485,0.4352967,-0.7330683,-0.67771214,0.057593882
1356513625601,0.26812094,-0.37932333,-0.8855648,0.6318238,-0.6246861,0.4588747,-0.7272619,-0.68255484,0.07217404
1356513625641,0.2793069,-0.3997767,-0.87302136,0.63417065,-0.6058877,0.48034108,-0.7209821,-0.6878071,0.084298074
1356513625681,0.29051524,-0.41937733,-0.86007184,0.6367185,-0.58623123,0.5009215,-0.71427613,-0.693149,0.096716225
1356513625721,0.30059868,-0.44118494,-0.84557456,0.63980657,-0.564215,0.52183247,-0.7073104,-0.6978663,0.11267069
1356513625761,0.3078971,-0.4693326,-0.82760274,0.64298415,-0.538503,0.54459697,-0.70126367,-0.6998152,0.13596994
1356513625801,0.310341,-0.50916404,-0.8027705,0.6439776,-0.50857925,0.5715243,-0.69927204,-0.6943336,0.17005718
1356513625841,0.30630952,-0.56316847,-0.76747376,0.63976246,-0.47521508,0.60404867,-0.70489615,-0.67602676,0.21473104
1356513625881,0.2968588,-0.62379193,-0.7230204,0.6303426,-0.44075,0.6390678,-0.71731657,-0.6454634,0.26236212
1356513625921,0.28734112,-0.67620575,-0.6783663,0.6191597,-0.40923864,0.67019767,-0.7308053,-0.6125924,0.30108827
1356513625961,0.28489143,-0.71043944,-0.6435159,0.6084361,-0.38473475,0.69410706,-0.740704,-0.58928347,0.3226494
1356513626001,0.2943468,-0.7254378,-0.62217355,0.5972083,-0.36863565,0.71235526,-0.74612474,-0.58124673,0.32473075
1356513626041,0.316998,-0.7244103,-0.61216164,0.5835868,-0.35980904,0.72798616,-0.747622,-0.58801967,0.30869758
1356513626096,0.3512507,-0.71174896,-0.6083061,0.5665051,-0.35572183,0.7433263,-0.7454495,-0.6057024,0.27826184
1356513626123,0.39382476,-0.693056,-0.6038009,0.5451989,-0.3527382,0.7604827,-0.74004066,-0.6286885,0.2389363
1356513626163,0.44095045,-0.67333686,-0.5934476,0.5186968,-0.3484258,0.78073865,-0.7324727,-0.65208644,0.19561923
1356513626202,0.48966026,-0.6563976,-0.573912,0.48604724,-0.34097135,0.80467165,-0.7238722,-0.6729641,0.15208015
1356513626243,0.53770137,-0.6443263,-0.54380226,0.4471271,-0.32889834,0.8318073,-0.71481097,-0.6904127,0.111246616
1356513626283,0.5828488,-0.63844997,-0.5026617,0.40196785,-0.31107086,0.86119485,-0.7061933,-0.70400023,0.075329155
1356513626323,0.6224007,-0.64183223,-0.4479607,0.34876138,-0.28494906,0.8928435,-0.7007017,-0.7119378,0.0464938
1356513626363,0.6524433,-0.6581506,-0.37570673,0.28509557,-0.24618265,0.9263448,-0.70216686,-0.71149975,0.027015623
1356513626403,0.6687296,-0.6864065,-0.28573897,0.21305552,-0.1912849,0.95813227,-0.7123258,-0.70160973,0.018324822
1356513626443,0.6701051,-0.7177762,-0.18909347,0.14348683,-0.124682814,0.9817666,-0.72826546,-0.68501925,0.01944086
1356513626484,0.6622454,-0.7420139,-0.10414633,0.08960229,-0.0595717,0.99419445,-0.7439103,-0.6677324,0.027035058
1356513626523,0.6545718,-0.7546834,-0.04459527,0.05696836,-0.009581372,0.99833,-0.75385034,-0.6560191,0.036721393
1356513626563,0.65238225,-0.7577803,-0.01289776,0.042794943,0.019841239,0.99888676,-0.75668085,-0.6522079,0.04537326
1356513626603,0.6556205,-0.75506747,-0.005907178,0.042989194,0.029514536,0.99863946,-0.75386584,-0.65498245,0.05181007
1356513626643,0.66243196,-0.74879396,-0.022170663,0.056947857,0.020825803,0.9981599,-0.7469544,-0.6624756,0.05643791
1356513626682,0.67082494,-0.7389169,-0.06321147,0.08749369,-0.005785629,0.9961482,-0.7364365,-0.67377174,0.060769424
1356513626723,0.67712164,-0.7241411,-0.13086587,0.138708,-0.049050525,0.98911786,-0.72268,-0.6879052,0.06723103
1356513626763,0.6748756,-0.70382094,-0.22176334,0.21183535,-0.10309264,0.9718527,-0.70687246,-0.7028571,0.07951942
1356513626801,0.6561317,-0.6824401,-0.32212836,0.30020684,-0.15558809,0.94109946,-0.6923633,-0.7141903,0.10278693
1356513626843,0.6171583,-0.6714028,-0.41028517,0.3883754,-0.19355729,0.90094405,-0.68431,-0.71536976,0.14130083
1356513626883,0.5620869,-0.67824113,-0.4733364,0.46298492,-0.21620482,0.8595932,-0.68534905,-0.7023137,0.1924895
1356513626923,0.49962834,-0.694946,-0.5171283,0.5208654,-0.2359871,0.8203716,-0.69214946,-0.6792351,0.24406737
1356513626963,0.43882215,-0.70609784,-0.5557525,0.56387436,-0.26516485,0.7821338,-0.69962907,-0.65659225,0.28179026
1356513627002,0.38637102,-0.7020895,-0.59815365,0.5936479,-0.30703694,0.74384856,-0.7059035,-0.6424942,0.2981637
1356513627043,0.34556633,-0.6804386,-0.64620996,0.6125305,-0.35813457,0.7046603,-0.71090806,-0.63933015,0.2930301
1356513627096,0.3172109,-0.6430128,-0.69707364,0.62400883,-0.41198045,0.66399175,-0.71413594,-0.6456055,0.27056104
1356513627123,0.30066675,-0.5953534,-0.7450865,0.63146347,-0.46120226,0.6233349,-0.7147401,-0.65791094,0.23727575
1356513627163,0.29483765,-0.5439697,-0.7856002,0.636789,-0.5011252,0.5859804,-0.7124398,-0.67303073,0.19864342
1356513627202,0.29882944,-0.49500516,-0.81588656,0.6403967,-0.5298469,0.55601645,-0.707526,-0.6886451,0.1586658
1356513627243,0.3120414,-0.4542787,-0.8344226,0.6413423,-0.5472491,0.5377718,-0.70093524,-0.7029575,0.12058377
1356513627283,0.33429378,-0.42887944,-0.8392318,0.6360051,-0.55447996,0.5367023,-0.69551784,-0.71317196,0.08741039
1356513627323,0.36623937,-0.42861187,-0.8259301,0.6170423,-0.55251956,0.56034,-0.6965109,-0.7148524,0.06211728
1356513627362,0.4079963,-0.46273553,-0.7870291,0.5759852,-0.5383797,0.6151327,-0.7083643,-0.70428896,0.04687196
1356513627402,0.4559123,-0.5309658,-0.71429634,0.5098283,-0.5020388,0.69859296,-0.72953343,-0.68266565,0.041815758
1356513627443,0.5003134,-0.61304975,-0.6114382,0.42956805,-0.43738946,0.79003924,-0.75176984,-0.6579215,0.044514716
1356513627483,0.5335194,-0.67743826,-0.5063936,0.35922432,-0.3605452,0.86079335,-0.7657121,-0.6411588,0.050994366
1356513627522,0.55732477,-0.71009827,-0.43028998,0.31577632,-0.2980184,0.9008165,-0.7679026,-0.6379227,0.05813924
1356513627563,0.5755346,-0.7182748,-0.39094937,0.29875606,-0.26034412,0.91813177,-0.76125216,-0.6452151,0.06475183
1356513627602,0.58800614,-0.7133769,-0.38123775,0.300586,-0.24485534,0.9217884,-0.75093067,-0.656612,0.07045466
1356513627638,0.5930033,-0.70133066,-0.39557853,0.31711936,-0.24815351,0.91534424,-0.7401233,-0.6682477,0.07524973
1356513627668,0.588781,-0.684111,-0.43049863,0.34657905,-0.26748714,0.89907384,-0.7302191,-0.6785594,0.07960713
1356513627710,0.57800215,-0.6635114,-0.47504324,0.38485608,-0.29168403,0.8756747,-0.71958274,-0.6889652,0.0867624
1356513627752,0.55320853,-0.6401815,-0.53303653,0.43746108,-0.3212856,0.83988297,-0.7089345,-0.69781315,0.10231656
1356513627792,0.5154022,-0.6260953,-0.5851199,0.49223125,-0.34262347,0.8001985,-0.7014763,-0.7004383,0.13159478
1356513627831,0.47051394,-0.6334318,-0.61431336,0.5368942,-0.34697783,0.76899356,-0.700258,-0.6916434,0.17682791
1356513627872,0.42276746,-0.6538093,-0.6275357,0.57210076,-0.34448725,0.74433136,-0.7028289,-0.6736927,0.22840679
1356513627913,0.37769848,-0.6708633,-0.6381899,0.6011238,-0.34658414,0.72009003,-0.70426846,-0.65560806,0.2723676
1356513627951,0.34010154,-0.6733738,-0.6564287,0.6246127,-0.36006266,0.69297475,-0.7029865,-0.6456955,0.29813993
1356513627991,0.31346405,-0.65970236,-0.6830322,0.6406035,-0.38405395,0.6649283,-0.7009761,-0.64598393,0.30222058
1356513628031,0.29930472,-0.63368344,-0.71334565,0.6486076,-0.41319972,0.6391981,-0.6998035,-0.6539964,0.28733927
1356513628092,0.29774702,-0.60121846,-0.741541,0.65035164,-0.44089133,0.6185933,-0.6988486,-0.66644675,0.25972933
1356513628113,0.30848074,-0.5686109,-0.76257545,0.64775205,-0.46151125,0.60615563,-0.69660383,-0.6809472,0.22595155
1356513628153,0.3306622,-0.5402196,-0.77383804,0.6412813,-0.47296816,0.60420156,-0.69240224,-0.69603455,0.19003999
1356513628193,0.3638597,-0.5200792,-0.7727378,0.6290825,-0.47459942,0.6156384,-0.68692166,-0.71012187,0.1544851
1356513628233,0.40768224,-0.5128643,-0.7554902,0.60684556,-0.46604782,0.64384615,-0.6823002,-0.7209505,0.121230006
1356513628272,0.4622627,-0.5259741,-0.7139079,0.5663211,-0.44439876,0.6941111,-0.68234426,-0.72516274,0.09244126
1356513628312,0.5264541,-0.5683241,-0.63233995,0.49493304,-0.39987844,0.7714521,-0.69129395,-0.71910006,0.07076472
1356513628353,0.5909486,-0.6392126,-0.4921249,0.3826271,-0.31496087,0.86855984,-0.71019447,-0.70157456,0.058454365
1356513628393,0.6339492,-0.7127545,-0.30014908,0.24277315,-0.18507826,0.95226425,-0.73428166,-0.67655534,0.055707417
1356513628433,0.6449355,-0.75578356,-0.11335534,0.119433254,-0.04682818,0.99173725,-0.754847,-0.65314484,0.060064532
1356513628473,0.64160466,-0.76689416,0.014724404,0.042777896,0.054942593,0.9975728,-0.7658417,-0.6394174,0.06805754
1356513628513,0.64098066,-0.76336646,0.08009642,0.0077569485,0.11078946,0.99381363,-0.76751786,-0.636394,0.07693529
1356513628553,0.645468,-0.75729364,0.09938499,8.08239E-4,0.13079841,0.9914087,-0.7637869,-0.6398423,0.08503826
1356513628593,0.65222263,-0.75366044,0.0812493,0.016443104,0.12122652,0.9924886,-0.75784904,-0.64598763,0.09145923
1356513628633,0.65832585,-0.75243366,0.021232367,0.058600217,0.07935159,0.99512285,-0.75044864,-0.6538709,0.096331954
1356513628672,0.6577424,-0.7475712,-0.09226218,0.13719255,-0.0015414506,0.99054325,-0.74064374,-0.6641799,0.1015473
1356513628713,0.6360755,-0.7268683,-0.25897956,0.25599763,-0.1178329,0.95946896,-0.72792387,-0.6765928,0.11112595
1356513628753,0.5790014,-0.6862179,-0.440298,0.39173126,-0.23947719,0.8883677,-0.7150552,-0.68684465,0.13015544
1356513628793,0.49518248,-0.6463958,-0.5804883,0.5035423,-0.33095095,0.79807055,-0.70798266,-0.68749094,0.16160658
1356513628833,0.40477693,-0.6260758,-0.66647184,0.57590204,-0.391594,0.7176288,-0.71027637,-0.67430204,0.20205006
1356513628873,0.3175797,-0.6179052,-0.7192609,0.6179052,-0.4405107,0.65126294,-0.7192609,-0.65126294,0.24190962
1356513628913,0.23652738,-0.60271037,-0.7620991,0.6415882,-0.49215168,0.5883462,-0.7296707,-0.6281138,0.27028453
1356513628953,0.1649015,-0.56758213,-0.8066338,0.6534703,-0.5497046,0.52038574,-0.738772,-0.6129236,0.28025097
1356513628993,0.10634613,-0.5093197,-0.85398126,0.6579078,-0.6079278,0.4445011,-0.74555206,-0.60911185,0.27043462
1356513629033,0.06320971,-0.43372875,-0.8988236,0.65968806,-0.6576497,0.3637424,-0.7488766,-0.61593527,0.24455583
1356513629094,0.03578669,-0.35221294,-0.93523544,0.6637174,-0.69125897,0.28572762,-0.7471269,-0.63095725,0.20903197
1356513629113,0.0226655,-0.2770853,-0.96057796,0.67254984,-0.7066832,0.21971694,-0.7397046,-0.6510166,0.17033634
1356513629153,0.021527171,-0.21608792,-0.9761366,0.68523747,-0.7077694,0.1717912,-0.72800153,-0.6725836,0.13283518
1356513629193,0.030720472,-0.17361906,-0.98433363,0.6979308,-0.70123595,0.14546767,-0.71550596,-0.6914656,0.09963173
1356513629233,0.04946637,-0.15235725,-0.9870868,0.705371,-0.69436204,0.14252368,-0.70711017,-0.70331264,0.07312083
1356513629273,0.07774341,-0.15568966,-0.98474187,0.7021174,-0.692693,0.16494691,-0.7078044,-0.704228,0.055460125
1356513629313,0.11603361,-0.18883662,-0.9751292,0.68420637,-0.69647694,0.21629061,-0.71999854,-0.6922866,0.04838842
1356513629353,0.16406006,-0.25505155,-0.9529076,0.65150136,-0.6973223,0.29881015,-0.7406958,-0.66984344,0.051763684
1356513629393,0.21839815,-0.34684855,-0.9121395,0.6093479,-0.6816145,0.40508878,-0.7622319,-0.6442809,0.06248802
1356513629433,0.2718777,-0.44128472,-0.8551903,0.5678565,-0.64388955,0.512782,-0.7769308,-0.62503934,0.07552713
1356513629473,0.3175829,-0.5147587,-0.7963446,0.5361886,-0.5951754,0.5985551,-0.78207606,-0.61708176,0.08699018
1356513629513,0.3525834,-0.5600631,-0.7496761,0.51726365,-0.55096394,0.6548871,-0.7798226,-0.6186825,0.09543958
1356513629553,0.37627035,-0.5815232,-0.7212845,0.5101768,-0.5197992,0.6852215,-0.7733953,-0.62581116,0.1010946
1356513629593,0.38848948,-0.584298,-0.7125109,0.5144452,-0.50398445,0.69379103,-0.76447505,-0.63607836,0.10479656
1356513629633,0.38907498,-0.57174253,-0.7223096,0.5304841,-0.5019766,0.6830858,-0.75313175,-0.64894533,0.10799375
1356513629673,0.37781292,-0.5480035,-0.7462905,0.55753785,-0.5088551,0.65590996,-0.7391948,-0.6638965,0.11328071
1356513629713,0.35478032,-0.5218345,-0.77577037,0.5911392,-0.51764446,0.61854553,-0.7243516,-0.6780361,0.12482676
1356513629753,0.32010388,-0.5064238,-0.80066746,0.6225868,-0.52457,0.58069944,-0.71408623,-0.6843691,0.14737594
1356513629793,0.2738073,-0.50956714,-0.8157027,0.6436055,-0.5331591,0.5491023,-0.7147038,-0.675339,0.18197736
1356513629833,0.2175563,-0.52732694,-0.82133764,0.651181,-0.5484226,0.5245912,-0.7270712,-0.6489676,0.22407252
1356513629872,0.15616071,-0.5429219,-0.82513607,0.64937115,-0.57303876,0.49994364,-0.7442653,-0.61389107,0.26307172
1356513629913,0.09873408,-0.54191184,-0.8346156,0.64273715,-0.60556906,0.46922818,-0.7596977,-0.58276725,0.28851655
1356513629953,0.05365002,-0.51939726,-0.8528471,0.6344178,-0.6418217,0.4307888,-0.7711263,-0.56417316,0.29508117
1356513629993,0.025372207,-0.47913677,-0.8773734,0.62763625,-0.6754831,0.38703394,-0.77809316,-0.56049126,0.28358513
1356513630032,0.014077902,-0.4291578,-0.90311974,0.62633556,-0.70027006,0.342528,-0.7794264,-0.5704781,0.25893855
1356513630093,0.017388225,-0.3770942,-0.92601174,0.63336617,-0.7124778,0.30203113,-0.7736569,-0.5917562,0.22644988
1356513630113,0.032059312,-0.32848305,-0.9439657,0.6481715,-0.71209335,0.26980913,-0.7608193,-0.6205015,0.19008401
1356513630153,0.054864347,-0.2872318,-0.9562885,0.66668874,-0.702431,0.2492323,-0.7433142,-0.6512208,0.1529558
1356513630193,0.083107114,-0.2577114,-0.9626412,0.68221694,-0.68942356,0.24346495,-0.72641116,-0.6769638,0.11851907
1356513630232,0.114667475,-0.24515373,-0.9626791,0.68727285,-0.68014467,0.25506714,-0.7172918,-0.6908711,0.09049705
1356513630272,0.1477992,-0.25530082,-0.9554982,0.6766389,-0.6785185,0.28595862,-0.72132874,-0.68879175,0.07246205
1356513630312,0.18103188,-0.29111767,-0.939403,0.6506353,-0.68082947,0.33637023,-0.73749655,-0.67210245,0.066159606
1356513630352,0.21339369,-0.34718397,-0.9131957,0.61648726,-0.67727494,0.40154976,-0.7578962,-0.6486618,0.069508225
1356513630393,0.24481386,-0.4088095,-0.87917066,0.5853002,-0.66059023,0.47015354,-0.7729747,-0.6296789,0.07755458
1356513630432,0.27555758,-0.46140847,-0.84330904,0.5644154,-0.6324761,0.5304801,-0.7781409,-0.6221544,0.08614248
1356513630472,0.30493766,-0.49980232,-0.81068534,0.55348396,-0.59971374,0.5779264,-0.77502805,-0.6249329,0.09375727
1356513630513,0.33149964,-0.5259717,-0.783238,0.54870814,-0.5678502,0.6135679,-0.76748115,-0.6331666,0.10036287
1356513630553,0.35420644,-0.5429335,-0.76142037,0.54768604,-0.5395281,0.63949144,-0.7580091,-0.6435313,0.10625285
1356513630593,0.37267423,-0.5526538,-0.7454446,0.55062234,-0.5149157,0.65702116,-0.7469464,-0.6553134,0.112407714
1356513630633,0.38638926,-0.5570907,-0.7350873,0.5592857,-0.49222594,0.667018,-0.7334186,-0.6688524,0.12138206
1356513630672,0.39343053,-0.5606745,-0.72859895,0.57446474,-0.4688192,0.6709684,-0.7177762,-0.68253386,0.13764
1356513630712,0.38965064,-0.57139784,-0.72227204,0.5937442,-0.44365674,0.6712946,-0.70401716,-0.6904152,0.16639304
1356513630753,0.3700691,-0.5975513,-0.7113236,0.6115822,-0.41965628,0.67071277,-0.69929683,-0.683243,0.21014997
1356513630792,0.33388644,-0.63834137,-0.6935706,0.623535,-0.40223855,0.6703793,-0.70691156,-0.65629613,0.26372612
1356513630833,0.2889346,-0.68165463,-0.6722081,0.6285849,-0.394521,0.67024934,-0.7220788,-0.61619806,0.3144871
1356513630872,0.24916059,-0.7134125,-0.6549515,0.62775445,-0.39599657,0.6701574,-0.73745733,-0.57812554,0.34918123
1356513630913,0.22611755,-0.72754085,-0.6477307,0.62203074,-0.4038797,0.6707896,-0.74963224,-0.5545857,0.3612286
1356513630952,0.22437304,-0.7253255,-0.65081453,0.61243695,-0.41452163,0.67312175,-0.7580091,-0.5496133,0.35120866
1356513630993,0.24249643,-0.7112633,-0.65977263,0.60043454,-0.42413872,0.6779268,-0.76201963,-0.5605451,0.32421494
1356513631032,0.27622968,-0.69001406,-0.6690124,0.5875152,-0.42965782,0.6857258,-0.760607,-0.5824728,0.2867096
1356513631093,0.32092196,-0.66493106,-0.6744448,0.5741602,-0.42974883,0.6968902,-0.7532258,-0.61088675,0.24386111
1356513631113,0.3718456,-0.6390074,-0.6733501,0.5593681,-0.4246447,0.7118877,-0.74083614,-0.6413629,0.19953811
1356513631152,0.42414206,-0.6160033,-0.66380984,0.5409192,-0.41555333,0.73124677,-0.72629875,-0.66922003,0.15695435
1356513631192,0.47314763,-0.6023445,-0.64289373,0.5150583,-0.40290636,0.75655895,-0.7147351,-0.68909186,0.11960834
1356513631232,0.514557,-0.60621256,-0.6064136,0.47746378,-0.3848655,0.7898778,-0.7122215,-0.6959777,0.091409296
1356513631273,0.54513645,-0.6324671,-0.55028325,0.42622405,-0.35613796,0.8315641,-0.72191364,-0.68785983,0.0754289
1356513631312,0.5636058,-0.67539674,-0.47559196,0.3660819,-0.3118957,0.87675834,-0.7404948,-0.66825175,0.0714643
1356513631353,0.5728364,-0.7191163,-0.39335763,0.3084671,-0.25548798,0.9162827,-0.75941193,-0.646218,0.075470895
1356513631392,0.5794802,-0.749434,-0.32023656,0.26379776,-0.19929996,0.943764,-0.77111185,-0.6313702,0.08220864
1356513631433,0.58808714,-0.7635227,-0.26680818,0.23482221,-0.15448838,0.9596832,-0.7739587,-0.6270298,0.088439465
1356513631473,0.59801877,-0.7663133,-0.23481357,0.21942466,-0.12524319,0.9675572,-0.7708608,-0.63014126,0.09325027
1356513631513,0.6067004,-0.7627235,-0.22398093,0.21639884,-0.11265394,0.9697838,-0.76490927,-0.63683736,0.09670528
1356513631553,0.612118,-0.75454885,-0.2365748,0.22772461,-0.11829364,0.9665134,-0.7572669,-0.6454941,0.09941969
1356513631593,0.6120127,-0.74079156,-0.27689034,0.25824186,-0.14372993,0.9553286,-0.7474969,-0.6561779,0.1033389
1356513631633,0.60138696,-0.7199483,-0.34642184,0.3124927,-0.18709415,0.9313131,-0.7353108,-0.6683338,0.11246264
1356513631673,0.5720053,-0.69529927,-0.43516558,0.38715827,-0.23885378,0.8905378,-0.7231311,-0.6778702,0.13256517
1356513631712,0.51867306,-0.6783941,-0.5203458,0.4664313,-0.2855414,0.8372026,-0.7165334,-0.67694,0.16832149
1356513631753,0.44566393,-0.6790818,-0.5832936,0.5326085,-0.3225705,0.7824809,-0.71952194,-0.6593906,0.21792677
1356513631799,0.36290705,-0.69126886,-0.6248566,0.5794235,-0.35776263,0.7323074,-0.72977173,-0.62781614,0.27070293
1356513631831,0.27952063,-0.6942818,-0.66320515,0.6116185,-0.40370524,0.68040055,-0.7401291,-0.5958145,0.31179163
1356513631871,0.2043407,-0.6771919,-0.70686346,0.63121146,-0.4607758,0.62390524,-0.7482092,-0.5736696,0.3332961
1356513631911,0.13855022,-0.6337436,-0.76103413,0.64250904,-0.5272578,0.5560408,-0.7536484,-0.5660109,0.33413428
1356513631951,0.08292651,-0.56588763,-0.8203014,0.64924747,-0.5937993,0.47526857,-0.75604296,-0.571991,0.3181593
1356513631992,0.037737012,-0.48125228,-0.87576944,0.65526295,-0.64975595,0.38528883,-0.75445765,-0.5883989,0.29082704
1356513632030,0.0031308532,-0.39101857,-0.92037743,0.6628943,-0.68828773,0.29467115,-0.7487064,-0.61103547,0.2570491
1356513632094,-0.021558762,-0.3031877,-0.95268697,0.6729709,-0.709102,0.2104391,-0.73935467,-0.6365938,0.21932381
1356513632105,-0.035969377,-0.23113613,-0.9722563,0.6834866,-0.715457,0.14480066,-0.72907627,-0.65931576,0.18371302
1356513632138,-0.045779407,-0.16683865,-0.98492086,0.6930484,-0.71538013,0.08896726,-0.71943593,-0.678525,0.14837694
1356513632182,-0.04541838,-0.12089354,-0.9916259,0.6971963,-0.7147514,0.055205584,-0.71544003,-0.6888506,0.116749436
1356513632221,-0.034685254,-0.09834203,-0.9945481,0.6914768,-0.7208574,0.047163635,-0.7215655,-0.68607104,0.093004346
1356513632261,-0.013157845,-0.10415137,-0.9944744,0.6742075,-0.7353958,0.06809765,-0.7384248,-0.66958606,0.079895854
1356513632301,0.020398676,-0.14144513,-0.9897359,0.6496198,-0.7506229,0.120661825,-0.7599855,-0.6454134,0.07657385
1356513632341,0.06338984,-0.20290267,-0.97714496,0.62557286,-0.7548014,0.19731586,-0.7775862,-0.6237832,0.07908362
1356513632381,0.106749594,-0.2676093,-0.95759577,0.60887414,-0.74380165,0.27573776,-0.78605133,-0.61249024,0.08353987
1356513632421,0.1380136,-0.31255996,-0.9398184,0.6026317,-0.7265349,0.33012453,-0.7859945,-0.61192596,0.088086784
1356513632461,0.14775878,-0.3258873,-0.93379056,0.60714746,-0.71542203,0.34575027,-0.78073,-0.61803627,0.09215173
1356513632501,0.13238823,-0.30665392,-0.9425692,0.62103087,-0.7154856,0.32000157,-0.7725244,-0.62772906,0.095719695
1356513632541,0.094917536,-0.26226473,-0.96031654,0.64088845,-0.722066,0.26054323,-0.7617432,-0.6401859,0.09954566
1356513632581,0.04578632,-0.20996782,-0.97663563,0.6622547,-0.72555923,0.18703629,-0.7478786,-0.65534526,0.105831444
1356513632621,-0.0018466115,-0.17223108,-0.9850548,0.68162733,-0.720981,0.12478152,-0.73169714,-0.67120993,0.11872884
1356513632690,-0.040697455,-0.16453907,-0.9855307,0.6953585,-0.71296513,0.09031817,-0.7175098,-0.68162143,0.14342943
1356513632695,-0.07402831,-0.17569089,-0.9816581,0.70156604,-0.70875776,0.07394281,-0.7087488,-0.6832241,0.17572686
1356513632728,-0.09885293,-0.2177435,-0.9709871,0.69449,-0.7139274,0.0893943,-0.71267927,-0.665504,0.22179446
1356513632771,-0.12188411,-0.26978528,-0.95517546,0.67902374,-0.7245698,0.1180056,-0.72392744,-0.6342038,0.27150416
1356513632811,-0.1426692,-0.31238568,-0.93918085,0.66435707,-0.733592,0.14308248,-0.7336724,-0.603538,0.31219655
1356513632851,-0.15698546,-0.33601263,-0.92868245,0.65609026,-0.7383334,0.15623501,-0.7381742,-0.58477294,0.3363622
1356513632891,-0.1599806,-0.3412112,-0.92627275,0.65569353,-0.73816645,0.15867078,-0.7378837,-0.58196676,0.3418222
1356513632931,-0.14824307,-0.3355177,-0.9302966,0.6625254,-0.7320868,0.15845834,-0.7342234,-0.5928548,0.3308158
1356513632971,-0.12004495,-0.32882425,-0.9367304,0.67463243,-0.71924114,0.16602184,-0.72832704,-0.61201864,0.30817676
1356513633011,-0.07491982,-0.32803595,-0.94168967,0.68867505,-0.69999045,0.1890502,-0.7211891,-0.63435453,0.2783534
1356513633051,-0.012916923,-0.3365898,-0.9415627,0.7002574,-0.67521966,0.23177089,-0.7137734,-0.65634257,0.24442136
1356513633095,0.065092385,-0.35462728,-0.93273926,0.7042639,-0.6458777,0.29471052,-0.7069479,-0.67607796,0.20770949
1356513633131,0.15939373,-0.38706735,-0.90816987,0.69420135,-0.61012536,0.38187897,-0.7019104,-0.69132185,0.17145252
1356513633171,0.2601648,-0.42994657,-0.8645578,0.6636337,-0.5707661,0.48354554,-0.7013591,-0.6995512,0.13683385
1356513633208,0.36412597,-0.49122545,-0.7912711,0.6048443,-0.52132857,0.6019801,-0.7082201,-0.6977923,0.10728562
1356513633238,0.45963603,-0.5648135,-0.68536156,0.52046204,-0.45399803,0.72319096,-0.71962076,-0.68910927,0.085290074
1356513633280,0.5274242,-0.6445825,-0.5534773,0.41774508,-0.37051374,0.82958335,-0.73980594,-0.66875476,0.073853284
1356513633321,0.5699906,-0.7167111,-0.4017909,0.31005818,-0.26523012,0.9129715,-0.76090384,-0.64496374,0.07104349
1356513633361,0.59053844,-0.7622088,-0.2651452,0.22207347,-0.16238469,0.9614128,-0.7758529,-0.6266329,0.07337201
1356513633401,0.6026577,-0.7817465,-0.1602377,0.1600385,-0.078318626,0.98399895,-0.7817873,-0.6186587,0.077910215
1356513633441,0.61394054,-0.78496623,-0.08309689,0.116867155,-0.013720408,0.9930527,-0.780653,-0.61938655,0.08331329
1356513633481,0.6251875,-0.78008085,-0.024787664,0.08491057,0.036410853,0.995723,-0.77584195,-0.6246183,0.08900075
1356513633521,0.6362749,-0.7712307,0.018907756,0.06097886,0.074710384,0.9953391,-0.7690487,-0.6321563,0.09456511
1356513633561,0.648376,-0.7598736,0.046910286,0.04611987,0.10070707,0.99384654,-0.759922,-0.64222276,0.10034132
1356513633601,0.662624,-0.74687123,0.05579233,0.04439029,0.11352739,0.99254274,-0.74763554,-0.6552061,0.10837981
1356513633641,0.67708075,-0.73456174,0.04450482,0.060454905,0.11579193,0.991432,-0.7334213,-0.66858906,0.12280835
1356513633681,0.6848263,-0.7284359,0.019851774,0.094527274,0.11581452,0.9887627,-0.7225493,-0.67525417,0.14816988
1356513633721,0.67804664,-0.73500764,-0.004068285,0.13883942,0.122640535,0.98269165,-0.721787,-0.6668756,0.18520403
1356513633761,0.65581965,-0.7547343,-0.016636133,0.18286017,0.1374368,0.9734851,-0.7324362,-0.6414728,0.22814459
1356513633801,0.626026,-0.7795323,-0.020513713,0.22025016,0.15152061,0.9636034,-0.7480517,-0.6077589,0.26654798
1356513633841,0.5992571,-0.80013394,-0.026010185,0.24783435,0.15452465,0.95639956,-0.76122856,-0.5795754,0.29090074
1356513633881,0.5821805,-0.81207716,-0.039956987,0.2632438,0.14176756,0.95425606,-0.76926494,-0.5660677,0.29630858
1356513633922,0.5765135,-0.8146314,-0.06330773,0.26649922,0.11422616,0.9570426,-0.7724055,-0.5686195,0.28295153
1356513633963,0.5811005,-0.8084926,-0.09306964,0.26061112,0.07652569,0.9624062,-0.77097607,-0.58350974,0.25517124
1356513634003,0.5937166,-0.7949513,-0.124711394,0.2501519,0.035036176,0.9675724,-0.7648036,-0.6056606,0.2196602
1356513634042,0.6120046,-0.7757081,-0.15403658,0.2383754,-0.0047795177,0.97116137,-0.754074,-0.6310737,0.18198466
1356513634094,0.6335829,-0.7532871,-0.17644078,0.22553197,-0.03832358,0.97348166,-0.740073,-0.65657437,0.14560914
1356513634123,0.6559567,-0.7317271,-0.18519217,0.20841584,-0.060227215,0.9761842,-0.7254541,-0.67893153,0.112997085
1356513634163,0.67616105,-0.71677184,-0.1704242,0.18024418,-0.06335464,0.9815795,-0.7143657,-0.69442374,0.086356014
1356513634203,0.6896428,-0.7142627,-0.11925471,0.13185653,-0.038070574,0.9905375,-0.71204406,-0.6988416,0.06792509
1356513634243,0.6892351,-0.7241316,-0.024256676,0.05985126,0.023538783,0.99792963,-0.7220614,-0.68925995,0.059563965
1356513634283,0.6695855,-0.73583746,0.100987524,-0.022134721,0.11613722,0.99298656,-0.74240506,-0.66712475,0.061476216
1356513634322,0.6377075,-0.73772883,0.22155222,-0.08940068,0.21479577,0.97255874,-0.76507306,-0.6400149,0.071023405
1356513634363,0.61077845,-0.729103,0.30880174,-0.13005888,0.29232132,0.947435,-0.781047,-0.61883533,0.08371723
1356513634402,0.5994453,-0.7158113,0.35816127,-0.14998645,0.33908838,0.9287212,-0.78623754,-0.6104369,0.09590292
1356513634443,0.6021983,-0.7026043,0.3790837,-0.15807584,0.36049682,0.91926825,-0.78254026,-0.6135057,0.106025815
1356513634483,0.6132144,-0.6923825,0.38022977,-0.15809059,0.36404294,0.9178671,-0.77393514,-0.62296003,0.11377719
1356513634523,0.6292287,-0.68732274,0.36284804,-0.14848652,0.3519459,0.92416763,-0.7629043,-0.6353909,0.1193963
1356513634563,0.65028137,-0.68906546,0.31987947,-0.122463554,0.3204764,0.939307,-0.7497578,-0.64998734,0.12401444
1356513634603,0.67580485,-0.6978346,0.23730713,-0.067040175,0.2624269,0.96262026,-0.7340255,-0.6664525,0.13056643
1356513634643,0.6963775,-0.71017754,0.10347107,0.031930923,0.17469203,0.9841053,-0.71696496,-0.68200487,0.14432822
1356513634683,0.6904882,-0.72047555,-0.06434971,0.16748378,0.07269859,0.98319066,-0.70368683,-0.6896591,0.17086554
1356513634723,0.647773,-0.73161155,-0.21244904,0.29893547,-0.012404084,0.9541927,-0.70073366,-0.68160886,0.21066964
1356513634762,0.584067,-0.7510216,-0.30794856,0.3943515,-0.06905851,0.9163612,-0.7094735,-0.65665627,0.2558317
1356513634803,0.5174116,-0.7741094,-0.3647463,0.4551322,-0.11201039,0.8833507,-0.7246654,-0.6230636,0.2943666
1356513634842,0.45597762,-0.7888602,-0.41204843,0.4945538,-0.16033131,0.8542308,-0.739933,-0.59329027,0.31702638
1356513634883,0.40245616,-0.78592753,-0.46941113,0.5220643,-0.22416794,0.82292,-0.75198257,-0.57625204,0.32008708
1356513634923,0.35704863,-0.76010704,-0.54291207,0.5435655,-0.3036008,0.7825363,-0.7596399,-0.5745118,0.30476773
1356513634963,0.31940883,-0.7109052,-0.62657154,0.56297314,-0.38951504,0.7289302,-0.76225924,-0.5855697,0.275806
1356513635003,0.29049426,-0.6447602,-0.70703423,0.58213586,-0.46734595,0.6653612,-0.759428,-0.6048736,0.23957673
1356513635042,0.272453,-0.5733668,-0.7726706,0.60090655,-0.5257835,0.60204905,-0.75145245,-0.6283329,0.20128858
1356513635096,0.2687114,-0.51027524,-0.8169537,0.6168922,-0.5602101,0.5528187,-0.73975545,-0.6525211,0.16425005
1356513635123,0.28474802,-0.46928698,-0.83587575,0.624628,-0.57061136,0.53314394,-0.7271577,-0.6739231,0.13064939
1356513635163,0.3291331,-0.46539482,-0.8216319,0.61330533,-0.55624723,0.56075436,-0.7180027,-0.6884741,0.10234982
1356513635203,0.4156165,-0.5191372,-0.74683297,0.55904454,-0.5018883,0.659983,-0.71744835,-0.6918128,0.08162773
1356513635243,0.54516137,-0.63914776,-0.5424843,0.41475677,-0.35672525,0.8370925,-0.72854364,-0.6813495,0.07061806
1356513635283,0.64185375,-0.7472694,-0.17208204,0.16536203,-0.08424598,0.9826281,-0.74878514,-0.6591593,0.06949636
1356513635323,0.6355427,-0.7527337,0.17168981,-0.051799715,0.1803038,0.98224604,-0.7703261,-0.6331527,0.07559939
1356513635363,0.59897286,-0.717415,0.35573483,-0.15734786,0.3301363,0.9307264,-0.78515804,-0.613454,0.084858954
1356513635402,0.5799433,-0.6905341,0.4322364,-0.19659649,0.3962628,0.896842,-0.7905792,-0.6050937,0.09405339
1356513635443,0.5783665,-0.67640585,0.45603442,-0.20751436,0.41864207,0.8841248,-0.78894234,-0.6059819,0.10176462
1356513635483,0.58743685,-0.67290646,0.44957197,-0.20272273,0.4154578,0.88673466,-0.78346765,-0.612039,0.10764179
1356513635523,0.6051183,-0.68080336,0.41272098,-0.18024409,0.38779303,0.9039517,-0.77546364,-0.62138826,0.11194989
1356513635563,0.6319102,-0.7017691,0.3289522,-0.12717322,0.3247942,0.9371956,-0.76453674,-0.63405734,0.11599454
1356513635603,0.660879,-0.7309597,0.17010847,-0.020659149,0.20885769,0.9777278,-0.75020814,-0.64967406,0.12292865
1356513635643,0.6619943,-0.7461539,-0.070837796,0.1499865,0.039280057,0.9879075,-0.7343485,-0.66461384,0.13791615
1356513635683,0.6054486,-0.7298882,-0.317325,0.33410823,-0.12878588,0.9336947,-0.7223598,-0.6713251,0.1658884
1356513635723,0.51580465,-0.7099515,-0.4794939,0.46430802,-0.2387037,0.8529,-0.71997476,-0.6625626,0.2065118
1356513635762,0.42690897,-0.7080689,-0.562483,0.53723603,-0.30175507,0.7876048,-0.7274106,-0.63842165,0.2515782
1356513635802,0.34635603,-0.7119652,-0.61085445,0.5773363,-0.3514642,0.7369909,-0.73940533,-0.6079297,0.2893116
1356513635842,0.27327108,-0.7022903,-0.6573517,0.60133445,-0.4086601,0.68658125,-0.7508128,-0.582911,0.31063634
1356513635883,0.20821834,-0.66789544,-0.7145355,0.6163676,-0.47763133,0.6260666,-0.7594315,-0.570775,0.31221744
1356513635922,0.15279943,-0.6067344,-0.78008056,0.6263447,-0.55111223,0.55133265,-0.76442444,-0.57284266,0.29581523
1356513635963,0.108962,-0.52597094,-0.84349376,0.6349138,-0.61608225,0.46618342,-0.7648606,-0.5863421,0.26681674
1356513636003,0.07864171,-0.44036943,-0.8943659,0.64499074,-0.6615918,0.38246983,-0.76013315,-0.6069358,0.23200548
1356513636042,0.062523425,-0.36436617,-0.9291545,0.6573651,-0.6854748,0.31304216,-0.75097406,-0.6303662,0.19666338
1356513636096,0.060207665,-0.3064757,-0.94997245,0.67055327,-0.69256043,0.26592913,-0.73941416,-0.6530181,0.16381088
1356513636123,0.07189095,-0.2713843,-0.9597824,0.68131787,-0.68942297,0.24597153,-0.7284488,-0.6716,0.13533568
1356513636162,0.09875095,-0.26303992,-0.95971787,0.6848254,-0.6817617,0.2573232,-0.7219851,-0.6826501,0.112811744
1356513636203,0.1443547,-0.2892245,-0.94631433,0.67405295,-0.67139703,0.30802363,-0.7244407,-0.68233067,0.09803337
1356513636243,0.21376514,-0.36103353,-0.90772206,0.6400442,-0.6502169,0.40934253,-0.7380026,-0.6684854,0.09208375
1356513636282,0.30581552,-0.48052728,-0.8219309,0.57414246,-0.595584,0.56181854,-0.759498,-0.6437182,0.093752354
1356513636322,0.39954543,-0.61592025,-0.678974,0.47992057,-0.49051422,0.7273735,-0.7810504,-0.61647236,0.09961003
1356513636363,0.46492702,-0.7136597,-0.5239587,0.3882851,-0.36749834,0.8450915,-0.7956617,-0.5963512,0.10624352
1356513636403,0.49752223,-0.75894123,-0.42009497,0.33175534,-0.28099477,0.90054446,-0.80150485,-0.5874097,0.11198166
1356513636442,0.5086087,-0.76972824,-0.38579232,0.31647104,-0.24958128,0.91518056,-0.8007267,-0.5875609,0.116657436
1356513636483,0.50310695,-0.75862014,-0.41397935,0.33699238,-0.2688928,0.90229315,-0.79581374,-0.5934579,0.12036735
1356513636523,0.47829008,-0.7251367,-0.49539405,0.38847762,-0.33120936,0.8598752,-0.7876063,-0.60371935,0.123285264
1356513636563,0.42915297,-0.6634441,-0.61291903,0.46322423,-0.42088664,0.77992165,-0.7754038,-0.61862457,0.12669861
1356513636603,0.3574894,-0.5791885,-0.73262674,0.54485744,-0.50778085,0.66729975,-0.75850624,-0.63772976,0.13404894
1356513636643,0.27649778,-0.49915016,-0.8212175,0.61485195,-0.56486434,0.55035037,-0.73858386,-0.6570979,0.15071964
1356513636683,0.19815236,-0.44856346,-0.8715081,0.66455936,-0.5920865,0.45584473,-0.72048354,-0.6694956,0.18077374
1356513636723,0.12367743,-0.42686284,-0.8958192,0.6943842,-0.6076795,0.3854298,-0.70889664,-0.66971165,0.2212506
1356513636762,0.05107975,-0.41401535,-0.9088356,0.7081192,-0.626701,0.3252892,-0.7042429,-0.6601796,0.2611605
1356513636804,-0.017022848,-0.39130622,-0.9201031,0.71016663,-0.65251374,0.26436564,-0.70382786,-0.64892626,0.28900027
1356513636842,-0.075318396,-0.35137147,-0.9332017,0.70484525,-0.68075025,0.19943002,-0.70535123,-0.64274204,0.29893547
1356513636883,-0.11938703,-0.2962812,-0.94760966,0.69575024,-0.7058558,0.1330381,-0.7082925,-0.64341664,0.2904078
1356513636923,-0.14839268,-0.23400815,-0.96084327,0.6858029,-0.72436476,0.07049966,-0.7124985,-0.64848745,0.26797387
1356513636962,-0.16400683,-0.17343101,-0.97109395,0.67682946,-0.73594075,0.017125338,-0.7176376,-0.65445626,0.23808244
1356513637003,-0.1687991,-0.12067324,-0.9782356,0.66972023,-0.74222547,-0.024003863,-0.7231747,-0.65919596,0.20610428
1356513637042,-0.16487598,-0.078906,-0.9831529,0.66520464,-0.74486387,-0.051774293,-0.7282298,-0.66253424,0.17529881
1356513637094,-0.15348619,-0.049562693,-0.9869071,0.6637749,-0.74503106,-0.06581625,-0.7320143,-0.66518605,0.14725031
1356513637123,-0.13509548,-0.033559293,-0.99026406,0.6642258,-0.7446674,-0.06537992,-0.7352233,-0.66659147,0.12289214
1356513637163,-0.10974544,-0.032154202,-0.9934395,0.6626311,-0.7473405,-0.049012154,-0.7408616,-0.6636628,0.10332358
1356513637203,-0.07715696,-0.04861754,-0.9958329,0.65416557,-0.7562262,-0.013764888,-0.75240564,-0.6525017,0.09015197
1356513637243,-0.036628187,-0.088733226,-0.9953818,0.6369461,-0.7695842,0.045166105,-0.7700377,-0.6323502,0.084706694
1356513637282,0.01235193,-0.15657306,-0.9875892,0.61402404,-0.7783274,0.13107625,-0.7891907,-0.6080226,0.08652577
1356513637322,0.06790167,-0.24587832,-0.9669194,0.5916781,-0.7704094,0.23745815,-0.8033097,-0.5882288,0.093168736
1356513637362,0.12334108,-0.33666068,-0.93351305,0.57512075,-0.74236,0.3437118,-0.808717,-0.5792765,0.10205707
1356513637402,0.16989273,-0.4082917,-0.89690274,0.56638616,-0.7043389,0.42791772,-0.8064386,-0.58069336,0.11158863
1356513637443,0.20146471,-0.4523819,-0.86877066,0.56552273,-0.6704689,0.48026586,-0.7997474,-0.5880662,0.12075648
1356513637482,0.21552008,-0.46922424,-0.85637593,0.5729771,-0.6493784,0.50000495,-0.7907264,-0.598445,0.12890068
1356513637522,0.21173632,-0.4615534,-0.86147326,0.5896812,-0.6426021,0.48922247,-0.7793868,-0.6115808,0.13610718
1356513637563,0.19192594,-0.43525332,-0.87961304,0.615184,-0.64497745,0.45337933,-0.76466537,-0.6281391,0.14397293
1356513637602,0.16047949,-0.40254754,-0.90122235,0.6458227,-0.6476595,0.4042898,-0.7464311,-0.6469101,0.15603828
1356513637643,0.12290412,-0.37992752,-0.9168149,0.674647,-0.6455401,0.35795155,-0.7278365,-0.6625202,0.17697746
1356513637682,0.082764566,-0.378393,-0.9219375,0.69438964,-0.6416717,0.32569987,-0.7148238,-0.66714025,0.20964447
1356513637722,0.04123205,-0.3955286,-0.9175277,0.7019703,-0.6420164,0.30830625,-0.71101177,-0.6567893,0.2511776
1356513637762,-4.273653E-5,-0.41785452,-0.90851396,0.69965506,-0.6491283,0.29852188,-0.7144808,-0.63563365,0.2923817
1356513637802,-0.037292957,-0.43054587,-0.90179795,0.69167453,-0.66244507,0.287668,-0.7212458,-0.6130227,0.32250214
1356513637842,-0.066134095,-0.42508572,-0.90273386,0.6816198,-0.67996883,0.27025318,-0.72871166,-0.59744835,0.33471596
1356513637882,-0.08367348,-0.39998972,-0.9126922,0.67208505,-0.6988829,0.24467207,-0.73573124,-0.5929342,0.32730505
1356513637923,-0.089194775,-0.35954148,-0.9288564,0.6651537,-0.71564156,0.21313803,-0.7413602,-0.59882146,0.3029818
