1356511902198,0.13526088,0.5403358,-0.8305069,0.39549577,0.7390936,0.545274,0.90845335,-0.40221623,-0.11373007
1356511902200,0.08375907,0.4417611,-0.89321417,0.40951046,0.8019159,0.43500817,0.90845233,-0.40221643,-0.11373806
1356511902224,0.08370435,0.44172296,-0.8932382,0.40954188,0.80193233,0.4349482,0.9084432,-0.4022255,-0.11377883
1356511902263,0.08341658,0.44153395,-0.89335847,0.40971985,0.80200756,0.4346418,0.90838933,-0.40228304,-0.11400449
1356511902308,0.08254838,0.44076055,-0.893821,0.41022587,0.80234593,0.43353865,0.9082403,-0.40245643,-0.11457902
1356511902347,0.080794096,0.43874004,-0.8949746,0.41120198,0.80326545,0.43090323,0.9079566,-0.40282974,-0.115511656
1356511902385,0.07805529,0.4346916,-0.89719045,0.41254628,0.80518574,0.42600644,0.90758634,-0.40338463,-0.116481364
1356511902426,0.07463825,0.42863435,-0.90038973,0.4140907,0.8080607,0.41900697,0.90717036,-0.40411696,-0.11718124
1356511902466,0.07062414,0.42041367,-0.9045798,0.41565752,0.81195885,0.40981907,0.90677506,-0.40493852,-0.11740422
1356511902506,0.065983504,0.4104484,-0.90949345,0.41710415,0.81667906,0.39882267,0.9064603,-0.4056692,-0.11731237
1356511902546,0.060106546,0.39935154,-0.91482544,0.41813678,0.82212496,0.3863575,0.9063933,-0.4057448,-0.11756849
1356511902588,0.051783383,0.3873384,-0.92048216,0.4184113,0.8285044,0.37217265,0.90678024,-0.4044125,-0.11916399
1356511902628,0.04004228,0.37465113,-0.9263008,0.41785675,0.83580995,0.35611442,0.90763015,-0.40132067,-0.12308276
1356511902666,0.026066601,0.3622423,-0.93171936,0.41714677,0.84306866,0.3394463,0.9084652,-0.3975119,-0.12913227
1356511902710,0.011230528,0.35101205,-0.9363036,0.4170568,0.8493861,0.32342988,0.9088111,-0.3941241,-0.13685292
1356511902746,-0.0018709897,0.34226707,-0.9396008,0.41778514,0.8539392,0.3102313,0.90854394,-0.39197084,-0.14459181
1356511902786,-0.010919601,0.3370185,-0.9414348,0.4187485,0.8565004,0.30175635,0.90803665,-0.3909293,-0.1504786
1356511902826,-0.014879584,0.33540517,-0.94195646,0.41913998,0.8573894,0.2986722,0.90779966,-0.3903675,-0.15333933
1356511902868,-0.013818502,0.33682182,-0.94146705,0.41847393,0.85707986,0.30048907,0.90812373,-0.38982707,-0.15279472
1356511902906,-0.008283436,0.3402406,-0.94030195,0.4166894,0.8559781,0.30605796,0.9090112,-0.38927862,-0.1488651
1356511902947,7.0640445E-4,0.34444368,-0.9388068,0.41374195,0.85458374,0.31385398,0.91039395,-0.3886454,-0.1419071
1356511902988,0.012673497,0.35004357,-0.9366477,0.40906182,0.8529371,0.32429418,0.91241866,-0.3872567,-0.13237977
1356511903028,0.023197174,0.3502447,-0.93637097,0.4020694,0.85426766,0.32949507,0.9153154,-0.38412946,-0.12100607
1356511903066,0.03340301,0.3501255,-0.9361071,0.39282137,0.8566514,0.3344243,0.91900796,-0.37889364,-0.108922064
1356511903108,0.04172188,0.34858876,-0.9363467,0.3822059,0.8603131,0.3373129,0.92313486,-0.3719506,-0.097338796
1356511903146,0.04749292,0.3453386,-0.93727565,0.371452,0.86493504,0.33750668,0.9272367,-0.36418208,-0.087198436
1356511903186,0.050815344,0.34053773,-0.93885666,0.36168605,0.86998254,0.33513215,0.9309141,-0.3566012,-0.078959286
1356511903242,0.051668584,0.33427796,-0.94105715,0.35347208,0.87519485,0.33028993,0.934017,-0.34970304,-0.072937846
1356511903271,0.048880935,0.32606804,-0.9440818,0.3458472,0.8812136,0.32226124,0.93701684,-0.34226045,-0.069695175
1356511903326,0.041705698,0.31561953,-0.94796884,0.3369335,0.8887744,0.31073448,0.9406043,-0.33236185,-0.0692758
1356511903347,0.027900904,0.30269626,-0.9526786,0.32348606,0.89903176,0.29512483,0.94582146,-0.3164125,-0.07283425
1356511903387,0.0074238777,0.28766873,-0.9577012,0.30547264,0.91129404,0.27609715,0.9521719,-0.29460123,-0.08110958
1356511903423,-0.017574042,0.27242842,-0.9620156,0.2856674,0.9234251,0.25628164,0.9581678,-0.27031258,-0.094052255
1356511903469,-0.045113117,0.25893027,-0.96484196,0.26790816,0.9335814,0.23801443,0.9623877,-0.24775141,-0.111486316
1356511903511,-0.06589368,0.25406608,-0.9649396,0.25710914,0.9387106,0.22960259,0.96413326,-0.23296542,-0.12717777
1356511903553,-0.077264845,0.2583425,-0.96295863,0.25670874,0.9384364,0.23116614,0.9633954,-0.22933887,-0.1388269
1356511903590,-0.07800737,0.2762102,-0.9579263,0.2643,0.9322033,0.24727029,0.9612806,-0.23389098,-0.14572108
1356511903634,-0.068425566,0.30559424,-0.94970006,0.27907255,0.9197923,0.27586347,0.95782906,-0.24615908,-0.1482203
1356511903668,-0.05028212,0.34897837,-0.9357808,0.29670706,0.8998833,0.31964827,0.95364386,-0.26158017,-0.14879239
1356511903711,-0.026567519,0.4001333,-0.91607183,0.3157118,0.8728509,0.37209865,0.94848317,-0.2793289,-0.14951628
1356511903752,0.0010299976,0.4592684,-0.8882969,0.33414835,0.83708036,0.4331758,0.94251984,-0.2972691,-0.1526016
1356511903790,0.028796613,0.52221364,-0.8523284,0.34969115,0.79353875,0.49800837,0.93642235,-0.31239265,-0.15976226
1356511903831,0.049851328,0.58244747,-0.8113383,0.36071044,0.74701846,0.5584365,0.9313446,-0.32049698,-0.17285502
1356511903871,0.05605066,0.6336911,-0.7715529,0.36664113,0.7057144,0.60625196,0.92867255,-0.31686386,-0.19278151
1356511903912,0.038754314,0.6688367,-0.7423985,0.36759898,0.6813143,0.63299435,0.92917657,-0.29743618,-0.21945983
1356511903953,3.1670928E-4,0.6860558,-0.72754896,0.36411932,0.6775253,0.63904357,0.93135226,-0.265117,-0.24959153
1356511903995,-0.0530203,0.6847336,-0.7268622,0.35612154,0.6929917,0.6268493,0.93293417,-0.22561553,-0.280591
1356511904028,-0.099372566,0.6755997,-0.7305411,0.34774756,0.7114607,0.6106516,0.93230724,-0.19336185,-0.30563778
1356511904066,-0.1262502,0.6689404,-0.7325159,0.34339738,0.72224075,0.60037196,0.9306659,-0.17574695,-0.32089543
1356511904106,-0.12830469,0.6702134,-0.73099375,0.34472197,0.7212641,0.6007868,0.9298949,-0.17490587,-0.3235789
1356511904148,-0.10349047,0.6823469,-0.7236659,0.34978563,0.70606524,0.61572874,0.9310959,-0.18940589,-0.31174618
1356511904188,-0.063595325,0.6964129,-0.714818,0.35264635,0.68574077,0.63671046,0.93359315,-0.21158613,-0.28919733
1356511904245,-0.01422799,0.7100111,-0.70404667,0.35078,0.6629118,0.6614389,0.9363498,-0.2375546,-0.2584896
1356511904266,0.034661654,0.71699774,-0.6962131,0.34484294,0.6452671,0.6816991,0.9380201,-0.263713,-0.22488558
1356511904306,0.07771772,0.7165246,-0.6932189,0.337633,0.63531935,0.69453096,0.9380639,-0.28803092,-0.19254678
1356511904347,0.112365216,0.70950806,-0.6956812,0.33164585,0.633191,0.69934267,0.9366883,-0.30930156,-0.16415673
1356511904388,0.1382941,0.69784033,-0.70277566,0.3279107,0.637309,0.6973606,0.9345316,-0.3268885,-0.14069325
1356511904431,0.1552059,0.6828706,-0.71386194,0.3259405,0.64675593,0.68954307,0.9325632,-0.33969766,-0.12219483
1356511904467,0.1609964,0.6640781,-0.73012364,0.32467976,0.66296154,0.6745851,0.932021,-0.34566212,-0.108878255
1356511904506,0.15118444,0.6402438,-0.75314754,0.32170492,0.6885598,0.64991647,0.9346921,-0.34054852,-0.10187006
1356511904546,0.12266293,0.6084798,-0.784032,0.3146628,0.7253944,0.61220115,0.9412445,-0.3218001,-0.10248697
1356511904590,0.07926318,0.5689477,-0.81854504,0.301273,0.76905775,0.56372404,0.95023793,-0.29128808,-0.110450566
1356511904632,0.032425642,0.52678293,-0.8493811,0.28193474,0.8104956,0.51342934,0.95888543,-0.2561183,-0.12223756
1356511904672,-0.0034284284,0.49140367,-0.8709252,0.2627578,0.8407697,0.47335464,0.9648558,-0.22721952,-0.13200271
1356511904713,-0.021332681,0.47027075,-0.8822644,0.25117892,0.8566818,0.4505612,0.9677056,-0.2119945,-0.13639742
1356511904752,-0.024398267,0.46514863,-0.8848963,0.24873286,0.8601488,0.44528195,0.9682647,-0.20923868,-0.13668388
1356511904795,-0.014979093,0.47628286,-0.8791645,0.2555758,0.8518791,0.45714664,0.96667296,-0.21784556,-0.13448673
1356511904831,0.003607275,0.5057216,-0.8626892,0.26699537,0.8308896,0.4881966,0.96369106,-0.2320951,-0.1320281
1356511904867,0.031045256,0.54857516,-0.8355247,0.2823425,0.79707015,0.5338182,0.95881116,-0.25247663,-0.13014084
1356511904922,0.07190752,0.60794955,-0.79071283,0.30361402,0.74180144,0.59795415,0.9500779,-0.2830689,-0.1312409
1356511904957,0.12465623,0.68685865,-0.7160209,0.31827328,0.65583336,0.68453246,0.9397674,-0.3132215,-0.13685507
1356511905002,0.17067745,0.7568513,-0.63090837,0.3262663,0.56077117,0.76097697,0.9297416,-0.33572572,-0.15122408
1356511905041,0.19606483,0.8109744,-0.5512523,0.3302589,0.47470886,0.8158312,0.9233026,-0.34201178,-0.17475778
1356511905082,0.18505663,0.8445159,-0.5025406,0.33852825,0.42529172,0.83936024,0.9225794,-0.32545337,-0.20718944
1356511905119,0.15495783,0.8647734,-0.4776559,0.34949806,0.40424305,0.84524477,0.92403424,-0.29791713,-0.23959601
1356511905161,0.12263834,0.87590814,-0.4666312,0.35903466,0.39917833,0.8436532,0.9252318,-0.27100098,-0.26552683
1356511905198,0.10565997,0.88308036,-0.45717072,0.36332086,0.39367652,0.84440315,0.9256532,-0.25531924,-0.27924562
1356511905237,0.110259265,0.8896203,-0.4431913,0.35896513,0.3801678,0.85241807,0.9268155,-0.25307718,-0.27742565
1356511905264,0.1191346,0.8903333,-0.4394468,0.35092154,0.37627465,0.8574797,0.92879546,-0.25636685,-0.26760983
1356511905295,0.13354322,0.88925356,-0.43748638,0.3382222,0.37404272,0.86353797,0.93154275,-0.26328725,-0.25081444
1356511905336,0.1568203,0.88710785,-0.43410483,0.31795454,0.37079442,0.87259173,0.9350467,-0.27486572,-0.22391188
1356511905376,0.17969954,0.87910056,-0.44146377,0.29653427,0.3794865,0.87638885,0.93796355,-0.28839582,-0.19248992
1356511905416,0.19982648,0.86644936,-0.45753112,0.2772878,0.3978544,0.87454176,0.939777,-0.3016244,-0.16075402
1356511905456,0.2159836,0.8504256,-0.47971597,0.26229477,0.42271748,0.8674741,0.9405066,-0.3131872,-0.1317622
1356511905497,0.22724906,0.8322829,-0.5056312,0.25237665,0.45114407,0.85602283,0.9405657,-0.3221399,-0.10752672
1356511905538,0.22986788,0.81212497,-0.5362963,0.24775645,0.4840654,0.8392243,0.9411575,-0.32578152,-0.089938104
1356511905577,0.21755445,0.7888222,-0.5748302,0.24746335,0.5251158,0.8142575,0.94415677,-0.3193947,-0.08096331
1356511905616,0.18672884,0.7604567,-0.62196296,0.24878702,0.57585734,0.7787768,0.950388,-0.3001564,-0.081662595
1356511905658,0.1396417,0.7260011,-0.67336667,0.24779828,0.63277036,0.7336196,0.95869505,-0.26930296,-0.091540694
1356511905701,0.091217786,0.6901067,-0.717936,0.24283175,0.6837643,0.68811274,0.9657702,-0.23710574,-0.10520834
1356511905742,0.053451,0.66002864,-0.7493365,0.23710968,0.7205585,0.65159374,0.97001135,-0.21250325,-0.11798459
1356511905781,0.031272084,0.6415242,-0.7664651,0.23461705,0.74070334,0.62953424,0.97158474,-0.19951263,-0.1273492
1356511905820,0.022699952,0.6367447,-0.7707405,0.23644887,0.7456475,0.62297815,0.9713787,-0.1963823,-0.13363141
1356511905862,0.025647465,0.6466168,-0.7623836,0.2419635,0.7359426,0.63233066,0.96994627,-0.20068666,-0.1375826
1356511905900,0.040155947,0.6713128,-0.74008554,0.25048727,0.7102678,0.65785694,0.96728677,-0.21179883,-0.13963383
1356511905942,0.06697875,0.7093756,-0.7016411,0.26119575,0.6662303,0.6985084,0.9629594,-0.23005089,-0.14066261
1356511905983,0.10489618,0.7567601,-0.64522153,0.27194023,0.60224575,0.75056547,0.95658,-0.25419313,-0.14262027
1356511906023,0.1493392,0.80513847,-0.57397723,0.28141737,0.5218709,0.80526704,0.9478935,-0.28178507,-0.14864415
1356511906059,0.19032869,0.8469244,-0.49648172,0.28854534,0.43512854,0.8528803,0.9383585,-0.3055851,-0.16155863
1356511906104,0.21050185,0.8772198,-0.43147928,0.29854083,0.36260098,0.8828329,0.93089324,-0.31465212,-0.18555772
1356511906141,0.20904407,0.8992071,-0.3843529,0.31045023,0.31168172,0.8980396,0.9273193,-0.30705225,-0.2140038
1356511906178,0.18525892,0.91405237,-0.3608149,0.32289267,0.29016316,0.90085834,0.9281268,-0.28339654,-0.24138552
1356511906238,0.15738393,0.92292154,-0.35134882,0.33088347,0.28593498,0.8993093,0.9304549,-0.25779232,-0.26037794
1356511906258,0.13726148,0.9271536,-0.3486337,0.33023545,0.28899512,0.89856905,0.933865,-0.23847014,-0.26651108
1356511906297,0.13059695,0.9271429,-0.35121277,0.3194726,0.2959978,0.90017915,0.938553,-0.22976351,-0.25754035
1356511906336,0.13617015,0.9230832,-0.35968763,0.30034533,0.30751663,0.9028988,0.9440606,-0.23097837,-0.23536915
1356511906376,0.15097092,0.9150928,-0.37391558,0.2765946,0.3240394,0.90470654,0.9490539,-0.24000746,-0.20418924
1356511906416,0.17109104,0.9028739,-0.39439398,0.2536701,0.34643418,0.90312505,0.95203954,-0.25456253,-0.16976035
1356511906456,0.19318266,0.88652796,-0.4204149,0.23569244,0.37400997,0.89697576,0.95243347,-0.27236876,-0.13669568
1356511906496,0.21423769,0.8666153,-0.45064405,0.22479555,0.4052285,0.8861472,0.9505626,-0.29114896,-0.107996106
1356511906536,0.23125839,0.8441676,-0.4836328,0.22145489,0.43838322,0.8710786,0.94735277,-0.30854705,-0.08556521
1356511906578,0.24014816,0.8207394,-0.5183779,0.22446227,0.47258416,0.85222113,0.9444287,-0.3210156,-0.0707348
1356511906618,0.23435938,0.7982387,-0.55487895,0.23127753,0.50860673,0.82935506,0.94423854,-0.32269818,-0.065417945
1356511906666,0.20252824,0.7780839,-0.59461564,0.23882425,0.5496205,0.80055004,0.94970804,-0.30414265,-0.07451165
1356511906708,0.15559357,0.75785494,-0.6335981,0.24358785,0.5921669,0.7681167,0.9573169,-0.2738508,-0.09246689
1356511906754,0.098441415,0.7393962,-0.6660349,0.24316642,0.63112456,0.7365812,0.9649764,-0.23446745,-0.117667556
1356511906791,0.05040285,0.7222577,-0.68978506,0.23964535,0.6617391,0.71040237,0.96955127,-0.2011101,-0.13973212
1356511906847,0.019067138,0.7084973,-0.7054559,0.23722091,0.6822306,0.6915835,0.97126865,-0.18053544,-0.1550622
1356511906878,0.007357478,0.6991228,-0.71496373,0.23978528,0.6928895,0.68000525,0.9707981,-0.1764409,-0.16254145
1356511906918,0.0054626763,0.6956191,-0.71839,0.24449135,0.6956686,0.67547697,0.9696361,-0.17933005,-0.16627264
1356511906953,0.009883694,0.6962001,-0.7177799,0.25144106,0.6930207,0.6756477,0.9678222,-0.18715721,-0.16820365
1356511906983,0.01806724,0.7000542,-0.7138611,0.25975484,0.68617547,0.6794782,0.9655056,-0.19770513,-0.16944516
1356511907027,0.03228524,0.7048629,-0.7086084,0.2736007,0.67566425,0.6845585,0.9613013,-0.21597686,-0.17103702
1356511907070,0.049559686,0.7117232,-0.7007095,0.29203972,0.6605841,0.6916224,0.9551212,-0.23891157,-0.17511308
1356511907110,0.06335306,0.71859527,-0.69253683,0.31532344,0.64396983,0.69704664,0.9468672,-0.26253316,-0.1857925
1356511907150,0.06602183,0.7240627,-0.68656707,0.33830786,0.63107026,0.6980674,0.93871665,-0.2783587,-0.20329165
1356511907191,0.048536774,0.7264096,-0.685546,0.35676426,0.6284702,0.6911906,0.9329327,-0.27812648,-0.22865307
1356511907251,0.01757538,0.72272617,-0.690911,0.36782676,0.63788426,0.67661446,0.9297282,-0.26602733,-0.254627
1356511907271,-0.016156022,0.7133352,-0.70063674,0.37080413,0.655035,0.6583566,0.9285705,-0.24916255,-0.2750904
1356511907306,-0.03982797,0.6994922,-0.7135295,0.36891866,0.6739361,0.64008534,0.928608,-0.23774108,-0.2848972
1356511907346,-0.045114096,0.685931,-0.72626674,0.36383432,0.68835706,0.6275262,0.93037057,-0.23593052,-0.28061986
1356511907386,-0.03247735,0.6742617,-0.73777795,0.35632166,0.6974746,0.62174267,0.9337987,-0.24269366,-0.2629062
1356511907426,-0.0067901015,0.66495466,-0.7468529,0.3468721,0.7020628,0.6219225,0.9378879,-0.25483954,-0.2354213
1356511907466,0.025951147,0.6576152,-0.7529069,0.33659917,0.70343333,0.6260052,0.9412904,-0.2696734,-0.20309788
1356511907506,0.060829073,0.6518166,-0.7559332,0.32696655,0.70253813,0.63208634,0.9430762,-0.28561413,-0.17038745
1356511907546,0.09451589,0.6473849,-0.7562802,0.3190297,0.69991904,0.6390098,0.9430201,-0.3016724,-0.14038152
1356511907586,0.12474397,0.6443007,-0.75452995,0.31301612,0.69607884,0.6461386,0.94152,-0.31678188,-0.11484486
1356511907628,0.14871702,0.6425783,-0.75164914,0.30811715,0.69215286,0.6526778,0.9396527,-0.3286603,-0.09505451
1356511907667,0.16258293,0.6424148,-0.7489126,0.3024403,0.6900298,0.65756273,0.93920004,-0.33340982,-0.08210504
1356511907720,0.1542975,0.6438541,-0.7494293,0.29149264,0.69508636,0.65718114,0.9440468,-0.31985453,-0.0804286
1356511907758,0.13028431,0.6470486,-0.751235,0.2765952,0.70389223,0.65424067,0.952114,-0.29302526,-0.08726442
1356511907796,0.09172681,0.6501271,-0.7542684,0.25732362,0.71625876,0.6486585,0.96196187,-0.25359043,-0.10159296
1356511907844,0.04689965,0.6524436,-0.75638473,0.23500161,0.72875786,0.6431845,0.97086287,-0.2079168,-0.119146824
1356511907880,0.012063563,0.65505743,-0.7554828,0.21619494,0.73595816,0.64158034,0.9762757,-0.17107129,-0.13274181
1356511907925,-0.0058555007,0.6592244,-0.7519235,0.2055431,0.73667395,0.6442542,0.9786306,-0.15078029,-0.13981265
1356511907961,-0.0102807805,0.66707975,-0.74491537,0.20250933,0.73090684,0.6517401,0.97922635,-0.14415193,-0.14260417
1356511907996,-0.0032835305,0.67739797,-0.7356095,0.20729074,0.72009635,0.66218716,0.9782739,-0.15031075,-0.14278275
1356511908052,0.017469086,0.6912714,-0.7223839,0.22280237,0.7016364,0.6768054,0.97470707,-0.17277202,-0.14175999
1356511908091,0.044513762,0.71057653,-0.7022103,0.24112062,0.67448425,0.6978049,0.9694737,-0.2003793,-0.14131087
1356511908134,0.07622688,0.7288363,-0.6804316,0.26356608,0.64341563,0.71871364,0.96162486,-0.23412396,-0.14305091
1356511908169,0.10779363,0.7455677,-0.65765446,0.28723586,0.609942,0.73855686,0.95177525,-0.26851368,-0.14840591
1356511908248,0.1284664,0.75926846,-0.63797164,0.31332344,0.5792768,0.75250703,0.940917,-0.29656333,-0.16347903
1356511908251,0.13142887,0.7691878,-0.6253611,0.3350985,0.5592276,0.75827,0.93297124,-0.30921614,-0.18425506
1356511908286,0.107639015,0.7739248,-0.62406266,0.34976816,0.5581017,0.75245243,0.9306321,-0.29927045,-0.21062076
1356511908332,0.058985624,0.77029073,-0.6349589,0.35485336,0.57834345,0.7345733,0.9330594,-0.26864654,-0.23922634
1356511908368,0.004587587,0.756652,-0.65380174,0.35134006,0.6109065,0.7094741,0.9362367,-0.23296149,-0.26303953
1356511908406,-0.037316445,0.7368071,-0.67507243,0.34221292,0.64411885,0.6841062,0.93888116,-0.20549013,-0.27618116
1356511908446,-0.057192385,0.7157116,-0.69605017,0.33093035,0.67136604,0.66313857,0.9419204,-0.19241764,-0.2752477
1356511908486,-0.05407053,0.697065,-0.7149663,0.3195145,0.6904462,0.648995,0.9460374,-0.19335061,-0.26005518
1356511908526,-0.033946756,0.6812928,-0.73122346,0.30959225,0.7028249,0.6404606,0.95026326,-0.20463952,-0.23478156
1356511908566,-0.0046641827,0.66770524,-0.7444111,0.30293947,0.7103815,0.63528407,0.9529984,-0.22254845,-0.20558763
1356511908606,0.02727687,0.65582305,-0.75442165,0.30025607,0.7144777,0.63195556,0.9534685,-0.24375747,-0.17742616
1356511908646,0.057268266,0.64554584,-0.7615714,0.30072814,0.7162388,0.62973374,0.95198894,-0.2650897,-0.15311605
1356511908686,0.08287573,0.63704336,-0.7663598,0.3030312,0.71648157,0.62835205,0.94937015,-0.28430608,-0.13366508
1356511908729,0.10257065,0.630329,-0.7695223,0.3052774,0.71632373,0.627444,0.9467232,-0.2992751,-0.11895144
1356511908769,0.11364591,0.62491083,-0.7723801,0.3045389,0.7180831,0.62578964,0.9456959,-0.30633825,-0.10870248
1356511908807,0.11202642,0.61980236,-0.7767207,0.29805285,0.72469443,0.6212749,0.9479528,-0.301103,-0.103548944
1356511908846,0.09523177,0.6137439,-0.7837406,0.28535768,0.73744565,0.6121641,0.9536781,-0.28194392,-0.10490829
1356511908889,0.06354678,0.60538185,-0.7933944,0.26745862,0.75558823,0.5979568,0.9614716,-0.2501984,-0.11389941
1356511908930,0.029667076,0.5952774,-0.8029723,0.24985784,0.7734073,0.58259094,0.9678279,-0.2179127,-0.12579
1356511908971,2.2703409E-4,0.5852416,-0.81085896,0.23635381,0.78785354,0.56870353,0.97166705,-0.19177869,-0.13814521
1356511909010,-0.019011587,0.5776689,-0.8160498,0.22982754,0.7968658,0.55873454,0.9730457,-0.17692828,-0.14791387
1356511909050,-0.027953144,0.5748562,-0.81777686,0.23082142,0.7996992,0.55425864,0.97259456,-0.17326711,-0.15504324
1356511909091,-0.028757632,0.5790806,-0.81476295,0.23713097,0.79578424,0.557222,0.97105193,-0.17718114,-0.1602028
1356511909129,-0.02261594,0.59176004,-0.8057968,0.24710491,0.78430355,0.5690405,0.9687248,-0.18624698,-0.16396463
1356511909171,-0.009454284,0.6137181,-0.7894685,0.26047313,0.76376003,0.5906135,0.9654348,-0.2000515,-0.1670779
1356511909211,0.010954678,0.6449677,-0.76413137,0.27755138,0.73218834,0.62198514,0.96064836,-0.21889937,-0.17099077
1356511909250,0.036884163,0.6838343,-0.72870445,0.29791367,0.6885191,0.6612026,0.95387995,-0.24147893,-0.17832816
1356511909285,0.06210837,0.72674644,-0.6840923,0.31802127,0.6352795,0.7037631,0.94604707,-0.26126546,-0.19166464
1356511909330,0.075389504,0.7666366,-0.63763994,0.3350115,0.58281714,0.740332,0.93919307,-0.26943004,-0.21289378
1356511909369,0.07073765,0.79934084,-0.5966997,0.34758806,0.54095244,0.76586753,0.93497527,-0.26158136,-0.23957556
1356511909408,0.05288676,0.82336545,-0.5650419,0.35587195,0.51314384,0.78104967,0.93303704,-0.24238974,-0.26587415
1356511909460,0.037536196,0.8417205,-0.538607,0.358854,0.4916805,0.793394,0.93263865,-0.22306222,-0.28359896
1356511909496,0.039037444,0.8585157,-0.51129925,0.35668892,0.46600643,0.8096981,0.9334073,-0.21398327,-0.28803128
1356511909536,0.058430463,0.87426233,-0.48192436,0.3467804,0.43491134,0.8310207,0.9361245,-0.21567881,-0.27776498
1356511909576,0.08896865,0.88690174,-0.45330992,0.32848713,0.40352565,0.85396916,0.9403089,-0.22488302,-0.2554347
1356511909616,0.12387799,0.8950415,-0.42843312,0.3041064,0.3767395,0.87497807,0.9445494,-0.23867977,-0.2255181
1356511909656,0.15923522,0.89878976,-0.40843725,0.27723488,0.35635865,0.892272,0.94751513,-0.25531414,-0.19243109
1356511909696,0.19323963,0.8991221,-0.39273143,0.2508345,0.34170222,0.9057162,0.9485465,-0.27353087,-0.15950042
1356511909736,0.22447534,0.8971329,-0.38047776,0.22700128,0.3315605,0.9157171,0.9476714,-0.2919248,-0.12922317
1356511909777,0.25014728,0.8937845,-0.37225747,0.20745245,0.32607388,0.9223011,0.94572186,-0.30793685,-0.10385126
1356511909818,0.26433647,0.88992506,-0.3716982,0.19419748,0.328398,0.9243604,0.94467646,-0.316525,-0.086013675
1356511909871,0.25366664,0.88574374,-0.38873032,0.19108054,0.34807056,0.91778815,0.94823074,-0.307091,-0.08095449
1356511909911,0.22179274,0.8801223,-0.41975322,0.1952442,0.38167262,0.9034411,0.95534694,-0.28233102,-0.087186515
1356511909951,0.16992927,0.8705307,-0.4618444,0.20244968,0.4278255,0.880897,0.96443665,-0.24319047,-0.10353857
1356511909990,0.11242108,0.85680914,-0.50322914,0.20615387,0.47530866,0.8553258,0.9720402,-0.19989932,-0.12319988
1356511910030,0.06596483,0.84384227,-0.5325211,0.20536897,0.510776,0.8348242,0.976459,-0.1644324,-0.13960582
1356511910070,0.04038982,0.83842456,-0.5435189,0.20402953,0.52558106,0.8259156,0.9781312,-0.14425248,-0.14983523
1356511910113,0.035721958,0.8438945,-0.5353186,0.20546865,0.51801485,0.83032715,0.9780115,-0.1396521,-0.15488935
1356511910150,0.04489453,0.8598608,-0.50855076,0.20883271,0.48973906,0.84648955,0.97692037,-0.14420477,-0.15758044
1356511910193,0.06812063,0.8825181,-0.4653184,0.21425098,0.44257995,0.87075794,0.9744003,-0.15901145,-0.15893155
1356511910251,0.10263623,0.90974545,-0.4022797,0.21751201,0.37410247,0.9015186,0.97064626,-0.18002915,-0.15948415
1356511910270,0.14803529,0.93325424,-0.32729515,0.21755183,0.29210597,0.93131375,0.9647573,-0.20907095,-0.15978914
1356511910308,0.19961144,0.9487289,-0.24508941,0.21284083,0.2021714,0.9559423,0.95648,-0.24298206,-0.16157252
1356511910349,0.2469121,0.9541491,-0.16921553,0.20614994,0.118904814,0.9712692,0.94685614,-0.2747019,-0.16733873
1356511910391,0.27659225,0.9542185,-0.11385828,0.20418379,0.05742079,0.97724706,0.93904513,-0.29354697,-0.17895383
1356511910429,0.28053832,0.9559151,-0.086744726,0.21197355,0.026441455,0.9769176,0.93614393,-0.2924504,-0.19521084
1356511910472,0.25830534,0.9621145,-0.08725801,0.22958821,0.026599377,0.97292423,0.9383856,-0.2713449,-0.21401936
1356511910506,0.22265764,0.96892905,-0.10770348,0.25050625,0.049904183,0.9668279,0.9421625,-0.24225205,-0.23161125
1356511910546,0.18797153,0.9723197,-0.13878453,0.26683608,0.085433125,0.95994776,0.94523287,-0.2174756,-0.24339098
1356511910586,0.16477351,0.97054136,-0.17578179,0.2730905,0.12635921,0.95365345,0.9477717,-0.20514119,-0.24422497
1356511910626,0.15610182,0.96384275,-0.2159614,0.26815936,0.16907567,0.94842184,0.95064336,-0.20596242,-0.23207039
1356511910666,0.15944152,0.9528651,-0.2581209,0.25566685,0.21268956,0.94307876,0.9535265,-0.21635887,-0.20970452
1356511910706,0.17110331,0.9382358,-0.30072784,0.24104995,0.25608885,0.9361161,0.9553107,-0.232663,-0.18234402
1356511910746,0.18738736,0.9207994,-0.34207374,0.22864571,0.29778934,0.92684543,0.9553047,-0.25189278,-0.15473485
1356511910805,0.20437448,0.9017837,-0.3808112,0.2207472,0.33654433,0.91542804,0.953678,-0.2711531,-0.13028514
1356511910826,0.21884042,0.8826932,-0.4158867,0.21779063,0.371279,0.90261793,0.95114464,-0.2881055,-0.11099142
1356511910867,0.2275193,0.86499757,-0.44722942,0.2188273,0.4021108,0.88905656,0.94886756,-0.3001435,-0.097797096
1356511910903,0.22568922,0.8499452,-0.47608572,0.22175828,0.4310434,0.87465703,0.9486241,-0.30297664,-0.09120053
1356511910948,0.20837066,0.8379692,-0.5043702,0.22413349,0.46105412,0.8585996,0.95202196,-0.29195327,-0.09174687
1356511910986,0.17451334,0.82806325,-0.5327817,0.22414577,0.4934706,0.8403841,0.9588033,-0.26607898,-0.09948963
1356511911026,0.12716374,0.81824565,-0.56062776,0.22084925,0.52767026,0.8202376,0.9669824,-0.22811872,-0.11360842
1356511911082,0.07221963,0.80664134,-0.58661234,0.21457568,0.5618102,0.79895335,0.9740336,-0.18357283,-0.13251191
1356511911117,0.036311895,0.79407537,-0.6067336,0.2097472,0.5875548,0.78152764,0.9770811,-0.15563938,-0.14521986
1356511911161,0.025545128,0.7848159,-0.61920226,0.21035367,0.60131633,0.7708243,0.9772916,-0.14994231,-0.14972818
1356511911201,0.031414777,0.77902293,-0.62620795,0.21565223,0.60647786,0.7652966,0.9759648,-0.15908477,-0.14894563
1356511911260,0.047953166,0.7766304,-0.6281287,0.22456023,0.60437155,0.76440024,0.97327965,-0.17770815,-0.14541882
1356511911280,0.07113165,0.77760684,-0.6247142,0.236011,0.59539586,0.767986,0.96914345,-0.2020675,-0.14117229
1356511911322,0.09841942,0.78186053,-0.615636,0.24919254,0.5795669,0.77589,0.96343994,-0.22977448,-0.13779312
1356511911363,0.12835485,0.78876245,-0.60114783,0.264383,0.55701035,0.7872999,0.95583814,-0.259987,-0.13704038
1356511911399,0.15696189,0.7975097,-0.5825301,0.28145114,0.5292605,0.8004178,0.94665104,-0.28958884,-0.14138627
1356511911440,0.17559874,0.80674815,-0.5642008,0.2999629,0.5020083,0.81117815,0.9376499,-0.3116812,-0.15384245
1356511911480,0.17282796,0.81476635,-0.5534314,0.31888384,0.48533785,0.81410086,0.9319031,-0.31717968,-0.17593586
1356511911520,0.14194274,0.8185736,-0.5565873,0.33620334,0.48898864,0.8048959,0.9310314,-0.30137566,-0.20579886
1356511911559,0.091951974,0.8146511,-0.5726155,0.34892362,0.51223147,0.78477466,0.9326292,-0.2719607,-0.23715031
1356511911599,0.040388055,0.8026032,-0.5951445,0.3554706,0.54512095,0.7592653,0.9338145,-0.24222168,-0.26328546
1356511911636,0.0038225949,0.7861995,-0.617961,0.35679966,0.5762186,0.73530006,0.93417317,-0.223299,-0.27831304
1356511911676,-0.010383457,0.7712483,-0.63644975,0.3539266,0.5981165,0.7190219,0.93521553,-0.21779051,-0.27917576
1356511911716,-0.0050916746,0.75948906,-0.6505002,0.34771097,0.61126155,0.71095455,0.937588,-0.2225661,-0.26719505
1356511911756,0.013338149,0.7507083,-0.6604991,0.3391866,0.6179954,0.70924896,0.9406245,-0.23349254,-0.2463873
1356511911796,0.038625207,0.74393886,-0.6671305,0.3294161,0.6208277,0.7113775,0.9433944,-0.2472406,-0.22108585
1356511911836,0.06574458,0.738399,-0.67115176,0.31909493,0.6217301,0.7152833,0.9454397,-0.2611871,-0.19474393
1356511911876,0.09133598,0.7337654,-0.67323554,0.30885333,0.62184995,0.7196612,0.9467139,-0.27366197,-0.16982865
1356511911916,0.11371285,0.7300916,-0.67382175,0.29935205,0.62152416,0.7239447,0.94734246,-0.2840317,-0.14787912
1356511911956,0.13105327,0.7271672,-0.6738345,0.2906776,0.6216384,0.7273735,0.94780356,-0.29119325,-0.1299035
1356511911999,0.13946027,0.7239953,-0.67556024,0.28205702,0.62492204,0.7279535,0.9492074,-0.2920671,-0.11705619
1356511912036,0.13381839,0.71892214,-0.6820876,0.27266496,0.63500345,0.7227893,0.9527573,-0.28270388,-0.11104977
1356511912076,0.11122313,0.7101679,-0.69519126,0.26238146,0.653726,0.7097875,0.9585329,-0.2613501,-0.11362547
1356511912116,0.07478419,0.69689316,-0.7132652,0.25135535,0.6789996,0.6897681,0.96500146,-0.23086677,-0.12438941
1356511912172,0.02783677,0.67862177,-0.7339603,0.23944537,0.70834184,0.66401637,0.9705107,-0.19422746,-0.14277488
1356511912211,-0.0031820275,0.6641278,-0.7476123,0.2310364,0.72787744,0.6456134,0.9729399,-0.17067128,-0.15575379
1356511912257,-0.013196647,0.6587274,-0.75226593,0.22997852,0.73416173,0.6388399,0.97310627,-0.16457446,-0.16118163
1356511912291,-0.008089904,0.6630323,-0.74854714,0.23486334,0.7288913,0.64308375,0.9719948,-0.17060383,-0.16161865
1356511912334,0.008184671,0.6765732,-0.7363299,0.24448968,0.7126521,0.6575346,0.96961737,-0.18540679,-0.15958238
1356511912381,0.032963566,0.70087576,-0.7125213,0.25690314,0.6830132,0.68373513,0.9658748,-0.2055873,-0.15754265
1356511912417,0.06439671,0.7346952,-0.6753341,0.26925257,0.63884854,0.72067726,0.96091425,-0.22824469,-0.1566788
1356511912473,0.10380464,0.772989,-0.6258695,0.28458112,0.5798769,0.7633848,0.9530153,-0.25735354,-0.15978414
1356511912509,0.14641947,0.8173577,-0.55721426,0.29439217,0.5017592,0.81337017,0.94440174,-0.28313273,-0.1671564
1356511912552,0.17366907,0.8520658,-0.49378416,0.30385697,0.4305775,0.849867,0.93675494,-0.29763535,-0.18412817
1356511912590,0.17839012,0.8786833,-0.4428234,0.31424817,0.37559637,0.8718804,0.9324297,-0.2946913,-0.20912194
1356511912630,0.15139383,0.8957778,-0.41792592,0.32800046,0.35331863,0.87611735,0.93246746,-0.26971862,-0.24032521
1356511912671,0.10589513,0.90435886,-0.4134262,0.34043875,0.3576657,0.8695842,0.93428457,-0.23283103,-0.27000374
1356511912709,0.06196183,0.90634227,-0.41797656,0.3469189,0.37311172,0.86048526,0.93584615,-0.19832116,-0.29130858
1356511912747,0.034487918,0.90568644,-0.42254308,0.34607416,0.3858142,0.85520756,0.9375731,-0.17572555,-0.30012876
1356511912788,0.028722465,0.9055619,-0.42324054,0.33750007,0.3897648,0.8568413,0.9408872,-0.16745433,-0.29443222
1356511912826,0.040090337,0.9058416,-0.42171514,0.32195982,0.3878333,0.86367077,0.94590414,-0.1704002,-0.27609628
1356511912866,0.062362894,0.90546334,-0.41981778,0.30155328,0.38388294,0.8727539,0.95140755,-0.18102485,-0.2491054
1356511912906,0.08959542,0.90313756,-0.419899,0.28019652,0.38171095,0.8807875,0.9557524,-0.1965687,-0.2188564
1356511912946,0.118282214,0.89859474,-0.42253616,0.26113603,0.3823958,0.8863303,0.95802784,-0.21517652,-0.18942481
1356511912986,0.14630751,0.8921029,-0.4274886,0.24602395,0.38574743,0.8891969,0.9581578,-0.2352686,-0.16304094
1356511913026,0.17178509,0.88414365,-0.43448815,0.23513764,0.39149758,0.8896291,0.956661,-0.2549896,-0.14064205
1356511913068,0.1911716,0.8750528,-0.44467503,0.22789681,0.4010806,0.88724136,0.95473367,-0.27095532,-0.12274653
1356511913107,0.19888419,0.86469,-0.4612551,0.22356194,0.41821766,0.88040555,0.954183,-0.2782178,-0.1101349
1356511913146,0.18918855,0.85282135,-0.48672724,0.22126961,0.44590437,0.8672998,0.95668566,-0.27178118,-0.104343474
1356511913186,0.16103366,0.83809495,-0.52121496,0.22036657,0.48424205,0.84672797,0.9620327,-0.25121006,-0.106708825
1356511913262,0.11823907,0.8192953,-0.5610478,0.21925208,0.52952546,0.81947017,0.96847713,-0.21990433,-0.11702162
1356511913270,0.07421989,0.7982688,-0.5977108,0.21647534,0.5721755,0.79104584,0.97346276,-0.18810093,-0.13033873
1356511913392,0.042459726,0.78023916,-0.62403846,0.21355748,0.6030784,0.7685633,0.97600734,-0.16590104,-0.1410194
1356511913393,0.028681554,0.7697604,-0.6376883,0.21364558,0.61848825,0.75619304,0.97649014,-0.15792808,-0.14671671
1356511913396,0.033138633,0.76917905,-0.63817346,0.21861482,0.6174834,0.7555937,0.97524834,-0.16455352,-0.14769137
1356511913425,0.043492414,0.7771817,-0.6277715,0.22387952,0.6048038,0.7642581,0.9736459,-0.17378461,-0.14769065
1356511913471,0.059301317,0.7892901,-0.61115015,0.23071238,0.58481497,0.77766526,0.9712132,-0.1871165,-0.14741874
1356511913511,0.08147377,0.8078564,-0.5837208,0.23832232,0.55288714,0.7984474,0.9677626,-0.20416617,-0.14748442
1356511913551,0.11064401,0.8298366,-0.546927,0.24749473,0.509964,0.8238222,0.9625509,-0.22651249,-0.1489557
1356511913602,0.14477581,0.8524666,-0.50233513,0.26057276,0.45691568,0.850488,0.95453745,-0.25402492,-0.15597928
1356511913641,0.17193663,0.8726847,-0.4570111,0.27261353,0.4036513,0.87335414,0.94663596,-0.27474898,-0.16850322
1356511913680,0.17530245,0.8859515,-0.4293703,0.2877079,0.37098527,0.88294625,0.94153774,-0.2783158,-0.18986064
1356511913722,0.14891608,0.89256954,-0.4256098,0.3051075,0.36793482,0.87836975,0.94060266,-0.2606601,-0.21753818
1356511913759,0.10117507,0.8911145,-0.44235563,0.31981906,0.39190334,0.8626282,0.9420612,-0.22875023,-0.24534458
1356511913801,0.05089964,0.88123834,-0.46992373,0.32788983,0.4297055,0.84133315,0.94334376,-0.19690672,-0.2670772
1356511913838,0.01536224,0.8659687,-0.49986213,0.3300984,0.46749958,0.82004833,0.9438215,-0.17760149,-0.27867305
1356511913878,0.0024456307,0.84970707,-0.5272495,0.32856518,0.4972958,0.80295825,0.9444782,-0.1751996,-0.27796793
1356511913918,0.008584626,0.83352304,-0.552418,0.32466677,0.52018636,0.7899352,0.94578946,-0.18613303,-0.2661516
1356511913957,0.026484698,0.8170574,-0.5759479,0.319531,0.53900456,0.77934206,0.94720566,-0.20467386,-0.24679977
1356511913996,0.048942685,0.7993506,-0.59886813,0.3146906,0.5567082,0.768795,0.94793165,-0.22608504,-0.22430134
1356511914036,0.072585195,0.7807263,-0.62064314,0.3110216,0.5735346,0.75784147,0.94762707,-0.24804151,-0.20119262
1356511914076,0.09547027,0.7615773,-0.6410034,0.30861384,0.58957046,0.7464343,0.9463841,-0.26908475,-0.17874682
1356511914116,0.11594349,0.7424069,-0.6598403,0.30697066,0.605015,0.7346604,0.9446302,-0.28773066,-0.15774953
1356511914157,0.1306684,0.72310835,-0.6782626,0.30493146,0.621653,0.72150147,0.9433677,-0.3011011,-0.1392681
1356511914200,0.13400948,0.70264024,-0.69881195,0.3005635,0.643137,0.70429856,0.94430023,-0.30442005,-0.12500155
1356511914254,0.120385885,0.679412,-0.7238139,0.29160744,0.6727493,0.6799805,0.9489322,-0.29292953,-0.11713207
1356511914279,0.08908403,0.6521173,-0.75286597,0.27677065,0.7098957,0.6476466,0.9567979,-0.2660662,-0.11724657
1356511914320,0.04393387,0.62049186,-0.7829813,0.25540823,0.75071687,0.60925436,0.9658346,-0.22674675,-0.1254968
1356511914360,-3.4880638E-4,0.5882654,-0.8086679,0.2322633,0.7866008,0.5721127,0.9726529,-0.1876243,-0.13690686
1356511914400,-0.033278257,0.56079704,-0.8272843,0.21407078,0.81253207,0.5421857,0.9762512,-0.15905441,-0.1470899
1356511914440,-0.050542798,0.54167306,-0.83906835,0.20594749,0.8277382,0.52195317,0.97725695,-0.14642306,-0.15339243
1356511914480,-0.054943386,0.5320761,-0.84491205,0.2074348,0.83381075,0.511596,0.9767047,-0.14715536,-0.15618348
1356511914522,-0.05053526,0.5321641,-0.8451317,0.21535422,0.8321123,0.5110887,0.97522753,-0.15617466,-0.15665478
1356511914562,-0.038938105,0.54223216,-0.8393259,0.2274441,0.82272404,0.5209552,0.9730123,-0.17061475,-0.15536284
1356511914602,-0.020317677,0.56252265,-0.82653224,0.24252905,0.80478364,0.54175913,0.96993136,-0.18945079,-0.1527794
1356511914642,0.0046954155,0.5920839,-0.8058626,0.25980395,0.77747613,0.57274145,0.9656499,-0.21205556,-0.15017515
1356511914682,0.03409061,0.6282794,-0.7772406,0.2788654,0.7408252,0.6110745,0.95972496,-0.23757736,-0.1499502
1356511914720,0.061144408,0.66760266,-0.7420028,0.29548523,0.69796467,0.6523295,0.95338863,-0.25913715,-0.15459007
1356511914760,0.071596324,0.7000578,-0.71048784,0.30675215,0.66233915,0.6835275,0.94909275,-0.26688176,-0.16732323
1356511914811,0.04924029,0.7154248,-0.6969526,0.30952704,0.6525147,0.69167745,0.9496149,-0.24978402,-0.18931323
1356511914849,0.012415465,0.7162218,-0.6977623,0.3055991,0.6617096,0.6846529,0.95207936,-0.2217358,-0.21066129
1356511914888,-0.025204655,0.70505255,-0.708707,0.29648226,0.68230873,0.66824627,0.9547057,-0.19327614,-0.22623295
1356511914927,-0.049436748,0.690807,-0.7213471,0.28614983,0.7017508,0.65242934,0.9569087,-0.17415933,-0.23236656
1356511914966,-0.05215442,0.68277675,-0.7287632,0.27760887,0.71090543,0.6461786,0.9592775,-0.16861005,-0.22662175
1356511915006,-0.035737187,0.6824515,-0.7300568,0.27096736,0.70977485,0.65022796,0.96192497,-0.17458425,-0.21028745
1356511915046,-0.0069821514,0.6869325,-0.72668767,0.26535445,0.70192516,0.6609751,0.96412563,-0.18821473,-0.18718153
1356511915086,0.026234474,0.6911676,-0.7222182,0.2608778,0.692698,0.6723929,0.96501535,-0.20605056,-0.16213769
1356511915126,0.058250513,0.69207275,-0.7194736,0.25828245,0.68571115,0.6805074,0.9643117,-0.2254673,-0.13880724
1356511915166,0.08584544,0.68879724,-0.7198535,0.2580653,0.6824894,0.6838205,0.962306,-0.24447209,-0.119166076
1356511915206,0.1072548,0.68155205,-0.7238668,0.2601428,0.68346477,0.6820569,0.9595947,-0.26146263,-0.10399598
1356511915256,0.12015897,0.66997313,-0.73259664,0.26338375,0.6899847,0.67420334,0.9571786,-0.27396566,-0.09355217
1356511915290,0.12011513,0.65165865,-0.7489415,0.26539797,0.7058683,0.6567449,0.95662755,-0.2776525,-0.088163376
1356511915328,0.10211283,0.6230954,-0.7754516,0.2631035,0.73485035,0.6251172,0.9593485,-0.2678565,-0.088900924
1356511915368,0.06501025,0.5818993,-0.81065834,0.25322184,0.77616584,0.57744724,0.9652214,-0.24281637,-0.09689087
1356511915409,0.01558152,0.530855,-0.8473194,0.23378496,0.82199883,0.5192905,0.9721635,-0.2061819,-0.111297905
1356511915450,-0.030615002,0.48141026,-0.8759605,0.20939225,0.8600143,0.46532822,0.9773523,-0.16917334,-0.1271329
1356511915492,-0.06308597,0.44436395,-0.89362234,0.18928792,0.88448066,0.42645523,0.979893,-0.1422486,-0.13991106
1356511915530,-0.07888904,0.4258603,-0.90134317,0.18005568,0.8953775,0.40728253,0.9804879,-0.13016184,-0.14731407
1356511915571,-0.08019215,0.4262441,-0.9010467,0.18358901,0.8948091,0.40695417,0.9797266,-0.13278776,-0.1500104
1356511915612,-0.07087663,0.4460398,-0.8922024,0.19630496,0.8831969,0.4259432,0.977978,-0.14495431,-0.15015781
1356511915650,-0.052065402,0.48557824,-0.87264144,0.21496236,0.8587918,0.46504614,0.97523355,-0.16337225,-0.14909434
1356511915690,-0.022256585,0.5466741,-0.83704966,0.23685504,0.81630415,0.52682745,0.97129005,-0.18653405,-0.14765066
1356511915731,0.02122045,0.63018,-0.776159,0.25843364,0.74649143,0.61315787,0.96579593,-0.21359703,-0.14701879
1356511915770,0.07945055,0.7315504,-0.67714226,0.2731555,0.6373116,0.72056925,0.9586834,-0.24221478,-0.14919227
1356511915810,0.14576223,0.8331698,-0.53346163,0.2728847,0.4844425,0.83117354,0.9509402,-0.26672724,-0.15674591
1356511915853,0.1999379,0.9085859,-0.36673766,0.25874627,0.3120469,0.9141538,0.9450266,-0.277666,-0.1727032
1356511915901,0.2153188,0.9491618,-0.22962943,0.24980193,0.17378694,0.95257396,0.9440534,-0.262469,-0.19968289
1356511915940,0.20906048,0.97068584,-0.11858651,0.24970928,0.06425594,0.9661865,0.94548345,-0.2316036,-0.22895592
1356511915977,0.1902467,0.98070914,-0.044897914,0.2590317,-0.0060316324,0.96585,0.9469471,-0.19537976,-0.25518227
1356511916016,0.17624938,0.98426807,0.012352884,0.2661939,-0.059740663,0.96206653,0.94766927,-0.16627541,-0.27253544
1356511916056,0.17433622,0.9826721,0.06294817,0.2623216,-0.10796532,0.95892173,0.94910187,-0.15066212,-0.27659836
1356511916096,0.18065968,0.978132,0.103052765,0.24517241,-0.14625517,0.95838404,0.9524981,-0.14787567,-0.26623338
1356511916136,0.18996403,0.9733146,0.12873417,0.21774489,-0.16962346,0.96115303,0.95734054,-0.1545533,-0.24415669
1356511916176,0.2015123,0.96905756,0.14254934,0.18460119,-0.1805009,0.96609616,0.9619331,-0.16836548,-0.21526232
1356511916216,0.21597648,0.96500856,0.1487033,0.14992279,-0.18326735,0.9715638,0.9648198,-0.18754092,-0.1842582
1356511916256,0.23247352,0.96106374,0.14937362,0.11709559,-0.18012056,0.97664994,0.96552813,-0.20955426,-0.15440962
1356511916295,0.24775949,0.95814776,0.14341566,0.0903478,-0.17023626,0.9812527,0.9645996,-0.23015738,-0.12874416
1356511916336,0.26065052,0.9561248,0.13374087,0.07046351,-0.15700042,0.98508155,0.9628583,-0.24733815,-0.10829413
