1356512618713,-0.66601205,0.06402835,-0.7431879,-0.74216676,0.043218553,0.6688204,0.07494295,0.9970118,0.018735707
1356512618863,0.87904596,-0.07666136,0.470533,0.47044235,-0.020371877,-0.8821956,0.07721591,0.99684906,0.01815692
1356512618919,0.883932,-0.078228354,0.46102554,0.4608996,-0.020740807,-0.88720983,0.078967035,0.99671966,0.017721951
1356512618956,0.8871717,-0.07974166,0.45449716,0.4543311,-0.021268062,-0.890579,0.080682516,0.9965887,0.017360684
1356512618996,0.889994,-0.08151801,0.44862616,0.4484278,-0.021758735,-0.89355415,0.08260231,0.9964343,0.0171898
1356512619035,0.89324874,-0.08361481,0.44171852,0.44151753,-0.021888375,-0.8969856,0.084669754,0.9962577,0.017365634
1356512619077,0.8971789,-0.08590832,0.43323183,0.43306717,-0.02151782,-0.9011048,0.08673459,0.9960706,0.017898738
1356512619115,0.901747,-0.08816984,0.42317674,0.42308262,-0.02068016,-0.9058551,0.088620454,0.9958908,0.018654853
1356512619158,0.9062953,-0.09030366,0.41288507,0.41288882,-0.019517303,-0.9105723,0.09028642,0.995723,0.019596934
1356512619195,0.91084784,-0.09196536,0.40236622,0.4024762,-0.01817125,-0.91525006,0.09148282,0.9955964,0.020462632
1356512619240,0.91541266,-0.09234688,0.3917802,0.39198744,-0.016643737,-0.9198201,0.09146318,0.9955878,0.020962926
1356512619275,0.9202718,-0.09092295,0.38056892,0.38085264,-0.014891718,-0.9245158,0.089727044,0.99574655,0.020923821
1356512619315,0.92584,-0.08694409,0.3677786,0.36810172,-0.012872066,-0.92969644,0.08556567,0.9961301,0.020086795
1356512619356,0.93162125,-0.08084984,0.3543235,0.3546214,-0.01112783,-0.93494374,0.07953291,0.9966641,0.018304167
1356512619396,0.9367653,-0.073787555,0.34209102,0.34228998,-0.010327309,-0.93953764,0.07285905,0.9972205,0.015582472
1356512619436,0.94038,-0.06716913,0.33342737,0.3334916,-0.010586027,-0.94269365,0.066849574,0.9976855,0.01244545
1356512619474,0.9423014,-0.06171,0.3290288,0.32897845,-0.011266619,-0.9442702,0.061977968,0.9980305,0.009684712
1356512619516,0.9424773,-0.05773489,0.32924634,0.32915986,-0.0112744905,-0.9442069,0.058225766,0.9982683,0.008378057
1356512619555,0.9411324,-0.05501458,0.33353132,0.33350462,-0.009936929,-0.9426961,0.055176318,0.9984361,0.008995652
1356512619598,0.9388999,-0.05307421,0.3400736,0.34021467,-0.0066317655,-0.9403245,0.05216226,0.9985686,0.011830062
1356512619635,0.9360795,-0.051522374,0.3479951,0.34835553,-0.0021015108,-0.93736017,0.049026355,0.9986696,0.01598093
1356512619678,0.9335694,-0.049839303,0.35491443,0.35558122,0.0049192645,-0.9346324,0.044835553,0.9987451,0.0223144
1356512619716,0.9316734,-0.047556534,0.36017084,0.3611579,0.013816003,-0.93240243,0.039365694,0.99877304,0.030047415
1356512619759,0.93102336,-0.044196308,0.36227348,0.3635657,0.025648028,-0.9312154,0.031864703,0.9986936,0.039947182
1356512619789,0.9306232,-0.041093886,0.3636644,0.3651763,0.038496196,-0.93014205,0.024223477,0.9984133,0.050831974
1356512619831,0.9293469,-0.039912447,0.36704415,0.3687557,0.051157326,-0.9281176,0.018266425,0.9978928,0.062260836
1356512619876,0.92632717,-0.04182145,0.37439144,0.3764098,0.06242752,-0.9243476,0.015285224,0.9971729,0.07357031
1356512619915,0.92162955,-0.046568662,0.38526657,0.38777396,0.07168555,-0.9189627,0.015176833,0.99633956,0.08412564
1356512619954,0.91678435,-0.051972017,0.3959866,0.3990553,0.07907134,-0.91351104,0.016165853,0.9955132,0.09323108
1356512619994,0.9155155,-0.053458065,0.39871508,0.40201634,0.08551058,-0.91163087,0.014639661,0.99490213,0.09977728
1356512620038,0.9232756,-0.044265106,0.38157934,0.3840968,0.091784835,-0.9187194,0.0056439787,0.9947946,0.10174477
1356512620074,0.93991226,-0.023183838,0.3406281,0.34123927,0.095900714,-0.9350715,-0.010987923,0.9951208,0.09804949
1356512620117,0.9619301,0.010901079,0.27307832,0.27095097,0.09256944,-0.95813173,-0.035723373,0.99564654,0.08609167
1356512620156,0.97816664,0.04326126,0.20326951,0.1993814,0.0805707,-0.97660416,-0.05862671,0.99580973,0.07018608
1356512620197,0.98633385,0.065066636,0.1513665,0.14728776,0.06350216,-0.98705304,-0.07383632,0.9958583,0.053050816
1356512620235,0.9894125,0.075512804,0.123938486,0.12039643,0.049797058,-0.99147624,-0.08104092,0.9959007,0.04017836
1356512620274,0.9897023,0.07692002,0.120717436,0.11769512,0.04269916,-0.9921313,-0.08146928,0.9961224,0.033206344
1356512620317,0.98717153,0.07183696,0.14258969,0.13985547,0.041778356,-0.9892902,-0.07702477,0.9965411,0.03119561
1356512620355,0.979852,0.061399505,0.19005309,0.18758526,0.043779105,-0.98127216,-0.06856997,0.9971526,0.0313794
1356512620394,0.96425086,0.045949884,0.2609768,0.2590349,0.044190347,-0.96485656,-0.0558677,0.9979659,0.030707955
1356512620434,0.9370787,0.027654782,0.3480211,0.3469038,0.038339496,-0.9371168,-0.039258733,0.998882,0.026333574
1356512620476,0.900531,0.012454182,0.4346134,0.43426836,0.023271743,-0.9004829,-0.021329,0.99965155,0.015548468
1356512620515,0.86428154,0.009377331,0.5029209,0.50291836,0.002806425,-0.86432934,-0.009516463,0.9999521,-0.0022904798
1356512620557,0.84350115,0.029017031,0.536343,0.5368978,-0.016357414,-0.8434887,-0.015702337,0.9994451,-0.029376678
1356512620594,0.8345945,0.06779596,0.5466771,0.5493218,-0.028198391,-0.83513504,-0.04120338,0.9973007,-0.060776018
1356512620637,0.83553886,0.12230179,0.53564644,0.54277694,-0.03246427,-0.8392492,-0.085252315,0.9919619,-0.09350776
1356512620675,0.8324606,0.17273802,0.52647024,0.5390743,-0.032831166,-0.84161806,-0.12809478,0.9844204,-0.12044926
1356512620715,0.8248783,0.20808871,0.52561855,0.5424841,-0.029830959,-0.83953625,-0.15901831,0.977655,-0.13749173
1356512620756,0.81392956,0.22158542,0.5370462,0.554878,-0.022613943,-0.8316244,-0.17213114,0.9748788,-0.14135903
1356512620792,0.8016392,0.21182574,0.559021,0.57400864,-0.011515111,-0.81876826,-0.16699901,0.9772396,-0.13082078
1356512620836,0.7895752,0.18242118,0.5859125,0.5957824,8.6563453E-4,-0.8031454,-0.14701794,0.9832201,-0.10799986
1356512620876,0.77959216,0.14080028,0.6102551,0.61516285,0.010687567,-0.7883276,-0.11751887,0.98998034,-0.07828316
1356512620914,0.77330935,0.09425828,0.6269833,0.62852657,0.016031504,-0.7776228,-0.08334887,0.99541867,-0.046846524
1356512620954,0.7727542,0.04863727,0.6328391,0.6328316,0.01751756,-0.7740913,-0.04873547,0.9986629,-0.017242432
1356512620996,0.78006536,0.008004308,0.6256468,0.6254693,0.017058127,-0.78006226,-0.016916215,0.99982244,0.008300014
1356512621035,0.79824483,-0.024055034,0.60185266,0.60226715,0.0170874,-0.7981118,0.0089145005,0.99956465,0.028127491
1356512621075,0.82632977,-0.04444307,0.5614302,0.562621,0.020477176,-0.8264614,0.025233954,0.9988021,0.04192549
1356512621113,0.8676177,-0.048881203,0.4948233,0.49646905,0.030061841,-0.8675337,0.02753082,0.99835205,0.050350193
1356512621154,0.9181286,-0.029936448,0.39515018,0.3961631,0.044858128,-0.9170837,0.009728536,0.99854463,0.053045247
1356512621193,0.9658461,0.012885243,0.25879586,0.25774667,0.054784954,-0.96465814,-0.02660799,0.9984151,0.049592704
1356512621238,0.99202955,0.06736101,0.106488824,0.10334617,0.04854369,-0.9934602,-0.07208985,0.9965471,0.041195273
1356512621276,0.9933486,0.11228169,-0.02552455,-0.028948985,0.028974444,-0.9991608,-0.11144791,0.9932539,0.032032162
1356512621314,0.98376346,0.13615276,-0.11692685,-0.11940311,0.0101365745,-0.99279416,-0.13398641,0.990636,0.026229054
1356512621376,0.97544765,0.14039375,-0.16968083,-0.17155118,0.0012392122,-0.9851744,-0.13810205,0.990095,0.0252935
1356512621391,0.97171324,0.13339883,-0.19487976,-0.19681135,0.0013207793,-0.9804405,-0.13053222,0.99106157,0.027537823
1356512621433,0.9737566,0.117660314,-0.19481814,-0.19714153,0.008328201,-0.98033965,-0.11372458,0.993019,0.031305373
1356512621468,0.9811613,0.09534314,-0.16802439,-0.17049322,0.018308697,-0.9851887,-0.090854675,0.9952761,0.034219146
1356512621511,0.99171084,0.06473157,-0.11099294,-0.11291717,0.026855707,-0.9932414,-0.061313275,0.9975413,0.0339424
1356512621554,0.9993336,0.028941644,-0.022243127,-0.023035986,0.027356207,-0.9993603,-0.028314639,0.9992068,0.028004676
1356512621598,0.99660003,-0.0019418485,0.08236945,0.082386166,0.011255294,-0.99653697,0.0010080226,0.9999348,0.011377007
1356512621636,0.98273987,-0.012407221,0.18457632,0.18436396,-0.016513824,-0.9827193,0.015240878,0.9997866,-0.013941348
1356512621674,0.9682343,0.00908298,0.24987976,0.25002575,-0.047502875,-0.9670732,0.003086105,0.99882984,-0.04826489
1356512621716,0.9561872,0.055451646,0.2874564,0.29099804,-0.07258427,-0.95396626,-0.032034203,0.99581957,-0.08554047
1356512621755,0.9435544,0.10892128,0.31279585,0.32249516,-0.0868167,-0.9425814,-0.0755113,0.990252,-0.11704287
1356512621798,0.92779636,0.15184766,0.3407876,0.35593134,-0.08645046,-0.93050486,-0.111833744,0.984616,-0.13425577
1356512621834,0.9090264,0.17484094,0.37828782,0.3951695,-0.07339281,-0.91567165,-0.13233331,0.9818575,-0.13580781
1356512621875,0.8880144,0.1737623,0.42571968,0.43960625,-0.0493612,-0.89683324,-0.13482179,0.9835498,-0.12022045
1356512621915,0.86652696,0.15377274,0.4748525,0.48355004,-0.022784859,-0.87502015,-0.12373479,0.9878435,-0.094100505
1356512621956,0.8456664,0.12051785,0.5199267,0.523762,-1.7217174E-4,-0.8518647,-0.10257538,0.9927112,-0.063268274
1356512621995,0.8306551,0.084123805,0.5503956,0.5513002,0.014172971,-0.8341866,-0.077975705,0.9963545,-0.034604616
1356512622037,0.82093924,0.047651768,0.5690237,0.5687058,0.021307074,-0.8222649,-0.051306576,0.9986367,-0.009608008
1356512622075,0.8213691,0.01586163,0.57017654,0.5697831,0.02355472,-0.82145756,-0.026459992,0.9995968,0.010309428
1356512622114,0.8297545,-0.00929299,0.5580511,0.55809724,0.024388403,-0.82941705,-0.005902201,0.99965936,0.025422782
1356512622152,0.84953743,-0.022789598,0.52703583,0.5275115,0.028719187,-0.84906226,0.0042137504,0.9993276,0.03641981
1356512622194,0.88211006,-0.017203897,0.47072908,0.47102955,0.039869193,-0.88121605,-0.0036072433,0.9990568,0.04327256
1356512622233,0.9234419,0.013319388,0.38350707,0.38231683,0.05400723,-0.92245156,-0.032998636,0.99845165,0.044780314
1356512622274,0.95904577,0.060063325,0.2768097,0.2733348,0.0600726,-0.96004134,-0.074291945,0.9963853,0.041194975
1356512622315,0.9786023,0.10629231,0.17617999,0.17124858,0.05393508,-0.98375046,-0.11406739,0.99287105,0.03457859
1356512622354,0.985132,0.13487072,0.10641812,0.10144167,0.043267637,-0.9939001,-0.13865249,0.98991805,0.028942823
1356512622398,0.98710454,0.14146069,0.07492261,0.07042376,0.036552757,-0.9968472,-0.1437533,0.98926884,0.026119202
1356512622436,0.98813576,0.13566978,0.07198182,0.06781165,0.03511834,-0.9970799,-0.1378015,0.99013156,0.025501698
1356512622477,0.9885528,0.11834591,0.093582,0.089700066,0.03772503,-0.99525416,-0.12131464,0.99225557,0.026677549
1356512622516,0.98585045,0.09517596,0.13798702,0.13458249,0.041338354,-0.99003965,-0.09993213,0.99460167,0.027944416
1356512622554,0.97778,0.065101966,0.19926906,0.19687305,0.04141572,-0.9795538,-0.07202376,0.9970188,0.027678639
1356512622597,0.9608572,0.030835673,0.27532268,0.27432144,0.033086836,-0.96106875,-0.038744792,0.9989767,0.023332834
1356512622634,0.935491,0.0019337386,0.35334516,0.35329312,0.012893107,-0.9354239,-0.0063646287,0.99991506,0.011378203
1356512622674,0.9084215,-0.0065704733,0.41800368,0.4178807,-0.0146229565,-0.90838414,0.012080982,0.99987143,-0.010538135
1356512622714,0.88686466,0.014475822,0.46180248,0.4620018,-0.038692802,-0.8860346,0.0050423443,0.99914634,-0.041003138
1356512622755,0.87140054,0.063159436,0.48648947,0.4896644,-0.051679995,-0.8703781,-0.029830828,0.99666446,-0.075960904
1356512622792,0.8535049,0.117167056,0.5077413,0.51601326,-0.054431472,-0.8548494,-0.07252312,0.9916194,-0.1069173
1356512622835,0.83300173,0.16081485,0.5293833,0.54235363,-0.04820922,-0.83876604,-0.1093649,0.9858065,-0.12737688
1356512622875,0.8098989,0.18303815,0.5572798,0.5719669,-0.03576541,-0.8194967,-0.13006781,0.9824551,-0.13365811
1356512622916,0.78603745,0.17709285,0.5922696,0.6043757,-0.018819336,-0.7964771,-0.12990427,0.98401415,-0.12182331
1356512622955,0.7648316,0.15228204,0.62597346,0.6337513,-0.003308773,-0.7735299,-0.11572352,0.98833156,-0.099039614
1356512622998,0.74565494,0.11131978,0.65696776,0.660406,0.007739961,-0.7508689,-0.088671476,0.9937545,-0.06774491
1356512623035,0.7344412,0.06998104,0.67505455,0.6760283,0.012277663,-0.7367733,-0.05984822,0.9974727,-0.03829193
1356512623074,0.7282266,0.030591607,0.6846534,0.6846455,0.012377001,-0.7287712,-0.030768245,0.99945533,-0.011931136
1356512623115,0.72987753,-0.0036174357,0.68356836,0.6835629,0.010498509,-0.7298161,-0.0045363605,0.99993825,0.010135382
1356512623153,0.73980343,-0.0301117,0.67214894,0.67264605,0.010185853,-0.7398943,0.015433013,0.9994947,0.02779004
1356512623192,0.758626,-0.04516101,0.6499593,0.6510862,0.015885234,-0.7588376,0.023945093,0.99885345,0.041454665
1356512623234,0.78798366,-0.04311958,0.6141844,0.6155124,0.03079936,-0.7875252,0.015041262,0.9985951,0.050810017
1356512623273,0.82730734,-0.018321604,0.5614506,0.5615537,0.053357743,-0.82571805,-0.014829278,0.99840736,0.05443182
1356512623313,0.87001324,0.026071236,0.4923386,0.48942894,0.074775815,-0.86883134,-0.059466556,0.9968595,0.052295923
1356512623357,0.9061199,0.07779685,0.41580573,0.4093345,0.08675784,-0.9082502,-0.10673341,0.9931872,0.04676807
1356512623395,0.92994297,0.114494026,0.3494241,0.34086975,0.08793235,-0.9359892,-0.13789085,0.98952466,0.04274452
1356512623434,0.94343114,0.12744495,0.30609724,0.29713905,0.08466852,-0.9510729,-0.14712626,0.98822516,0.042010043
1356512623478,0.95065224,0.12040505,0.2859423,0.2776203,0.08135152,-0.9572402,-0.1385184,0.98938596,0.04391012
1356512623514,0.9531369,0.10174639,0.28491676,0.2778163,0.07851103,-0.9574205,-0.11978318,0.9917074,0.046564963
1356512623557,0.9508043,0.075549915,0.3004386,0.29509526,0.07428968,-0.95257545,-0.09428648,0.9943708,0.048340525
1356512623594,0.9426311,0.044186875,0.33089888,0.3277489,0.065929025,-0.9424616,-0.06346026,0.99684536,0.047664553
1356512623634,0.9277907,0.010397866,0.3729562,0.37203044,0.049891617,-0.9268788,-0.028244972,0.9987006,0.042420655
1356512623677,0.90722644,-0.017895862,0.42026174,0.42060733,0.025657382,-0.9068799,0.005446598,0.99951065,0.03080419
1356512623719,0.8861532,-0.028776214,0.462498,0.46258032,-0.0041268766,-0.88656783,0.027420714,0.9995774,0.009654257
1356512623748,0.86789954,-0.014127269,0.49653873,0.49596494,-0.031161278,-0.8677832,0.027732223,0.99941444,-0.020038221
1356512623794,0.85471994,0.030249223,0.5182073,0.5190888,-0.048273392,-0.853356,-7.9771876E-4,0.998376,-0.05696226
1356512623834,0.839761,0.088029474,0.53577244,0.54108894,-0.05391839,-0.839235,-0.044989347,0.99465746,-0.09291033
1356512623876,0.8215779,0.1431861,0.55182207,0.5626406,-0.047618117,-0.8253291,-0.09189896,0.98854965,-0.11968431
1356512623914,0.8000587,0.17967555,0.5723834,0.58642054,-0.03294915,-0.8093363,-0.12655842,0.98317397,-0.1317267
1356512623954,0.77918303,0.19090082,0.5970182,0.61014444,-0.012914386,-0.79218495,-0.14351864,0.98152435,-0.12653975
1356512623995,0.7616356,0.17909099,0.62276614,0.6319629,0.007238928,-0.7749649,-0.14329739,0.9838059,-0.107665434
1356512624033,0.74886733,0.1509973,0.64528865,0.64999855,0.022515498,-0.75960183,-0.1292268,0.9882777,-0.08128689
1356512624074,0.7414819,0.11412853,0.6611954,0.6626037,0.030608475,-0.74834454,-0.10564569,0.9929944,-0.052926376
1356512624115,0.73977685,0.07473889,0.6686884,0.6684066,0.032423884,-0.74308896,-0.0772191,0.99667585,-0.02596952
1356512624154,0.7440306,0.037659585,0.66708344,0.6663836,0.030634671,-0.74497944,-0.048491478,0.99882096,-0.002302602
1356512624215,0.75382555,0.005653888,0.65705025,0.6566782,0.028245457,-0.7536418,-0.022819728,0.9995851,0.017579332
1356512624234,0.76955235,-0.017682433,0.63833886,0.63856316,0.029330693,-0.76901025,-0.0051249266,0.9994133,0.03386286
1356512624272,0.793132,-0.026970506,0.6084523,0.60904866,0.037029624,-0.792268,-0.0011628866,0.9989502,0.045795746
1356512624309,0.8228191,-0.0153777,0.56809527,0.56805104,0.052039713,-0.8213464,-0.016933084,0.9985266,0.051554583
1356512624351,0.8561964,0.016799271,0.51637745,0.5142295,0.068936855,-0.85487765,-0.049958795,0.9974796,0.05038479
1356512624397,0.88747275,0.06353021,0.4564603,0.45122528,0.08168638,-0.88866365,-0.09374355,0.9946312,0.043828018
1356512624444,0.9115027,0.10263643,0.39828217,0.3907406,0.086197525,-0.91645616,-0.12839276,0.9909772,0.038465053
1356512624484,0.92818534,0.12195414,0.35156673,0.343038,0.085716754,-0.9354024,-0.14421135,0.9888276,0.03772613
1356512624525,0.9393342,0.122485965,0.3203878,0.3117624,0.084595025,-0.9463867,-0.1430223,0.98885834,0.041276485
1356512624564,0.9466375,0.10998336,0.30295402,0.29488885,0.08378014,-0.9518516,-0.13006938,0.99039614,0.046876553
1356512624607,0.9503664,0.087246604,0.29864994,0.29194707,0.08179158,-0.9529308,-0.10756702,0.99282336,0.052260578
1356512624645,0.950026,0.05917369,0.30651128,0.30178535,0.077066004,-0.95025593,-0.07985175,0.9952684,0.055356953
1356512624687,0.9449561,0.02430144,0.32629338,0.32422432,0.06457651,-0.94377357,-0.04400596,0.9976168,0.053142846
1356512624725,0.9340863,-0.008314058,0.35695046,0.356956,0.044342935,-0.9330681,-0.008070663,0.9989818,0.044387877
1356512624765,0.9209623,-0.0271786,0.38870275,0.38919067,0.015647173,-0.9210244,0.018950045,0.9995082,0.024988115
1356512624800,0.9084612,-0.021100998,0.41743618,0.41718712,-0.01528817,-0.908692,0.025556147,0.9996605,-0.0050856434
1356512624846,0.89839864,0.012683824,0.43899775,0.43912852,-0.041388955,-0.8974704,0.0067863017,0.9990626,-0.04275361
1356512624884,0.88824385,0.062282935,0.4551304,0.4584856,-0.058670346,-0.88676304,-0.028527543,0.9963326,-0.080669396
1356512624923,0.8761607,0.11077598,0.4691174,0.4774336,-0.065515995,-0.8762219,-0.06632961,0.9916836,-0.110290706
1356512624964,0.86239016,0.14347892,0.4854864,0.49742007,-0.061883032,-0.8652999,-0.094108894,0.98771673,-0.12473661
1356512625004,0.8489673,0.15440923,0.5053833,0.51759857,-0.05019927,-0.8541497,-0.106518686,0.9867308,-0.12253952
1356512625046,0.8373972,0.14386606,0.527322,0.5367088,-0.033765107,-0.8430918,-0.10348721,0.989021,-0.10548898
1356512625085,0.8302896,0.12132324,0.54396677,0.54980403,-0.018422425,-0.8350905,-0.091294736,0.99244213,-0.081999965
1356512625126,0.8267508,0.0902645,0.5552795,0.5579251,-0.005005572,-0.8298762,-0.07212883,0.99590516,-0.05449918
1356512625165,0.83006,0.05823019,0.55462563,0.55528355,0.005687237,-0.8316417,-0.051580936,0.99828696,-0.027613513
1356512625204,0.8375184,0.026760817,0.54575336,0.5455375,0.015441008,-0.83794415,-0.030851036,0.99952257,-0.0016669035
1356512625247,0.8509675,-7.6287985E-4,0.5252179,0.5250675,0.025205344,-0.85068727,-0.012589365,0.99968207,0.021849483
1356512625284,0.87142473,-0.018756598,0.4901705,0.4905255,0.037212968,-0.8706319,-0.0019105971,0.99913126,0.041628893
1356512625323,0.901107,-0.018507466,0.4332016,0.43354648,0.053670045,-0.8995316,-0.0066019148,0.9983872,0.056386296
1356512625363,0.9381103,0.006516859,0.34627533,0.344963,0.07137713,-0.93589836,-0.030815274,0.9974281,0.06471154
1356512625403,0.9717177,0.05341623,0.23002476,0.22543353,0.08021733,-0.9709505,-0.07031649,0.9953451,0.06590679
1356512625465,0.9892736,0.10307099,0.103509225,0.096263155,0.07296628,-0.9926779,-0.10986898,0.99199414,0.06226167
1356512625486,0.9907396,0.13559683,-0.0069654733,-0.014717087,0.056248397,-0.9983083,-0.13497564,0.98916614,0.057723105
1356512625525,0.9843894,0.14886698,-0.09389432,-0.10098921,0.040822357,-0.99404967,-0.14414819,0.9880142,0.055219054
1356512625567,0.97744787,0.1458264,-0.15274306,-0.15911746,0.033027977,-0.98670703,-0.13884313,0.98875874,0.05548665
1356512625605,0.9722611,0.13603508,-0.19027065,-0.19616604,0.031207412,-0.98007387,-0.12738661,0.99021226,0.05702722
1356512625644,0.97195363,0.119746625,-0.20240277,-0.20785743,0.03483379,-0.9775387,-0.110006504,0.9921932,0.058747053
1356512625686,0.9793204,0.09542054,-0.17839974,-0.1830397,0.042241603,-0.98219764,-0.08618593,0.99454045,0.058833808
1356512625724,0.99234104,0.062437776,-0.106587246,-0.10968897,0.048547715,-0.9927796,-0.05681239,0.9968674,0.055024624
1356512625784,0.99959195,0.025081465,0.013667509,0.012550211,0.044176042,-0.9989449,-0.025658779,0.99870884,0.04384324
1356512625804,0.98768413,3.9041042E-6,0.15646105,0.15642065,0.022696912,-0.98742974,-0.0035550296,0.9997424,0.02241677
1356512625845,0.96167684,0.0049907267,0.27413982,0.2741727,-0.007939251,-0.9616476,-0.0026228428,0.999956,-0.009003313
1356512625885,0.9375677,0.03979568,0.34551874,0.3468541,-0.033652335,-0.9373152,-0.025673598,0.998641,-0.045354635
1356512625928,0.91984046,0.08898711,0.38206652,0.3870904,-0.0478037,-0.9208017,-0.063675284,0.9948849,-0.07841784
1356512625963,0.9006361,0.12963668,0.4147879,0.42374733,-0.05024746,-0.9043856,-0.0963995,0.9902876,-0.10018787
1356512626006,0.8782089,0.15025747,0.4540615,0.46442688,-0.041095257,-0.88465744,-0.11426662,0.98779243,-0.105873816
1356512626045,0.85550135,0.15162809,0.49510238,0.50416535,-0.025939044,-0.8632175,-0.11804554,0.9880972,-0.09863651
1356512626088,0.83228034,0.13468243,0.53774536,0.5434121,-0.0064256825,-0.8394414,-0.10960263,0.990868,-0.07853603
1356512626125,0.8238322,0.11279562,0.55549765,0.55822945,0.008657277,-0.8296415,-0.098389044,0.9935805,-0.055833697
1356512626164,0.8258154,0.08914167,0.55685073,0.5573644,0.021342333,-0.82999367,-0.0858715,0.9957903,-0.032059558
1356512626205,0.8434553,0.065918595,0.53313965,0.5323601,0.030345112,-0.84597397,-0.07194358,0.99736345,-0.00949768
1356512626245,0.87340564,0.043812975,0.48501855,0.4837765,0.036226485,-0.8744414,-0.05588238,0.9983827,0.0104447305
1356512626282,0.9107304,0.02474615,0.41225928,0.41112408,0.040745318,-0.9106683,-0.03933315,0.99886304,0.026934262
1356512626323,0.9516447,0.015045151,0.30683213,0.3058846,0.045951605,-0.9509589,-0.028406724,0.99883026,0.03912753
1356512626362,0.987015,0.023904368,0.1588394,0.15750481,0.0500243,-0.98625034,-0.03152152,0.9984619,0.045609683
1356512626403,0.9982134,0.054264378,-0.0250061,-0.027397458,0.043781698,-0.9986654,-0.053097144,0.9975663,0.045190185
1356512626442,0.9738144,0.09524709,-0.20643026,-0.2091626,0.019545734,-0.9776855,-0.08908687,0.9952617,0.038956046
1356512626488,0.9309033,0.12687165,-0.34252387,-0.34378046,-0.012547884,-0.93896616,-0.12342613,0.99183977,0.031935126
1356512626527,0.8941722,0.14016472,-0.42521754,-0.42479682,-0.03442189,-0.90463406,-0.14143458,0.98952967,0.028762432
1356512626565,0.8715797,0.13962561,-0.46995056,-0.46911448,-0.0409261,-0.88218856,-0.14240934,0.9893583,0.029830037
1356512626604,0.862911,0.12944373,-0.48849654,-0.48849228,-0.03397551,-0.87190646,-0.12945975,0.9910045,0.033914417
1356512626643,0.86710244,0.11283015,-0.48518315,-0.48631048,-0.019172013,-0.8735757,-0.10786763,0.9934293,0.038246397
1356512626685,0.8857028,0.08961254,-0.45552182,-0.45729995,-7.732734E-4,-0.8893122,-0.080045745,0.9959764,0.040294915
1356512626724,0.9201286,0.057001606,-0.38744575,-0.38892186,0.017149746,-0.9211111,-0.045860216,0.99822676,0.037949145
1356512626765,0.96366584,0.015122294,-0.26668233,-0.2669998,0.025765836,-0.963352,-0.0076967925,0.9995536,0.028867304
1356512626799,0.99461657,-0.023249488,-0.100981906,-0.10065438,0.014853835,-0.9948106,0.024628807,0.99961936,0.012433708
1356512626840,0.99769115,-0.037612777,0.056547668,0.056007806,-0.015256107,-0.9983138,0.038412053,0.9991759,-0.013114274
1356512626887,0.98678493,-0.014643319,0.16137263,0.16046718,-0.049919933,-0.9857781,0.02249077,0.9986459,-0.046910465
1356512626923,0.97381604,0.030571856,0.22527274,0.22699484,-0.076354295,-0.9708983,-0.012481622,0.99661195,-0.081294686
1356512626964,0.965113,0.08571318,0.24740693,0.2549663,-0.09265864,-0.96250015,-0.059574552,0.99200183,-0.111280024
1356512627013,0.95659524,0.1335499,0.2590173,0.27260843,-0.09592301,-0.9573314,-0.10300578,0.9863889,-0.12816632
1356512627048,0.946592,0.1615408,0.27904886,0.29535586,-0.08726013,-0.9513941,-0.12933913,0.98300064,-0.13031176
1356512627094,0.9333418,0.16330133,0.31969637,0.33326185,-0.063085884,-0.94072145,-0.13345273,0.9845572,-0.1133028
1356512627130,0.9239829,0.14972885,0.3519046,0.36110467,-0.03857273,-0.93172723,-0.12593254,0.98797446,-0.089708336
1356512627178,0.91376925,0.123802125,0.3869093,0.39153558,-0.014522582,-0.92004836,-0.108285025,0.9922006,-0.06174323
1356512627209,0.906097,0.09010835,0.41336283,0.41463184,0.005031081,-0.9099754,-0.08407605,0.99591935,-0.032803148
1356512627250,0.90326965,0.053411588,0.425736,0.42534423,0.019068714,-0.90483075,-0.056446686,0.9983905,-0.0054941215
1356512627289,0.9086846,0.01906842,0.41704744,0.416456,0.028628677,-0.90870494,-0.029267058,0.9994082,0.018073287
1356512627332,0.9253906,-0.0067826807,0.3789541,0.37893128,0.037548,-0.9246627,-0.007957265,0.99927175,0.037316743
1356512627382,0.96227217,-0.009264708,0.27193096,0.27204403,0.050876737,-0.960939,-0.004932165,0.99866205,0.05147767
1356512627422,0.9971844,0.020902146,0.07201654,0.07063177,0.060774505,-0.9956493,-0.025187979,0.9979326,0.059127033
1356512627458,0.98408866,0.07078792,-0.1629684,-0.16662939,0.04928693,-0.9847871,-0.061678812,0.99627304,0.060298055
1356512627502,0.920975,0.123409525,-0.36956066,-0.3734914,0.009541366,-0.9275845,-0.11094667,0.9923099,0.054879755
1356512627551,0.8536964,0.15376596,-0.4975525,-0.49882048,-0.03301824,-0.8660762,-0.14960136,0.98755544,0.048514068
1356512627588,0.80935264,0.1625274,-0.5643875,-0.5634189,-0.05650875,-0.8242365,-0.16585387,0.98508453,0.04583553
1356512627629,0.79394096,0.15539782,-0.5878004,-0.5871475,-0.055029213,-0.8076073,-0.15784666,0.986318,0.047551513
1356512627668,0.79927367,0.1397296,-0.58449733,-0.5854737,-0.03837429,-0.8097826,-0.13558029,0.9894458,0.051136464
1356512627710,0.8278601,0.11556204,-0.5489017,-0.55146986,-0.011325836,-0.8341179,-0.10260913,0.9932357,0.054352764
1356512627769,0.8928983,0.07492939,-0.44398004,-0.44666448,0.023066014,-0.89440423,-0.05677627,0.9969221,0.05406389
1356512627798,0.97836757,0.018424392,-0.20605206,-0.2066986,0.046037793,-0.9773209,-0.008520357,0.99876976,0.04885018
1356512627839,0.98675466,-0.04250471,0.15655242,0.15785669,0.029271811,-0.9870281,0.037370775,0.99866736,0.035593748
1356512627880,0.8772789,-0.06596349,0.47542652,0.47513223,-0.0210872,-0.87966156,0.06805101,0.9975991,0.012842029
1356512627918,0.7626476,-0.04436457,0.645291,0.64276594,-0.059462026,-0.76375145,0.07225376,0.9972443,-0.016832553
1356512627958,0.7026806,0.0038392246,0.71149504,0.7100742,-0.067177996,-0.70091486,0.045105845,0.9977336,-0.04993081
1356512627999,0.6758289,0.061175227,0.7345154,0.7370529,-0.052189693,-0.6738169,-0.0028867722,0.9967617,-0.080360696
1356512628038,0.65409017,0.11099744,0.7482282,0.75459963,-0.02723232,-0.6556201,-0.05239609,0.9934474,-0.10157099
1356512628081,0.6217604,0.14043891,0.7705134,0.77798724,0.002650842,-0.62827456,-0.09027672,0.99008584,-0.10761149
1356512628119,0.5761351,0.14600697,0.8042079,0.8097192,0.03221686,-0.58593255,-0.111459285,0.98875886,-0.09966338
1356512628160,0.50945425,0.12508762,0.8513574,0.85286605,0.058075413,-0.5188899,-0.1143496,0.99044454,-0.077096194
1356512628201,0.43534118,0.08820337,0.8959343,0.8942839,0.07216197,-0.44164342,-0.10360682,0.99348515,-0.047463775
1356512628240,0.36617634,0.047107637,0.9293523,0.92670786,0.07214847,-0.36879152,-0.08442423,0.99628085,-0.017235935
1356512628280,0.30991477,0.00900346,0.95072174,0.9488158,0.061057508,-0.30987167,-0.06083861,0.9980936,0.01038
1356512628320,0.27323526,-0.022505641,0.961684,0.9612506,0.04442829,-0.2720724,-0.036602825,0.99875903,0.033772945
1356512628359,0.26424843,-0.04553148,0.96337926,0.9643036,0.03014654,-0.2630772,-0.017064273,0.9985079,0.051872373
1356512628399,0.2936318,-0.05845514,0.95412964,0.9558736,0.027643979,-0.29247493,-0.009279311,0.9979072,0.06399283
1356512628442,0.38349015,-0.05523202,0.9218919,0.92329764,0.04602754,-0.3813173,-0.021371454,0.9974121,0.06864676
1356512628481,0.5681114,-0.024295151,0.822593,0.8213041,0.07995699,-0.56485975,-0.052048743,0.9965023,0.06537816
1356512628523,0.83203137,0.050747707,0.5524024,0.54620737,0.098923296,-0.83178824,-0.09685679,0.9938002,0.054588526
1356512628588,0.98099446,0.1341154,0.14022475,0.1331833,0.060151607,-0.98926437,-0.14111033,0.9891385,0.041146457
1356512628619,0.981693,0.16260956,-0.09918126,-0.10367651,0.0193744,-0.99442226,-0.15978102,0.9865002,0.03587851
1356512628660,0.97711724,0.15701522,-0.14348562,-0.14784653,0.016394198,-0.98887444,-0.152916,0.98746014,0.039233208
1356512628701,0.9899884,0.13175224,-0.050639343,-0.056369852,0.040132344,-0.9976032,-0.12940416,0.99047005,0.047157407
1356512628782,0.9803065,0.0827959,0.17928746,0.17356016,0.071900964,-0.9821951,-0.09421268,0.9939694,0.056114912
1356512628784,0.86862946,0.014716998,0.49524373,0.49265087,0.08067921,-0.8664791,-0.052707836,0.99663144,0.06283
1356512628818,0.6714663,-0.043609142,0.7397508,0.74100727,0.048162892,-0.6697675,-0.0064205527,0.997887,0.064654455
1356512628859,0.5050101,-0.070255905,0.8602493,0.86214995,-0.0060197115,-0.5066175,0.040771335,0.99751085,0.05753112
1356512628898,0.40902734,-0.068065524,0.90998006,0.90927887,-0.05360025,-0.41272143,0.07686722,0.99624,0.03996654
1356512628940,0.3737628,-0.042268097,0.92656064,0.9233994,-0.077150285,-0.376007,0.08737752,0.9961231,0.010194451
1356512628978,0.36930645,0.0015428662,0.9293064,0.9269235,-0.07219589,-0.3682396,0.066524,0.9973892,-0.028092504
1356512629018,0.37496307,0.054891527,0.92541325,0.92678857,-0.045432836,-0.37282544,0.021579176,0.99745816,-0.067908466
1356512629059,0.37517035,0.10409731,0.9210923,0.92647284,-0.01003474,-0.37622792,-0.029921442,0.99451655,-0.1002081
1356512629099,0.3633787,0.13589051,0.9216776,0.9289075,0.022888422,-0.36960378,-0.0713214,0.99045944,-0.11791259
1356512629139,0.3407129,0.143154,0.9292048,0.93543255,0.04744798,-0.35030627,-0.09423658,0.98856235,-0.117744744
1356512629179,0.3151963,0.12935328,0.9401697,0.9437276,0.061819643,-0.32489458,-0.10014713,0.9896697,-0.10258895
1356512629220,0.29113868,0.09990975,0.9514496,0.95216465,0.06626019,-0.29831532,-0.092847764,0.99278784,-0.07583958
1356512629259,0.277287,0.065072834,0.9585809,0.95753974,0.06324285,-0.28127906,-0.07892698,0.9958744,-0.04477337
1356512629302,0.2737902,0.029391378,0.9613402,0.9597906,0.056058437,-0.2750627,-0.061975688,0.9979948,-0.012861341
1356512629340,0.28347516,-0.0033757389,0.95897365,0.95791006,0.04821211,-0.28299102,-0.045278877,0.9988314,0.01690057
1356512629378,0.30708963,-0.030706495,0.9511851,0.95114636,0.043386996,-0.30567652,-0.031882823,0.99858636,0.04253009
1356512629418,0.35032642,-0.048360854,0.9353784,0.93624926,0.046467423,-0.34825015,-0.026622951,0.9977485,0.061556578
1356512629459,0.42098346,-0.050036043,0.9056872,0.9063941,0.06169358,-0.41790366,-0.03496483,0.9968401,0.07132435
1356512629499,0.52666485,-0.027116328,0.8496404,0.8478911,0.08832325,-0.5227617,-0.060867608,0.9957228,0.06950845
1356512629540,0.6587957,0.020455271,0.7520437,0.7459369,0.112200245,-0.65649784,-0.09780833,0.9934751,0.058658704
1356512629581,0.7840594,0.07994866,0.61551523,0.6057908,0.11737719,-0.78691816,-0.13516054,0.9898641,0.043598518
1356512629621,0.86990577,0.12610544,0.47682425,0.4665413,0.103250444,-0.87845236,-0.16000995,0.98662895,0.03098476
1356512629663,0.9151653,0.14664723,0.3754558,0.36661875,0.08428514,-0.92654556,-0.16752069,0.9855915,0.02337122
1356512629700,0.9369637,0.14895387,0.31608832,0.3088432,0.07010889,-0.94852555,-0.16344714,0.98635566,0.0196861
1356512629777,0.9446291,0.13744065,0.29796988,0.29205877,0.061812013,-0.95440084,-0.14959158,0.98857945,0.018248681
1356512629795,0.93922204,0.112956144,0.32419574,0.3197277,0.056156874,-0.94584394,-0.12504473,0.9920118,0.01662856
1356512629818,0.91896135,0.084904075,0.38509914,0.38206205,0.050165534,-0.92277414,-0.097665995,0.9951255,0.013661563
1356512629858,0.88555855,0.052986965,0.46149588,0.46021962,0.03491425,-0.88711834,-0.0631185,0.99798465,0.006532967
1356512629901,0.8376801,0.025555968,0.54556286,0.54554474,0.008289069,-0.83804065,-0.025939107,0.999639,-0.0069983304
1356512629939,0.7885244,0.015386373,0.614811,0.614997,-0.024320364,-0.78815436,0.0028255582,0.99958587,-0.028639793
1356512629978,0.7518771,0.030608594,0.65859234,0.65922475,-0.050319552,-0.7502604,0.010175645,0.998264,-0.05801207
1356512630018,0.7292182,0.06836948,0.6808572,0.68423235,-0.0609447,-0.7267131,-0.008190393,0.99579686,-0.0912226
1356512630059,0.7147107,0.11832252,0.68933904,0.69788253,-0.055325568,-0.71407217,-0.046352714,0.9914327,-0.12211698
1356512630103,0.6981262,0.16330108,0.697103,0.7104231,-0.03698188,-0.7028026,-0.088988274,0.98588294,-0.14183088
1356512630142,0.67510223,0.1901733,0.71279097,0.7279142,-0.014672309,-0.68551123,-0.11990765,0.98164093,-0.14833514
1356512630179,0.6444135,0.19026542,0.74062836,0.75306076,0.010276437,-0.65787077,-0.13278109,0.98167896,-0.13665915
1356512630218,0.6101026,0.16964772,0.77394724,0.78152144,0.031887375,-0.62306297,-0.13038036,0.9849888,-0.11312875
1356512630260,0.571257,0.13167149,0.8101407,0.8127796,0.046653405,-0.5807002,-0.114257485,0.990195,-0.08036879
1356512630298,0.5363915,0.089413404,0.83921957,0.8388755,0.05260104,-0.5417759,-0.09258583,0.99460465,-0.04679197
1356512630339,0.5054441,0.046754777,0.8615917,0.860166,0.051531613,-0.50740415,-0.068122804,0.9975763,-0.014170527
1356512630379,0.48522797,0.009228975,0.8743389,0.87321424,0.04667297,-0.48509648,-0.045284927,0.99886763,0.014588147
1356512630420,0.4772503,-0.021066695,0.8785149,0.878363,0.041763395,-0.47616634,-0.026658535,0.9989054,0.038435787
1356512630458,0.4852633,-0.04198122,0.8733597,0.87422353,0.041457236,-0.48375052,-0.015898645,0.99825794,0.05681862
1356512630499,0.5144799,-0.04979074,0.8560557,0.8573107,0.050974637,-0.5122694,-0.018130839,0.997458,0.06891157
1356512630542,0.5718498,-0.037373245,0.8195066,0.8194498,0.073024616,-0.56847996,-0.03859824,0.99662966,0.072384596
1356512630581,0.6539535,-0.004060477,0.75652385,0.75315285,0.09794076,-0.65051395,-0.071453124,0.995184,0.06710686
1356512630628,0.7487994,0.05180487,0.66076905,0.6529,0.113984704,-0.74881846,-0.11410999,0.99213094,0.05152829
1356512630671,0.8209568,0.09804778,0.5625092,0.5526459,0.11126402,-0.8259557,-0.14357015,0.9889423,0.037157252
1356512630708,0.85809004,0.11787239,0.4997875,0.49025503,0.10146284,-0.8656531,-0.15274644,0.98783165,0.029276729
1356512630770,0.8683773,0.11235082,0.48300955,0.47463417,0.09389642,-0.8751605,-0.14367786,0.98922235,0.028211989
1356512630778,0.8630911,0.097347796,0.49557757,0.48833,0.08952579,-0.8680547,-0.12887014,0.99121565,0.029731072
1356512630818,0.8433487,0.06966543,0.5328318,0.5273296,0.08345929,-0.84555197,-0.103375524,0.99407315,0.033648632
1356512630859,0.80456156,0.035090476,0.5928317,0.5896566,0.071487725,-0.80448407,-0.07060993,0.9968241,0.03682494
1356512630899,0.7516131,3.734231E-4,0.6596042,0.65880895,0.048667192,-0.75073445,-0.032381386,0.99881494,0.036332905
1356512630940,0.6945398,-0.026119411,0.71897995,0.7194156,0.014854267,-0.69442093,0.0074580014,0.99954844,0.02910763
1356512630979,0.6460228,-0.035523742,0.76249105,0.76228476,-0.021936297,-0.64686996,0.039705455,0.99912804,0.012907848
1356512631021,0.6156217,-0.020769179,0.7877681,0.78635514,-0.04917939,-0.6158141,0.05153191,0.998574,-0.013943955
1356512631062,0.5998745,0.015992045,0.79993427,0.79920995,-0.05896668,-0.59815246,0.037603796,0.9981318,-0.048153594
1356512631101,0.5920551,0.06645429,0.8031529,0.805894,-0.051753625,-0.5897935,0.002371788,0.9964463,-0.084196106
1356512631138,0.5843116,0.116570085,0.8031136,0.81047606,-0.03341797,-0.58481765,-0.041333854,0.9926201,-0.11400379
1356512631180,0.57289946,0.15170655,0.80546343,0.81577945,-0.010450199,-0.57826865,-0.07930988,0.9883703,-0.12974602
1356512631219,0.5605516,0.16624063,0.811262,0.8215475,0.011540055,-0.57002336,-0.104123086,0.98601776,-0.13010576
1356512631260,0.5494427,0.16049218,0.8199726,0.82754654,0.030821025,-0.56055045,-0.11523634,0.9865558,-0.11588037
1356512631299,0.5435414,0.1403231,0.8275701,0.8314109,0.045551956,-0.5537878,-0.11540666,0.9890573,-0.091906786
1356512631341,0.5452061,0.11289677,0.83066523,0.8313166,0.054839835,-0.55308706,-0.1079953,0.9920922,-0.063953966
1356512631380,0.5534202,0.08212459,0.82884353,0.827509,0.058847785,-0.55836,-0.09463072,0.9948832,-0.0353913
1356512631419,0.5670777,0.050251096,0.82212996,0.82013774,0.05781643,-0.5692374,-0.07613742,0.99706167,-0.008426413
1356512631458,0.5860004,0.019805968,0.8100686,0.80846566,0.053134143,-0.5861398,-0.05465129,0.9983909,0.015124202
1356512631500,0.610584,-0.006163478,0.7919275,0.7911999,0.048302203,-0.6096472,-0.03449434,0.9988138,0.034369096
1356512631541,0.6455647,-0.022324502,0.7633792,0.76335466,0.04916267,-0.64410615,-0.023150414,0.99854124,0.04877919
1356512631581,0.6957875,-0.021824032,0.7179161,0.71770394,0.0600127,-0.6937576,-0.027943552,0.9979591,0.057419255
1356512631621,0.7636848,-1.1584163E-4,0.64558923,0.64366174,0.07735253,-0.76139086,-0.04984969,0.99700373,0.05914755
1356512631662,0.84001935,0.04197429,0.5409304,0.53595734,0.090830415,-0.8393448,-0.08436388,0.99498147,0.05380287
1356512631712,0.90369713,0.0880425,0.41902268,0.41172907,0.089915335,-0.90685964,-0.11751877,0.9920503,0.045006573
1356512631767,0.94153905,0.115866885,0.31635273,0.30881864,0.078519315,-0.9478744,-0.13466705,0.9901564,0.038147148
1356512631782,0.9614769,0.12757993,0.24348634,0.2365413,0.0672532,-0.96929103,-0.1400373,0.9895455,0.03448448
1356512631818,0.96956885,0.11866077,0.21413958,0.20806175,0.06158313,-0.9761751,-0.12902108,0.99102336,0.03502032
1356512631860,0.96936905,0.09627336,0.22595397,0.22087002,0.060682684,-0.9734136,-0.107425295,0.99350345,0.037560016
1356512631900,0.95983404,0.066132724,0.27266306,0.26895377,0.0598467,-0.96129197,-0.07989085,0.99601454,0.03965625
1356512631940,0.9366016,0.030418202,0.34907338,0.34722298,0.053197682,-0.9362726,-0.04704964,0.99812067,0.03926313
1356512631980,0.8952465,-0.0062455237,0.44552743,0.44546086,0.03479746,-0.89462495,-0.009915814,0.99937487,0.033934444
1356512632020,0.840675,-0.03299156,0.54053414,0.5409261,0.0036430284,-0.8410623,0.02577874,0.999449,0.020908594
1356512632061,0.7892979,-0.03770277,0.61285186,0.6121371,-0.029590845,-0.79019785,0.04792741,0.9988508,-2.7675182E-4
1356512632100,0.7556569,-0.015947461,0.65477353,0.6534486,-0.04969208,-0.75533813,0.044582784,0.99863726,-0.027129315
1356512632138,0.7429742,0.030653566,0.6686177,0.66925573,-0.047868587,-0.74148864,0.009276509,0.9983832,-0.056080192
1356512632179,0.73971814,0.08959374,0.66692585,0.6713028,-0.02964694,-0.7405901,-0.046579897,0.99553704,-0.082074896
1356512632218,0.7352303,0.1436609,0.6624182,0.66997874,-0.005830765,-0.7423573,-0.10278529,0.9896098,-0.10053669
1356512632260,0.7245596,0.17854685,0.6656834,0.67416143,0.017141692,-0.7383851,-0.14324728,0.98378205,-0.10794921
1356512632300,0.7079095,0.18762165,0.6809275,0.68762285,0.03718245,-0.7251153,-0.1613659,0.98153734,-0.10269113
1356512632341,0.68864447,0.17350084,0.7040357,0.7073848,0.05255574,-0.704872,-0.15929699,0.9834304,-0.08653964
1356512632379,0.67021036,0.14353874,0.7281584,0.7283877,0.06099444,-0.6824449,-0.14237088,0.9877632,-0.06367274
1356512632422,0.6546955,0.10410866,0.74868894,0.7471099,0.06142562,-0.6618562,-0.114893615,0.9926672,-0.03756553
1356512632459,0.64891976,0.064989805,0.7580762,0.7561147,0.055982783,-0.6520402,-0.084815174,0.99631435,-0.012811422
1356512632498,0.64853567,0.027477771,0.76068807,0.7592726,0.047429442,-0.649042,-0.053913206,0.99849653,0.009896576
1356512632538,0.6572731,-0.005333811,0.7536336,0.7532091,0.038944617,-0.6566273,-0.025847673,0.99922717,0.029614717
1356512632583,0.67824775,-0.029373735,0.73424596,0.7348037,0.036071762,-0.6773199,-0.0065900683,0.99891734,0.04604955
1356512632632,0.72233284,-0.032953948,0.6907599,0.6914612,0.050017565,-0.72068006,-0.010800898,0.9982045,0.058915704
1356512632671,0.7945106,-0.013922542,0.6070907,0.6063535,0.07250408,-0.79188305,-0.03299156,0.997271,0.06604722
1356512632712,0.874601,0.032325476,0.48376456,0.47931007,0.092666864,-0.8727398,-0.073040694,0.9951724,0.0655526
