1356783942995,0.347843,-0.082395315,0.93392515,0.93717027,0.05900961,-0.34384555,-0.026779264,0.9948512,0.097744495
1356783943033,0.71931756,-0.048745513,0.6929691,0.69416517,0.08888638,-0.7143066,-0.026776254,0.99484825,0.09777498
1356783943072,0.7193554,-0.048860252,0.69292176,0.6941266,0.088988766,-0.7143313,-0.026759833,0.9948335,0.09792976
1356783943113,0.7196659,-0.049173027,0.6925771,0.6938063,0.089314505,-0.7146019,-0.02671808,0.994789,0.09839314
1356783943153,0.7208143,-0.049758643,0.69133985,0.69261444,0.090106085,-0.71565795,-0.026683807,0.9946884,0.09941329
1356783943192,0.72351694,-0.050512135,0.68845606,0.6897869,0.091594145,-0.71819526,-0.026780963,0.9945144,0.10111253
1356783943234,0.72775966,-0.051516116,0.6838947,0.6852906,0.0942464,-0.7221457,-0.027252436,0.99421513,0.10389227
1356783943273,0.7337001,-0.05293274,0.6774086,0.67888254,0.098678276,-0.7275858,-0.028332412,0.99371064,0.10833536
1356783943312,0.7412047,-0.05484879,0.66903454,0.6706148,0.10483126,-0.73436105,-0.02985692,0.9929763,0.11448384
1356783943352,0.74933153,-0.057740808,0.6596728,0.6614438,0.11270143,-0.7414785,-0.031532466,0.99194974,0.12264305
1356783943393,0.7578959,-0.06165278,0.64945567,0.6515433,0.12180184,-0.74876934,-0.032941133,0.9906377,0.13248259
1356783943433,0.766392,-0.06666005,0.6389051,0.64147943,0.13186604,-0.75572175,-0.03387344,0.9890236,0.14382213
1356783943472,0.77461016,-0.07215363,0.6283096,0.63150525,0.14220929,-0.76221895,-0.034354657,0.98720336,0.15572214
1356783943514,0.7819316,-0.0778532,0.61848354,0.6224083,0.15243495,-0.76770544,-0.034510195,0.98524237,0.16765016
1356783943553,0.7883129,-0.082837194,0.60967267,0.61429894,0.16174555,-0.7723181,-0.034635186,0.98334956,0.17839289
1356783943593,0.7937645,-0.085951805,0.6021214,0.60721445,0.16903415,-0.7763491,-0.03505045,0.9818552,0.1863645
1356783943632,0.7982944,-0.08639735,0.5960382,0.60119563,0.17332947,-0.7800774,-0.03591439,0.981067,0.19030964
1356783943672,0.80185413,-0.08400303,0.59158546,0.59637403,0.17379645,-0.7836663,-0.03698516,0.9811923,0.18945661
1356783943712,0.80429494,-0.079158574,0.58893436,0.59304225,0.16956821,-0.7871134,-0.03755778,0.98233426,0.18332723
1356783943752,0.80543953,-0.072621584,0.5882119,0.59154356,0.15987784,-0.7902628,-0.03665188,0.9844619,0.17173076
1356783943792,0.80524105,-0.06515476,0.58935696,0.59199977,0.14451459,-0.79287565,-0.033511043,0.98735523,0.1549407
1356783943832,0.80383205,-0.057465613,0.59207416,0.5942016,0.124255925,-0.7946603,-0.02790311,0.9905848,0.13402703
1356783943872,0.80147445,-0.050432026,0.59589875,0.59769505,0.100847214,-0.79535556,-0.019983292,0.9936229,0.110969454
1356783943922,0.79848444,-0.04493451,0.60033613,0.6019294,0.076445796,-0.79488176,-0.010175586,0.99606067,0.088088185
1356783943954,0.7951051,-0.041379333,0.6050583,0.60647136,0.05337754,-0.7933116,5.301833E-4,0.99771667,0.067536145
1356783943994,0.79138774,-0.039533854,0.6100348,0.6112204,0.03366179,-0.79074425,0.010726303,0.9986511,0.05080343
1356783944034,0.7870416,-0.038888544,0.61567295,0.6166042,0.01869043,-0.78705144,0.0191001,0.99906874,0.038688987
1356783944093,0.7813995,-0.038986325,0.62281215,0.6235352,0.008994371,-0.7817436,0.024875492,0.99919933,0.03133753
1356783944112,0.77356243,-0.03986919,0.63246465,0.6330858,0.0039788187,-0.77407134,0.028345197,0.9991969,0.028318495
1356783944153,0.76245415,-0.042364836,0.6456539,0.6462989,0.0020439923,-0.7630816,0.031008124,0.99910015,0.028938808
1356783944190,0.7471498,-0.047680974,0.6629432,0.66374403,0.0013033152,-0.7479586,0.034799397,0.99886173,0.03262174
1356783944233,0.7271162,-0.05655563,0.68418086,0.6852881,2.5232136E-4,-0.72827214,0.041015238,0.99839944,0.03894037
1356783944272,0.7025127,-0.067970276,0.7084179,0.709969,-0.001872167,-0.7042304,0.049193054,0.99768555,0.04694158
1356783944312,0.6751215,-0.07963967,0.7333952,0.7354797,-0.004525259,-0.6775317,0.057277173,0.9968134,0.055518255
1356783944352,0.6479062,-0.08819175,0.75659746,0.75920784,-0.0058377385,-0.6508219,0.06181401,0.99608636,0.06317359
1356783944392,0.6251243,-0.0910238,0.77519953,0.7782234,-0.0035334826,-0.6279776,0.059900105,0.99584246,0.068628
1356783944432,0.61121845,-0.08772123,0.7865857,0.78982943,0.0038038194,-0.6133148,0.050808668,0.9961378,0.071609765
1356783944472,0.6101044,-0.08016807,0.78825486,0.7914796,0.01582712,-0.61099064,0.036506116,0.9966557,0.073107585
1356783944512,0.62446976,-0.07024938,0.7778834,0.78080726,0.03137164,-0.6239839,0.019430965,0.99703604,0.074441865
1356783944552,0.6559764,-0.058928937,0.7524774,0.7547792,0.04887612,-0.6541554,0.001770556,0.9970648,0.07653995
1356783944592,0.70310384,-0.04638642,0.7095727,0.71092916,0.0668931,-0.70007503,-0.014991552,0.99668133,0.08001025
1356783944632,0.76113844,-0.033018142,0.64774835,0.6479138,0.084276825,-0.75703704,-0.029594213,0.99589515,0.08553925
1356783944672,0.82222974,-0.020634145,0.5687816,0.56772697,0.10050112,-0.81705916,-0.040303856,0.99472296,0.09434957
1356783944712,0.87791675,-0.013510391,0.47862262,0.4767871,0.11653,-0.8712605,-0.044002816,0.9930953,0.10874522
1356783944752,0.9220388,-0.01818645,0.3866701,0.38542414,0.13591209,-0.91267526,-0.035954833,0.990554,0.13232571
1356783944792,0.95256627,-0.040399417,0.30163783,0.30410922,0.16421354,-0.938377,-0.011623129,0.98559713,0.16871011
1356783944832,0.9701188,-0.08111714,0.22866893,0.24078496,0.20585132,-0.94849765,0.029867612,0.97521544,0.21923202
1356783944872,0.9768405,-0.13239479,0.16809022,0.19777462,0.25887784,-0.94544566,0.081657246,0.95679355,0.27906668
1356783944923,0.9767911,-0.17884815,0.117866784,0.17010713,0.3133264,-0.93428594,0.13016452,0.9326522,0.33647776
1356783944954,0.97573,-0.20542979,0.07582551,0.14682391,0.35684985,-0.9225513,0.16246119,0.911294,0.37835112
1356783944994,0.97765136,-0.20620959,0.040932044,0.11882602,0.38138944,-0.9167456,0.17343068,0.9011213,0.39736897
1356783945033,0.9825758,-0.18539736,0.0131402165,0.08462864,0.3833316,-0.91972536,0.1654776,0.9048119,0.39234227
1356783945072,0.98823535,-0.15277031,-0.007227458,0.049167365,0.36208978,-0.93084574,0.14482257,0.9195392,0.36534122
1356783945112,0.99283665,-0.1177654,-0.020166557,0.018794317,0.32061923,-0.94702166,0.11799216,0.93985885,0.32053584
1356783945152,0.995915,-0.08641743,-0.026179168,-0.0022674948,0.26590043,-0.9639978,0.09026727,0.9601192,0.26461828
1356783945192,0.99778134,-0.061242133,-0.026111417,-0.012947036,0.20622396,-0.97841924,0.06530528,0.9765865,0.20497352
1356783945232,0.99887043,-0.04272431,-0.020796455,-0.014212262,0.14900112,-0.9887349,0.045341715,0.98791367,0.1482256
1356783945272,0.999485,-0.03011256,-0.01108231,-0.008039933,0.09933868,-0.99502116,0.031063538,0.99459785,0.099045426
1356783945312,0.99974823,-0.022322856,0.0022730334,0.0036132103,0.060180634,-0.99818087,0.022145458,0.9979378,0.06024614
1356783945352,0.9996481,-0.018822344,0.018690845,0.019302448,0.03285387,-0.9992738,0.018194607,0.99928296,0.03320563
1356783945392,0.99908626,-0.020009615,0.037765842,0.03811327,0.01727593,-0.99912405,0.019339647,0.9996505,0.018022776
1356783945432,0.99788225,-0.026364716,0.059464127,0.059798233,0.012069762,-0.99813753,0.025597895,0.9995795,0.013620764
1356783945473,0.9957655,-0.03794501,0.08373274,0.08434037,0.014703453,-0.9963284,0.036574543,0.99917156,0.017841488
1356783945512,0.9924537,-0.053431533,0.1103661,0.11165411,0.021743625,-0.9935092,0.050684966,0.99833477,0.027545393
1356783945552,0.9878759,-0.069210514,0.13896458,0.14127587,0.029678404,-0.9895253,0.064361304,0.99716055,0.039096355
1356783945592,0.9823338,-0.08005735,0.16914819,0.1724445,0.03617698,-0.98435473,0.072685555,0.99613357,0.049343318
1356783945632,0.97627044,-0.0823928,0.20026875,0.20409952,0.040960938,-0.9780928,0.07238462,0.9957578,0.056805283
1356783945672,0.96998537,-0.07678923,0.23072006,0.23455271,0.045209944,-0.9710516,0.06413545,0.99602187,0.061864108
1356783945712,0.96398556,-0.06635296,0.25754452,0.26101118,0.05019152,-0.9640301,0.051039703,0.9965331,0.065702766
1356783945752,0.9592682,-0.054067217,0.27727464,0.280172,0.05641973,-0.9582904,0.03616833,0.9969421,0.06926978
1356783945792,0.95698845,-0.04137206,0.28716093,0.28935093,0.06380597,-0.95509416,0.021191627,0.99710435,0.07303262
1356783945832,0.95777446,-0.028639853,0.2860906,0.2874422,0.07214582,-0.955077,0.006713003,0.9969829,0.07733172
1356783945872,0.96148145,-0.017120972,0.2743361,0.27480274,0.08191913,-0.95800453,-0.0060714036,0.99649185,0.083468616
1356783945920,0.9673901,-0.011254095,0.2530409,0.25293726,0.09570545,-0.96273726,-0.013382629,0.995346,0.09543109
1356783945954,0.9744778,-0.018834837,0.22369248,0.22432613,0.11907092,-0.9672124,-0.008417971,0.9927071,0.12025711
1356783945994,0.9808104,-0.045976795,0.18946542,0.19442269,0.15827963,-0.9680637,0.014519945,0.98632336,0.16418123
1356783946024,0.9840774,-0.08224621,0.15756664,0.17148873,0.20629805,-0.9633445,0.04672574,0.9750264,0.21711755
1356783946062,0.98264146,-0.13250601,0.12983805,0.16160116,0.26766878,-0.94986236,0.09110889,0.9543561,0.28443557
1356783946102,0.977358,-0.1801101,0.11104831,0.16559008,0.32434553,-0.9313324,0.13172433,0.92863363,0.34682614
1356783946142,0.9715328,-0.21336535,0.10295245,0.17640126,0.36145192,-0.91555184,0.15813467,0.9076496,0.38880032
1356783946182,0.96773046,-0.22935323,0.10437834,0.18661238,0.37394,-0.9084849,0.16933271,0.8986468,0.40467328
1356783946222,0.9665654,-0.23011927,0.11312162,0.19317661,0.36337346,-0.91139597,0.16862437,0.9027762,0.39567786
1356783946262,0.96735454,-0.21920304,0.12718183,0.19689383,0.33410838,-0.9217399,0.15955567,0.9166905,0.366361
1356783946302,0.96886677,-0.20051487,0.14522734,0.20051487,0.29142416,-0.9353426,0.14522734,0.9353426,0.3225574
1356783946342,0.9698424,-0.1786137,0.16584003,0.20655535,0.24111569,-0.9482606,0.12938568,0.9539185,0.27073783
1356783946382,0.9693778,-0.15662745,0.18914148,0.21744391,0.18951076,-0.9574987,0.114126235,0.9693057,0.21776521
1356783946422,0.9671224,-0.13634004,0.2146758,0.23352818,0.14188468,-0.96194243,0.10069208,0.98044896,0.1690591
1356783946462,0.96299314,-0.11831857,0.24216713,0.25436592,0.10187709,-0.9617271,0.08911888,0.9877357,0.12820315
1356783946502,0.9570137,-0.10331605,0.27101755,0.27889368,0.07121429,-0.9576778,0.07964317,0.9920959,0.09696725
1356783946542,0.9491806,-0.093010016,0.30067477,0.30603954,0.049783915,-0.9507162,0.07345736,0.99441975,0.07571867
1356783946582,0.93951845,-0.08908236,0.33071047,0.334851,0.036004093,-0.941583,0.07197149,0.9953733,0.06365582
1356783946622,0.92813146,-0.092084154,0.36068338,0.36447108,0.027716342,-0.93080217,0.07571529,0.99536544,0.059286416
1356783946662,0.9152686,-0.10053809,0.39009672,0.39410794,0.02289629,-0.9187789,0.08344053,0.9946697,0.06057912
1356783946702,0.9016391,-0.11056127,0.41811872,0.42267054,0.020427503,-0.9060532,0.091633275,0.9936594,0.06514922
1356783946743,0.888452,-0.11687891,0.4438382,0.44894785,0.020329714,-0.89332664,0.095387965,0.99293804,0.07053453
1356783946782,0.87708515,-0.116068274,0.46610063,0.47153416,0.023154557,-0.88154376,0.091526926,0.9929713,0.07503867
1356783946822,0.86878735,-0.10863793,0.48312145,0.48855507,0.028929174,-0.87205327,0.08076179,0.99366033,0.07820892
1356783946862,0.86482215,-0.09738496,0.49254322,0.49769184,0.03688562,-0.8665693,0.06622304,0.994563,0.08036721
1356783946918,0.86634046,-0.08455941,0.49224383,0.49689153,0.046215273,-0.86658126,0.050528392,0.9953461,0.082055
1356783946944,0.8737446,-0.07121481,0.48114324,0.48512775,0.056519777,-0.8726148,0.03494899,0.9958584,0.08393213
1356783946984,0.8861172,-0.058342576,0.45977432,0.46301287,0.067816176,-0.8837534,0.020380303,0.9959905,0.08710644
1356783947024,0.90149486,-0.048824206,0.43002698,0.43269694,0.08109805,-0.89788437,0.008964151,0.9955095,0.09423557
1356783947064,0.9175688,-0.0488635,0.39456278,0.3975412,0.099449456,-0.9121792,0.0053332,0.9938422,0.110676974
1356783947102,0.9319161,-0.0664555,0.35653335,0.36233383,0.12804097,-0.92321163,0.015701607,0.9895399,0.14340252
1356783947143,0.94169116,-0.105424285,0.3195365,0.3337081,0.17100367,-0.9270365,0.04309024,0.979614,0.19621357
1356783947180,0.94449335,-0.15839076,0.2878275,0.3183585,0.22493815,-0.9208966,0.081118144,0.9614131,0.26287764
1356783947223,0.9408779,-0.21049325,0.2654081,0.31787106,0.27783164,-0.9065139,0.117076285,0.93728447,0.32831535
1356783947262,0.9345339,-0.24848391,0.25475898,0.3267276,0.3153466,-0.89095765,0.14105129,0.9158669,0.37588865
1356783947302,0.9288569,-0.26818305,0.25554392,0.33789843,0.33066088,-0.8811856,0.15182066,0.90484315,0.39775527
1356783947342,0.9248322,-0.27168614,0.26621795,0.34833592,0.3237824,-0.8796744,0.15279864,0.9062845,0.39408246
1356783947382,0.92199785,-0.26258492,0.28455076,0.35804856,0.29847336,-0.88471186,0.14738113,0.9175854,0.36920995
1356783947422,0.91941744,-0.2442381,0.30825207,0.36833936,0.2600739,-0.89257365,0.13783216,0.93418914,0.32907897
1356783947462,0.91610324,-0.21996853,0.33521438,0.3806227,0.21434397,-0.899546,0.12602063,0.9516672,0.28008622
1356783947502,0.911255,-0.19309142,0.36377186,0.39581588,0.16660729,-0.9030901,0.113771915,0.96693206,0.22825038
1356783947542,0.9043762,-0.16650632,0.39291134,0.41422293,0.121194124,-0.90207064,0.10258189,0.97856414,0.17857581
1356783947582,0.8951956,-0.14243765,0.42229897,0.43580234,0.08144334,-0.89634997,0.09328054,0.9864474,0.13498238
1356783947622,0.88359296,-0.122352034,0.45198834,0.4602758,0.049498804,-0.8863949,0.08607936,0.99125165,0.100052476
1356783947662,0.86937076,-0.10737193,0.4823544,0.48744023,0.025898337,-0.8727723,0.08121902,0.99388164,0.074852645
1356783947702,0.85232675,-0.09827624,0.5136934,0.51697326,0.009513497,-0.8559487,0.07923235,0.99511373,0.05891478
1356783947742,0.83239025,-0.095248416,0.5459434,0.5483174,-0.0014857054,-0.83626896,0.08046445,0.99545234,0.050989684
1356783947782,0.8097872,-0.09777914,0.57851875,0.58058125,-0.008762069,-0.81415516,0.084676415,0.9951696,0.04967332
1356783947822,0.7852392,-0.10438746,0.61033,0.61251974,-0.013364926,-0.79034233,0.09065881,0.9944469,0.053444713
1356783947862,0.7599995,-0.11204377,0.64019287,0.6428454,-0.015387803,-0.7658415,0.09565893,0.99358416,0.06033209
1356783947921,0.7357776,-0.116846204,0.6670668,0.6703631,-0.014181823,-0.74189764,0.09614816,0.9930487,0.06789472
1356783947943,0.71439755,-0.11625761,0.6900147,0.6939138,-0.009281591,-0.7199982,0.090109736,0.9931757,0.07404202
1356783947984,0.6976659,-0.11058822,0.7078365,0.71213734,-8.6168945E-4,-0.7020396,0.07824728,0.99386597,0.078152835
1356783948024,0.68739074,-0.10196367,0.71909475,0.7235507,0.01026243,-0.6901949,0.062995225,0.99473506,0.08083022
1356783948064,0.68535095,-0.09228361,0.7223419,0.726714,0.023062348,-0.6865528,0.04669872,0.9954656,0.082869604
1356783948104,0.6927246,-0.08226171,0.7164954,0.72055304,0.036799192,-0.69242257,0.030593455,0.9959311,0.08476566
1356783948144,0.70958173,-0.07213384,0.7009212,0.70445865,0.05112724,-0.70790124,0.015227407,0.99608374,0.08709423
1356783948182,0.7344221,-0.06348866,0.675717,0.6786908,0.066144004,-0.7314396,0.0017434657,0.9957882,0.09166679
1356783948222,0.7639741,-0.061368406,0.64232194,0.64521354,0.08278483,-0.75950384,-0.006564945,0.9946761,0.1028412
1356783948262,0.79349273,-0.07427049,0.6040307,0.6085663,0.10341587,-0.7867352,-0.004035145,0.99186146,0.12725827
1356783948302,0.8171556,-0.110028416,0.5658184,0.57623506,0.1312587,-0.80667484,0.014488548,0.9852233,0.170661
1356783948342,0.82972956,-0.16828024,0.53219414,0.5560766,0.16680291,-0.8142208,0.048245788,0.97152376,0.23197803
1356783948382,0.829622,-0.2369478,0.5055523,0.55131936,0.20466898,-0.8088001,0.088172525,0.9497191,0.3004318
1356783948422,0.8219244,-0.29693586,0.48607558,0.5564489,0.23629169,-0.7965745,0.12167589,0.9252002,0.35944352
1356783948462,0.8156812,-0.33359018,0.47263277,0.5609137,0.2561354,-0.78725505,0.14156252,0.9072554,0.39604014
1356783948502,0.8174565,-0.34227768,0.46326113,0.55664855,0.262779,-0.7880924,0.1480111,0.90210485,0.40533876
1356783948542,0.82805717,-0.3263725,0.4558534,0.54174346,0.2564538,-0.8004658,0.14434467,0.90978706,0.38916856
1356783948582,0.8440897,-0.293095,0.44900763,0.51924145,0.23785037,-0.8208626,0.13379411,0.9260251,0.35295415
1356783948622,0.8610269,-0.250623,0.44251645,0.49437594,0.20842099,-0.84389156,0.119268954,0.9453828,0.30335808
1356783948662,0.8750643,-0.20705616,0.43748158,0.47269797,0.17135727,-0.8644034,0.10401444,0.9632053,0.24782369
1356783948702,0.884267,-0.1683728,0.4355715,0.4580413,0.1310823,-0.879213,0.09093988,0.97696877,0.19303346
1356783948742,0.8881478,-0.13772207,0.43843603,0.4522351,0.09228772,-0.88711125,0.081712544,0.986162,0.14424789
1356783948782,0.88697505,-0.115493804,0.44714266,0.455466,0.05874142,-0.8883131,0.07632883,0.9915698,0.10470566
1356783948822,0.88111377,-0.10054226,0.46209285,0.46710855,0.03252095,-0.8836017,0.07381162,0.99440116,0.0756188
1356783948862,0.87075824,-0.09145871,0.4831308,0.48623332,0.013900854,-0.87371844,0.07319324,0.99571186,0.056574553
1356783948922,0.85598236,-0.08721182,0.50959617,0.5116998,0.0020683408,-0.8591618,0.073875055,0.9961876,0.046396736
1356783948944,0.83685017,-0.087505534,0.54039294,0.5421516,-0.0042984784,-0.8402698,0.0758511,0.9961548,0.04384407
1356783948983,0.81377643,-0.09272544,0.5737333,0.5756812,-0.006844461,-0.81764555,0.07974346,0.9956682,0.047810443
1356783949024,0.7879682,-0.102097094,0.6071921,0.60978025,-0.0072010607,-0.79253775,0.085288286,0.9947483,0.056582607
1356783949062,0.76217914,-0.11221886,0.6375657,0.6411001,-0.0058557093,-0.76743495,0.08985406,0.9936663,0.067480415
1356783949102,0.7401585,-0.11833191,0.66193885,0.6664287,-0.002163902,-0.74556565,0.08965659,0.9929718,0.07725814
1356783949142,0.72521555,-0.1176936,0.67838836,0.683526,0.004588157,-0.72991186,0.082793355,0.9930394,0.08377401
1356783949182,0.71943647,-0.11107248,0.6856196,0.6909793,0.014375851,-0.7227316,0.07041922,0.9937084,0.0870913
1356783949222,0.7241492,-0.100893706,0.6822231,0.68743896,0.026572645,-0.7257558,0.055095702,0.99454224,0.088600814
1356783949263,0.7401794,-0.08882758,0.66651636,0.671294,0.04054603,-0.74008137,0.038715065,0.99522144,0.089640774
1356783949302,0.767125,-0.0753853,0.6370527,0.64111507,0.05580756,-0.7654129,0.02214855,0.9955915,0.09114203
1356783949342,0.80234617,-0.061533004,0.5936786,0.5968237,0.07189739,-0.79914474,0.006489843,0.9955121,0.094410956
1356783949382,0.8408359,-0.05117844,0.5388652,0.54126483,0.08910153,-0.8361179,-0.0052224696,0.9947068,0.10262086
1356783949422,0.87676084,-0.05204402,0.47810233,0.48087072,0.110025585,-0.86986077,-0.007332459,0.9925653,0.121492565
1356783949462,0.9052922,-0.072531775,0.41855127,0.4247421,0.13985848,-0.894446,0.0063378066,0.9875114,0.1574201
1356783949502,0.9234264,-0.11564994,0.3659355,0.38190362,0.18285114,-0.9059333,0.03785938,0.97631484,0.21301669
1356783949542,0.9304505,-0.1735968,0.32268563,0.357437,0.23623484,-0.90356624,0.08062661,0.9560634,0.28185475
1356783949582,0.92925763,-0.23012047,0.28900662,0.3488663,0.289239,-0.8914219,0.12154245,0.9291853,0.3490588
1356783949622,0.9260152,-0.26956105,0.26425877,0.34664297,0.33008283,-0.87799996,0.14944732,0.9046448,0.39910316
1356783949662,0.92605597,-0.2848149,0.24759,0.341327,0.3522547,-0.8714428,0.16098514,0.89151394,0.42342257
1356783949702,0.9306806,-0.27781436,0.23801857,0.3295031,0.35390854,-0.87531495,0.15893829,0.8930665,0.4209165
1356783949742,0.9380331,-0.255102,0.23455684,0.31344214,0.33586103,-0.88822937,0.1478106,0.9067085,0.39500847
1356783949782,0.9455292,-0.2238347,0.2363737,0.29777563,0.30128053,-0.9058475,0.1315453,0.9268916,0.35152206
1356783949828,0.95194983,-0.18681704,0.24267448,0.28499365,0.25029528,-0.9252734,0.11211656,0.94997454,0.29151022
1356783949862,0.95411515,-0.15610507,0.2555299,0.283806,0.19929817,-0.9379416,0.09549078,0.96742517,0.23445696
1356783949923,0.9538454,-0.13046847,0.27047545,0.2886657,0.15010059,-0.94559073,0.08277127,0.98002434,0.18083453
1356783949943,0.95070374,-0.11037185,0.2897939,0.30119547,0.10631204,-0.9476176,0.0737817,0.9881882,0.13431475
1356783949983,0.9450112,-0.09464484,0.31304336,0.32000652,0.07018465,-0.9448122,0.06745074,0.993034,0.096612245
1356783950023,0.9367627,-0.082578555,0.340083,0.34425187,0.042557087,-0.9379122,0.06297852,0.99567544,0.06829372
1356783950082,0.9257329,-0.07429004,0.3708092,0.37333435,0.02309915,-0.92740923,0.060331896,0.99696916,0.049118668
1356783950102,0.9116407,-0.07050483,0.40489542,0.4065804,0.010816451,-0.913551,0.060030222,0.99745274,0.038526595
1356783950142,0.8942758,-0.0722087,0.44165224,0.44308227,0.0042853355,-0.89647067,0.06284039,0.99738026,0.03582668
1356783950180,0.87378395,-0.07930924,0.47980377,0.48143142,0.0016081333,-0.87648225,0.06874159,0.9968487,0.039587136
1356783950223,0.85112965,-0.08903006,0.5173509,0.51951396,0.001320295,-0.85446095,0.07538962,0.99602807,0.047376096
1356783950262,0.8280903,-0.09609546,0.5522971,0.55510396,0.0030068755,-0.8317756,0.07826914,0.9953676,0.055832926
1356783950302,0.80708754,-0.09674056,0.5824525,0.58576196,0.0073682293,-0.81044966,0.0741117,0.99528235,0.06261375
1356783950342,0.790445,-0.09143159,0.6056706,0.60922027,0.014652804,-0.79286563,0.06361821,0.9957036,0.06728423
1356783950382,0.7806255,-0.08309317,0.6194508,0.62299764,0.024197593,-0.7818493,0.049977154,0.99624795,0.07065612
1356783950422,0.77989084,-0.073908,0.62153673,0.6248895,0.035103217,-0.7799236,0.035824686,0.99664706,0.07356102
1356783950462,0.7892417,-0.064260244,0.6107112,0.6136919,0.047063656,-0.78814167,0.021903872,0.9968228,0.07658059
1356783950502,0.80783874,-0.054097384,0.58691573,0.5893457,0.06017349,-0.8056369,0.008266062,0.9967209,0.080492534
1356783950542,0.8328301,-0.04516986,0.5516827,0.55351555,0.07483527,-0.82946986,-0.0038183033,0.99617237,0.08732727
1356783950582,0.860229,-0.04280977,0.50810754,0.5098004,0.09265681,-0.8552884,-0.010464922,0.9947773,0.10153052
1356783950623,0.8859267,-0.05525291,0.46052247,0.4637909,0.11760941,-0.8781036,-0.0056439787,0.9915216,0.12981912
1356783950662,0.9061631,-0.08841978,0.4135825,0.42266196,0.15461418,-0.8930013,0.015013263,0.98401034,0.17747733
1356783950702,0.91773117,-0.14020675,0.37163365,0.3940888,0.20449227,-0.89603394,0.0496338,0.968775,0.24292284
1356783950742,0.91989136,-0.19880636,0.3380472,0.38197237,0.25887305,-0.8871763,0.088865,0.9452305,0.31407362
1356783950782,0.9158303,-0.24895568,0.31508085,0.3827505,0.30381805,-0.8724658,0.12147811,0.91962796,0.3735337
1356783950822,0.91066337,-0.2804515,0.30337942,0.38816974,0.32933828,-0.86073256,0.1414793,0.90160036,0.4087791
1356783950862,0.90780497,-0.29107025,0.30194083,0.39196572,0.33275992,-0.85769093,0.14917451,0.8969666,0.41617066
1356783950924,0.90792906,-0.2834663,0.308726,0.39233485,0.31569114,-0.8639517,0.1474391,0.9055308,0.39783886
1356783950943,0.90971935,-0.26271695,0.32154384,0.39116085,0.28244552,-0.8759096,0.13929772,0.92260736,0.35971075
1356783950984,0.91160804,-0.2333291,0.3384203,0.39096403,0.23788333,-0.8891336,0.12695622,0.94285154,0.30807966
1356783951023,0.9118269,-0.20045517,0.35831463,0.39477193,0.18825266,-0.89928627,0.11281296,0.96144605,0.25078794
1356783951063,0.9094206,-0.16751915,0.38064617,0.40399438,0.13862029,-0.90419745,0.09870508,0.9760747,0.19374093
1356783951102,0.9037137,-0.13679002,0.405697,0.41947496,0.09324568,-0.90296507,0.085687146,0.98620164,0.1416474
1356783951142,0.89445394,-0.109189704,0.43362397,0.4410224,0.055295408,-0.8957912,0.073833704,0.9924818,0.09761429
1356783951182,0.8815728,-0.08544904,0.46424985,0.46780658,0.026601963,-0.8834305,0.06313832,0.9959874,0.06342518
1356783951222,0.86521506,-0.0667904,0.49693254,0.49846256,0.007437937,-0.86687934,0.054203063,0.9977393,0.03972793
1356783951262,0.8458439,-0.054684162,0.5306201,0.5312693,-0.0030912384,-0.8471973,0.04796855,0.9984989,0.026437312
1356783951302,0.82423186,-0.05053693,0.5639928,0.56441927,-0.006756939,-0.8254606,0.0455271,0.99869937,0.022954732
1356783951342,0.80139786,-0.054897517,0.59560704,0.5962174,-0.0062855706,-0.8027984,0.047815353,0.9984722,0.0276936
1356783951382,0.77862096,-0.06587809,0.6240268,0.6251602,-0.004259631,-0.7804848,0.054074973,0.9978186,0.037867725
1356783951422,0.7573898,-0.0784463,0.64823365,0.65013874,-0.0016370267,-0.7598138,0.060665786,0.996917,0.049761117
1356783951462,0.7393802,-0.08726096,0.6676095,0.670308,0.0022113323,-0.74207973,0.06327826,0.99618304,0.06012672
1356783951502,0.7262634,-0.090197474,0.68147326,0.68477225,0.008059278,-0.72871256,0.06023583,0.99589133,0.06761789
1356783951542,0.71971774,-0.088440835,0.6886107,0.69224685,0.01581122,-0.7214875,0.052921206,0.99595594,0.0726025
1356783951582,0.7212634,-0.08375552,0.68757844,0.69130147,0.024881348,-0.72213787,0.043375164,0.9961756,0.075846314
1356783951622,0.7318866,-0.07703787,0.6770577,0.6806382,0.03487183,-0.73178923,0.03276527,0.9964181,0.07795716
1356783951662,0.7511096,-0.068725824,0.65659046,0.6598295,0.045864075,-0.75001436,0.021431446,0.9965808,0.079796284
1356783951702,0.7769832,-0.06065771,0.62659216,0.6294348,0.058356933,-0.7748589,0.010435164,0.9964513,0.08352244
1356783951742,0.80623704,-0.058042884,0.5887384,0.5915842,0.07379055,-0.8028593,0.00315696,0.9955832,0.09382993
1356783951783,0.8347863,-0.069303215,0.5461949,0.55054885,0.09557796,-0.8293134,0.005269885,0.99300647,0.117941976
1356783951822,0.85825515,-0.10144068,0.50309837,0.5127688,0.1282408,-0.8488948,0.021594763,0.98654145,0.16207895
1356783951862,0.87263846,-0.15325128,0.46369836,0.48568028,0.17287618,-0.85687137,0.051154226,0.9729481,0.22528952
1356783951925,0.87657297,-0.21292363,0.43160552,0.47363073,0.22251731,-0.8521502,0.085403204,0.9513935,0.29589984
1356783951943,0.8733901,-0.26374885,0.40942195,0.47368285,0.26463518,-0.83999574,0.113200456,0.9275801,0.35606304
1356783951983,0.8690728,-0.29381377,0.39797732,0.47775733,0.2898647,-0.82929265,0.12829801,0.9108523,0.3922852
1356783952023,0.8678634,-0.29983318,0.39612263,0.47923392,0.2950862,-0.8265948,0.1309502,0.9072068,0.39978474
1356783952063,0.87032723,-0.28540978,0.40133744,0.47638413,0.2813048,-0.833022,0.12485449,0.91619253,0.38079193
1356783952102,0.8748562,-0.25668252,0.41078064,0.47087222,0.25177306,-0.84551144,0.113604516,0.9331261,0.3411299
1356783952142,0.8794559,-0.21976405,0.42220968,0.46544093,0.21143022,-0.8594545,0.0996093,0.952366,0.28823075
1356783952182,0.8826159,-0.18001978,0.43426034,0.46240658,0.16607797,-0.8709756,0.084671706,0.9695418,0.22982538
1356783952222,0.8835516,-0.14172104,0.44637614,0.46302333,0.121212654,-0.87801874,0.07032727,0.9824575,0.17271778
1356783952262,0.8820921,-0.107690796,0.4586023,0.46755016,0.08124146,-0.8802254,0.05753462,0.9908595,0.1220133
1356783952302,0.8783651,-0.07957244,0.47132048,0.4757027,0.04916916,-0.8782308,0.046708554,0.9956157,0.081041306
1356783952343,0.8725074,-0.058692515,0.4850629,0.48708284,0.026285969,-0.8729601,0.03848587,0.99792993,0.051522825
1356783952382,0.8645559,-0.046381474,0.5003917,0.5013741,0.011918388,-0.86514854,0.034162983,0.9988527,0.033558577
1356783952422,0.85458505,-0.043624833,0.5174759,0.5181174,0.0040898323,-0.8552997,0.035195902,0.99903965,0.02609789
1356783952462,0.8427274,-0.050070837,0.5360068,0.53669673,3.9633363E-4,-0.84377515,0.0420361,0.99874556,0.02720686
1356783952502,0.8295039,-0.06278619,0.55496055,0.5560156,-7.997826E-4,-0.83117145,0.052629948,0.99802667,0.034246683
1356783952542,0.81599605,-0.07573952,0.5730741,0.57474923,3.922209E-4,-0.8183295,0.06175509,0.9971276,0.043851286
1356783952582,0.8036683,-0.082603216,0.5893165,0.5916476,0.004741125,-0.80618274,0.06379923,0.9965712,0.05268228
1356783952622,0.79373634,-0.08099052,0.6028459,0.6055951,0.0125168115,-0.79567444,0.05689642,0.9966363,0.05898252
1356783952662,0.78701276,-0.072977155,0.61260533,0.61540556,0.022947967,-0.7878765,0.04343894,0.9970696,0.062970884
1356783952702,0.78429395,-0.06196484,0.6172871,0.61979294,0.03464029,-0.7840005,0.02719748,0.99747705,0.065573536
1356783952742,0.7863327,-0.05001542,0.61577535,0.6177132,0.046636015,-0.7850194,0.01054576,0.99765897,0.0675666
1356783952782,0.7933582,-0.037934303,0.607572,0.608728,0.058859617,-0.7911927,-0.0057481527,0.9975453,0.06978842
1356783952822,0.80483377,-0.026932329,0.5928889,0.59312916,0.07182267,-0.8018973,-0.020985901,0.99705374,0.073779665
1356783952862,0.8194816,-0.020943522,0.57272273,0.5721744,0.086842574,-0.81552124,-0.03265685,0.99600184,0.083149225
1356783952926,0.83562905,-0.028266698,0.54856634,0.54816806,0.10682744,-0.8295176,-0.035154194,0.9938756,0.10476302
1356783952944,0.85087156,-0.058449075,0.52211237,0.5249206,0.13584742,-0.84024036,-0.021816343,0.98900414,0.14626983
1356783952983,0.8612497,-0.11473374,0.49506074,0.5080923,0.17610565,-0.84310675,0.009549841,0.97766197,0.20996627
1356783953025,0.85318166,-0.19274694,0.48469543,0.5189588,0.22002631,-0.8259965,0.05256252,0.956262,0.28775012
1356783953064,0.8512163,-0.26058215,0.4555521,0.5166259,0.26330966,-0.8147182,0.09234975,0.9288514,0.35875696
1356783953102,0.8443633,-0.30854094,0.43801045,0.5223031,0.29187775,-0.80125326,0.11937392,0.9053231,0.40760273
1356783953142,0.8386302,-0.3301042,0.43327895,0.5285717,0.30104423,-0.7937155,0.1315727,0.8946527,0.42694852
1356783953180,0.83675265,-0.32718349,0.43908536,0.5313849,0.29159725,-0.79536223,0.13219333,0.89884484,0.41785514
1356783953223,0.83855176,-0.3044747,0.4518032,0.5303396,0.2662378,-0.8048959,0.12478335,0.914556,0.38472918
1356783953262,0.841879,-0.26913953,0.4677645,0.52779794,0.22984444,-0.81768024,0.11255698,0.93527293,0.33555248
1356783953302,0.8449901,-0.22733462,0.48405653,0.5257064,0.18706036,-0.829844,0.09810454,0.95568156,0.27757543
1356783953342,0.84650785,-0.18518452,0.49913043,0.5257197,0.1429758,-0.8385564,0.083924055,0.97224724,0.21838528
1356783953382,0.84596395,-0.14672007,0.512658,0.5284442,0.10202002,-0.842816,0.07135661,0.98390305,0.16383862
1356783953422,0.84331805,-0.11401245,0.5251817,0.5339825,0.06749623,-0.84279716,0.060641572,0.9911839,0.11780143
1356783953462,0.8385912,-0.08839941,0.53754103,0.542264,0.04108268,-0.8392032,0.05210145,0.9952375,0.08238739
1356783953502,0.8317047,-0.0713643,0.5506128,0.5532284,0.022632778,-0.83272207,0.046964765,0.99719346,0.05830455
1356783953549,0.8224455,-0.06550524,0.56505966,0.56684804,0.011236899,-0.8237458,0.047610134,0.99778897,0.046373248
1356783953582,0.8100263,-0.06712669,0.5825388,0.5840626,0.0038680509,-0.81169945,0.05223334,0.997737,0.042339385
1356783953622,0.7963997,-0.07672247,0.5998843,0.60166216,7.236004E-5,-0.79875064,0.061238736,0.99705243,0.046218634
1356783953662,0.78095067,-0.08880457,0.6182474,0.6206299,-9.93669E-4,-0.78410304,0.07024625,0.99604857,0.05433876
1356783953702,0.76510423,-0.09680876,0.63658744,0.63966787,0.0010250956,-0.7686507,0.073759556,0.9953025,0.062709756
1356783953742,0.75074637,-0.09717515,0.653404,0.65698504,0.0066339076,-0.7538744,0.068923235,0.9952452,0.068823
1356783953782,0.7399576,-0.0908719,0.6664871,0.67022836,0.015542686,-0.7419921,0.057067275,0.99574125,0.072405875
1356783953822,0.73504615,-0.08073267,0.67319345,0.6767503,0.026693538,-0.7357286,0.041427404,0.9963783,0.07425684
1356783953862,0.7382457,-0.068566054,0.67103803,0.67409146,0.03904602,-0.7376152,0.024373978,0.9968822,0.075045325
1356783953929,0.7509418,-0.054876804,0.6580843,0.66033196,0.05193226,-0.749176,0.00693658,0.9971417,0.07523501
1356783953944,0.7728676,-0.04028988,0.63328695,0.6344869,0.064947896,-0.7702001,-0.010099411,0.997075,0.07575954
1356783953983,0.8016142,-0.02768755,0.5972001,0.59733176,0.07833745,-0.7981591,-0.024684072,0.99654233,0.07933506
1356783954023,0.8332269,-0.023992956,0.5524105,0.5519926,0.094282836,-0.8285016,-0.0322046,0.9952563,0.09180293
1356783954063,0.86308503,-0.03851077,0.50358814,0.5043676,0.117856234,-0.8554082,-0.026408553,0.9922836,0.12114355
1356783954103,0.8863645,-0.07686895,0.45656228,0.46297354,0.1549803,-0.8727179,-0.0036732405,0.98492247,0.17295733
1356783954144,0.89956415,-0.13338031,0.41592544,0.43564856,0.20522451,-0.87640923,0.031537637,0.9695837,0.24271956
1356783954183,0.903264,-0.19089681,0.38428193,0.42379004,0.2566312,-0.868644,0.06720264,0.9474697,0.31270587
1356783954223,0.90236557,-0.23312868,0.36247408,0.42072284,0.2941865,-0.8581647,0.09342781,0.92687935,0.3635463
1356783954262,0.8948489,-0.25866443,0.36378312,0.43309653,0.30587137,-0.84786206,0.108040914,0.9162616,0.38573533
1356783954302,0.8984804,-0.25800964,0.35519567,0.4241154,0.30113465,-0.85407495,0.11339787,0.9180136,0.37998945
1356783954342,0.90449274,-0.24217728,0.3510599,0.4114838,0.2791143,-0.86762685,0.11213367,0.92921764,0.3521089
1356783954382,0.9110703,-0.21703628,0.35049418,0.39832875,0.2443654,-0.88409257,0.10623153,0.9450824,0.30908585
1356783954422,0.91654944,-0.1879367,0.35301122,0.38782135,0.2021972,-0.8992835,0.0976305,0.96114314,0.2582096
1356783954462,0.919922,-0.15877593,0.35851598,0.3821032,0.15784732,-0.91053915,0.08798085,0.9746151,0.205876
1356783954502,0.9206402,-0.13204825,0.36740297,0.38248503,0.116387784,-0.91660196,0.07827446,0.98438674,0.15765774
1356783954542,0.91847706,-0.10888684,0.38018888,0.38943923,0.08171949,-0.91741973,0.068826064,0.99068946,0.11746228
1356783954582,0.9131648,-0.090104714,0.3975062,0.40311927,0.055595938,-0.91345716,0.0602071,0.9943793,0.08709121
1356783954622,0.9043424,-0.07684857,0.41983223,0.42339623,0.03740856,-0.905172,0.05385582,0.99634075,0.06636754
1356783954662,0.89163786,-0.07018609,0.44727603,0.44982803,0.025287867,-0.8927571,0.051348478,0.9972133,0.054119293
1356783954702,0.87485635,-0.07009219,0.4792843,0.4814642,0.017383039,-0.8762933,0.053089917,0.99738896,0.04895455
1356783954742,0.8544105,-0.074692875,0.514202,0.51641774,0.012736894,-0.85624206,0.05740586,0.99712527,0.04945526
1356783954782,0.83164907,-0.08007716,0.5494974,0.55199254,0.011347376,-0.8337718,0.060530737,0.9967241,0.053639024
1356783954827,0.8089745,-0.08141938,0.58217794,0.58500504,0.01429683,-0.81090355,0.05769998,0.9965774,0.059196524
1356783954862,0.78802073,-0.07836497,0.6106409,0.61360884,0.019296318,-0.78937435,0.050076157,0.99673796,0.06329134
1356783954928,0.7724388,-0.070239216,0.6311931,0.63400257,0.027171746,-0.7728534,0.03713399,0.9971601,0.065520346
1356783954943,0.7643148,-0.05970025,0.6420738,0.64446664,0.036690027,-0.7637517,0.02203846,0.99754184,0.066517554
1356783954983,0.7653401,-0.048252523,0.6418147,0.6435904,0.04688157,-0.7639328,0.006772399,0.9977343,0.066935204
1356783955023,0.77655095,-0.036251903,0.6290107,0.63000333,0.05739688,-0.77446854,-0.008027345,0.99769306,0.06741041
1356783955062,0.7971543,-0.024193913,0.6032907,0.60337424,0.06834823,-0.7945238,-0.02201119,0.99736816,0.06908208
1356783955102,0.8242684,-0.01477921,0.5660063,0.5652094,0.080563776,-0.8210041,-0.033465773,0.9966398,0.074759535
1356783955142,0.85326314,-0.014736563,0.52127236,0.52009153,0.09695915,-0.8485893,-0.038036883,0.9951793,0.09039602
1356783955182,0.87900066,-0.03351578,0.47564107,0.47591916,0.12297258,-0.87084943,-0.029303595,0.991844,0.12404379
1356783955222,0.896471,-0.078166485,0.43615344,0.44309616,0.16340974,-0.8814552,-0.00237149,0.98345685,0.18112734
1356783955263,0.9019116,-0.14536977,0.4067225,0.43009102,0.2156817,-0.87664306,0.039714783,0.96558225,0.25704804
1356783955303,0.89550763,-0.21886024,0.38751292,0.437012,0.26773298,-0.8586848,0.084181964,0.93830657,0.33540148
1356783955343,0.8836354,-0.27803782,0.3766742,0.4532642,0.30661666,-0.83698136,0.11721787,0.91031927,0.39696193
1356783955383,0.87482864,-0.31018007,0.37210637,0.4656607,0.32668665,-0.8224572,0.13354766,0.8927845,0.4302335
1356783955423,0.8735659,-0.31397447,0.3718906,0.46734545,0.3277555,-0.82107526,0.13590746,0.8910647,0.43305057
1356783955462,0.8791359,-0.29507524,0.37423342,0.45875174,0.3112526,-0.83226717,0.12910034,0.9033562,0.40899962
1356783955502,0.88817817,-0.26152635,0.3778141,0.4444018,0.27986628,-0.85098886,0.11681853,0.92373097,0.3647939
1356783955542,0.89726406,-0.22117253,0.38209927,0.42957878,0.23765129,-0.87119687,0.101878434,0.94583535,0.308247
1356783955583,0.90390396,-0.18083647,0.38762856,0.4187986,0.1898829,-0.8880047,0.08697955,0.9650093,0.24736995
1356783955622,0.90701836,-0.14471243,0.39544407,0.41455585,0.14206225,-0.89886695,0.07389954,0.9792225,0.18884444
1356783955662,0.90626454,-0.11449316,0.40691018,0.41798833,0.099232465,-0.90301645,0.0630105,0.98845553,0.13778767
1356783955702,0.90151787,-0.0902635,0.42322338,0.42937046,0.064734966,-0.9008054,0.05391249,0.9938118,0.0971162
1356783955742,0.8923199,-0.07205218,0.44561604,0.44899225,0.0397695,-0.8926502,0.046595454,0.9966077,0.06783798
1356783955782,0.8778441,-0.060299337,0.4751355,0.47712427,0.023645103,-0.8785176,0.041739404,0.99790025,0.049526986
1356783955822,0.85710394,-0.055620834,0.51213187,0.5135624,0.014429472,-0.85793096,0.040329024,0.9983477,0.040932324
1356783955862,0.8292657,-0.05832286,0.5558027,0.55717856,0.009320706,-0.8303404,0.043247372,0.9982542,0.040225595
1356783955929,0.79456735,-0.0670895,0.60345817,0.6051091,0.0055567324,-0.79612315,0.050058275,0.99773145,0.04501167
1356783955943,0.7556013,-0.077454835,0.65043634,0.65252614,0.002235055,-0.75776285,0.05723864,0.99699336,0.052230127
1356783955983,0.7176105,-0.08345798,0.6914261,0.6939181,0.0011927933,-0.7200529,0.05926943,0.99651057,0.058768965
1356783956023,0.68615544,-0.081650764,0.7228582,0.7255558,0.0050581396,-0.68814486,0.052531213,0.99664825,0.06271282
1356783956082,0.6651758,-0.0731937,0.74309075,0.7457223,0.014552057,-0.66609806,0.03794068,0.99721164,0.06426185
1356783956102,0.65723115,-0.06136757,0.75118655,0.75344175,0.027964488,-0.6569197,0.019307017,0.99772346,0.064616024
1356783956143,0.66437894,-0.048360914,0.7458297,0.7473959,0.04288256,-0.6629936,7.984042E-5,0.997909,0.06463499
1356783956180,0.68766284,-0.034703583,0.7252003,0.72580624,0.057667017,-0.6854779,-0.018031627,0.9977326,0.064843535
1356783956223,0.7254182,-0.02052921,0.6880022,0.68744355,0.071700186,-0.7226898,-0.034493655,0.997215,0.06612529
1356783956262,0.7732637,-0.007849693,0.634036,0.632277,0.084992856,-0.77006626,-0.047843754,0.99635065,0.07068507
1356783956302,0.82218546,-0.003145069,0.569211,0.56663704,0.09967291,-0.81791675,-0.054162532,0.99501526,0.08373172
1356783956342,0.8640454,-0.016161025,0.5031545,0.50119525,0.121351875,-0.856783,-0.047212273,0.99247795,0.112953335
1356783956382,0.89260495,-0.054858238,0.44748956,0.4503093,0.15661216,-0.8790302,-0.021860257,0.9861355,0.16449597
1356783956422,0.90531415,-0.11744529,0.4081825,0.4242772,0.2050747,-0.88200516,0.019879475,0.97167426,0.23548639
1356783956462,0.9035454,-0.19012246,0.38400412,0.42324987,0.25624225,-0.86902213,0.066822544,0.94773066,0.3119958
1356783956502,0.8942388,-0.25265855,0.36945963,0.43513244,0.29734626,-0.84984994,0.10486443,0.92073274,0.37583855
1356783956542,0.88707215,-0.28965116,0.35945126,0.4439792,0.32205045,-0.83616143,0.12643367,0.90132445,0.41428107
1356783956582,0.8877295,-0.29717955,0.35159725,0.44094118,0.32936972,-0.83491707,0.13231477,0.89621425,0.4234299
1356783956622,0.8953709,-0.2805612,0.34582707,0.4268623,0.31945074,-0.84601414,0.12688401,0.9051169,0.4057879
1356783956662,0.9056243,-0.24896616,0.34330824,0.40828985,0.29301685,-0.8645465,0.11464769,0.92312354,0.3670135
1356783956702,0.9143101,-0.21131408,0.34551886,0.3925624,0.25245497,-0.8843988,0.09965798,0.9442525,0.3137761
1356783956742,0.9188541,-0.17452893,0.35390213,0.38525143,0.2027401,-0.90026546,0.08537218,0.9635539,0.2535261
1356783956782,0.9185027,-0.14205998,0.3690146,0.38850075,0.15046424,-0.9090807,0.0736205,0.97835547,0.19339222
1356783956823,0.91327894,-0.11468488,0.39085662,0.40220553,0.10210073,-0.90983856,0.06443797,0.98814106,0.13937333
1356783956862,0.9031633,-0.09215738,0.41928875,0.42549264,0.06242314,-0.90280646,0.057026938,0.9937859,0.09559056
1356783956928,0.8876369,-0.07463424,0.4544562,0.45770591,0.033580907,-0.8884693,0.051049173,0.9966454,0.06396818
1356783956943,0.86572814,-0.062903404,0.496546,0.49829918,0.015084177,-0.86687386,0.04703936,0.9979056,0.04440352
1356783956985,0.8363105,-0.057912618,0.54518884,0.5463351,0.004858911,-0.83755267,0.045855805,0.99830985,0.03570324
