1356783641363,0.2883179,-0.49139088,-0.821832,-0.39961022,0.71821594,-0.56962925,0.8701635,0.49264675,0.010709703
1356783641402,0.49151582,-0.86929953,0.052253306,0.035068423,-0.040195823,-0.9985762,0.87016225,0.49264842,0.010728076
1356783641443,0.49152794,-0.8692936,0.052238613,0.035188705,-0.040110677,-0.9985754,0.87015057,0.49266595,0.010873824
1356783641484,0.4915688,-0.8692728,0.052199244,0.03564897,-0.03980416,-0.99857134,0.8701087,0.49272734,0.011422217
1356783641522,0.49162525,-0.8692433,0.052160054,0.036653757,-0.03918928,-0.99855936,0.8700352,0.49282885,0.012594581
1356783641562,0.49162722,-0.8692434,0.052140653,0.038398147,-0.038178682,-0.99853295,0.8699588,0.49290806,0.014607653
1356783641603,0.49147594,-0.86933684,0.052007765,0.04078549,-0.036676645,-0.9984945,0.86993563,0.4928572,0.017430678
1356783641642,0.49115664,-0.86948925,0.05247438,0.04374188,-0.035546005,-0.9984103,0.8699723,0.4926712,0.020574465
1356783641682,0.49093658,-0.8698385,0.04860407,0.04439369,-0.030739784,-0.9985411,0.8700635,0.49237803,0.02352409
1356783641724,0.4906353,-0.8702488,0.044091135,0.043927908,-0.0258331,-0.9987006,0.870257,0.49193463,0.025553599
1356783641763,0.49019372,-0.87077284,0.03827241,0.04161194,-0.020479918,-0.99892396,0.87061965,0.49125892,0.026195422
1356783641802,0.4897452,-0.8713075,0.031190217,0.0375233,-0.014676869,-0.999188,0.87105775,0.4905179,0.025506392
1356783641844,0.48956293,-0.87165415,0.023392022,0.03227693,-0.008693099,-0.99944115,0.8713704,0.49004436,0.0238785
1356783641883,0.48991758,-0.87163734,0.01513499,0.026706785,-0.0023465753,-0.99964046,0.8713595,0.49014556,0.022129044
1356783641922,0.49097317,-0.87114936,0.0066367686,0.021596372,0.0045550466,-0.99975634,0.87090695,0.49099684,0.02105011
1356783641963,0.49310338,-0.8699673,-0.0024568439,0.016887546,0.012395382,-0.9997806,0.8698068,0.49295372,0.020803794
1356783642002,0.49623483,-0.86810386,-0.0121073425,0.011930585,0.020762801,-0.9997132,0.86810637,0.49594805,0.020660222
1356783642042,0.50027,-0.86558247,-0.022294044,0.005828172,0.029113159,-0.99955916,0.8658499,0.49991953,0.019609183
1356783642082,0.5044693,-0.8628371,-0.031982213,-0.0016938448,0.03605187,-0.99934846,0.863428,0.5041948,0.01672557
1356783642122,0.5077902,-0.86056674,-0.039673597,-0.010484815,0.039875776,-0.9991496,0.86141694,0.5077743,0.011225641
1356783642162,0.5089788,-0.8596736,-0.043610036,-0.020243704,0.038694695,-0.999046,0.860541,0.5093761,0.0022917986
1356783642202,0.5068725,-0.8609786,-0.042379826,-0.03086704,0.031003848,-0.99904245,0.8614682,0.50769526,-0.01086086
1356783642242,0.5009995,-0.86470234,-0.035909116,-0.04313156,0.01649344,-0.99893326,0.86437213,0.50201386,-0.029032767
1356783642290,0.4919809,-0.87021947,-0.025939524,-0.058567733,-0.0033547282,-0.9982778,0.86863375,0.49265286,-0.052617252
1356783642324,0.4813124,-0.8764156,-0.015301287,-0.0780597,-0.02546905,-0.9966233,0.8730665,0.48088157,-0.08067131
1356783642364,0.47061813,-0.88231426,-0.0063251257,-0.10109997,-0.046801552,-0.9937748,0.8765257,0.4683279,-0.1112276
1356783642404,0.46143633,-0.88717306,-7.08729E-4,-0.12648693,-0.064997554,-0.9898366,0.8781102,0.45683625,-0.14220801
1356783642443,0.4551174,-0.8904314,2.501011E-4,-0.15320101,-0.07858081,-0.9850657,0.8771531,0.4482822,-0.1721785
1356783642474,0.45147276,-0.892282,-0.0022754967,-0.17826214,-0.087696895,-0.98006725,0.8742968,0.44287932,-0.19865286
1356783642514,0.45213366,-0.8918821,-0.011022687,-0.20560676,-0.09218992,-0.97428274,0.8679292,0.44277236,-0.22505918
1356783642544,0.45489448,-0.8902813,-0.021685481,-0.23185733,-0.09488763,-0.9681108,0.85983324,0.4454162,-0.24958208
1356783642584,0.46106082,-0.886523,-0.038726926,-0.26240155,-0.09451854,-0.96031845,0.8476841,0.4529272,-0.2762038
1356783642614,0.46818495,-0.88190615,-0.055176705,-0.29178503,-0.095357835,-0.9517187,0.83406496,0.46168008,-0.3019721
1356783642654,0.47661757,-0.875854,-0.075600564,-0.32541642,-0.09588587,-0.9406966,0.81666386,0.47295415,-0.33071816
1356783642683,0.4850552,-0.86963606,-0.091949046,-0.3560013,-0.100331545,-0.9290838,0.7987394,0.48339093,-0.3582579
1356783642724,0.4927624,-0.86364055,-0.10634899,-0.38698635,-0.10803663,-0.91573447,0.77937585,0.4923951,-0.38745347
1356783642763,0.5001329,-0.8587444,-0.111468166,-0.41288066,-0.123327374,-0.9023968,0.7611811,0.4973414,-0.41623902
1356783642794,0.5073771,-0.85504436,-0.10708663,-0.43066287,-0.14396799,-0.89095604,0.74639,0.49816895,-0.44128197
1356783642833,0.512913,-0.8537253,-0.0898515,-0.43960297,-0.17131475,-0.88170314,0.73733944,0.49173594,-0.46316978
1356783642873,0.5181825,-0.8531367,-0.06037125,-0.43789,-0.2040087,-0.8755758,0.73466957,0.48014402,-0.47929373
1356783642914,0.5228238,-0.85207933,-0.024822563,-0.42624694,-0.23609972,-0.8732528,0.7382201,0.46713787,-0.48663476
1356783642954,0.52622193,-0.8502758,0.011019617,-0.40536648,-0.26222438,-0.87573755,0.74750817,0.45636535,-0.48266158
1356783642993,0.52780855,-0.84825814,0.0433169,-0.37568176,-0.27889037,-0.8837893,0.7617621,0.45019817,-0.46587577
1356783643034,0.52751094,-0.84674066,0.069010496,-0.3377493,-0.28356236,-0.8975064,0.77952397,0.45013624,-0.4355683
1356783643074,0.5260487,-0.84621304,0.08482984,-0.29280537,-0.2738598,-0.91611445,0.79845953,0.45708224,-0.39183936
1356783643114,0.52476937,-0.8466948,0.087892234,-0.24317887,-0.24806066,-0.937726,0.8157703,0.47071636,-0.33607295
1356783643153,0.5252001,-0.8475177,0.07667157,-0.19278368,-0.20625237,-0.95931983,0.8288542,0.48905385,-0.27171132
1356783643194,0.528573,-0.8473089,0.051751494,-0.14644793,-0.15106823,-0.9776151,0.83616006,0.50916207,-0.20393723
1356783643234,0.53527707,-0.84451365,0.016588926,-0.108205765,-0.08803512,-0.99022293,0.8377172,0.52824867,-0.13850445
1356783643290,0.54449886,-0.83846766,-0.022203773,-0.07916087,-0.025016889,-0.9965479,0.8350177,0.5443768,-0.07999548
1356783643314,0.5543281,-0.8304038,-0.05612293,-0.05716327,0.029286757,-0.9979352,0.8303329,0.5563917,-0.031234145
1356783643354,0.56274587,-0.82286704,-0.07878357,-0.039153636,0.06866668,-0.996871,0.82570213,0.5640696,0.006423682
1356783643394,0.5688408,-0.817571,-0.08943048,-0.024407685,0.091907784,-0.9954684,0.8220854,0.5684458,0.03232588
1356783643434,0.5733948,-0.8140191,-0.09268969,-0.015038133,0.1026593,-0.994603,0.8191412,0.5716941,0.046622947
1356783643474,0.5781247,-0.8104419,-0.09463501,-0.013116419,0.106735945,-0.9942009,0.81584305,0.5760134,0.051076576
1356783643514,0.58427763,-0.805445,-0.099387884,-0.019390166,0.1085764,-0.993899,0.81132215,0.58264005,0.04782106
1356783643554,0.59147024,-0.7992016,-0.10695669,-0.03174475,0.1094639,-0.9934836,0.8057016,0.5910112,0.039374217
1356783643594,0.5977942,-0.79346466,-0.114263,-0.046270996,0.10814494,-0.9930578,0.8003132,0.59893125,0.02793403
1356783643634,0.60102355,-0.7905562,-0.11743775,-0.05841437,0.103094384,-0.9929549,0.79709375,0.6036493,0.015782282
1356783643674,0.5999844,-0.7918244,-0.11416155,-0.06481689,0.09411749,-0.99344885,0.7973817,0.6034534,0.0051454157
1356783643712,0.5948948,-0.7970489,-0.10398641,-0.06453559,0.081588924,-0.9945744,0.8012086,0.59837806,-0.0029011816
1356783643752,0.58683956,-0.8049994,-0.08715096,-0.05866635,0.06507841,-0.9961541,0.8075751,0.5896954,-0.009035781
1356783643793,0.5770864,-0.81422126,-0.06336424,-0.048773527,0.043088198,-0.9978801,0.81522536,0.5789535,-0.014846846
1356783643832,0.5664395,-0.823524,-0.030895203,-0.03546375,0.013096213,-0.99928516,0.82333994,0.56713027,-0.021787062
1356783643872,0.555157,-0.8316325,0.013716459,-0.018116325,-0.028577551,-0.9994274,0.8315482,0.55459064,-0.03093116
1356783643912,0.5434474,-0.83610713,0.074765444,0.0039862096,-0.08649415,-0.99624443,0.8394338,0.5417044,-0.04367213
1356783643952,0.532621,-0.83223134,0.15396705,0.0287323,-0.16403332,-0.98603624,0.84586596,0.5296075,-0.06345567
1356783644011,0.5271824,-0.81368136,0.24495164,0.04927215,-0.25850683,-0.964752,0.8483225,0.5206695,-0.09618844
1356783644032,0.53544813,-0.7783727,0.32776695,0.053960323,-0.35576636,-0.9330158,0.8428425,0.51726794,-0.14849317
1356783644073,0.56318927,-0.7331781,0.38114008,0.035384,-0.43942484,-0.8975822,0.82557,0.5189949,-0.22153658
1356783644110,0.60397303,-0.6872065,0.40368778,7.466972E-4,-0.50601804,-0.8625226,0.7970044,0.5212418,-0.3051081
1356783644153,0.64425415,-0.64399064,0.41256827,-0.03232196,-0.5618818,-0.8265858,0.76412815,0.51919633,-0.3828097
1356783644192,0.6734578,-0.6007779,0.43072093,-0.042857707,-0.613417,-0.78859544,0.7379823,0.51262605,-0.43885845
1356783644232,0.6875576,-0.5540236,0.46938515,-0.021080583,-0.66137767,-0.7497568,0.72582376,0.50560606,-0.46641436
1356783644291,0.6840701,-0.49938223,0.53166294,0.034798235,-0.7057154,-0.70764035,0.7285857,0.50257653,-0.46538118
1356783644314,0.6584565,-0.4315927,0.61657345,0.121802464,-0.74732834,-0.6531956,0.74269724,0.5052011,-0.43951416
1356783644354,0.60226524,-0.34329855,0.7207098,0.23416364,-0.78712535,-0.5706147,0.76318014,0.5124254,-0.3936702
1356783644394,0.5067024,-0.2298055,0.8309285,0.3570231,-0.8213549,-0.4448715,0.7847211,0.5220781,-0.33413666
1356783644434,0.3715794,-0.096733674,0.9233479,0.465899,-0.8408296,-0.2755787,0.80303603,0.5325862,-0.26736686
1356783644474,0.21947253,0.030982673,0.9751266,0.5355678,-0.8392584,-0.09387492,0.8154746,0.54284936,-0.20078748
1356783644514,0.082745254,0.12716942,0.9884236,0.5639167,-0.8237376,0.05877316,0.8216759,0.55252534,-0.13987333
1356783644554,-0.010740459,0.17187895,0.98505956,0.56839085,-0.8094414,0.14743342,0.82268864,0.5614823,-0.08900072
1356783644594,-0.044242322,0.15182747,0.98741627,0.5703733,-0.8076216,0.14973807,0.8201932,0.5698207,-0.05086723
1356783644634,-0.0043848753,0.050909817,0.99869365,0.578654,-0.81438243,0.044054955,0.81556135,0.57809126,-0.025888212
1356783644674,0.124495625,-0.15052922,0.98073536,0.5737537,-0.7954929,-0.19493002,0.80951065,0.5869685,-0.012668636
1356783644714,0.32054967,-0.41815743,0.8499366,0.50351596,-0.684795,-0.5268087,0.8023213,0.59682506,-0.008961856
1356783644754,0.4888384,-0.6264898,0.6070812,0.36106336,-0.4881964,-0.7945423,0.7941475,0.6075976,-0.012446642
1356783644794,0.5786451,-0.72291505,0.377576,0.21851826,-0.3086064,-0.92574936,0.7857605,0.6181876,-0.020603418
1356783644835,0.61559784,-0.75516474,0.22531202,0.11811617,-0.19426176,-0.9738126,0.7791585,0.6260898,-0.030389965
1356783644872,0.6269505,-0.7659354,0.14239416,0.060397,-0.1344411,-0.9890793,0.77671444,0.6287039,-0.03802772
1356783644912,0.6253931,-0.7727947,0.1080361,0.035342634,-0.11025746,-0.99327445,0.77950907,0.62500525,-0.041641608
1356783644952,0.61688733,-0.78019047,0.10369596,0.031260043,-0.10736063,-0.9937286,0.7864305,0.6162601,-0.041840658
1356783644992,0.60429716,-0.78762925,0.12027115,0.040832013,-0.12013815,-0.99191713,0.79571205,0.6043236,-0.040438652
1356783645033,0.5889258,-0.79300374,0.15592134,0.061009586,-0.1487543,-0.98699033,0.805881,0.5907767,-0.039224386
1356783645072,0.5702774,-0.79298335,0.2143853,0.0920679,-0.19763768,-0.975942,0.81627643,0.5762956,-0.03969997
1356783645112,0.5470862,-0.78116524,0.30079502,0.13452676,-0.27261943,-0.9526705,0.82619566,0.56165785,-0.04405868
1356783645152,0.5201487,-0.7484515,0.4114192,0.18304178,-0.37283027,-0.9096666,0.83423084,0.54846877,-0.05692929
1356783645192,0.49942663,-0.6923911,0.5207374,0.22128598,-0.47917947,-0.84936416,0.83761895,0.53942704,-0.08609852
1356783645232,0.5055913,-0.6313108,0.5880681,0.22785173,-0.55970204,-0.79675424,0.8321425,0.53682435,-0.13913518
1356783645289,0.54825115,-0.59019053,0.59253335,0.19209908,-0.6006913,-0.77605915,0.81395245,0.53930044,-0.21595469
1356783645314,0.6074381,-0.5706111,0.55265,0.12565716,-0.61792976,-0.7761269,0.78436553,0.5408935,-0.3036527
1356783645354,0.6558113,-0.5572479,0.5092999,0.060248807,-0.6338508,-0.7711053,0.75251687,0.5363842,-0.382113
1356783645394,0.68344146,-0.53939605,0.49189395,0.023979485,-0.6568707,-0.7536218,0.72961134,0.5268518,-0.43599826
1356783645434,0.69219136,-0.51477987,0.50583863,0.025094047,-0.68329465,-0.72971135,0.7212776,0.5177935,-0.4600528
1356783645472,0.68430793,-0.48401484,0.54539186,0.059583694,-0.70832247,-0.7033698,0.7267547,0.51381797,-0.45587128
1356783645512,0.6597175,-0.44746652,0.60377693,0.120182246,-0.73025626,-0.6725192,0.7418417,0.51623595,-0.4279853
1356783645552,0.6166304,-0.40424466,0.6755392,0.1996877,-0.7497193,-0.6309087,0.76150626,0.52393436,-0.38157701
1356783645592,0.5549215,-0.3566917,0.7515538,0.2868354,-0.76597893,-0.57532746,0.7808889,0.53483385,-0.32274643
1356783645632,0.48207873,-0.31621557,0.8170727,0.36521894,-0.77517325,-0.5154818,0.7963763,0.54691327,-0.2582066
1356783645672,0.42262518,-0.31433696,0.8500472,0.4137944,-0.7675352,-0.4895547,0.8063263,0.5586429,-0.19430885
1356783645712,0.4334671,-0.42709538,0.7935338,0.39322594,-0.7026656,-0.5929877,0.8108512,0.56907874,-0.13663745
1356783645752,0.54994285,-0.7014077,0.45342052,0.19946292,-0.41688025,-0.88680637,0.8110348,0.57813334,-0.0893555
1356783645792,0.58387256,-0.80975807,-0.058179468,-0.078318626,0.015147656,-0.9968133,0.80805886,0.5865685,-0.054574862
1356783645832,0.56153655,-0.7732662,-0.2945099,-0.20031932,0.21829528,-0.9551017,0.80283797,0.5953206,-0.032319367
1356783645872,0.55400085,-0.742269,-0.37698764,-0.24393757,0.2882218,-0.9259711,0.79597574,0.60495025,-0.021392167
1356783645912,0.55542743,-0.72411716,-0.40884545,-0.2661262,0.31101432,-0.9123853,0.7878307,0.61556834,-0.019960672
1356783645952,0.55927056,-0.7125764,-0.42361695,-0.2837984,0.31555158,-0.9054754,0.7788934,0.62662756,-0.025749326
1356783645992,0.5625929,-0.7055975,-0.43083805,-0.29903498,0.31217104,-0.9017357,0.7707576,0.6361458,-0.03537312
1356783646032,0.5637228,-0.70339996,-0.43294948,-0.3091076,0.30642256,-0.9003098,0.76594335,0.64135313,-0.04468888
1356783646072,0.5616618,-0.7059654,-0.43144977,-0.31223533,0.30205327,-0.9007069,0.76618874,0.6406065,-0.050775528
1356783646112,0.55627024,-0.71224844,-0.42809543,-0.3095403,0.3004882,-0.90215945,0.7711992,0.6343572,-0.05331695
1356783646152,0.5481924,-0.72071606,-0.42432702,-0.3034827,0.30135754,-0.9039258,0.779348,0.6243012,-0.053522915
1356783646192,0.53843313,-0.7303259,-0.42037338,-0.29578882,0.30331635,-0.90581906,0.7890492,0.6120647,-0.05270666
1356783646232,0.52795184,-0.7412104,-0.41457683,-0.2866668,0.30397326,-0.9085276,0.79943043,0.5985043,-0.051997215
1356783646293,0.5176077,-0.7546945,-0.40313563,-0.27560002,0.2989929,-0.9135906,0.8100165,0.58398575,-0.05323279
1356783646314,0.5085717,-0.7727274,-0.3797992,-0.26304868,0.28057417,-0.9230837,0.81985384,0.56935984,-0.060572833
1356783646353,0.5030088,-0.7963271,-0.33592457,-0.25185832,0.23675033,-0.93835855,0.8267706,0.55660796,-0.081474096
1356783646394,0.50447994,-0.8214735,-0.2658594,-0.24777827,0.15722424,-0.95597404,0.82710695,0.5481439,-0.12422678
1356783646432,0.51614904,-0.83776903,-0.17813838,-0.25757232,0.04653123,-0.9651379,0.8168517,0.5440385,-0.1917691
1356783646472,0.5375928,-0.83820784,-0.0916599,-0.27892947,-0.07419585,-0.9574411,0.7957338,0.5402801,-0.27368805
1356783646512,0.5648301,-0.82508135,-0.014416814,-0.29726365,-0.18713957,-0.93627626,0.769806,0.5331226,-0.35096872
1356783646552,0.59400713,-0.802196,0.060307205,-0.29415676,-0.2863666,-0.91184753,0.7487505,0.52390414,-0.4060752
1356783646592,0.62221336,-0.7698523,0.14204913,-0.25876436,-0.37350637,-0.8908053,0.73884475,0.5175137,-0.431611
1356783646632,0.64642745,-0.722623,0.24484178,-0.18287489,-0.45829505,-0.8697829,0.74073493,0.5174762,-0.4284041
1356783646672,0.6580194,-0.6390219,0.3983233,-0.047498614,-0.5631522,-0.82498693,0.7515013,0.5239376,-0.40091774
1356783646712,0.6127962,-0.4440273,0.6536976,0.19181053,-0.71889997,-0.6681254,0.7666091,0.5348108,-0.35537
1356783646752,0.34193254,0.024022356,0.9394174,0.5217515,-0.8362865,-0.16852388,0.7815737,0.5477662,-0.29848725
1356783646792,-0.09892887,0.50296855,0.85862434,0.6008582,-0.65760803,0.45444602,0.79321027,0.5608693,-0.23715633
1356783646850,-0.3370754,0.67464477,0.6566846,0.4958034,-0.46574634,0.7329797,0.8003494,0.57265586,-0.17749953
1356783646872,-0.43911886,0.7205367,0.5366578,0.4021058,-0.37654245,0.8345818,0.80342126,0.5822738,-0.12438512
1356783646913,-0.4855976,0.7282368,0.4835972,0.34456173,-0.34896964,0.87149155,0.8034129,0.58982325,-0.081463754
1356783646950,-0.5049629,0.7187393,0.47793972,0.3215721,-0.35720247,0.8769252,0.8010018,0.5965068,-0.05075246
1356783646993,-0.5041445,0.6925974,0.5158945,0.33428356,-0.39430124,0.8560263,0.7962994,0.60401607,-0.032739043
1356783647032,-0.46388936,0.6242806,0.6285542,0.40200916,-0.48391163,0.77731466,0.78942716,0.61327255,-0.026484966
1356783647072,-0.22364032,0.32412243,0.9192006,0.58352095,-0.71087426,0.39263368,0.7806974,0.6241815,-0.030152142
1356783647112,0.49371654,-0.5582691,0.66676795,0.40096217,-0.5342303,-0.74419576,0.77166915,0.63477045,-0.039913535
1356783647152,0.6269443,-0.72529423,0.28441018,0.14585441,-0.24933764,-0.9573699,0.765289,0.64170015,-0.050533444
1356783647192,0.637668,-0.7385129,0.21903932,0.09811047,-0.20417213,-0.97400624,0.76403785,0.6425827,-0.057738192
1356783647232,0.628586,-0.7327357,0.26072606,0.12204027,-0.23815459,-0.9635292,0.7681054,0.63748,-0.060277373
1356783647293,0.6038729,-0.7121494,0.35802338,0.18256715,-0.3136514,-0.9318218,0.7758908,0.6280652,-0.059390515
1356783647314,0.55737096,-0.6651461,0.4969087,0.26819426,-0.42217267,-0.86593425,0.7857541,0.6159147,-0.056918416
1356783647353,0.4778226,-0.57295537,0.66588855,0.3694582,-0.55664736,-0.7440728,0.7969856,0.60155284,-0.05429563
1356783647392,0.35983735,-0.42243257,0.83190614,0.46424106,-0.69235814,-0.5523771,0.8093191,0.58497095,-0.053025782
1356783647432,0.22723234,-0.23567678,0.94489247,0.52231646,-0.7894144,-0.32250637,0.821919,0.5668168,-0.05628261
1356783647472,0.12674004,-0.06456463,0.98983246,0.53926116,-0.83305055,-0.123386085,0.8325469,0.5494162,-0.07076368
1356783647512,0.08574754,0.062155947,0.9943762,0.5398418,-0.84174466,0.0060634315,0.8373877,0.5362859,-0.105731905
1356783647552,0.10361582,0.14848974,0.9834706,0.5449239,-0.83566135,0.068760976,0.8320587,0.5287919,-0.16750336
1356783647592,0.15929675,0.21237075,0.96411777,0.5575801,-0.825267,0.08965905,0.8146956,0.5232906,-0.24987607
1356783647632,0.21857595,0.2708055,0.93749076,0.57325184,-0.8131031,0.101220965,0.7896878,0.5152939,-0.33296454
1356783647672,0.2468105,0.335165,0.9092574,0.5922129,-0.79485565,0.13224354,0.7670518,0.50583494,-0.39466774
1356783647712,0.22828686,0.40608832,0.8848601,0.61479586,-0.76485753,0.19240318,0.7549246,0.5000852,-0.42426836
1356783647752,0.16576564,0.47666863,0.8633126,0.63438034,-0.7217938,0.27672243,0.7550386,0.5017975,-0.4220378
1356783647792,0.07236719,0.53796166,0.8398573,0.6408995,-0.670285,0.37412015,0.764206,0.5111901,-0.393286
1356783647832,-0.034342706,0.58334064,0.8115013,0.6282675,-0.6188741,0.47146046,0.77723914,0.5260311,-0.3452402
1356783647872,-0.13827318,0.6109509,0.7794996,0.5982942,-0.5756886,0.55733895,0.7892558,0.5434351,-0.28592613
1356783647912,-0.22928154,0.6229891,0.74787337,0.55854374,-0.5450429,0.62526566,0.79715675,0.5610818,-0.22299838
1356783647952,-0.30266523,0.6229607,0.72132766,0.5178547,-0.5278775,0.67318034,0.80013764,0.57729125,-0.16283295
1356783647992,-0.35667485,0.6134459,0.70460427,0.48387587,-0.5238587,0.7010252,0.79915404,0.59097904,-0.10998452
1356783648032,-0.38997388,0.59465337,0.7030703,0.46315575,-0.53324145,0.70791274,0.7958689,0.60169846,-0.067466915
1356783648072,-0.40022194,0.5632194,0.72291505,0.46179393,-0.5574239,0.6899456,0.7915609,0.60996914,-0.036998004
1356783648112,-0.38108218,0.5098127,0.7712765,0.4856058,-0.59951586,0.6362136,0.7867422,0.616986,-0.01910314
1356783648152,-0.31575233,0.4131686,0.85416174,0.5384977,-0.6631622,0.5198426,0.78123033,0.6241056,-0.013095379
1356783648192,-0.16777527,0.23072207,0.958446,0.61002,-0.73944086,0.28478557,0.7744205,0.6324512,-0.016685173
1356783648232,0.09631777,-0.07506803,0.9925158,0.6348597,-0.7633543,-0.11934495,0.76660025,0.64160335,-0.025866866
1356783648294,0.37142485,-0.38891718,0.8430819,0.53314364,-0.654073,-0.5366064,0.7601325,0.6487927,-0.03559023
1356783648314,0.51618075,-0.5594407,0.6485241,0.3989381,-0.512995,-0.7600556,0.75789565,0.65104705,-0.041615963
1356783648354,0.56508607,-0.6286812,0.5342637,0.31924212,-0.43050486,-0.8442452,0.7607642,0.6476307,-0.0425708
1356783648394,0.5723016,-0.6552904,0.4930166,0.289374,-0.4011542,-0.8691019,0.76728976,0.6400546,-0.03995719
1356783648434,0.55839694,-0.65912735,0.50373006,0.2936275,-0.41087112,-0.8631152,0.7758709,0.62986994,-0.035891294
1356783648474,0.5267575,-0.640689,0.5586091,0.32472253,-0.4556553,-0.8288145,0.7855456,0.61797714,-0.03197366
1356783648512,0.47268635,-0.5909,0.6537621,0.37772933,-0.53440636,-0.75612855,0.79617095,0.60435677,-0.029406339
1356783648552,0.39255142,-0.49762514,0.7734808,0.44057283,-0.6364787,-0.6330801,0.8073406,0.5892911,-0.030610502
1356783648592,0.3038352,-0.3691668,0.8782938,0.4892158,-0.73060274,-0.47632718,0.81752807,0.5744002,-0.041380614
1356783648632,0.24930209,-0.24586894,0.9366947,0.50986236,-0.78900373,-0.34280246,0.8233401,0.5630467,-0.07134098
1356783648672,0.25963855,-0.16123827,0.9521502,0.5104593,-0.8140491,-0.27704746,0.8197677,0.5579661,-0.12905297
1356783648712,0.32600892,-0.11156197,0.9387609,0.49930727,-0.8228904,-0.27118927,0.8027518,0.5571403,-0.2125659
1356783648752,0.40740597,-0.06917122,0.9106238,0.48386195,-0.82932097,-0.27947152,0.77453077,0.5544746,-0.30440098
1356783648793,0.45801884,-0.006883651,0.88891584,0.48359385,-0.83712393,-0.25565702,0.7458926,0.54696995,-0.38008964
1356783648833,0.4536475,0.08392508,0.8872207,0.51310927,-0.8385803,-0.18303539,0.72864455,0.5382747,-0.4234826
1356783648872,0.3934513,0.19095437,0.89929557,0.5625282,-0.8237059,-0.071208194,0.7271575,0.5338961,-0.43150538
1356783648912,0.29181105,0.29108733,0.91110617,0.607127,-0.7924321,0.058720455,0.73908263,0.5360219,-0.40796745
1356783648952,0.17646575,0.3608116,0.9157919,0.627341,-0.75816953,0.17782658,0.7584874,0.5431335,-0.36014283
1356783648992,0.07404262,0.38845903,0.9184864,0.6229438,-0.73723465,0.2615837,0.77875453,0.55279714,-0.29657495
1356783649032,0.0013902187,0.3718619,0.928287,0.60745895,-0.7377001,0.29460508,0.7943499,0.5634867,-0.22691633
1356783649072,-0.033540368,0.31138435,0.94969195,0.59558964,-0.75684273,0.2691876,0.8025883,0.5746554,-0.16007254
1356783649112,-0.023346424,0.20396578,0.9786996,0.5943144,-0.78436816,0.17764322,0.80389386,0.58580256,-0.10290766
1356783649152,0.038104594,0.04794684,0.9981228,0.59815276,-0.8012291,0.015653461,0.8004756,0.5964335,-0.059210002
1356783649192,0.14697385,-0.14405347,0.97859454,0.5894207,-0.7817479,-0.20360108,0.7943437,0.6067279,-0.029988345
1356783649232,0.27989787,-0.33536083,0.8995501,0.5506707,-0.71145004,-0.4365783,0.78639615,0.61755323,-0.014459968
1356783649295,0.40484947,-0.4856363,0.77476084,0.48243535,-0.6063296,-0.63215554,0.7767581,0.6296998,-0.011184126
1356783649314,0.5031526,-0.58169466,0.63911563,0.40051466,-0.4983702,-0.76890516,0.7657842,0.6428518,-0.017779052
1356783649354,0.57167184,-0.634153,0.5206162,0.3216716,-0.41049966,-0.85323936,0.7547971,0.65524036,-0.030682087
1356783649394,0.6134547,-0.6612115,0.43182486,0.2568509,-0.35002202,-0.9008397,0.7467938,0.66353893,-0.04488987
1356783649434,0.6330092,-0.67771506,0.37416792,0.21106483,-0.3139324,-0.9256879,0.74481606,0.6649426,-0.055680275
1356783649474,0.6361321,-0.69166315,0.34196204,0.18314627,-0.29517454,-0.9377257,0.7495288,0.6591465,-0.061094485
1356783649514,0.62898386,-0.70523465,0.3271443,0.16815245,-0.28743246,-0.94292486,0.7590152,0.64809465,-0.062203467
1356783649553,0.61646223,-0.717978,0.32323667,0.16097394,-0.28692776,-0.94433033,0.770754,0.6341766,-0.061304383
1356783649582,0.60322165,-0.7282833,0.32515696,0.15778026,-0.29066044,-0.9437276,0.78181136,0.6205803,-0.060423918
1356783649622,0.5880326,-0.7376069,0.33189428,0.15619451,-0.2990567,-0.9413652,0.7936126,0.60539347,-0.060644954
1356783649681,0.5717423,-0.7444998,0.34471852,0.1558027,-0.31399414,-0.93655396,0.8055038,0.5891756,-0.06352872
1356783649702,0.55737114,-0.74740875,0.36154896,0.15283474,-0.3356596,-0.9295021,0.8160754,0.57333493,-0.07285696
1356783649743,0.5513514,-0.74359745,0.37825188,0.14068407,-0.36402857,-0.9207015,0.8223257,0.56084406,-0.09609535
1356783649780,0.5613878,-0.7303996,0.3890502,0.11260125,-0.39833117,-0.91030383,0.81985646,0.55484104,-0.14137432
1356783649827,0.59082913,-0.707113,0.38847405,0.06525147,-0.43804383,-0.8965823,0.80415374,0.55507547,-0.2126689
1356783649862,0.6287541,-0.67823106,0.38035634,0.010801256,-0.48147398,-0.8763938,0.77752924,0.55514455,-0.295403
1356783649900,0.6624689,-0.6506974,0.371117,-0.036958277,-0.5232124,-0.85140055,0.7481772,0.55031055,-0.3706606
1356783649943,0.6830583,-0.63007706,0.36937007,-0.064893484,-0.55609107,-0.8285841,0.72747517,0.5420016,-0.42073053
1356783649982,0.68923557,-0.61809105,0.3780446,-0.068936706,-0.5753502,-0.81499684,0.7212503,0.5356637,-0.439161
1356783650023,0.68282723,-0.6139951,0.39592552,-0.05035144,-0.5801951,-0.8129196,0.72884274,0.53514826,-0.42708856
1356783650062,0.6665796,-0.6163969,0.41919744,-0.013829917,-0.572483,-0.8197999,0.74530554,0.54066443,-0.39013022
1356783650102,0.643769,-0.624172,0.44268587,0.03413245,-0.55451,-0.8314768,0.7644583,0.55038893,-0.3356718
1356783650142,0.6191242,-0.63687325,0.45943192,0.08518997,-0.52712274,-0.84550834,0.7806586,0.5626137,-0.27209923
1356783650182,0.59855986,-0.6546912,0.4616335,0.12998447,-0.48925313,-0.86240095,0.79046196,0.57620376,-0.20774761
1356783650222,0.58723557,-0.67743534,0.44298506,0.16008973,-0.43927076,-0.8839754,0.7934265,0.5900191,-0.14950499
1356783650295,0.58796424,-0.7030071,0.4000988,0.17098695,-0.37543315,-0.9109409,0.7906083,0.60401237,-0.10053623
1356783650303,0.59787035,-0.73044187,0.3301602,0.15618879,-0.29783222,-0.9417542,0.7862291,0.61461425,-0.063978225
1356783650343,0.6100856,-0.74851984,0.25983387,0.13121891,-0.22795662,-0.9647888,0.7813944,0.6226989,-0.04085309
1356783650382,0.6228034,-0.7597457,0.18682191,0.09553394,-0.16315162,-0.9819648,0.7765238,0.62941885,-0.029029906
1356783650422,0.6342025,-0.76424265,0.117134094,0.054410994,-0.10700716,-0.9927683,0.77125007,0.6359894,-0.026281
1356783650462,0.64360225,-0.76350915,0.053197592,0.011097759,-0.060189575,-0.99812526,0.76527965,0.642986,-0.0302649
1356783650502,0.6498008,-0.7600987,-0.0029749572,-0.030953199,-0.022550493,-0.9992664,0.75947404,0.6494161,-0.0381808
1356783650542,0.6510111,-0.75746703,-0.049276024,-0.067444056,0.006938711,-0.9976989,0.75606596,0.65283644,-0.04656945
1356783650582,0.646349,-0.7582542,-0.085344166,-0.09523198,0.030810878,-0.9949782,0.7570759,0.6512307,-0.052295476
1356783650622,0.63668656,-0.7627884,-0.11306676,-0.11429718,0.05165568,-0.99210274,0.7626051,0.6445817,-0.05429609
1356783650662,0.6238303,-0.76987964,-0.13461447,-0.12662,0.070406884,-0.98944944,0.77123475,0.6342935,-0.053560197
1356783650702,0.6094971,-0.7782118,-0.1513268,-0.13433063,0.08674434,-0.9871326,0.781325,0.6219823,-0.051667273
1356783650742,0.59452254,-0.78747535,-0.16255945,-0.13812798,0.09914249,-0.9854398,0.79212606,0.60832024,-0.04982996
1356783650782,0.57911915,-0.7981188,-0.16621467,-0.1380153,0.10495889,-0.984853,0.8034755,0.59328747,-0.049368918
1356783650822,0.56372905,-0.8104043,-0.15954423,-0.13535285,0.09991053,-0.98574716,0.8147939,0.57728916,-0.05336806
1356783650862,0.54997987,-0.82318187,-0.14104465,-0.13571766,0.07854624,-0.98762906,0.8240769,0.5623183,-0.06852147
1356783650902,0.5409727,-0.8332337,-0.11432463,-0.1500499,0.03813252,-0.9879428,0.8275467,0.5516045,-0.10439798
1356783650942,0.539131,-0.8372886,-0.0910247,-0.1898211,-0.015502214,-0.9816963,0.8205521,0.5465413,-0.16729277
1356783650982,0.5419186,-0.8363899,-0.08231798,-0.25498775,-0.0702977,-0.9643855,0.80081546,0.5436084,-0.25136477
1356783651022,0.54356056,-0.83499384,-0.085598916,-0.32769713,-0.11721725,-0.9374832,0.7727591,0.5376295,-0.33733976
1356783651062,0.5417678,-0.8355319,-0.0915097,-0.38558763,-0.1503157,-0.9103446,0.74686664,0.5284804,-0.40360698
1356783651102,0.5364262,-0.8379562,-0.10038087,-0.42005214,-0.16193366,-0.8929354,0.7319857,0.5211592,-0.43885076
1356783651142,0.51841277,-0.8441144,-0.13681763,-0.44449723,-0.12931699,-0.8863969,0.7305275,0.5203345,-0.44224608
1356783651182,-0.08424455,-0.5443965,-0.8345869,-0.6676817,0.65256745,-0.35826933,0.73966485,0.5270561,-0.41845882
1356783651222,-0.60747385,0.7896609,-0.08608863,0.2490316,0.29223976,0.9233521,0.75429356,0.53947353,-0.37417853
1356783651297,-0.59671235,0.80132115,-0.042646974,0.22277665,0.21648097,0.95052963,0.7709118,0.557692,-0.30769253
1356783651303,-0.5974016,0.80135787,-0.030608714,0.17884114,0.17033643,0.96902084,0.78174627,0.5734205,-0.24507505
1356783651329,-0.6014771,0.79843575,-0.026939064,0.13537747,0.13509941,0.98154014,0.78733623,0.58672696,-0.18934947
1356783651361,-0.60707164,0.7941916,-0.02690062,0.09602526,0.10692078,0.9896197,0.78882384,0.5981869,-0.14117104
1356783651402,-0.61419547,0.7885603,-0.03060624,0.060031563,0.08535838,0.9945402,0.7868674,0.60900474,-0.0997653
1356783651442,-0.62141216,0.78257835,-0.037656784,0.029161215,0.07113212,0.99704057,0.7829409,0.618475,-0.06702334
1356783651482,-0.6283886,0.77624774,-0.050668985,0.002311796,0.06699884,0.9977504,0.77789617,0.62685776,-0.0438959
1356783651522,-0.63510245,0.768896,-0.07378298,-0.023403972,0.0763219,0.9968085,0.77207327,0.63480234,-0.030477047
1356783651562,-0.6413993,0.75896806,-0.11213541,-0.052308083,0.10255951,0.9933506,0.7654219,0.643,-0.026081443
1356783651602,-0.64615685,0.7438427,-0.17081967,-0.08996847,0.14802015,0.9848836,0.7578833,0.65175766,-0.028721869
1356783651642,-0.6459777,0.7215643,-0.249114,-0.13926825,0.20946205,0.9678481,0.75054467,0.6599019,-0.0348168
1356783651682,-0.6369571,0.69470644,-0.3341686,-0.19430947,0.27480257,0.9416621,0.74600905,0.6647304,-0.040049374
1356783651722,-0.61994874,0.6714316,-0.40600878,-0.24163829,0.32892346,0.91291857,0.7465082,0.66407,-0.04167211
1356783651762,-0.6007308,0.6593501,-0.45208412,-0.27112782,0.36394936,0.89108396,0.75207204,0.6578741,-0.03986746
1356783651802,-0.584413,0.6601669,-0.47184864,-0.28140497,0.38051575,0.8809194,0.7610997,0.6476013,-0.036604047
1356783651842,-0.5724721,0.67125386,-0.47084397,-0.27615827,0.38284844,0.88156885,0.7720184,0.63470095,-0.0337978
1356783651882,-0.5636627,0.6887228,-0.45601025,-0.2601943,0.37591594,0.889374,0.78395367,0.6199583,-0.03268802
1356783651922,-0.55605644,0.70822287,-0.43499613,-0.23815444,0.3656575,0.899765,0.79629374,0.6039164,-0.034659743
1356783651962,-0.5493583,0.7243118,-0.41662657,-0.21369669,0.36023664,0.90805465,0.80779886,0.5878791,-0.043115914
1356783652002,-0.5467879,0.7301251,-0.40980503,-0.18814403,0.36979002,0.9098666,0.81585824,0.5746064,-0.06482804
1356783652042,-0.5548726,0.71807754,-0.42009652,-0.16067776,0.40295547,0.90100473,0.8162714,0.56744295,-0.10820985
1356783652082,-0.57894564,0.6827346,-0.44575262,-0.1320264,0.4609801,0.8775343,0.8046061,0.5668957,-0.17674339
1356783652122,-0.61602616,0.6263816,-0.47765887,-0.10777742,0.5336528,0.83880794,0.7803178,0.56820846,-0.26123428
1356783652162,-0.653813,0.5616624,-0.5070149,-0.09520842,0.6036802,0.7915211,0.7506424,0.56577885,-0.341219
1356783652202,-0.6799555,0.50313884,-0.5333965,-0.0982784,0.65834033,0.746277,0.72663736,0.55985653,-0.39819443
1356783652242,-0.68899804,0.45736137,-0.5622298,-0.118183285,0.6944605,0.70975864,0.71506256,0.55546844,-0.42442948
1356783652297,-0.6752324,0.4318444,-0.5979729,-0.15677863,0.7081437,0.6884424,0.72075075,0.558608,-0.4104576
1356783652333,-0.64457405,0.40034992,-0.6513403,-0.21749389,0.7207172,0.65822726,0.73295337,0.5659388,-0.37748188
1356783652374,-0.6007234,0.37563574,-0.7057119,-0.28223288,0.72625524,0.6268157,0.74798137,0.5757179,-0.33026177
1356783652414,-0.54549515,0.35286334,-0.7602122,-0.34841827,0.72948194,0.5886092,0.7622597,0.58595526,-0.2749849
1356783652454,-0.4810372,0.32815078,-0.81297,-0.41241756,0.7335942,0.5401401,0.7736375,0.5951106,-0.21755093
1356783652512,-0.4097923,0.29707298,-0.86244875,-0.47050253,0.74116457,0.4788554,0.78147143,0.6020156,-0.16394997
1356783652533,-0.33436012,0.2581387,-0.9064038,-0.51945996,0.75199664,0.40578622,0.7863617,0.60651916,-0.117344975
1356783652573,-0.25604874,0.20838258,-0.94393635,-0.55856514,0.765076,0.32041183,0.7889513,0.60929096,-0.07950151
1356783652610,-0.17616422,0.1460423,-0.973467,-0.5878862,0.77758706,0.22304311,0.7895291,0.61158,-0.051126778
1356783652652,-0.0966434,0.071550995,-0.99274397,-0.60798645,0.7854574,0.115798324,0.7880435,0.614766,-0.032407224
1356783652692,-0.018602543,-0.013687462,-0.99973327,-0.6200385,0.784571,7.95722E-4,0.7843508,0.6198879,-0.02308178
1356783652732,0.05571332,-0.10469639,-0.99294245,-0.6253049,0.77164346,-0.116447955,0.7783892,0.6273794,-0.022476375
1356783652772,0.12549156,-0.1954207,-0.97265756,-0.62395406,0.74668664,-0.230522,0.77131915,0.6358222,-0.028230667
1356783652812,0.18982837,-0.27961,-0.9411607,-0.61452985,0.71376246,-0.33600035,0.7657143,0.64215374,-0.036336362
1356783652852,0.24782658,-0.3544222,-0.90164673,-0.5956792,0.6782224,-0.43032616,0.76403415,0.64373845,-0.043040395
1356783652892,0.29849038,-0.4203891,-0.856841,-0.56837225,0.64291656,-0.513431,0.7667181,0.64025885,-0.04703307
1356783652932,0.34132624,-0.47912368,-0.8086636,-0.5355296,0.60791004,-0.5862195,0.7724664,0.6331554,-0.049089313
1356783652972,0.37692636,-0.5322504,-0.75804746,-0.49977624,0.57218295,-0.6502541,0.7798399,0.6239521,-0.050335288
1356783653012,0.4062921,-0.5813659,-0.70494,-0.4623124,0.53466284,-0.70739156,0.7881586,0.61331016,-0.051543355
1356783653052,0.4303374,-0.6282702,-0.6481406,-0.42364433,0.4934642,-0.7596173,0.79707915,0.60147285,-0.05380702
1356783653092,0.44975525,-0.67455184,-0.5854059,-0.38566518,0.44451106,-0.8085001,0.8055946,0.58939785,-0.060229957
1356783653132,0.46553746,-0.72031486,-0.51421916,-0.35386884,0.38105705,-0.85415006,0.81120384,0.579605,-0.07750067
1356783653172,0.4800146,-0.76230353,-0.43414205,-0.33726555,0.2964889,-0.89350224,0.80983824,0.57531524,-0.11477971
1356783653212,0.49696362,-0.79411274,-0.34987438,-0.34336203,0.19033366,-0.9197149,0.7969502,0.5771984,-0.17807922
1356783653252,0.5190552,-0.81099755,-0.2699347,-0.3689441,0.07229227,-0.92663586,0.77101356,0.5805659,-0.26168907
1356783653296,0.5448175,-0.8142969,-0.20023614,-0.3988152,-0.04156649,-0.9160888,0.73764515,0.5789584,-0.34740016
1356783653333,0.5703118,-0.8093213,-0.14051154,-0.41519594,-0.13642135,-0.8994451,0.70877135,0.571304,-0.41382962
1356783653373,0.5922526,-0.80088747,-0.08840883,-0.4095527,-0.20472479,-0.8890188,0.6939045,0.56273174,-0.4492544
1356783653414,0.609297,-0.79182035,-0.042164266,-0.38170618,-0.24628013,-0.8908684,0.6950235,0.55889785,-0.45230043
1356783653454,0.6208838,-0.78390205,-8.8596344E-4,-0.33527637,-0.26453125,-0.9042195,0.7085852,0.56171227,-0.42706704
1356783653494,0.6267187,-0.77841985,0.03586477,-0.27532616,-0.26425654,-0.9243181,0.728985,0.56941295,-0.37993383
1356783653532,0.6271712,-0.7759756,0.06721777,-0.20825127,-0.25022107,-0.9455268,0.75052494,0.579009,-0.31852937
1356783653572,0.62371284,-0.77639437,0.09052062,-0.14164653,-0.22615431,-0.9637377,0.7687122,0.58827364,-0.25102895
1356783653612,0.61864144,-0.7789544,0.10253155,-0.0829204,-0.19450599,-0.97739017,0.7812854,0.59615207,-0.18492065
1356783653652,0.614201,-0.7826202,0.101305544,-0.037688524,-0.1573172,-0.98682874,0.78824914,0.6022932,-0.12612022
1356783653692,0.6118862,-0.786113,0.0873014,-0.008538604,-0.1169347,-0.99310285,0.79089963,0.60692054,-0.07826303
1356783653732,0.6123351,-0.7881097,0.06267935,0.004504025,-0.07580212,-0.9971127,0.79058546,0.61084944,-0.042866617
1356783653773,0.6154329,-0.7875848,0.030863762,0.003414929,-0.036493063,-0.99932814,0.7881819,0.6151248,-0.01976949
1356783653812,0.620456,-0.7842287,-0.004455179,-0.00904128,-0.001472488,-0.99995804,0.7841892,0.6204703,-0.008004054
1356783653852,0.62664324,-0.7782521,-0.040519863,-0.030183047,0.02771832,-0.99916,0.7787216,0.6273399,-0.006120518
1356783653892,0.633175,-0.7703194,-0.075481355,-0.05703348,0.050821304,-0.99707794,0.7719045,0.6356298,-0.011755213
1356783653932,0.63839555,-0.76221836,-0.10711795,-0.08512771,0.06839535,-0.9940198,0.7649865,0.6436966,-0.021222621
1356783653972,0.6401879,-0.7565763,-0.13323554,-0.10930979,0.081957884,-0.9906232,0.7604017,0.64874893,-0.030232772
1356783654012,0.63760424,-0.7549771,-0.15320048,-0.12666067,0.093422346,-0.987537,0.7598802,0.6490623,-0.036059454
1356783654052,0.63136804,-0.75711787,-0.1677706,-0.13742962,0.10367891,-0.98507047,0.76320875,0.64499867,-0.03859085
1356783654092,0.62290573,-0.76187855,-0.17756534,-0.14312196,0.112161756,-0.98332894,0.7690933,0.6379348,-0.03917536
1356783654132,0.6133038,-0.76861346,-0.18191132,-0.14455,0.11719891,-0.9825323,0.7765074,0.62888616,-0.039224535
1356783654172,0.60305786,-0.7774482,-0.17859316,-0.14145485,0.11611259,-0.9831116,0.7850553,0.61813605,-0.039951205
1356783654212,0.5924866,-0.7887214,-0.16394547,-0.13343185,0.1046188,-0.9855206,0.7944529,0.60578334,-0.0432553
1356783654252,0.58237344,-0.8019185,-0.1332958,-0.12195358,0.07593121,-0.989627,0.80372167,0.5925884,-0.05357653
1356783654297,0.57502645,-0.8138912,-0.083221555,-0.11253777,0.022067204,-0.99340236,0.81035787,0.58059824,-0.07890424
1356783654333,0.5749204,-0.81801987,-0.01760745,-0.11450273,-0.05912979,-0.99166167,0.8101578,0.5721426,-0.12766044
1356783654373,0.58660513,-0.80847454,0.047573596,-0.13655373,-0.15663846,-0.97817045,0.79827785,0.5673035,-0.20228516
1356783654403,0.60715544,-0.78755665,0.105436265,-0.1623253,-0.25283426,-0.9537952,0.77782565,0.5619869,-0.28135008
1356783654442,0.6324322,-0.7622037,0.13811246,-0.19999745,-0.33292347,-0.9215004,0.7483518,0.5551644,-0.36299032
1356783654482,0.6560888,-0.7364049,0.16509172,-0.22298118,-0.39814454,-0.88980913,0.7209902,0.54698145,-0.4254226
1356783654522,0.67453176,-0.7110311,0.1985991,-0.21759668,-0.44855177,-0.86686385,0.70544916,0.5415127,-0.45728046
1356783654562,0.68623704,-0.68454516,0.24591997,-0.17984179,-0.48727268,-0.85453045,0.70479476,0.54218376,-0.45749438
1356783654602,0.6890682,-0.65293133,0.31442904,-0.10814807,-0.52166647,-0.8462671,0.71658146,0.5491309,-0.43007702
1356783654642,0.6773723,-0.6069226,0.41570625,0.0017629564,-0.5637535,-0.8259412,0.73563826,0.5602025,-0.38080102
1356783654682,0.635427,-0.5253991,0.5658519,0.15764305,-0.62911105,-0.7611622,0.75589764,0.57286566,-0.31692863
1356783654722,0.5195319,-0.35824668,0.7757228,0.36554158,-0.7274004,-0.5807478,0.7723121,0.58527595,-0.24695367
1356783654762,0.23112583,-0.011221021,0.97285914,0.578228,-0.80259097,-0.14662898,0.7824533,0.59642416,-0.1790112
1356783654802,-0.23255152,0.47008348,0.8514349,0.5720366,-0.64189345,0.5106339,0.78657097,0.60580057,-0.11963168
1356783654842,-0.57230467,0.7677389,0.28817433,0.23282212,-0.18483096,0.95479393,0.78629595,0.61352634,-0.07296693
1356783654882,-0.4703456,0.5478755,-0.69181466,-0.4069766,0.5609342,0.7209181,0.7830359,0.62063307,-0.040860415
1356783654922,0.0790374,-0.13441417,-0.9877682,-0.6240474,0.76602566,-0.15417361,0.7773789,0.62859964,-0.023336112
1356783654962,0.31176293,-0.40119448,-0.86130524,-0.5574762,0.65682846,-0.5077367,0.769431,0.63845074,-0.018881619
1356783655003,0.40155992,-0.49792868,-0.76864594,-0.5118771,0.57392895,-0.63920844,0.7594283,0.6501328,-0.02441144
1356783655042,0.4434592,-0.53993994,-0.7154081,-0.49230614,0.52026474,-0.69782466,0.74898505,0.66165656,-0.035099566
1356783655082,0.46487716,-0.56129444,-0.6847174,-0.48376384,0.48668382,-0.7274005,0.7415267,0.66939336,-0.04528576
1356783655122,0.47461885,-0.5745588,-0.66679764,-0.47668797,0.4690581,-0.74347365,0.7399361,0.67072105,-0.051261425
1356783655162,0.47557744,-0.58385193,-0.65798414,-0.46885625,0.4646515,-0.751181,0.7443118,0.66574466,-0.052764833
1356783655202,0.4689849,-0.5895675,-0.6576194,-0.46198362,0.47084194,-0.7515843,0.7527445,0.6562911,-0.051552773
1356783655242,0.4556837,-0.59139174,-0.6652879,-0.45762783,0.4854166,-0.7449479,0.7634979,0.64391494,-0.04944092
