1356784081470,0.41008365,-0.8084713,0.42214388,0.2634292,-0.3381315,-0.9034778,0.87317604,0.4817065,0.07431277
1356784081513,0.0049282014,0.14369603,-0.98960966,-0.48737025,0.864475,0.123098776,0.8731815,0.4816996,0.074293494
1356784081554,0.004873447,0.14354627,-0.9896316,-0.48730487,0.86452585,0.12299994,0.87321824,0.4816529,0.07416403
1356784081593,0.004690498,0.14303024,-0.98970723,-0.48708427,0.8646991,0.12265591,0.8733424,0.48149544,0.073723674
1356784081632,0.004309684,0.14183548,-0.9898809,-0.48661426,0.86507976,0.12183468,0.8736063,0.48116505,0.07274741
1356784081672,0.0036587045,0.13951024,-0.9902139,-0.485814,0.8657605,0.12018111,0.87405455,0.48062006,0.070943594
1356784081712,0.0026761815,0.13555571,-0.9907662,-0.48467597,0.86679494,0.117284894,0.87468976,0.47988665,0.068020284
1356784081752,0.0012620687,0.12947774,-0.9915815,-0.4832728,0.86817914,0.112749144,0.8754689,0.47906208,0.06366879
1356784081792,-6.487444E-4,0.12106195,-0.99264467,-0.48179767,0.8697995,0.10639478,0.8762822,0.47832298,0.0577631
1356784081833,-0.0029942393,0.11074017,-0.99384487,-0.48055458,0.87141037,0.09854561,0.8769597,0.4778918,0.050607502
1356784081872,-0.005586922,0.09961389,-0.9950105,-0.47985417,0.8727132,0.090064615,0.87733054,0.47796312,0.042924345
1356784081912,-0.008108906,0.08927585,-0.995974,-0.4798658,0.8734824,0.082202986,0.8773045,0.47860038,0.035757422
1356784081954,-0.010199696,0.08124858,-0.99664164,-0.48054922,0.87365615,0.07614048,0.8769084,0.479712,0.03013289
1356784081992,-0.011540264,0.076431096,-0.9970081,-0.48168814,0.87333643,0.072525844,0.8762667,0.48108393,0.026737452
1356784082032,-0.01193247,0.0748457,-0.9971237,-0.48289523,0.8727714,0.07129039,0.87559676,0.48235697,0.025728345
1356784082072,-0.01141458,0.075584576,-0.997074,-0.48367852,0.87230694,0.0716636,0.8751713,0.48308128,0.026601613
1356784082112,-0.010321319,0.077024296,-0.9969758,-0.48365438,0.87225986,0.072396114,0.87519825,0.48293895,0.028250277
1356784082152,-0.009143569,0.07747534,-0.9969523,-0.4827213,0.8727883,0.072253615,0.8757262,0.4819108,0.029418588
1356784082192,-0.0081958175,0.07612713,-0.9970644,-0.48101968,0.87385654,0.070674,0.8766715,0.48018682,0.029456675
1356784082232,-0.0074148774,0.073344156,-0.99727917,-0.47887623,0.8752503,0.06793009,0.8778511,0.47807693,0.02863288
1356784082272,-0.006539643,0.07009098,-0.9975191,-0.47669765,0.8766812,0.06472546,0.8790429,0.47593832,0.027679026
1356784082312,-0.005405329,0.067092255,-0.99773216,-0.4747969,0.8779364,0.06160888,0.8800788,0.4740531,0.027109683
1356784082352,-0.00399974,0.06467356,-0.99789846,-0.47328252,0.878942,0.058860987,0.8809017,0.4725233,0.02709335
1356784082406,-0.0023577213,0.06311779,-0.99800336,-0.47215402,0.8796874,0.056750417,0.881513,0.47134507,0.027727246
1356784082434,-5.4338574E-4,0.06284134,-0.9980234,-0.47150683,0.88010323,0.055673122,0.8818623,0.47060513,0.029151857
1356784082474,0.0012713,0.064347595,-0.9979268,-0.47159103,0.88002825,0.056144536,0.88181657,0.4705419,0.031464517
1356784082503,0.0026230738,0.06760122,-0.997709,-0.47230816,0.87950003,0.05835004,0.8814296,0.47107303,0.034235597
1356784082534,0.003721863,0.072799936,-0.9973396,-0.473889,0.8783746,0.06234771,0.8805767,0.4723962,0.037768245
1356784082564,0.0045651793,0.08058953,-0.9967369,-0.47650737,0.87648344,0.06868416,0.8791586,0.47463894,0.042402804
1356784082604,0.0059671104,0.0935273,-0.9955988,-0.48142815,0.8729075,0.07911618,0.8764652,0.47883725,0.05023545
1356784082634,0.006455928,0.11036642,-0.9938701,-0.48714638,0.86832654,0.09326075,0.87329656,0.48355806,0.059370458
1356784082674,0.008386493,0.13265584,-0.9911267,-0.49487448,0.8618249,0.111162215,0.8689241,0.48955104,0.07287568
1356784082704,0.009939976,0.15704079,-0.9875421,-0.5026064,0.8545579,0.13083446,0.86445826,0.49504447,0.08742398
1356784082744,0.013396449,0.18552779,-0.9825477,-0.51112574,0.84582514,0.15274252,0.8594015,0.50015926,0.10615909
1356784082773,0.016862288,0.21272047,-0.97696763,-0.51917815,0.8369188,0.17326592,0.85449976,0.5042985,0.12455219
1356784082814,0.021763608,0.24038373,-0.97043395,-0.5272916,0.8274426,0.1931383,0.84940565,0.50749826,0.14476049
1356784082844,0.027219906,0.26389474,-0.9641673,-0.5343145,0.81901914,0.20908284,0.8448474,0.5094774,0.1632964
1356784082884,0.033958033,0.28631335,-0.95753413,-0.53983545,0.81155235,0.22351842,0.8410854,0.50932056,0.1821208
1356784082914,0.042125657,0.30427387,-0.9516527,-0.5437857,0.8060436,0.23364685,0.8381662,0.5076525,0.19941491
1356784082954,0.051962733,0.32279855,-0.9450402,-0.54555315,0.8018077,0.24387743,0.8364638,0.50289714,0.2177679
1356784082984,0.06367217,0.33816242,-0.9389313,-0.5459171,0.79939383,0.25088653,0.83541626,0.49660417,0.23550779
1356784083024,0.07723248,0.35669374,-0.9310234,-0.544147,0.79755026,0.26041812,0.83542746,0.48650092,0.25569063
1356784083053,0.09218085,0.3734286,-0.9230675,-0.5412716,0.79688466,0.2683278,0.8357796,0.47489563,0.27558386
1356784083084,0.107151315,0.3908715,-0.9141871,-0.537477,0.7963192,0.27747837,0.83644307,0.4616224,0.2954111
1356784083113,0.122000456,0.40919384,-0.90425456,-0.5329712,0.79557323,0.28810576,0.83729184,0.44679263,0.31514883
1356784083154,0.137618,0.43156394,-0.89152336,-0.52753586,0.79373807,0.30279666,0.83831215,0.42864025,0.3368981
1356784083183,0.15234299,0.452116,-0.8788531,-0.5230279,0.7913888,0.3164578,0.83859015,0.41145456,0.35703182
1356784083214,0.16527343,0.4711939,-0.86640686,-0.5202689,0.7879653,0.32928848,0.8378573,0.39634198,0.3753773
1356784083243,0.17602469,0.48800644,-0.8549063,-0.5197179,0.78363323,0.340312,0.8360075,0.38440686,0.3915645
1356784083274,0.1841525,0.5014716,-0.8453485,-0.5214533,0.7788886,0.34845227,0.83317125,0.37664145,0.40492833
1356784083303,0.18922953,0.5104878,-0.8388053,-0.52514243,0.7744235,0.35283673,0.8297094,0.37372512,0.4146226
1356784083334,0.1909393,0.51434827,-0.83605504,-0.5300251,0.77091247,0.35322422,0.8262055,0.37568575,0.419815
1356784083363,0.18912907,0.51293075,-0.8373364,-0.53507626,0.7688393,0.3501136,0.82336116,0.38182214,0.41986692
1356784083405,0.1817549,0.50066733,-0.8463436,-0.5389159,0.7706306,0.34014434,0.82251745,0.39428508,0.40988344
1356784083444,0.16821317,0.48247987,-0.8596031,-0.5399495,0.77467155,0.3291482,0.82471746,0.40877518,0.39082474
1356784083473,0.15100345,0.4635995,-0.87308264,-0.5383913,0.77929354,0.32068112,0.8290553,0.4216362,0.36727393
1356784083512,0.12822624,0.4325504,-0.8924451,-0.52907073,0.7909627,0.30734712,0.8388339,0.43275654,0.3302719
1356784083552,0.09830198,0.3935454,-0.9140343,-0.5132317,0.8069602,0.29224703,0.8526018,0.44038293,0.28130573
1356784083592,0.062658116,0.34816247,-0.9353378,-0.4924364,0.82594275,0.27445394,0.86809003,0.44339764,0.2231999
1356784083632,0.023572445,0.30062002,-0.95345265,-0.46947092,0.84534556,0.2549274,0.88263327,0.44160897,0.1610592
1356784083673,-0.0161141,0.25642967,-0.9664286,-0.44698203,0.86274856,0.23637243,0.8943978,0.4357851,0.10071701
1356784083712,-0.05343148,0.2221756,-0.97354156,-0.4271255,0.87616146,0.2233943,0.90261227,0.4277607,0.048082292
1356784083752,-0.08612614,0.2017068,-0.97565186,-0.41091105,0.88492554,0.21922335,0.90759814,0.41978702,0.0066683292
1356784083793,-0.113345064,0.19631998,-0.9739667,-0.39887905,0.8888251,0.22557768,0.9099716,0.41406313,-0.022436023
1356784083832,-0.1353302,0.20395882,-0.9695806,-0.3911159,0.8881151,0.24141234,0.9103374,0.41188878,-0.040417254
1356784083872,-0.15290353,0.22076336,-0.9632674,-0.38698146,0.8835132,0.26391238,0.9093216,0.41311973,-0.04966098
1356784083912,-0.16699046,0.24324122,-0.9554831,-0.38475707,0.8761791,0.29029676,0.9077865,0.41610566,-0.05272478
1356784083952,-0.1783525,0.26928723,-0.946401,-0.38184714,0.86750245,0.31879798,0.90685344,0.4182389,-0.051894724
1356784083992,-0.18741651,0.29820138,-0.9359225,-0.37584418,0.85853136,0.3488052,0.90753305,0.4171329,-0.04882568
1356784084032,-0.19448896,0.32989323,-0.9237665,-0.365758,0.849441,0.38035664,0.9101622,0.41185012,-0.04454577
1356784084073,-0.19985831,0.36379153,-0.909787,-0.35296524,0.8394508,0.4132045,0.9140417,0.40370554,-0.03936547
1356784084131,-0.20407951,0.39798892,-0.89440274,-0.341017,0.8275041,0.44603178,0.9176376,0.39603254,-0.03315562
1356784084154,-0.20802195,0.428968,-0.8790412,-0.33347303,0.813755,0.47602382,0.9195231,0.3921599,-0.02622962
1356784084193,-0.21273203,0.4523783,-0.8660825,-0.3320867,0.8001355,0.49950138,0.9189469,0.39387444,-0.019985616
1356784084230,-0.21842237,0.46536118,-0.8577474,-0.33615094,0.789296,0.51382333,0.91613,0.40056312,-0.015968323
1356784084273,-0.2242171,0.46707988,-0.85531455,-0.34470302,0.7829139,0.517905,0.9115407,0.41095272,-0.014538825
1356784084312,-0.22812706,0.45841354,-0.8589616,-0.3569408,0.7814234,0.51183075,0.9058428,0.42336088,-0.014637351
1356784084352,-0.22821642,0.44072086,-0.86814886,-0.3729499,0.7840939,0.49608985,0.89934736,0.43699184,-0.0145763755
1356784084407,-0.22258835,0.4154249,-0.881973,-0.39313796,0.78960353,0.4711356,0.8921305,0.45160642,-0.012437224
1356784084434,-0.20942391,0.3853678,-0.89868426,-0.41715115,0.79602367,0.43855593,0.88437927,0.46673122,-0.0059497952
1356784084474,-0.18727803,0.35667476,-0.91526496,-0.4427826,0.8010718,0.40277472,0.8768525,0.48069432,0.007906258
1356784084514,-0.15527304,0.3399441,-0.92753893,-0.46579066,0.80280906,0.3722053,0.8711656,0.48983237,0.033688188
1356784084554,-0.113133386,0.34551084,-0.93157023,-0.48134863,0.80115736,0.3555987,0.86919755,0.48864013,0.07567352
1356784084593,-0.062364906,0.37965694,-0.9230229,-0.48740914,0.79545426,0.3601178,0.8709437,0.4723485,0.13543987
1356784084634,-0.006840512,0.43869904,-0.898608,-0.48796722,0.7829089,0.3859295,0.8728351,0.4411312,0.20871526
1356784084663,0.044077948,0.4989187,-0.86552715,-0.4907602,0.7654432,0.41623443,0.87017906,0.40641952,0.2785886
1356784084704,0.08842158,0.56057596,-0.8233688,-0.499282,0.7402099,0.45034075,0.86191595,0.3712734,0.34533602
1356784084742,0.12089896,0.6050765,-0.78693444,-0.51215094,0.7171121,0.47270668,0.8503439,0.3458795,0.39658862
1356784084782,0.13888612,0.62307453,-0.76973295,-0.5226399,0.7063241,0.477445,0.8411648,0.33598262,0.42374218
1356784084829,0.14065146,0.6062796,-0.7827146,-0.52271175,0.7168831,0.4613578,0.84082675,0.3442435,0.41774017
1356784084862,0.13126141,0.5745604,-0.807868,-0.51523304,0.735749,0.4395545,0.8469387,0.3585438,0.392608
1356784084902,0.11067888,0.51548004,-0.84972376,-0.4973477,0.76894987,0.4016981,0.86046237,0.37814867,0.34147936
1356784084942,0.07977164,0.4369875,-0.8959232,-0.4759889,0.8063969,0.3509396,0.87582594,0.39845446,0.2723288
1356784084981,0.042345688,0.34900105,-0.93616515,-0.4574505,0.83979285,0.29238164,0.88822633,0.4158681,0.1952123
1356784085031,0.0017682612,0.259861,-0.9656444,-0.44339603,0.8657367,0.23216325,0.8963241,0.42775238,0.11675215
1356784085062,-0.03724257,0.1916722,-0.98075205,-0.43434906,0.8807728,0.18862665,0.8999743,0.43301374,0.050450385
1356784085102,-0.07073191,0.14404197,-0.98704046,-0.42611003,0.89032674,0.16046353,0.901902,0.43193775,-0.0015967488
1356784085142,-0.0995425,0.12170233,-0.98756254,-0.41699535,0.8960316,0.15245403,0.9034413,0.42698467,-0.038443923
1356784085182,-0.12399414,0.12349026,-0.9845688,-0.40679926,0.8986851,0.1639495,0.90506345,0.42085063,-0.06119597
1356784085222,-0.1454368,0.14676939,-0.9784206,-0.39577502,0.8977314,0.19349526,0.90675807,0.41537577,-0.07247549
1356784085262,-0.16598034,0.18950683,-0.96774876,-0.38356894,0.89167506,0.24039647,0.9084742,0.41109946,-0.0753116
1356784085302,-0.18817118,0.25267747,-0.94907624,-0.3683379,0.8776492,0.30669057,0.9104498,0.40729105,-0.07207763
1356784085342,-0.21489799,0.34090975,-0.9152046,-0.34619364,0.8496579,0.39778313,0.9132189,0.40232077,-0.064569
1356784085415,-0.24891426,0.46043923,-0.85207826,-0.31147626,0.7949757,0.5205729,0.91707367,0.39498016,-0.054464877
1356784085422,-0.29067978,0.61063945,-0.73663056,-0.25810596,0.69129145,0.6749055,0.92135036,0.38631016,-0.043334723
1356784085462,-0.3336906,0.7655469,-0.5500804,-0.18361628,0.519567,0.834467,0.9246273,0.37945753,-0.032807767
1356784085502,-0.36515003,0.87595236,-0.31523466,-0.09727538,0.30086225,0.9486935,0.92585254,0.37708005,-0.024651289
1356784085542,-0.37993073,0.9199827,-0.09635627,-0.018095374,0.096755445,0.99514365,0.92483795,0.37982926,-0.020112932
1356784085582,-0.38492495,0.92098475,0.06016603,0.040947556,-0.048083484,0.9980036,0.92203915,0.38662013,-0.019203544
1356784085622,-0.38937342,0.9099021,0.1430608,0.07573119,-0.12316692,0.9894922,0.91796136,0.39611617,-0.020950079
1356784085662,-0.40002036,0.9050348,0.14455372,0.08048439,-0.12242454,0.98920906,0.9129655,0.40733805,-0.023868859
1356784085702,-0.41937274,0.9076934,0.014806956,0.029780954,-0.0025460124,0.9995532,0.9073255,0.41962636,-0.02596426
1356784085742,-0.39956,0.8089086,-0.43129897,-0.16664857,0.39855298,0.901878,0.9014323,0.43222967,-0.024442434
1356784085782,-0.12066897,0.20971343,-0.9702882,-0.42729273,0.8712757,0.24145317,0.8960245,0.44373304,-0.015526891
1356784085822,0.10847625,-0.20207766,-0.97334355,-0.43802384,0.869233,-0.22927958,0.8923946,0.45121902,0.005776286
1356784085862,0.21189326,-0.32756743,-0.92076105,-0.39959684,0.83075905,-0.38750717,0.8918653,0.45004335,0.045137346
1356784085902,0.27967826,-0.35810855,-0.89080775,-0.35066053,0.825634,-0.44200194,0.8937658,0.43598944,0.10533732
1356784085942,0.33806506,-0.35128284,-0.873105,-0.2935484,0.8420843,-0.45246357,0.8941707,0.4092607,0.18156075
1356784085982,0.39197212,-0.32920617,-0.8590583,-0.23724747,0.86602604,-0.4401279,0.8888597,0.37632728,0.26135474
1356784086022,0.43806636,-0.3074958,-0.8447155,-0.19276133,0.8856872,-0.4223758,0.87803245,0.34785712,0.32871646
1356784086062,0.4703314,-0.29802197,-0.83064514,-0.16575041,0.8946681,-0.4148443,0.8667844,0.3327941,0.3713932
1356784086102,0.484317,-0.30622208,-0.81955177,-0.15593868,0.89153177,-0.42526963,0.8608834,0.33376512,0.38403213
1356784086142,0.4788872,-0.33014628,-0.8134313,-0.16089875,0.8778852,-0.45103118,0.8630056,0.34687313,0.36728787
1356784086182,0.45591295,-0.3633176,-0.8124923,-0.17865346,0.85695016,-0.4834453,0.8719097,0.36556357,0.3257867
1356784086222,0.41942194,-0.3979111,-0.81593627,-0.20732716,0.8330719,-0.5128417,0.883799,0.3842628,0.26691085
1356784086263,0.37420484,-0.4271836,-0.8230948,-0.24336186,0.81123567,-0.5316688,0.894844,0.39926288,0.19960815
1356784086302,0.3242858,-0.44661993,-0.8338881,-0.2815444,0.79600847,-0.5358202,0.90308994,0.40853542,0.13239092
1356784086342,0.2724626,-0.45288235,-0.8489179,-0.31725866,0.7906682,-0.5236322,0.90835625,0.41199675,0.07174665
1356784086411,0.22033206,-0.44229898,-0.86938214,-0.34811094,0.79693896,-0.49366695,0.9111929,0.41141206,0.021622062
1356784086429,0.1680288,-0.41015002,-0.89640576,-0.37357554,0.8150151,-0.44293547,0.91225415,0.40930116,-0.016276002
1356784086462,0.11288631,-0.3491945,-0.93022573,-0.39402452,0.8437167,-0.3645365,0.9121411,0.40768293,-0.042347133
1356784086502,0.05524555,-0.25984043,-0.96406996,-0.40722877,0.87572503,-0.25936532,0.91165376,0.4069258,-0.05743462
1356784086542,-0.0074152052,-0.13795552,-0.9904107,-0.41085377,0.90339875,-0.12275945,0.91167116,0.40600365,-0.06337845
1356784086582,-0.07305133,0.012278661,-0.99725264,-0.40154248,0.91493654,0.04067917,0.9129223,0.4034109,-0.061906934
1356784086622,-0.13582069,0.17887408,-0.97445214,-0.37775034,0.8999161,0.2178434,0.91589165,0.3976872,-0.05465746
1356784086662,-0.18875737,0.34435356,-0.91966915,-0.34201396,0.85481983,0.39026853,0.92054176,0.38820574,-0.043579817
1356784086702,-0.22771205,0.49101394,-0.8408642,-0.30158556,0.78552324,0.54036975,0.9258474,0.37664118,-0.030790389
1356784086742,-0.25390205,0.60592866,-0.75391257,-0.26524884,0.7059535,0.6567136,0.9301487,0.36671543,-0.01852113
1356784086782,-0.27255386,0.684899,-0.67574245,-0.23822072,0.63242674,0.7370802,0.9321831,0.3618699,-0.009213269
1356784086822,-0.28801128,0.7319827,-0.617455,-0.22090021,0.5766047,0.786594,0.9318006,0.36294395,-0.004373491
1356784086862,-0.30136794,0.7536952,-0.58405554,-0.21253616,0.54402524,0.81170493,0.92951906,0.3687548,-0.0037642717
1356784086902,-0.31151074,0.7535676,-0.57887554,-0.21429989,0.5377815,0.8153935,0.92576265,0.37805682,-0.0060352683
1356784086942,-0.3154924,0.7299595,-0.6063198,-0.22968763,0.561209,0.7951654,0.9207107,0.39013278,-0.009394467
1356784086982,-0.30748627,0.67577714,-0.66990864,-0.2630263,0.6162243,0.74235094,0.9144777,0.40446627,-0.011733353
1356784087022,-0.27716672,0.58061063,-0.765552,-0.3155681,0.6975593,0.64329445,0.90752155,0.4198836,-0.010118067
1356784087062,-0.21311505,0.4425831,-0.87103516,-0.3777999,0.78483725,0.49122074,0.9010268,0.43376347,-5.275011E-5
1356784087121,-0.11401111,0.28418407,-0.95196694,-0.42721656,0.8510706,0.30522925,0.8969323,0.44149554,0.02437663
1356784087142,0.0044663474,0.14802113,-0.9889741,-0.4429026,0.88698375,0.1307559,0.8965585,0.4374352,0.06952053
1356784087182,0.12437299,0.057785943,-0.9905515,-0.42218387,0.9065102,-1.2592971E-4,0.8979378,0.4182105,0.13714164
1356784087220,0.23386043,0.007693857,-0.9722398,-0.3781457,0.92195797,-0.083662406,0.89572054,0.3872136,0.21851891
1356784087263,0.3251123,-0.021043837,-0.9454413,-0.32892552,0.93481255,-0.13391608,0.88662845,0.35451752,0.2969972
1356784087302,0.39217028,-0.05187379,-0.91842884,-0.2866251,0.9418154,-0.17558394,0.8740987,0.33210355,0.35448366
1356784087342,0.4319796,-0.09864159,-0.8964728,-0.2545823,0.9402405,-0.22613196,0.865206,0.32591048,0.38105232
1356784087409,0.44558942,-0.16466974,-0.87996244,-0.23181568,0.9281886,-0.2910797,0.8647032,0.33369112,0.375418
1356784087424,0.4373877,-0.24403243,-0.8655289,-0.21829952,0.90487444,-0.36544162,0.8723746,0.3487842,0.3425088
1356784087464,0.4139672,-0.32756075,-0.8493145,-0.21515658,0.8713682,-0.44093657,0.88449925,0.3652689,0.290241
1356784087504,0.38282487,-0.40659258,-0.8295346,-0.22228417,0.83101726,-0.50990206,0.89667994,0.37959564,0.22775495
1356784087544,0.35029763,-0.47586522,-0.8067489,-0.23671189,0.7883859,-0.5678161,0.9062334,0.38987172,0.16352677
1356784087584,0.3205133,-0.53335077,-0.7828207,-0.25392115,0.74779695,-0.6134524,0.9125762,0.39539438,0.104249835
1356784087624,0.29562086,-0.57867396,-0.7600953,-0.27024883,0.7124975,-0.6475437,0.9162827,0.3968423,0.054243147
1356784087663,0.27631932,-0.61189705,-0.7411003,-0.28384686,0.68476397,-0.6712148,0.9181931,0.39582863,0.0155284405
1356784087704,0.26199612,-0.6336819,-0.7278773,-0.2941696,0.6658921,-0.6856034,0.9191422,0.39374483,-0.011948764
1356784087744,0.25104764,-0.64562017,-0.72121406,-0.30120128,0.65598345,-0.6920719,0.9199201,0.3909736,-0.02977848
1356784087784,0.24174124,-0.64964867,-0.7207758,-0.30500898,0.6542826,-0.6920143,0.9211573,0.3871315,-0.039981604
1356784087824,0.23289868,-0.64771104,-0.7254163,-0.30516967,0.6595758,-0.6868997,0.92337954,0.38135308,-0.044047415
1356784087864,0.22399563,-0.64253515,-0.7327855,-0.3006854,0.66964865,-0.67908686,0.927046,0.3724504,-0.04320258
1356784087902,0.21558219,-0.63705635,-0.7400564,-0.2913174,0.68140614,-0.6714312,0.9320185,0.36033988,-0.038686574
1356784087942,0.20938408,-0.6321131,-0.74605054,-0.27934074,0.69250065,-0.6651403,0.9370844,0.3476721,-0.031576335
1356784087982,0.2076427,-0.6283753,-0.7496859,-0.26866442,0.70028317,-0.66137946,0.9405869,0.33874452,-0.02341342
1356784088022,0.21316838,-0.6331759,-0.74407494,-0.2607218,0.6970964,-0.66789275,0.94158554,0.33637017,-0.016483843
1356784088062,0.22908524,-0.6589548,-0.71644855,-0.2522323,0.67069757,-0.6975267,0.94015884,0.3405045,-0.012562811
1356784088102,0.2546276,-0.70494735,-0.6619774,-0.23977973,0.61713946,-0.74942946,0.93684065,0.34955418,-0.011891365
1356784088142,0.28320178,-0.75159764,-0.5957329,-0.22578552,0.5514541,-0.80306864,0.9321039,0.36193836,-0.013527036
1356784088182,0.30898294,-0.78233516,-0.5408155,-0.21638337,0.4959006,-0.84098804,0.92612517,0.37687445,-0.016059518
1356784088222,0.33150327,-0.796032,-0.5063977,-0.21327871,0.4596237,-0.86212426,0.9190309,0.3938009,-0.01740992
1356784088262,0.35268447,-0.79813576,-0.48845983,-0.21234477,0.4401203,-0.87246996,0.9113306,0.4114285,-0.014256358
1356784088302,0.373876,-0.7943276,-0.47881132,-0.20562363,0.4324142,-0.87791616,0.9043979,0.4266867,-0.001663208
1356784088341,0.39452747,-0.7892443,-0.47057566,-0.18314674,0.43430033,-0.88195264,0.90044725,0.43413898,0.026795864
1356784088409,0.4080952,-0.7727479,-0.48612648,-0.14829963,0.4693006,-0.8704965,0.90081376,0.4273378,0.076921105
1356784088423,0.42431033,-0.78360677,-0.4537854,-0.06697625,0.47260273,-0.87872684,0.9030365,0.4032457,0.14804718
1356784088463,0.4316786,-0.79152936,-0.43259084,0.02350974,0.4892859,-0.8718065,0.9017211,0.36617014,0.22982287
1356784088503,0.4349888,-0.79771364,-0.41765738,0.106479496,0.5061552,-0.855844,0.89411795,0.32781065,0.305112
1356784088543,0.43819463,-0.8016382,-0.40664685,0.16443175,0.5162462,-0.84050703,0.8837124,0.30144003,0.35803106
1356784088583,0.44217783,-0.80383825,-0.3978979,0.18898678,0.5171632,-0.83476114,0.87679106,0.2939154,0.38059297
1356784088622,0.4444688,-0.80623853,-0.39041877,0.18162495,0.507891,-0.84205645,0.87718856,0.30335802,0.37217477
1356784088662,0.44180095,-0.81080264,-0.38394132,0.14917487,0.48841226,-0.85976756,0.8846235,0.32257172,0.3367324
1356784088702,0.43300056,-0.8179631,-0.37874368,0.09945819,0.46096462,-0.8818275,0.8958899,0.34416258,0.28095108
1356784088742,0.41910577,-0.8267238,-0.3753373,0.040441602,0.42998332,-0.90193063,0.90703636,0.3628251,0.21364251
1356784088783,0.4020455,-0.83561,-0.37431982,-0.019918501,0.40073723,-0.91597646,0.915403,0.37572008,0.14447051
1356784088822,0.38375753,-0.8432854,-0.37629765,-0.07553893,0.37746495,-0.92293775,0.92033905,0.38260946,0.08115411
1356784088862,0.36609834,-0.8485737,-0.38196164,-0.123078644,0.36269772,-0.9237435,0.922401,0.38519228,0.02834168
1356784088902,0.35037565,-0.8506705,-0.391914,-0.16136712,0.35735518,-0.91992277,0.9226037,0.38556057,-0.0120616555
1356784088942,0.3368004,-0.849332,-0.40644878,-0.19030356,0.3613575,-0.9128008,0.92214423,0.38478032,-0.039925575
1356784088982,0.32456198,-0.84474325,-0.4255212,-0.21043396,0.37411234,-0.90319294,0.9221589,0.3826862,-0.05634004
1356784089022,0.3126163,-0.83724666,-0.4486525,-0.22254407,0.39462262,-0.8914859,0.923442,0.378538,-0.06295884
1356784089062,0.29991978,-0.8271906,-0.47518823,-0.22753805,0.42171288,-0.8777156,0.92643106,0.3713677,-0.06173736
1356784089102,0.28573617,-0.8148363,-0.50437737,-0.22654623,0.45396647,-0.8617373,0.9311453,0.36049432,-0.05488348
1356784089142,0.27093226,-0.7994983,-0.5360953,-0.22192672,0.49004227,-0.8429752,0.93666655,0.34736305,-0.04466176
1356784089182,0.2580607,-0.77942413,-0.5708789,-0.2178393,0.52873486,-0.82035697,0.94124955,0.33606172,-0.033343494
1356784089222,0.24888375,-0.7534424,-0.60858965,-0.21890312,0.5683433,-0.79313767,0.94347143,0.33062124,-0.023479462
1356784089262,0.24290398,-0.72262955,-0.6471509,-0.22734766,0.6061419,-0.76217127,0.94303274,0.33226267,-0.017053843
1356784089302,0.23861277,-0.69004744,-0.68329966,-0.24210279,0.6391373,-0.729993,0.9404521,0.33961442,-0.01455611
1356784089342,0.23544517,-0.6592268,-0.7141327,-0.26054266,0.66508126,-0.69984597,0.93631357,0.3508374,-0.015166581
1356784089409,0.23419604,-0.63278604,-0.738061,-0.28031772,0.68297863,-0.6745088,0.9308997,0.36485887,-0.017430246
1356784089424,0.23654222,-0.6120545,-0.75461054,-0.2995519,0.6928808,-0.65588474,0.92429245,0.38118947,-0.019446552
1356784089463,0.24458417,-0.59736407,-0.7637635,-0.3158958,0.6956215,-0.64522904,0.916727,0.39908248,-0.018566787
1356784089503,0.2602792,-0.5886438,-0.7653452,-0.32473332,0.69312125,-0.64353037,0.9092871,0.41603068,-0.010747194
1356784089543,0.28463745,-0.58558667,-0.7589927,-0.3177204,0.689367,-0.6510199,0.90445304,0.42645207,0.010166824
1356784089583,0.31676716,-0.58743864,-0.7446976,-0.2847998,0.6899939,-0.66543025,0.9047363,0.42287618,0.051265
1356784089623,0.35363832,-0.5927864,-0.7235636,-0.2213412,0.6985469,-0.6804707,0.9088169,0.40079498,0.11582488
1356784089662,0.39097944,-0.59992623,-0.6980141,-0.13613227,0.7123477,-0.68849754,0.91027635,0.3642106,0.19684398
1356784089702,0.42445475,-0.6073657,-0.67152447,-0.050613075,0.72457296,-0.68733716,0.9040335,0.3257315,0.27680779
1356784089742,0.4500698,-0.61418796,-0.64823633,0.012658566,0.730229,-0.6830852,0.8929036,0.29923025,0.33642876
1356784089782,0.46467692,-0.61984646,-0.6323495,0.042004555,0.72875786,-0.68348193,0.88448346,0.29103675,0.36467332
1356784089823,0.46571198,-0.62373114,-0.62775135,0.036109984,0.72217804,-0.69076407,0.88419926,0.299029,0.3588499
1356784089862,0.45375878,-0.6243123,-0.63587517,0.0045711994,0.7151862,-0.69891906,0.89111286,0.3142339,0.32737586
1356784089902,0.4280195,-0.62014073,-0.657438,-0.047011495,0.71117795,-0.70143837,0.90254587,0.3311364,0.2752443
1356784089942,0.39015898,-0.607808,-0.69162524,-0.109855026,0.71506184,-0.69037557,0.9141706,0.34533474,0.21221703
1356784089982,0.34169576,-0.58334863,-0.7368504,-0.17527786,0.73072857,-0.65978277,0.923321,0.3545985,0.14743876
1356784090022,0.2838239,-0.5411724,-0.7915657,-0.23654638,0.7604844,-0.60473895,0.9292415,0.35888138,0.08783126
1356784090062,0.2172082,-0.47306556,-0.8538323,-0.2894928,0.8041431,-0.51918,0.93220955,0.35994846,0.037717402
1356784090102,0.14071134,-0.36722466,-0.9194272,-0.3312988,0.8576646,-0.39325902,0.9329745,0.3599411,-9.779334E-4
1356784090143,0.05088049,-0.20785007,-0.9768365,-0.3574125,0.9095331,-0.21214588,0.93255967,0.35992765,-0.028010726
1356784090189,-0.05154118,0.015295014,-0.99855375,-0.35791844,0.9331777,0.032767877,0.9323293,0.35908973,-0.042622685
1356784090220,-0.17441547,0.32254907,-0.93034476,-0.3156853,0.8766372,0.36311156,0.93269616,0.35702842,-0.0510751
1356784090263,-0.25750497,0.5713601,-0.7792552,-0.24371003,0.7419765,0.62456083,0.93503827,0.35073987,-0.051816463
1356784090302,-0.2996471,0.7453018,-0.595598,-0.16724324,0.5735825,0.8018933,0.93927705,0.3398947,-0.047225654
1356784090342,-0.31065327,0.84872824,-0.42796603,-0.106333494,0.41638583,0.9029485,0.94455695,0.32601103,-0.03910339
1356784090410,-0.30817574,0.90650034,-0.2885912,-0.06390795,0.28294355,0.95700514,0.9491804,0.31336907,-0.029263735
1356784090424,-0.30507052,0.936075,-0.17520142,-0.034841985,0.17287743,0.98432684,0.9516921,0.3063935,-0.020125031
1356784090463,-0.3064822,0.9480779,-0.08495319,-0.012632668,0.085189044,0.9962847,0.9517926,0.30641672,-0.014132202
1356784090503,-0.31252545,0.9497452,-0.017659992,0.006028086,0.020573795,0.99977016,0.94989026,0.31234717,-0.012154937
1356784090542,-0.3217402,0.94644356,0.0269804,0.021208107,-0.0212847,0.99954855,0.9465905,0.32216716,-0.0132241845
1356784090582,-0.33372444,0.94143873,0.04817757,0.03074795,-0.040209174,0.9987181,0.9421691,0.334778,-0.0155285
1356784090622,-0.34898996,0.9361391,0.04300654,0.03106767,-0.03430915,0.99892825,0.93661135,0.34995204,-0.01711011
1356784090662,-0.36725718,0.9301092,0.004352957,0.016089141,0.0016734004,0.9998691,0.9299803,0.36727917,-0.015579224
1356784090702,-0.38428855,0.91970384,-0.08041865,-0.0241656,0.077056825,0.9967338,0.9228967,0.38497674,-0.007386863
1356784090742,-0.38602686,0.8943714,-0.2260158,-0.10151747,0.20233226,0.974041,0.91688466,0.39895055,0.012688637
1356784090782,-0.34426743,0.8349165,-0.4294119,-0.21560672,0.37484133,0.90166944,0.91378,0.40299946,0.050967872
1356784090822,-0.23644695,0.73209965,-0.63884497,-0.3315859,0.5572207,0.76128566,0.9133146,0.3918357,0.111000836
1356784090862,-0.08531636,0.6161717,-0.78297734,-0.4023191,0.6976242,0.5928405,0.9115155,0.36558574,0.18837887
1356784090902,0.059676513,0.5241748,-0.84951717,-0.42295274,0.78414327,0.4541259,0.9041845,0.33220497,0.2684961
1356784090942,0.16910729,0.46038854,-0.87146145,-0.41784495,0.8342923,0.35966936,0.89264125,0.30331305,0.33345592
1356784090982,0.23650818,0.40993884,-0.8809166,-0.40514812,0.86566675,0.2940682,0.8831302,0.28735217,0.3708232
1356784091022,0.26532888,0.36089367,-0.8940673,-0.391532,0.8877327,0.24214326,0.88108075,0.28580835,0.37684256
1356784091062,0.26165307,0.30966163,-0.9141375,-0.3789935,0.90402234,0.19775607,0.8876382,0.29470873,0.35389996
1356784091102,0.23225191,0.25917172,-0.93749076,-0.3691318,0.91522527,0.16156846,0.8998893,0.3085331,0.30823135
1356784091142,0.18474656,0.21644402,-0.9586557,-0.3632254,0.9214189,0.13803807,0.913201,0.322706,0.24884695
1356784091182,0.12667888,0.18859321,-0.9738507,-0.3602484,0.9234736,0.13197604,0.9242152,0.33410954,0.18492502
1356784091222,0.06422038,0.18079546,-0.98142177,-0.35715905,0.92247283,0.14656493,0.9318332,0.3411112,0.123814285
1356784091262,0.001876831,0.19536333,-0.9807291,-0.35111517,0.91841847,0.18227902,0.9363303,0.3440068,0.07031876
1356784091303,-0.05712104,0.23146534,-0.9711648,-0.3407954,0.9098043,0.23688537,0.9384006,0.3444996,0.026913345
1356784091342,-0.11053421,0.28633484,-0.95173246,-0.32590082,0.8942113,0.30687934,0.9389201,0.344091,-0.0055241585
1356784091411,-0.15659857,0.35493982,-0.92168033,-0.30614161,0.8697877,0.38697112,0.93901765,0.34276384,-0.02754569
1356784091425,-0.19372703,0.43117028,-0.88122755,-0.28166848,0.83598185,0.4709536,0.93975145,0.33945045,-0.04050517
1356784091463,-0.22149862,0.5091421,-0.8316927,-0.25403112,0.7933043,0.55329597,0.9414917,0.33383015,-0.046377897
1356784091503,-0.23903695,0.58293724,-0.7765601,-0.22586384,0.74442804,0.6283411,0.9443765,0.32559356,-0.046281338
1356784091543,-0.24777922,0.649893,-0.7185017,-0.19941407,0.6915357,0.6942711,0.9480715,0.31530523,-0.04175043
1356784091582,-0.25039834,0.7060381,-0.662428,-0.17806417,0.63896704,0.748341,0.9516269,0.30533808,-0.034276187
1356784091622,-0.25118366,0.747374,-0.6150926,-0.16521835,0.59303546,0.788043,0.9537346,0.29956815,-0.025480926
1356784091662,-0.2540371,0.77160454,-0.58317375,-0.16183224,0.56054366,0.81215835,0.9535594,0.30069467,-0.017528355
1356784091702,-0.25980085,0.77889025,-0.57081825,-0.16639143,0.54616714,0.8209844,0.9512189,0.3082717,-0.012293994
1356784091742,-0.26621345,0.7700081,-0.579843,-0.17751959,0.55209637,0.81466335,0.9474266,0.31980783,-0.010284007
1356784091782,-0.26974985,0.74396384,-0.6113533,-0.19573268,0.57927084,0.79128635,0.9428276,0.33311117,-0.010640144
1356784091822,-0.2665901,0.69710314,-0.66556513,-0.2229235,0.62723327,0.74624634,0.93767524,0.347312,-0.011813521
1356784091862,-0.25210306,0.6242007,-0.7394711,-0.26041967,0.6922008,0.67308223,0.9320009,0.3622589,-0.011951804
1356784091902,-0.22061355,0.5227085,-0.8234716,-0.30640858,0.7643894,0.5672942,0.9259824,0.37747157,-0.008472264
1356784091942,-0.1668598,0.40010864,-0.90114975,-0.35349768,0.82892704,0.43349665,0.92043316,0.39088756,0.0031228662
1356784091982,-0.08877351,0.27696455,-0.9567706,-0.3889134,0.8746773,0.28928542,0.91698724,0.3977818,0.030067086
1356784092022,0.010818034,0.17579958,-0.9843666,-0.40002087,0.9029815,0.15686873,0.9164422,0.39207014,0.08009201
1356784092062,0.12348059,0.10434799,-0.9868455,-0.38237292,0.92266965,0.0497171,0.9157202,0.37120387,0.15383166
1356784092102,0.23514414,0.055399165,-0.97038037,-0.3432706,0.9387704,-0.029587343,0.9093253,0.34006035,0.23976326
1356784092142,0.33020884,0.015778288,-0.94377595,-0.29692328,0.9508386,-0.087991305,0.8959903,0.3092846,0.31866026
1356784092182,0.3974411,-0.025758825,-0.9172661,-0.25574285,0.9568904,-0.13768208,0.88126963,0.28930476,0.37371993
1356784092222,0.43302563,-0.07445762,-0.8983011,-0.22619465,0.9557178,-0.18825375,0.8725393,0.2847096,0.39700836
1356784092262,0.4387865,-0.12980747,-0.8891661,-0.21011126,0.9472601,-0.24197437,0.87368166,0.2929989,0.38837093
1356784092302,0.4193501,-0.18787749,-0.8881709,-0.20717375,0.9327289,-0.2951201,0.8838691,0.30776432,0.35221666
1356784092342,0.38100845,-0.24330065,-0.89198506,-0.21625984,0.9145411,-0.34182775,0.8989239,0.3231398,0.29583174
1356784092413,0.32376558,-0.29758906,-0.8981184,-0.23711051,0.8934348,-0.38151386,0.9159446,0.33647433,0.21870196
1356784092425,0.26774088,-0.3295328,-0.90538555,-0.2633974,0.87886286,-0.39777127,0.9267884,0.34497586,0.14850944
1356784092463,0.21592462,-0.3512163,-0.9110564,-0.28756353,0.8688098,-0.403084,0.9331044,0.34902236,0.08660042
1356784092502,0.16903973,-0.35984024,-0.9175732,-0.30785903,0.86511314,-0.39598247,0.93629503,0.34941998,0.035458446
1356784092543,0.12812051,-0.35497558,-0.9260547,-0.32273543,0.8680037,-0.3773742,0.93777764,0.34722003,-0.0033541322
1356784092582,0.09362748,-0.33771512,-0.9365801,-0.3312715,0.87654436,-0.34918356,0.9388786,0.34295547,-0.029806733
1356784092622,0.0650357,-0.30955577,-0.9486546,-0.33300042,0.8894395,-0.31306234,0.94068116,0.3362626,-0.045236886
1356784092662,0.04133752,-0.2722083,-0.96135,-0.32790902,0.9051834,-0.27040452,0.94380444,0.3264132,-0.051841557
1356784092702,0.021873116,-0.22718853,-0.9736051,-0.31684345,0.92206395,-0.22227976,0.94822556,0.31334236,-0.051814795
1356784092742,0.0069382787,-0.17543413,-0.9844667,-0.30224,0.93807745,-0.16929755,0.95320654,0.29871988,-0.04651457
1356784092782,-0.0026664133,-0.11839394,-0.9929631,-0.2884518,0.9508508,-0.11259815,0.9574907,0.28612176,-0.0366863
1356784092822,-0.0072247684,-0.060917668,-0.9981166,-0.2805238,0.9581857,-0.056450017,0.9598198,0.27958766,-0.024011552
1356784092862,-0.008475572,-0.012155935,-0.99989015,-0.28141874,0.9595401,-0.009279937,0.9595476,0.2813092,-0.0115535855
1356784092902,-0.00746751,0.018142402,-0.9998075,-0.29046515,0.95668626,0.019529402,0.95685637,0.2905551,-0.0018743277
1356784092942,-0.0029996336,0.023592085,-0.99971724,-0.3048612,0.9521097,0.023383334,0.9523921,0.3048451,0.004336357
1356784093132,0.1144689,0.13146977,-0.9846891,-0.4012875,0.91285753,0.07523005,0.9087713,0.38653195,0.157251
1356784093172,0.46368706,-0.38550895,-0.7977325,-0.22447956,0.8198806,-0.52669233,0.85709,0.42329505,0.29362917
1356784093212,0.59707636,-0.55941516,-0.5749386,0.009283185,0.72148687,-0.6923659,0.80213064,0.40805805,0.43597594
1356784093270,0.6411284,-0.62679446,-0.44281265,0.2087392,0.6976775,-0.6853277,0.7385,0.3469507,0.57813746
1356784093292,0.6456869,-0.66867507,-0.36873037,0.36687055,0.6951533,-0.6181973,0.6696972,0.2638856,0.69416857
1356784093332,0.6310502,-0.7022296,-0.32961965,0.47508812,0.6857515,-0.5513947,0.61324286,0.19135939,0.76636463
1356784093370,0.60997653,-0.7285007,-0.31179392,0.5338448,0.66856825,-0.51771253,0.58560944,0.14934291,0.7967173
1356784093412,0.5894545,-0.74681026,-0.30792513,0.5488129,0.6499409,-0.52571964,0.592746,0.1408945,0.7929697
1356784093454,0.5699737,-0.75837934,-0.31621316,0.5242541,0.631989,-0.57074296,0.6326829,0.15953246,0.7578005
1356784093493,0.5474287,-0.7656046,-0.3378926,0.46044087,0.61271155,-0.642323,0.6987961,0.1960465,0.68793154
1356784093534,0.51786757,-0.76937354,-0.37400216,0.35715127,0.5917187,-0.7227115,0.77733916,0.2406935,0.58121467
1356784093573,0.47931254,-0.7684629,-0.423939,0.22249195,0.5736567,-0.7882991,0.848974,0.28351858,0.44593763
1356784093614,0.43089336,-0.760615,-0.48558816,0.07612756,0.56682664,-0.82031226,0.899186,0.31650043,0.30214557
1356784093654,0.37328318,-0.74323535,-0.5552125,-0.05942443,0.57808685,-0.8138085,0.92581224,0.33677417,0.17162377
1356784093694,0.30977947,-0.7142963,-0.6275488,-0.16945118,0.6079745,-0.77566314,0.9355869,0.34662342,0.067299664
1356784093734,0.24583793,-0.6735141,-0.6970957,-0.24928562,0.6510458,-0.71693516,0.9367072,0.35002577,-0.00784564
1356784093772,0.18705228,-0.62281907,-0.75967616,-0.30068964,0.6999068,-0.64785504,0.93519896,0.3496095,-0.056356072
1356784093812,0.13750052,-0.5655538,-0.8131682,-0.32823977,0.74856,-0.57612205,0.9345332,0.34613124,-0.08270985
1356784093852,0.099619955,-0.50553846,-0.8570336,-0.3371247,0.793227,-0.5070875,0.9361745,0.33944324,-0.09140825
1356784093892,0.07406616,-0.44605452,-0.8919359,-0.3322624,0.83225286,-0.4437982,0.9402744,0.32922718,-0.086565375
1356784093933,0.059940577,-0.38943553,-0.91910124,-0.31814742,0.8652849,-0.38738126,0.94614446,0.31562954,-0.07203221
1356784093972,0.055531204,-0.33710697,-0.93982714,-0.29989818,0.892185,-0.33773816,0.95235354,0.30060744,-0.051553667
1356784094012,0.057811677,-0.28981283,-0.95533574,-0.2838824,0.9126598,-0.2940456,0.9571147,0.28820232,-0.029510379
1356784094052,0.06209439,-0.24764413,-0.96685916,-0.27529967,0.9268978,-0.25508922,0.959351,0.28201562,-0.01062119
1356784094092,0.06388348,-0.20965083,-0.97568727,-0.27568895,0.93593,-0.21915889,0.9591218,0.28298682,0.0019920468
1356784094132,0.06100467,-0.17394899,-0.98286325,-0.28345677,0.9411366,-0.18415782,0.95704263,0.28983375,0.0081067085
1356784094172,0.053729504,-0.13840044,-0.9889178,-0.29649714,0.943473,-0.14814954,0.95352113,0.3011713,0.009657025
1356784094212,0.043658257,-0.101337835,-0.9938937,-0.3133213,0.94326204,-0.10993853,0.94864315,0.3162078,0.009429872
1356784094252,0.033304542,-0.06270212,-0.99747634,-0.33256945,0.9404607,-0.070222124,0.94249046,0.3340689,0.010468781
1356784094292,0.027038246,-0.025260478,-0.99931526,-0.35219902,0.93533707,-0.033172637,0.9355346,0.35285476,0.016393185
1356784094332,0.032580342,0.003978625,-0.9994612,-0.36927253,0.9292837,-0.008338243,0.9287498,0.36934525,0.031745553
1356784094372,0.06175152,0.012641028,-0.9980115,-0.37911898,0.92527354,-0.0117381215,0.9232852,0.37908995,0.061929524
1356784094414,0.12894306,-0.016821817,-0.9915093,-0.3714286,0.9262519,-0.06401792,0.91946423,0.37652957,0.113185644
1356784094453,0.23129356,-0.09209287,-0.9685155,-0.3310545,0.92865103,-0.16736224,0.9148258,0.35934123,0.18430322
1356784094493,0.34289825,-0.19786596,-0.9182973,-0.25007764,0.923059,-0.29227263,0.90547335,0.3298654,0.26703346
1356784094533,0.4274847,-0.2990183,-0.8531382,-0.15230453,0.90640235,-0.39400265,0.8911005,0.29836693,0.34193128
1356784094572,0.4729547,-0.37335652,-0.7980719,-0.07451804,0.8855861,-0.45845866,0.87792987,0.2763009,0.3910203
1356784094612,0.4865079,-0.41850185,-0.76692003,-0.03611125,0.8674257,-0.49625468,0.87292963,0.2691263,0.40689683
1356784094652,0.47670484,-0.43698215,-0.7627575,-0.038937077,0.85634553,-0.5149332,0.8782006,0.2751707,0.39120927
1356784094692,0.44712242,-0.4269904,-0.7859775,-0.077795014,0.8568116,-0.50972724,0.89108324,0.2890556,0.34988195
1356784094732,0.39551276,-0.37795758,-0.8370889,-0.14571543,0.8740391,-0.46348965,0.90682787,0.30529284,0.29061937
1356784094772,0.310596,-0.26124278,-0.9139378,-0.23450445,0.91071236,-0.34001565,0.92116106,0.31992996,0.22160101
1356784094812,0.16315946,-0.009426624,-0.9865546,-0.32489145,0.9436674,-0.06274839,0.931571,0.3307612,0.15090561
1356784094852,-0.08138205,0.4501049,-0.8892596,-0.33826894,0.826787,0.44944122,0.93752396,0.33738533,0.08497083
1356784094892,-0.29439157,0.8493066,-0.43819162,-0.17359975,0.40335894,0.89842343,0.93978536,0.3405583,0.028693974
1356784094932,-0.3409801,0.94005585,-0.0052387714,0.01238665,0.010065079,0.99987257,0.93998885,0.3408718,-0.015076101
1356784094972,-0.31653666,0.91428214,0.2527701,0.12688619,-0.2232669,0.96646357,0.9400556,0.33799413,-0.045337617
1356784095012,-0.2789532,0.8696133,0.40737936,0.1892716,-0.3661095,0.91112024,0.94146764,0.33126527,-0.062465698
1356784095052,-0.24372113,0.82600635,0.50824547,0.21851712,-0.46380413,0.85856616,0.94490755,0.32031104,-0.067457646
1356784095092,-0.21483397,0.7863449,0.57923067,0.22612211,-0.5369157,0.81276715,0.9501133,0.3055868,-0.06246227
1356784095132,-0.1934219,0.75057185,0.6318465,0.21980894,-0.594486,0.7734795,0.95617574,0.28849334,-0.04999581
1356784095172,-0.17962104,0.7171742,0.673348,0.20792982,-0.64133734,0.73854697,0.96151,0.27266774,-0.033924222
1356784095213,-0.17228335,0.68484706,0.7080275,0.19858962,-0.67986864,0.7059326,0.9648216,0.26222733,-0.018873483
1356784095252,-0.16868305,0.65239424,0.7388693,0.1970128,-0.71216875,0.6737964,0.9657805,0.25922474,-0.008399203
1356784095292,-0.16605735,0.6185702,0.76798165,0.2044203,-0.7402841,0.64046216,0.96469545,0.2633445,-0.0035187006
1356784095332,-0.16278583,0.5820775,0.7966722,0.2196694,-0.7657952,0.60440314,0.96189713,0.2733928,-0.003204003
1356784095372,-0.15847272,0.54195845,0.8253287,0.24106333,-0.78935856,0.56462526,0.95748365,0.28843415,-0.0055545717
1356784095415,-0.15364331,0.4976981,0.85363364,0.26685223,-0.81089324,0.520809,0.95141137,0.30781287,-0.008223519
