1356783350154,-0.61223656,0.5187899,-0.59667706,-0.46169022,0.37806153,0.802441,0.64187896,0.7667637,0.008057058
1356783350193,0.14738202,-0.133661,0.98000675,0.75250006,-0.6278708,-0.19880149,0.64188963,0.76675487,0.008043028
1356783350234,0.14747763,-0.13364372,0.9799948,0.7524363,-0.6279272,-0.19886437,0.64194226,0.7667117,0.007953167
1356783350272,0.14773852,-0.13356704,0.97996587,0.7523175,-0.6280214,-0.19901636,0.6420216,0.7666478,0.0077018663
1356783350314,0.148372,-0.13336116,0.9798983,0.7521858,-0.6280668,-0.19937077,0.6420298,0.7666466,0.007124841
1356783350353,0.14955544,-0.13295925,0.9797729,0.7521072,-0.6279544,-0.2000199,0.64184725,0.76680833,0.006085664
1356783350392,0.1512574,-0.13237822,0.97959036,0.7520676,-0.62770444,-0.2009516,0.6414948,0.76711357,0.004612386
1356783350434,0.15339082,-0.13168806,0.97935164,0.7519598,-0.6274502,-0.20214543,0.6411145,0.7674403,0.0027789548
1356783350472,0.15572482,-0.13096502,0.97908014,0.75165737,-0.6273831,-0.20347357,0.6409063,0.7676187,7.4175E-4
1356783350512,0.15815604,-0.1302695,0.97878313,0.75105596,-0.62764126,-0.20489374,0.6410161,0.76752603,-0.0014255643
1356783350552,0.16074187,-0.12961736,0.9784484,0.75008917,-0.62828475,-0.20645678,0.64150465,0.7671098,-0.0037670135
1356783350594,0.16371804,-0.12900954,0.9780352,0.74869484,-0.6293255,-0.20834002,0.64238036,0.766359,-0.0064432025
1356783350633,0.16736263,-0.12847644,0.9774884,0.7467729,-0.63079834,-0.21076936,0.6436769,0.76523674,-0.009629399
1356783350672,0.17139965,-0.12819406,0.97682565,0.7444583,-0.63256526,-0.213642,0.64529365,0.7638242,-0.012986273
1356783350714,0.17533517,-0.12840158,0.97609967,0.7419163,-0.63449687,-0.21673444,0.6471613,0.76218545,-0.015986353
1356783350761,0.17875671,-0.12948048,0.9753363,0.7394696,-0.6362303,-0.21999031,0.64902294,0.7605562,-0.017983526
1356783350792,0.18189454,-0.13175961,0.97445047,0.7374207,-0.63727254,-0.22381803,0.65048075,0.7592912,-0.018754154
1356783350832,0.18426692,-0.13512531,0.97354347,0.73614454,-0.63733894,-0.22779438,0.65125793,0.75864375,-0.017968722
1356783350872,0.18553555,-0.13973406,0.97265154,0.7359735,-0.636101,-0.23177284,0.65109116,0.7588478,-0.015178807
1356783350912,0.18497258,-0.14540762,0.9719268,0.73748577,-0.63313025,-0.23507589,0.64953816,0.7602648,-0.009875648
1356783350952,0.18233031,-0.15184444,0.9714416,0.74133116,-0.62779826,-0.23727083,0.6458976,0.76342165,-0.0018996298
1356783350993,0.17821997,-0.15867248,0.97111315,0.74779415,-0.6196227,-0.23847774,0.6395636,0.76869416,0.008225232
1356783351032,0.17375171,-0.16552398,0.9707792,0.75645614,-0.60874,-0.23918587,0.630543,0.7759108,0.019441962
1356783351095,0.17012036,-0.17209578,0.9702794,0.76629347,-0.59595823,-0.24005869,0.619559,0.78435767,0.03049121
1356783351114,0.16855037,-0.17809203,0.969471,0.776055,-0.58242255,-0.24191457,0.6077248,0.7931376,0.040041625
1356783351153,0.17005986,-0.1831102,0.96827185,0.78466475,-0.5692528,-0.24546412,0.59613836,0.80151236,0.046872996
1356783351193,0.17508638,-0.18664733,0.96669936,0.7912848,-0.5575687,-0.2509694,0.58584404,0.8088758,0.050068446
1356783351232,0.18316579,-0.18821543,0.9648965,0.7953907,-0.54845613,-0.257972,0.57775766,0.81472135,0.04924637
1356783351272,0.19289559,-0.18755212,0.963128,0.7969614,-0.54265535,-0.2652882,0.5724019,0.8187487,0.044795923
1356783351312,0.20226169,-0.1848408,0.96172976,0.7965697,-0.54022473,-0.271356,0.56970775,0.8209697,0.037971772
1356783351352,0.20927984,-0.18076175,0.9610032,0.79522693,-0.54044455,-0.27483436,0.5690484,0.8217329,0.030642413
1356783351393,0.21297187,-0.17631355,0.96101844,0.79395854,-0.54202306,-0.27539206,0.56944954,0.82165956,0.02455002
1356783351432,0.21430838,-0.17256013,0.96140254,0.79326844,-0.5435405,-0.2743882,0.5699097,0.82145405,0.02040124
1356783351472,0.21605122,-0.170466,0.96138614,0.79300386,-0.54380256,-0.27463397,0.56961995,0.82171786,0.017690927
1356783351512,0.22175533,-0.17088154,0.96001256,0.79254067,-0.541974,-0.2795416,0.5680703,0.8228388,0.015244953
1356783351552,0.23453897,-0.17451173,0.9563143,0.7909563,-0.53765005,-0.2920968,0.5651368,0.82491094,0.011931293
1356783351592,0.25600243,-0.18184939,0.94941753,0.78695846,-0.53116935,-0.31393576,0.56139046,0.8275204,0.0071272254
1356783351632,0.28525096,-0.19307795,0.9388039,0.7790414,-0.5238781,-0.34445065,0.5583247,0.829622,9.790063E-4
1356783351673,0.31825405,-0.20786151,0.9249368,0.7664696,-0.51774716,-0.3800819,0.5578878,0.8298985,-0.0054555833
1356783351714,0.34898216,-0.22524685,0.90965676,0.7503117,-0.5144106,-0.41522777,0.56146586,0.8274331,-0.010514796
1356783351754,0.37166417,-0.24320672,0.89594436,0.7329588,-0.5154267,-0.44396704,0.5697694,0.82169694,-0.013305128
1356783351793,0.38499695,-0.25863764,0.88593674,0.717226,-0.52027863,-0.4635697,0.5808306,0.8138898,-0.014804009
1356783351834,0.38727808,-0.26822323,0.88208383,0.7046847,-0.53081596,-0.47080117,0.59450406,0.803922,-0.016560528
1356783351873,0.3774022,-0.2676373,0.8865314,0.6977058,-0.5473,-0.46224374,0.6089123,0.7929899,-0.019820098
1356783351914,0.35774952,-0.2555052,0.8981828,0.6949349,-0.5696365,-0.4388391,0.6237634,0.7811731,-0.026227716
1356783351952,0.32802218,-0.22793414,0.9167592,0.69716114,-0.5964595,-0.3977465,0.6374698,0.76959854,-0.036745105
1356783351993,0.2977978,-0.18748024,0.93603826,0.70061314,-0.62309474,-0.3476984,0.6484271,0.7593445,-0.05420512
1356783352032,0.27377027,-0.13514718,0.9522526,0.70519996,-0.6450473,-0.29429075,0.65402055,0.75209653,-0.08128899
1356783352100,0.266235,-0.076336116,0.9608807,0.71080446,-0.65776587,-0.24920085,0.65105754,0.74934435,-0.12086025
1356783352116,0.2836079,-0.016644806,0.9587959,0.71725714,-0.6599522,-0.22361854,0.6364815,0.7511232,-0.17522907
1356783352155,0.32354504,0.039852798,0.9453731,0.722452,-0.6556162,-0.21961445,0.6110497,0.75404185,-0.24091312
1356783352194,0.38062435,0.08868101,0.92046773,0.7212082,-0.651472,-0.23546314,0.5787778,0.7534719,-0.31192356
1356783352234,0.43229103,0.13052654,0.8922372,0.7150482,-0.6524635,-0.25099283,0.54939103,0.7464946,-0.3753869
1356783352274,0.4564929,0.1675981,0.87379926,0.7127409,-0.65672886,-0.24638918,0.5325548,0.7352674,-0.41924608
1356783352314,0.4429568,0.20212868,0.87346053,0.7216853,-0.65843594,-0.21361768,0.5319395,0.724987,-0.43753195
1356783352354,0.39252076,0.2340394,0.88946784,0.7411711,-0.6531235,-0.15522593,0.54460335,0.7201773,-0.42982775
1356783352394,0.31149006,0.26097766,0.9137093,0.76461244,-0.6397615,-0.07793036,0.5642179,0.7229079,-0.39882606
1356783352441,0.2095679,0.27976015,0.93691814,0.78393185,-0.6207662,0.010010183,0.58440757,0.7323821,-0.3494056
1356783352473,0.10041255,0.2879911,0.9523542,0.79323965,-0.60095644,0.098092616,0.6005732,0.7455954,-0.28878948
1356783352509,-0.0028718114,0.2854516,0.9583888,0.79209083,-0.5843527,0.17642021,0.6103965,0.75963765,-0.22442546
1356783352553,-0.091926634,0.27366596,0.9574218,0.7844108,-0.5723778,0.2389214,0.61339164,0.7729752,-0.16204983
1356783352592,-0.15974647,0.25451708,0.95378304,0.77528954,-0.565744,0.28081992,0.6110705,0.7843181,-0.10694885
1356783352633,-0.20515919,0.23070204,0.95115,0.7686857,-0.5635755,0.30249798,0.6058317,0.7931956,-0.06171468
1356783352672,-0.22805285,0.20376647,0.95208776,0.7668042,-0.5650071,0.30459523,0.60000265,0.7995287,-0.027397513
1356783352712,-0.23063278,0.17509314,0.95715773,0.7700764,-0.5684604,0.2895431,0.5948032,0.80386275,-0.003729552
1356783352752,-0.21608365,0.14577827,0.9654308,0.7776786,-0.5721696,0.26045728,0.59035915,0.8070754,0.010267824
1356783352792,-0.18720692,0.116674215,0.97536695,0.7882191,-0.5747134,0.22003448,0.58622885,0.8099948,0.015625477
1356783352832,-0.14627385,0.08852965,0.9852749,0.80027777,-0.5748892,0.17046449,0.58151495,0.81342804,0.013242841
1356783352872,-0.0962913,0.061972797,0.99342203,0.8123646,-0.57181585,0.11441326,0.575145,0.81803787,0.0047163963
1356783352912,-0.04200387,0.03777802,0.99840295,0.8225189,-0.56597215,0.056019753,0.56718457,0.82355833,-0.007300094
1356783352952,0.009384453,0.017006993,0.99981135,0.828535,-0.55993456,0.001747787,0.5598586,0.8283623,-0.019345552
1356783352992,0.048916757,0.0011582077,0.9988022,0.8296137,-0.5569043,-0.03998491,0.55619097,0.8305758,-0.028202817
1356783353033,0.069631934,-0.008029699,0.9975404,0.8270026,-0.5587439,-0.06222537,0.55786926,0.82930136,-0.032265857
1356783353099,0.0699383,-0.0087070465,0.9975133,0.82273006,-0.56497306,-0.062615275,0.5641134,0.8250634,-0.032349676
1356783353116,0.052854717,-4.2885542E-4,0.99860215,0.81712097,-0.57482296,-0.043496013,0.574038,0.8182777,-0.030031696
1356783353154,0.022319913,0.017319232,0.9996008,0.8095834,-0.5869515,-0.00790742,0.58658034,0.8094368,-0.027122006
1356783353196,-0.015423894,0.043268293,0.9989444,0.7992358,-0.59979457,0.038319886,0.60081947,0.7989833,-0.025330365
1356783353235,-0.05296117,0.07580286,0.9957154,0.7864548,-0.6112937,0.08836803,0.615373,0.78776515,-0.027240708
1356783353274,-0.082990825,0.11404958,0.99000263,0.7739754,-0.61841136,0.13612327,0.6277536,0.7775347,-0.036949158
1356783353314,-0.09683037,0.15791008,0.9826944,0.76692355,-0.6174755,0.17479199,0.6343912,0.77057666,-0.061314583
1356783353353,-0.09373522,0.20837787,0.97354627,0.76923585,-0.60562813,0.20369247,0.63205206,0.76797986,-0.103523016
1356783353394,-0.067029715,0.26575345,0.96170795,0.78464776,-0.5813425,0.21533403,0.6163075,0.7690358,-0.1695557
1356783353432,-0.028333664,0.3273068,0.94449323,0.8068636,-0.5502647,0.21489492,0.5900579,0.76816595,-0.24850094
1356783353472,0.014734209,0.38688433,0.92201054,0.82895935,-0.5203481,0.20509571,0.5591147,0.76128733,-0.32837835
1356783353512,0.045912266,0.4366857,0.8984418,0.8439894,-0.4980908,0.1989663,0.5343913,0.74914026,-0.39142665
1356783353552,0.05381,0.4705543,0.88072884,0.84958345,-0.4850368,0.20723751,0.5247023,0.7371011,-0.425875
1356783353592,0.0359596,0.48615217,0.8731341,0.84626985,-0.47951978,0.23213851,0.5315396,0.73055935,-0.4286593
1356783353632,-0.0034544468,0.4836449,0.87525743,0.8352323,-0.47990233,0.26847827,0.5498863,0.7319708,-0.40229803
1356783353672,-0.056533456,0.46486256,0.8835761,0.8181559,-0.4856423,0.30785134,0.5722105,0.740307,-0.35287502
1356783353712,-0.113915086,0.43335116,0.8939967,0.7975105,-0.49672753,0.34240153,0.5924529,0.7519765,-0.28901735
1356783353752,-0.16765171,0.3935763,0.90387523,0.7765424,-0.5121243,0.36702925,0.6073506,0.76343054,-0.2197701
1356783353792,-0.21267438,0.3497237,0.91239405,0.7586944,-0.5293217,0.37973857,0.61575353,0.7729889,-0.15276024
1356783353832,-0.24615526,0.30532497,0.9198828,0.7464345,-0.54568964,0.38086528,0.6182581,0.78038424,-0.09358081
1356783353872,-0.26745486,0.26305953,0.9269669,0.7403476,-0.5596295,0.3724248,0.61672795,0.7858845,-0.045079887
1356783353913,-0.27637684,0.2246201,0.93443125,0.7399466,-0.5707124,0.35604286,0.6132658,0.78983116,-0.008475244
1356783353952,-0.27336448,0.19089353,0.9427786,0.7445228,-0.5785971,0.33303314,0.6090629,0.79295963,0.016043335
1356783353992,-0.25906384,0.16217652,0.9521474,0.7535362,-0.582748,0.30428275,0.6042095,0.79630625,0.028762996
1356783354032,-0.23418546,0.13837782,0.9622935,0.7664273,-0.58268535,0.27030927,0.59811914,0.8008304,0.030399919
1356783354092,-0.20020366,0.11892605,0.9725097,0.78236276,-0.5780992,0.23175386,0.5897686,0.80725336,0.0226942
1356783354114,-0.16015935,0.1028465,0.98171866,0.7995601,-0.5696984,0.19012427,0.57883716,0.8153933,0.009010613
1356783354154,-0.118694305,0.08927992,0.9889089,0.81494355,-0.56022036,0.14839143,0.56725526,0.82351816,-0.006263107
1356783354196,-0.081731975,0.07756004,0.9936319,0.8252084,-0.55379295,0.11110565,0.5588837,0.8290342,-0.018740594
1356783354234,-0.05464661,0.06782663,0.9961994,0.82898194,-0.5530629,0.08312935,0.5565993,0.83037406,-0.026004076
1356783354275,-0.040026188,0.061232477,0.9973206,0.8271624,-0.55790025,0.06745052,0.5605356,0.82764596,-0.028318584
1356783354314,-0.037709653,0.059278935,0.9975289,0.8213309,-0.5667677,0.06472948,0.56920433,0.8217423,-0.027314976
1356783354355,-0.045924425,0.06320873,0.9969431,0.8129871,-0.5775516,0.074068666,0.58046794,0.8139034,-0.024864167
1356783354394,-0.061273992,0.072736084,0.9954672,0.8025689,-0.58935034,0.09246272,0.5934043,0.8045966,-0.02226393
1356783354435,-0.08016664,0.08800033,0.9928893,0.790668,-0.60094213,0.117100984,0.606974,0.79443336,-0.021403491
1356783354475,-0.09664565,0.10933381,0.9892956,0.77879506,-0.6106283,0.14356628,0.6197885,0.7843336,-0.026134014
1356783354515,-0.105268955,0.13810194,0.9848077,0.7698851,-0.6155062,0.16860917,0.62944055,0.77593815,-0.04152897
1356783354556,-0.09583962,0.1778214,0.97938466,0.7689736,-0.61153764,0.1862829,0.63205564,0.7709743,-0.078130424
1356783354595,-0.070427835,0.22977278,0.9706927,0.77709305,-0.5974914,0.19781366,0.6254328,0.7682502,-0.13647476
1356783354633,-0.028159678,0.29257065,0.9558292,0.79364973,-0.5747965,0.19932172,0.60772294,0.7642064,-0.21601251
1356783354674,0.018459797,0.358031,0.93352723,0.8120744,-0.5500454,0.19489798,0.58326185,0.75449586,-0.30090156
1356783354714,0.05468428,0.41420555,0.9085392,0.82594323,-0.5300698,0.19194743,0.5610949,0.73990524,-0.37109676
1356783354752,0.07117599,0.4524131,0.88896364,0.8325008,-0.5178566,0.19689336,0.5494328,0.7260488,-0.41349322
1356783354792,0.06608236,0.4691778,0.8806278,0.8319508,-0.5131731,0.21097699,0.55090016,0.7186972,-0.42424455
1356783354832,0.04270035,0.46444237,0.88457334,0.8257474,-0.5148179,0.23044276,0.56242156,0.7205941,-0.40549496
1356783354872,0.006914079,0.44002706,0.89795786,0.8157111,-0.5219019,0.24946718,0.5784182,0.73074937,-0.36254346
1356783354912,-0.03386867,0.39967015,0.91603315,0.8037801,-0.5338208,0.26262718,0.5939617,0.745184,-0.30316716
1356783354952,-0.0727343,0.34843755,0.93450576,0.79206085,-0.54922986,0.26643217,0.60609347,0.75956416,-0.23603588
1356783354992,-0.10495925,0.29141957,0.95081973,0.78267854,-0.56563133,0.25976044,0.61351275,0.77145046,-0.16871959
1356783355032,-0.1281687,0.23305002,0.9639816,0.7770399,-0.5803919,0.24362761,0.61626446,0.78027755,-0.106701136
1356783355092,-0.14120167,0.17720509,0.973992,0.7753139,-0.59198236,0.22010234,0.6155894,0.7862284,-0.053800613
1356783355114,-0.14346933,0.12699866,0.98147225,0.77679205,-0.60003316,0.19119164,0.6131971,0.78982997,-0.012565136
1356783355154,-0.13539833,0.08429855,0.98719853,0.78071374,-0.6044037,0.15868911,0.6100437,0.7922057,0.016022235
1356783355194,-0.11778808,0.049687147,0.99179494,0.7866949,-0.6048157,0.12373006,0.6060009,0.79481393,0.03215143
1356783355252,-0.0916037,0.023239523,0.9955243,0.79451215,-0.6009639,0.08713633,0.60029924,0.7989382,0.036586434
1356783355272,-0.05806583,0.00457564,0.9983022,0.80389047,-0.5927161,0.049474657,0.59193623,0.8053984,0.03073828
1356783355313,-0.019254744,-0.007609427,0.99978566,0.813789,-0.5810516,0.011250228,0.5808414,0.8138312,0.017380416
1356783355350,0.021347523,-0.015842348,0.99964654,0.82174695,-0.56923264,-0.026569605,0.5694524,0.82202375,8.6674094E-4
1356783355393,0.059485555,-0.023212284,0.99795926,0.8251406,-0.561488,-0.062244415,0.5617869,0.8271593,-0.01424709
1356783355432,0.0917421,-0.032423288,0.9952548,0.823092,-0.5600549,-0.09411758,0.56044894,0.8278208,-0.02469322
1356783355472,0.1167807,-0.043958217,0.99218446,0.8167056,-0.5641997,-0.121123314,0.56511444,0.8244674,-0.029986784
1356783355512,0.13541907,-0.056575388,0.98917186,0.80785954,-0.5716902,-0.14329484,0.5736067,0.81851673,-0.031712815
1356783355552,0.1488229,-0.06844637,0.9864922,0.7978021,-0.5811152,-0.16067687,0.58426327,0.810938,-0.03187664
1356783355592,0.15783495,-0.07792258,0.9843862,0.78697145,-0.592221,-0.1730611,0.5964596,0.801999,-0.03215033
1356783355632,0.16352922,-0.08304477,0.98303705,0.7755809,-0.60500276,-0.18012798,0.6096987,0.7918809,-0.034527734
1356783355672,0.16842777,-0.080575764,0.9824152,0.76409876,-0.6189625,-0.1817652,0.62272406,0.7812765,-0.042682678
1356783355712,0.1773935,-0.065505594,0.98195755,0.75360656,-0.63266873,-0.17834601,0.6329365,0.7716471,-0.06286582
1356783355752,0.1967398,-0.032237113,0.97992563,0.745867,-0.6437906,-0.17092693,0.6363771,0.7645223,-0.10261463
1356783355792,0.2310924,0.022022903,0.97268254,0.7421946,-0.650408,-0.16160631,0.6290814,0.7592657,-0.16664964
1356783355832,0.2774006,0.091754764,0.9563629,0.7419325,-0.652886,-0.15256462,0.6103974,0.75187826,-0.24918681
1356783355872,0.32398742,0.16219768,0.9320537,0.7427801,-0.65377325,-0.14442396,0.58592653,0.7391025,-0.3322915
1356783355912,0.35699272,0.21682963,0.90859294,0.74307966,-0.65532655,-0.13557208,0.5660291,0.72355515,-0.39506847
1356783355952,0.36886835,0.24672876,0.89613676,0.7428301,-0.6577708,-0.12466347,0.5586945,0.71166176,-0.4259084
1356783355992,0.35918608,0.25122797,0.8988158,0.74300116,-0.6597661,-0.11250803,0.564743,0.7082325,-0.42364144
1356783356032,0.33162975,0.23379382,0.91398144,0.7447014,-0.6596384,-0.101474434,0.5791732,0.71429515,-0.39286232
1356783356096,0.29170442,0.1992414,0.9355274,0.7484366,-0.65657735,-0.093535304,0.59560996,0.7274676,-0.34064606
1356783356114,0.24654502,0.15356234,0.9568877,0.7537899,-0.6509575,-0.0897499,0.6091111,0.74341977,-0.27624404
1356783356154,0.20267755,0.10263017,0.9738526,0.7603208,-0.6432191,-0.09045136,0.6171176,0.75877285,-0.20839791
1356783356194,0.16505957,0.051305145,0.9849483,0.7677009,-0.6336299,-0.09564757,0.61918545,0.7719332,-0.1439737
1356783356233,0.1368491,0.0031816661,0.9905868,0.7752173,-0.62289095,-0.10509524,0.6166932,0.78230214,-0.08770852
1356783356274,0.11973357,-0.039332986,0.9920266,0.78182214,-0.61211157,-0.118632436,0.61189705,0.78979266,-0.042538986
1356783356314,0.11440396,-0.074931175,0.9906044,0.78676283,-0.6019964,-0.13639867,0.6065608,0.7949752,-0.009917706
1356783356354,0.12061465,-0.103171825,0.9873235,0.7899308,-0.5923833,-0.15840253,0.6012167,0.7990229,0.010048464
1356783356394,0.13748366,-0.1242204,0.98268384,0.79148495,-0.5827096,-0.18439364,0.5955247,0.8031306,0.018205523
1356783356434,0.16351831,-0.13859677,0.9767562,0.79163116,-0.5723921,-0.21374613,0.5887121,0.80818206,0.01612091
1356783356474,0.19583118,-0.14759761,0.9694664,0.79042923,-0.56136614,-0.24513173,0.5804065,0.814299,0.0067325234
1356783356514,0.23003173,-0.1529809,0.9610839,0.7874671,-0.5510147,-0.27618518,0.5718224,0.8203534,-0.0062834546
1356783356554,0.26030773,-0.15728211,0.9526291,0.78223217,-0.5440223,-0.30356622,0.5659971,0.82419777,-0.018582053
1356783356594,0.28131753,-0.1621798,0.9458109,0.7754251,-0.54220945,-0.32361233,0.56531096,0.8244432,-0.026774764
1356783356632,0.29032326,-0.1670573,0.9422337,0.76887834,-0.54545873,-0.33361802,0.56968284,0.82132006,-0.029912643
1356783356672,0.28690767,-0.16929644,0.94288,0.76428056,-0.5529501,-0.33184546,0.5775458,0.81583387,-0.029255599
1356783356712,0.2713127,-0.16567439,0.9481252,0.7622983,-0.56441396,-0.3167621,0.5876145,0.8086958,-0.026839413
1356783356752,0.24381435,-0.15343356,0.9576078,0.7622798,-0.5801221,-0.2870329,0.59957,0.7999478,-0.024482824
1356783356792,0.20569873,-0.13027415,0.9699055,0.76256263,-0.5998274,-0.24229181,0.61334026,0.7894528,-0.024041533
1356783356832,0.1614291,-0.09424427,0.9823741,0.7611985,-0.62165457,-0.18472287,0.62810636,0.77760124,-0.02861455
1356783356872,0.12004775,-0.043681294,0.9918067,0.75764763,-0.6415447,-0.11996034,0.6415283,0.765841,-0.043921024
1356783356912,0.093408465,0.022372752,0.99537647,0.75460184,-0.65377885,-0.056118846,0.6495006,0.75635487,-0.077951
1356783356952,0.09003979,0.102535486,0.9906459,0.7567871,-0.65366036,-0.0011281073,0.6474303,0.7498096,-0.13645293
1356783356992,0.10795754,0.1906167,0.9757102,0.7663013,-0.6412049,0.0404796,0.63334626,0.74331796,-0.2152927
1356783357032,0.13328522,0.27549258,0.95201826,0.78022194,-0.6215039,0.07061592,0.6111373,0.7333735,-0.29778263
1356783357093,0.14875412,0.3462233,0.92628384,0.7940673,-0.6000767,0.096773505,0.5893465,0.7211362,-0.36418846
1356783357114,0.14225495,0.3971036,0.906682,0.805155,-0.5792276,0.12736115,0.5757508,0.7119018,-0.40212792
1356783357154,0.110125184,0.42741722,0.8973222,0.8120765,-0.5592305,0.16671237,0.57306564,0.710335,-0.40868086
1356783357194,0.054825366,0.43890244,0.89686054,0.81353205,-0.5404197,0.2147372,0.57892984,0.71785176,-0.38668984
1356783357234,-0.017250597,0.4341898,0.90065616,0.80817604,-0.52430844,0.26823878,0.5886882,0.73251605,-0.34185714
1356783357274,-0.09716463,0.41692132,0.90373427,0.79535514,-0.5133355,0.3223303,0.5983053,0.7501088,-0.2817225
1356783357314,-0.17502165,0.39192015,0.9031977,0.7763756,-0.5092133,0.37140647,0.6054819,0.76622486,-0.21515393
1356783357354,-0.24374348,0.36377668,0.8990304,0.7542825,-0.5115877,0.41150457,0.6096286,0.77842444,-0.14969423
1356783357392,-0.29933995,0.33613792,0.89297634,0.73251045,-0.5187538,0.4408207,0.6114115,0.78606975,-0.090940714
1356783357432,-0.34035844,0.31153196,0.8871888,0.7137545,-0.5286388,0.45945144,0.61213624,0.7896131,-0.04243061
1356783357472,-0.3670872,0.2913975,0.88336545,0.69991505,-0.5389719,0.4686451,0.6126712,0.7903143,-0.0061038136
1356783357512,-0.3812768,0.2761599,0.88224924,0.69218385,-0.5473138,0.4704563,0.6127883,0.7900527,0.01752454
1356783357552,-0.38525957,0.26561224,0.8837563,0.6911715,-0.5514901,0.4670552,0.6114385,0.7907647,0.028883219
1356783357592,-0.38156623,0.25921345,0.8872517,0.6969235,-0.549876,0.46036285,0.6072107,0.79400545,0.029162228
1356783357632,-0.37297964,0.25619632,0.8917677,0.70863616,-0.5417613,0.45202816,0.59893316,0.80053616,0.020515919
1356783357673,-0.3623441,0.2558645,0.89623666,0.7237186,-0.5286893,0.4435302,0.58731437,0.8093337,0.006393522
1356783357712,-0.35249305,0.2578401,0.8995928,0.7377656,-0.514826,0.436642,0.5757175,0.81760186,-0.0087530315
1356783357752,-0.34662277,0.26195037,0.9006856,0.7462766,-0.5047057,0.43398535,0.5682638,0.8225899,-0.020544887
1356783357792,-0.3473354,0.26838928,0.8985129,0.7469477,-0.5001111,0.43813038,0.56694573,0.82332027,-0.026766509
1356783357832,-0.355372,0.277898,0.89245915,0.73993534,-0.49976438,0.45025682,0.5711448,0.8203708,-0.028024316
1356783357872,-0.36927325,0.2912616,0.88249874,0.7266068,-0.5015426,0.46957177,0.57937896,0.81462985,-0.026426435
1356783357912,-0.38626385,0.3088385,0.8691485,0.7084011,-0.50414807,0.49396622,0.5907353,0.806507,-0.024047315
1356783357952,-0.403167,0.33053744,0.8533472,0.6868204,-0.5069434,0.5208514,0.6047596,0.7960863,-0.02263707
1356783357992,-0.41678607,0.3563313,0.836252,0.664079,-0.5088412,0.54779536,0.6207161,0.7836508,-0.024554193
1356783358032,-0.42417914,0.38687682,0.81877846,0.64384997,-0.506966,0.573099,0.6368117,0.77026725,-0.034046203
1356783358114,-0.4226871,0.4234705,0.8012542,0.6319742,-0.49596292,0.5955077,0.6495723,0.7580854,-0.057985306
1356783358119,-0.41118664,0.4667693,0.7829763,0.63511145,-0.4694476,0.61339414,0.65387994,0.7494967,-0.10341996
1356783358142,-0.3959403,0.5112203,0.7628139,0.648946,-0.4319569,0.6263245,0.64969254,0.74301213,-0.16072524
1356783358179,-0.37168646,0.5582251,0.7417775,0.68186563,-0.37808013,0.62619054,0.6300066,0.7385391,-0.2401073
1356783358221,-0.3463999,0.60173804,0.7196656,0.7204606,-0.3206687,0.61490506,0.6007859,0.73149365,-0.32244897
1356783358262,-0.32770938,0.6350651,0.69949913,0.750577,-0.27465802,0.60099685,0.5737951,0.7219802,-0.38665724
1356783358302,-0.32018614,0.65453374,0.6848842,0.76504314,-0.24773765,0.59441996,0.55873954,0.714291,-0.4214244
1356783358342,-0.32488573,0.6593137,0.6780522,0.76342416,-0.24035996,0.5995087,0.5582409,0.71241325,-0.42524654
1356783358382,-0.34022683,0.6499751,0.6795425,0.74917716,-0.24938804,0.6136279,0.5683127,0.71787035,-0.40209794
1356783358422,-0.36299294,0.6279154,0.6884463,0.72721493,-0.27103096,0.63063514,0.5825758,0.72956455,-0.35824716
1356783358462,-0.38865477,0.595393,0.7031746,0.7029684,-0.30174756,0.644037,0.59563637,0.7446177,-0.30126685
1356783358502,-0.4127084,0.55490303,0.7223258,0.68152475,-0.3380056,0.6490579,0.6043143,0.76015455,-0.23868245
1356783358542,-0.43116224,0.5088173,0.74512017,0.6669456,-0.37646884,0.6430045,0.6076863,0.7741938,-0.17703432
1356783358582,-0.44092762,0.45921516,0.7711707,0.66133094,-0.4146701,0.62505203,0.6068148,0.7856018,-0.12085366
1356783358622,-0.43942398,0.4078772,0.80033916,0.6650593,-0.45118517,0.59508663,0.60382336,0.79376835,-0.07300103
1356783358662,-0.4250306,0.35597157,0.8322458,0.677361,-0.48481393,0.5532969,0.6004424,0.79889905,-0.035060525
1356783358702,-0.3973841,0.30396232,0.86584795,0.6967981,-0.5140251,0.5002504,0.59712493,0.8021129,-0.007534951
1356783358742,-0.35696983,0.25221828,0.8994212,0.72140944,-0.5372369,0.43697256,0.59341466,0.8048369,0.009824723
1356783358782,-0.30455297,0.20152992,0.93093145,0.7488165,-0.5533694,0.36476886,0.5886607,0.8081882,0.017621309
1356783358822,-0.24106425,0.15274626,0.9584136,0.7763243,-0.56228554,0.28487816,0.5824162,0.81271374,0.016966373
1356783358862,-0.16792947,0.106530756,0.980026,0.8005805,-0.56534505,0.19863519,0.57521355,0.8179463,0.009651601
1356783358902,-0.08782029,0.06276217,0.99415714,0.81744194,-0.5658089,0.107930005,0.56927687,0.82214427,-0.0016149282
1356783358943,-0.0059719086,0.020169586,0.9997787,0.82332814,-0.56732965,0.016363263,0.56753415,0.82324374,-0.01321815
1356783358982,0.07082659,-0.022542834,0.99723387,0.8175311,-0.57149315,-0.07098234,0.57151246,0.8202972,-0.022047475
1356783359022,0.13735336,-0.06510079,0.9883805,0.80268854,-0.5773373,-0.14957505,0.58036643,0.8139063,-0.027043581
1356783359097,0.18994904,-0.105978966,0.9760573,0.78128785,-0.5857364,-0.21564373,0.594566,0.803543,-0.02846001
1356783359109,0.23274237,-0.14327446,0.9619269,0.75860953,-0.5921686,-0.27174956,0.60855776,0.79297453,-0.02913332
1356783359153,0.26002347,-0.16967404,0.950578,0.73807377,-0.5998252,-0.30896074,0.6226033,0.7819337,-0.030736625
1356783359192,0.27486908,-0.18407989,0.94369566,0.72032213,-0.61068887,-0.32893002,0.63685393,0.7701776,-0.035262622
1356783359232,0.28351963,-0.18563661,0.94082713,0.7044488,-0.625358,-0.3356774,0.6506678,0.75793564,-0.04652977
1356783359272,0.29574227,-0.17273802,0.9395201,0.6894371,-0.6421768,-0.33509028,0.6612209,0.74684036,-0.070826836
1356783359312,0.32383388,-0.1442084,0.9350591,0.67463887,-0.65771157,-0.33507878,0.6633204,0.73933715,-0.1157007
1356783359352,0.37505877,-0.101721704,0.92140305,0.65918344,-0.6695869,-0.34224337,0.6517731,0.735735,-0.18408117
1356783359392,0.44372174,-0.052319884,0.89463603,0.6410514,-0.6790664,-0.35766178,0.6262301,0.73221,-0.2677768
1356783359432,0.51183724,-0.007428676,0.8590504,0.6200907,-0.688875,-0.37541804,0.5945672,0.7248421,-0.34798545
1356783359472,0.5617866,0.02289021,0.82696545,0.6005725,-0.6987596,-0.38864845,0.56895375,0.7149902,-0.40630102
1356783359512,0.585832,0.034273565,0.80970746,0.5879973,-0.7055446,-0.3955578,0.5577275,0.7078363,-0.43348336
1356783359552,0.5852263,0.027391523,0.8104072,0.58524764,-0.70602447,-0.39876646,0.56124455,0.7076575,-0.4292149
1356783359592,0.5651089,0.005075276,0.8250007,0.59246975,-0.6983913,-0.40153342,0.5741355,0.71569806,-0.39767408
1356783359632,0.53170115,-0.029313862,0.8464246,0.60784376,-0.6827265,-0.40547568,0.58976257,0.7300858,-0.3451882
1356783359672,0.4917037,-0.07220796,0.8677635,0.62790406,-0.66104573,-0.410798,0.60329425,0.7468632,-0.27969897
1356783359712,0.4519347,-0.11992738,0.88395274,0.64867723,-0.63603854,-0.41793883,0.6123502,0.76228106,-0.20965374
1356783359752,0.41848862,-0.16904996,0.8923505,0.66698897,-0.60966194,-0.42829657,0.6164357,0.77442515,-0.14238212
1356783359792,0.3958013,-0.21684258,0.89236796,0.6807453,-0.5829357,-0.44358963,0.61638224,0.7830487,-0.08311212
1356783359832,0.3865155,-0.26145893,0.8844462,0.68842363,-0.5563691,-0.46532398,0.6137416,0.78872854,-0.035050835
1356783359872,0.39090824,-0.30174744,0.8695626,0.6892842,-0.53011984,-0.49382198,0.609982,0.7924149,7.615648E-4
1356783359912,0.4075439,-0.33705595,0.84870565,0.68320286,-0.5041342,-0.52828276,0.60592234,0.79513645,0.024820775
1356783359952,0.434649,-0.36705735,0.82240444,0.6700671,-0.47833735,-0.5676297,0.60173947,0.79778576,0.038044244
1356783359992,0.47066343,-0.39115202,0.7908704,0.64965415,-0.452883,-0.61061156,0.5970137,0.8011848,0.040958077
1356783360042,0.51880527,-0.40663594,0.7519896,0.61941963,-0.42745128,-0.6584868,0.58920324,0.80742353,0.030114293
1356783360096,0.57166314,-0.41875026,0.7055845,0.5808278,-0.40085715,-0.7084862,0.57951736,0.8148385,0.014066517
1356783360124,0.6192542,-0.4252451,0.66006887,0.5411107,-0.37802905,-0.7511945,0.568967,0.8223506,-0.0039913654
1356783360164,0.65639544,-0.42982447,0.6199968,0.5046954,-0.36065304,-0.7843545,0.56073844,0.8277562,-0.019800574
1356783360204,0.6800583,-0.4354354,0.58984464,0.47613865,-0.34946918,-0.8069468,0.5575058,0.82961875,-0.03033179
1356783360244,0.69072527,-0.4422418,0.57211953,0.4581784,-0.3444394,-0.8194108,0.5594383,0.8281206,-0.03528732
1356783360283,0.69016683,-0.4481743,0.5681632,0.4520085,-0.34614584,-0.82211393,0.56511766,0.82421046,-0.036319822
1356783360324,0.6788403,-0.4505779,0.5797891,0.45855856,-0.35655963,-0.8139958,0.57349795,0.8184404,-0.03543067
1356783360362,0.65533805,-0.4463062,0.609379,0.47875735,-0.378575,-0.7921315,0.5842288,0.81085855,-0.03442222
1356783360402,0.617779,-0.43082544,0.6578286,0.5119022,-0.41468683,-0.7523237,0.59691304,0.80151373,-0.035644352
1356783360442,0.5667678,-0.39803794,0.72134596,0.55342674,-0.46466556,-0.6912341,0.61032206,0.7909814,-0.04307264
1356783360482,0.51028955,-0.34327817,0.7885206,0.59387785,-0.52250665,-0.61179733,0.62202394,0.7804786,-0.06276438
1356783360522,0.46554846,-0.26789528,0.84350264,0.6235481,-0.5770691,-0.52742684,0.6280545,0.77150714,-0.10160804
1356783360562,0.4507512,-0.18113694,0.8740783,0.6383498,-0.6190517,-0.4574763,0.6239655,0.76417565,-0.16340956
1356783360602,0.46823114,-0.095067084,0.878477,0.6409531,-0.6478068,-0.41173455,0.6082258,0.7558495,-0.24238977
1356783360642,0.4994837,-0.018971145,0.86611557,0.63820255,-0.6680222,-0.38267982,0.5858443,0.74389946,-0.32155877
1356783360682,0.51893055,0.043116838,0.8537283,0.63985133,-0.6818552,-0.35449088,0.56683457,0.7302153,-0.38142386
1356783360722,0.5098485,0.09170726,0.8553621,0.6536771,-0.68768615,-0.31590182,0.5592502,0.72019273,-0.4105627
1356783360762,0.4676651,0.12861162,0.8744989,0.68019575,-0.6841738,-0.26313478,0.564467,0.7178894,-0.4074453
1356783360802,0.39549512,0.15460205,0.90536284,0.71357596,-0.67233735,-0.19690567,0.5782672,0.72392035,-0.37622643
1356783360842,0.3024783,0.16929218,0.93800163,0.7451259,-0.65568084,-0.12194303,0.5943856,0.73581433,-0.3244732
1356783360882,0.20228314,0.17254028,0.964008,0.76782346,-0.63895303,-0.046755493,0.6078886,0.7496458,-0.2617299
1356783360941,0.1079455,0.16550744,0.98028314,0.7799876,-0.62548435,0.019714862,0.6164148,0.7624806,-0.19661194
1356783360962,0.029201388,0.15000919,0.9882533,0.78434205,-0.61632353,0.07037696,0.6196409,0.77307355,-0.13565607
1356783361003,-0.028459907,0.12787974,0.9913813,0.7850815,-0.6110432,0.10135695,0.6187383,0.7811997,-0.083005786
1356783361040,-0.06219673,0.10036123,0.99300516,0.785545,-0.6088161,0.1107344,0.6156709,0.78693753,-0.040971935
1356783361093,-0.07101393,0.06819126,0.9951417,0.78800094,-0.60784304,0.09788418,0.6115648,0.79112375,-0.010569453
1356783361134,-0.047689974,0.025253564,0.9985429,0.79306006,-0.60681397,0.053222775,0.6072738,0.79444265,0.008911341
1356783361174,-0.0031787157,-0.02043575,0.9997861,0.79825824,-0.60223603,-0.009771824,0.6023069,0.7980565,0.018227354
1356783361214,0.06278139,-0.06932831,0.99561644,0.8005032,-0.59226865,-0.09171975,0.5960312,0.80275244,0.018314093
1356783361254,0.14818406,-0.12093702,0.98153734,0.79507864,-0.57565904,-0.19096205,0.58812535,0.808697,0.010851011
1356783361293,0.24557805,-0.17307621,0.9538008,0.7769776,-0.55321217,-0.3004364,0.57965267,0.8148625,-0.0013804212
1356783361332,0.341057,-0.22227576,0.91338587,0.74486065,-0.5288435,-0.40682593,0.5734657,0.81909597,-0.014801353
1356783361372,0.42010027,-0.26578027,0.86768466,0.70421916,-0.5075741,-0.4964313,0.5723558,0.8195911,-0.026064485
1356783361412,0.4763517,-0.30298954,0.8254007,0.6634985,-0.49210826,-0.56355935,0.5769391,0.8161046,-0.03338349
1356783361452,0.51178455,-0.3340838,0.79149514,0.6284406,-0.48259547,-0.61005247,0.5857807,0.8096231,-0.03703305
1356783361492,0.5303606,-0.35808858,0.7684336,0.6020473,-0.47907308,-0.63877064,0.5968723,0.80141217,-0.038495153
1356783361532,0.53246397,-0.37162068,0.76051307,0.5878531,-0.4841013,-0.64813167,0.6090245,0.7921768,-0.03930813
1356783361572,0.5133245,-0.3675313,0.77551186,0.5915174,-0.50318825,-0.6300069,0.62177575,0.7821268,-0.040897697
1356783361612,0.46299052,-0.33241725,0.82166815,0.61883473,-0.5424449,-0.5681523,0.63457334,0.771526,-0.04543549
1356783361652,0.36845034,-0.24568683,0.8965949,0.6684848,-0.6002075,-0.43917996,0.64604366,0.76117605,-0.056908756
1356783361692,0.22896796,-0.09410268,0.9688748,0.7215406,-0.65169805,-0.2338137,0.6534163,0.7526183,-0.081319086
1356783361732,0.08357453,0.09294161,0.9921578,0.7531897,-0.6578009,-0.0018247068,0.65247273,0.74743545,-0.12497808
1356783361772,-0.011817038,0.25666228,0.9664289,0.76896584,-0.61547637,0.17285955,0.63918066,0.7451935,-0.19009143
1356783361812,-0.040310502,0.37025857,0.92805374,0.78878593,-0.55835134,0.2570225,0.6133448,0.7423964,-0.26954728
1356783361852,-0.022926211,0.4408573,0.8972843,0.81297266,-0.5141386,0.27338058,0.58185035,0.73573524,-0.34661767
1356783361892,0.0023533106,0.48447776,0.8748004,0.83112776,-0.48740613,0.26769716,0.55607647,0.72644097,-0.4038099
1356783361932,-0.0014666319,0.5152571,0.8570343,0.83870685,-0.466092,0.28165415,0.5445812,0.7192137,-0.4314661
1356783361972,-0.04776609,0.53849447,0.8412741,0.834869,-0.4408629,0.3295962,0.5483723,0.7180972,-0.428514
1356783362012,-0.12676644,0.5520543,0.8241155,0.8170674,-0.4129662,0.402318,0.56243324,0.7243583,-0.39871532
1356783362052,-0.21929467,0.5532516,0.8036308,0.78459156,-0.38959974,0.4823153,0.57993615,0.73629117,-0.34863943
1356783362096,-0.31320482,0.54349595,0.7787907,0.73951775,-0.37492293,0.5590585,0.59583247,0.7510293,-0.28449726
1356783362133,-0.38105112,0.52215976,0.7629871,0.69768804,-0.37909687,0.6078791,0.606656,0.76395994,-0.21984941
1356783362173,-0.4318964,0.49648407,0.7529734,0.6621467,-0.39231282,0.63847655,0.61239463,0.7743346,-0.15930676
1356783362212,-0.4581827,0.46377736,0.7582738,0.6423231,-0.41691893,0.64311713,0.6144019,0.7817219,-0.10686988
1356783362252,-0.455455,0.41987854,0.7850241,0.6442091,-0.4531722,0.616141,0.6144554,0.7863441,-0.06409007
1356783362292,-0.41317058,0.35464254,0.8387602,0.6728276,-0.5017973,0.5436014,0.61367184,0.78894114,-0.031285375
1356783362332,-0.30974633,0.24939404,0.9175291,0.7275551,-0.55909896,0.39758247,0.61214435,0.79070276,-0.008269012
1356783362372,-0.11107725,0.078668445,0.9906932,0.7849659,-0.6044258,0.13600686,0.60950005,0.79276764,0.005385965
1356783362412,0.18822932,-0.1556929,0.9697058,0.77333367,-0.5851409,-0.24405995,0.60541296,0.7958454,0.0102618635
1356783362452,0.4820428,-0.3684311,0.7949171,0.6389836,-0.47291517,-0.6066722,0.59944534,0.800381,0.007456094
1356783362492,0.6650362,-0.48728395,0.56593394,0.45578837,-0.33546868,-0.82445,0.59159434,0.8062352,-0.0010004938
1356783362532,0.7521253,-0.53501034,0.38480055,0.30599892,-0.23362398,-0.9229217,0.5836713,0.8119014,-0.012001933
1356783362572,0.787966,-0.55225945,0.27224827,0.20981619,-0.17486103,-0.96197754,0.5788668,0.8151277,-0.021911561
1356783362612,0.7994137,-0.5608362,0.21540804,0.15966943,-0.1473182,-0.9761163,0.5791749,0.8147148,-0.02821979
1356783362652,0.79888403,-0.5677284,0.19866757,0.14377436,-0.14047842,-0.97958916,0.584049,0.81114143,-0.030601203
1356783362692,0.79112375,-0.5728394,0.21442547,0.15535814,-0.15087868,-0.9762681,0.5915971,0.8056616,-0.030368447
1356783362733,0.7751323,-0.57298756,0.2661863,0.19596663,-0.18249111,-0.9634802,0.6006388,0.7989883,-0.029168308
1356783362773,0.74219626,-0.55996084,0.36822355,0.27527687,-0.24623077,-0.9292971,0.61103797,0.7910843,-0.028607277
1356783362812,0.6698916,-0.51179487,0.5378767,0.4050563,-0.35521865,-0.8424661,0.6222336,0.78223133,-0.030652285
1356783362854,0.5311811,-0.3965931,0.748706,0.5628049,-0.49538478,-0.6616984,0.6333225,0.772857,-0.039934546
1356783362892,0.32692808,-0.2009756,0.9234321,0.69401664,-0.6121656,-0.37893844,0.64145064,0.7647629,-0.060653742
1356783362934,0.17525017,-0.014388323,0.98441875,0.74619836,-0.6503272,-0.14234647,0.64224243,0.7595179,-0.10323343
1356783362972,0.101959646,0.13321474,0.9858286,0.7674602,-0.64105546,0.0072508156,0.6329368,0.75584495,-0.16759877
1356783363012,0.10633379,0.23503011,0.9661542,0.7832975,-0.61832243,0.06420657,0.6124853,0.7499589,-0.24984708
1356783363052,0.1390059,0.3114574,0.94003814,0.79754055,-0.5979148,0.08016926,0.587032,0.7385745,-0.33151355
1356783363096,0.1571657,0.37251335,0.9146216,0.8087172,-0.5800946,0.09729746,0.5668117,0.72437835,-0.39242893
1356783363133,0.13885945,0.42211848,0.8958426,0.81831354,-0.55838525,0.13626742,0.55774635,0.7141581,-0.42296237
1356783363174,0.079058945,0.45989588,0.88444644,0.82380545,-0.5297323,0.20181262,0.56133264,0.7126566,-0.42074475
1356783363214,-0.008054733,0.4824275,0.87589884,0.8197566,-0.49843508,0.28206652,0.57265544,0.72029585,-0.39145836
1356783363254,-0.106275916,0.48886108,0.86586386,0.80344,-0.47081947,0.3644356,0.58582395,0.73440033,-0.34273377
1356783363293,-0.20058995,0.4811781,0.8533647,0.77704054,-0.45234734,0.43770987,0.5966337,0.75089914,-0.28315854
1356783363334,-0.281766,0.4632688,0.84023213,0.74622035,-0.44466352,0.4954086,0.60312784,0.76658756,-0.22040957
1356783363374,-0.34554744,0.43892,0.82942516,0.7171457,-0.44654042,0.53507346,0.60522634,0.779712,-0.16046864
1356783363414,-0.39045745,0.4108743,0.82384783,0.6944395,-0.456052,0.5565702,0.60439783,0.7894294,-0.10725844
1356783363452,-0.4153285,0.38041008,0.82631147,0.68128633,-0.47184074,0.5596565,0.6027863,0.795396,-0.06319928
1356783363492,-0.4201755,0.34761825,0.8382207,0.6791738,-0.4921342,0.54454273,0.6018101,0.7981011,-0.029310405
1356783363532,-0.4060312,0.31174177,0.8590434,0.6880335,-0.5143901,0.51187164,0.6014553,0.7988866,-0.0056303144
1356783363572,-0.37405407,0.27210224,0.8865912,0.7064775,-0.5357238,0.46248198,0.6008103,0.79935,0.0081555545
1356783363612,-0.3248216,0.22854227,0.91774684,0.7321281,-0.55353725,0.39696965,0.59873146,0.80085254,0.01247862
1356783363652,-0.25967866,0.18177861,0.9484322,0.7612689,-0.56574374,0.31686544,0.5941689,0.80429506,0.008529156
1356783363692,-0.18279552,0.13391086,0.97398853,0.78851354,-0.5717528,0.22659472,0.58722425,0.8094237,-0.0010766685
1356783363732,-0.10351169,0.08897662,0.99064046,0.8079179,-0.57340586,0.13592082,0.5801328,0.8144255,-0.012531638
1356783363790,-0.036739707,0.05270472,0.997934,0.8165183,-0.5741528,0.060383976,0.5761492,0.81705,-0.021940112
1356783363812,0.0033921003,0.03065896,0.9995242,0.81664485,-0.57694757,0.0149255395,0.5771306,0.8162056,-0.026994571
1356783363853,0.010940909,0.026278883,0.99959475,0.81264627,-0.58272177,0.0064248145,0.5826544,0.8122467,-0.027730912
1356783363890,-0.011836112,0.04063341,0.99910396,0.8064867,-0.5902987,0.033561587,0.59113353,0.8061614,-0.025783405
1356783363933,-0.0576905,0.07214072,0.9957246,0.79663956,-0.5977968,0.08946654,0.60169524,0.79839504,-0.02298294
1356783363973,-0.11772728,0.11793727,0.98601776,0.78054583,-0.6028464,0.1653009,0.6139124,0.7890925,-0.021083951
1356783364012,-0.17950451,0.17245483,0.96852326,0.7577032,-0.60367286,0.24792123,0.6274265,0.7783562,-0.022307515
1356783364052,-0.23285538,0.23221235,0.9443811,0.73168796,-0.597855,0.32741737,0.64063334,0.76723325,-0.030693233
1356783364095,-0.2680447,0.29567868,0.9169112,0.71103686,-0.58147204,0.3953693,0.6500605,0.75793433,-0.054377943
1356783364133,-0.2863304,0.36349207,0.8865035,0.70251495,-0.5495164,0.4522218,0.6515272,0.7522668,-0.09801543
1356783364174,-0.2832883,0.43327707,0.855581,0.71427315,-0.5000008,0.4897072,0.63997,0.7498468,-0.16783383
1356783364214,-0.26954246,0.50260186,0.8214245,0.7407651,-0.43681866,0.5103494,0.61531615,0.74604344,-0.25456876
1356783364254,-0.25713277,0.5637345,0.78491163,0.7695194,-0.37187845,0.51917857,0.5845705,0.7375025,-0.3381825
