1356784005191,0.7267311,0.6311574,-0.27111298,-0.24805507,-0.12691988,-0.9603958,-0.6405705,0.7652005,0.064325154
1356784005233,0.62817395,0.47399813,0.6170277,0.44165236,0.43566614,-0.7843074,-0.6405783,0.7651933,0.06433174
1356784005273,0.6281358,0.47401658,0.61705244,0.44161132,0.4357497,-0.7842841,-0.6406441,0.7651342,0.06437892
1356784005312,0.6279913,0.47403562,0.6171849,0.4415443,0.4360248,-0.784169,-0.64083195,0.76496583,0.064512074
1356784005354,0.62766105,0.47407767,0.61748844,0.4414523,0.4365815,-0.783911,-0.6412187,0.7646221,0.064742506
1356784005393,0.6270865,0.47420153,0.6179768,0.44140044,0.43735465,-0.78350914,-0.64181626,0.7641033,0.06494647
1356784005432,0.6262703,0.47452557,0.6185556,0.44144195,0.4381246,-0.7830555,-0.64258426,0.7634608,0.06490892
1356784005474,0.625212,0.4751969,0.6191105,0.44155353,0.4387316,-0.7826526,-0.64353746,0.76269424,0.06447542
1356784005512,0.6240387,0.47621673,0.6195106,0.44161558,0.4391241,-0.78239745,-0.64463276,0.7618318,0.06372571
1356784005552,0.62294364,0.47746354,0.619653,0.4415248,0.4392887,-0.78235626,-0.64575315,0.76095605,0.062840104
1356784005592,0.62207556,0.47877452,0.6195135,0.44125852,0.43923667,-0.7825357,-0.6467712,0.7601619,0.061975062
1356784005634,0.6216388,0.47988117,0.6190956,0.44073284,0.43910342,-0.7829067,-0.6475492,0.75954086,0.06146434
1356784005672,0.62182117,0.48046073,0.6184625,0.43981996,0.43916935,-0.78338283,-0.64799446,0.75913614,0.06176859
1356784005712,0.62255406,0.4803873,0.61778194,0.4385542,0.4396567,-0.783819,-0.6481487,0.7589006,0.06303421
1356784005754,0.62348795,0.47978333,0.6173093,0.43719277,0.44062936,-0.7840333,-0.64817077,0.7587185,0.0649693
1356784005800,0.62401,0.47905606,0.61734664,0.43623924,0.44189292,-0.78385335,-0.6483108,0.7584432,0.06676257
1356784005832,0.6235643,0.4786366,0.6181218,0.43621626,0.44311273,-0.78317714,-0.6487549,0.7579961,0.0675202
1356784005871,0.6219337,0.47882503,0.6196168,0.43729317,0.44402424,-0.78205955,-0.6495946,0.7573434,0.06676674
1356784005912,0.6193127,0.47950268,0.6217144,0.4393391,0.4446305,-0.78056693,-0.6507172,0.75655854,0.06470105
1356784005952,0.6161852,0.48035365,0.6241604,0.44213027,0.44486997,-0.77885264,-0.6517949,0.7558777,0.06174338
1356784005992,0.6130082,0.48109055,0.6267159,0.44578642,0.444296,-0.7770943,-0.6523001,0.75574666,0.057893485
1356784006034,0.61001426,0.48161107,0.62923235,0.45084602,0.4420766,-0.7754394,-0.65162903,0.756716,0.05254063
1356784006072,0.60723996,0.4819287,0.631668,0.45788592,0.43745556,-0.7739336,-0.6493075,0.75919527,0.044972092
1356784006129,0.60468036,0.48204145,0.6340329,0.46901736,0.4278859,-0.7726166,-0.643727,0.76455855,0.032648385
1356784006164,0.602387,0.48128578,0.636784,0.4817787,0.41683656,-0.7708025,-0.63641113,0.7711104,0.01922366
1356784006205,0.6008418,0.4794617,0.6396137,0.49560258,0.40436637,-0.76867807,-0.62718993,0.77884805,0.0053377748
1356784006234,0.5993149,0.4765277,0.64322865,0.509186,0.39309338,-0.76564175,-0.61769843,0.78638357,-0.0070545375
1356784006274,0.59860504,0.47234058,0.64696705,0.52291715,0.38140926,-0.762289,-0.6068193,0.7946202,-0.018681496
1356784006314,0.59681165,0.46706387,0.6524317,0.53700763,0.37166026,-0.75729215,-0.59618676,0.80232155,-0.029005677
1356784006354,0.59309494,0.46170697,0.6595947,0.55069464,0.36500376,-0.7506716,-0.5873448,0.80845475,-0.037777632
1356784006384,0.58744967,0.45663622,0.66812146,0.5635236,0.3617149,-0.7427001,-0.5808133,0.8128011,-0.044835985
1356784006424,0.58052164,0.4528121,0.6767243,0.57439774,0.3613264,-0.7345137,-0.57711506,0.81511,-0.05033651
1356784006464,0.5722979,0.44901899,0.68619025,0.58441764,0.36367542,-0.7253938,-0.5752661,0.81616306,-0.054283977
1356784006504,0.56426066,0.44444352,0.69575846,0.5934748,0.36749035,-0.7160576,-0.5739317,0.81695825,-0.056405693
1356784006544,0.5580821,0.43813333,0.70468676,0.60120165,0.37183833,-0.7073137,-0.5719273,0.81839806,-0.055890203
1356784006574,0.5537821,0.4304603,0.7127617,0.60766065,0.37630597,-0.6993871,-0.56927484,0.8204253,-0.053182274
1356784006614,0.55506486,0.41958183,0.7182299,0.6107759,0.3805713,-0.6943474,-0.5646732,0.82408535,-0.045028657
1356784006654,0.5599537,0.40627494,0.7220751,0.6114501,0.385464,-0.69104725,-0.5590892,0.8284673,-0.032574862
1356784006694,0.5655691,0.39295197,0.72506577,0.61055386,0.39151782,-0.6884314,-0.5543967,0.8320472,-0.01848796
1356784006734,0.56811374,0.38239866,0.7287098,0.60940224,0.39960364,-0.6847963,-0.5530603,0.8331196,-0.0060142577
1356784006764,0.5669378,0.37494838,0.73348165,0.6089419,0.4088976,-0.6797004,-0.5547714,0.8319955,0.0034977198
1356784006804,0.5607689,0.3719399,0.73972887,0.60765815,0.42197534,-0.67282116,-0.56239635,0.8267995,0.010618359
1356784006843,0.5514225,0.3712142,0.7470831,0.60540175,0.43806976,-0.6645175,-0.57395285,0.81871533,0.016827762
1356784006884,0.54154885,0.3714405,0.7541597,0.60135156,0.4557215,-0.656273,-0.5874531,0.80891895,0.023429126
1356784006924,0.5334823,0.37173173,0.75974476,0.59480655,0.4737265,-0.6494523,-0.60133326,0.7983725,0.03161624
1356784006963,0.52990305,0.3708853,0.76265776,0.58499515,0.49122876,-0.64534885,-0.61398983,0.7881234,0.043337524
1356784006994,0.5317519,0.368317,0.76261556,0.57294583,0.5066819,-0.64421,-0.623677,0.77949727,0.058403373
1356784007034,0.547496,0.3575148,0.75659186,0.5551146,0.52139,-0.6480742,-0.6261756,0.77481323,0.08699727
1356784007074,0.58147043,0.33394867,0.74186957,0.52977216,0.5366266,-0.6567902,-0.6174412,0.7749259,0.1351158
1356784007130,0.63261604,0.29390875,0.71652955,0.4968569,0.5556781,-0.66659963,-0.5940793,0.77771425,0.20550033
1356784007154,0.68945205,0.2408542,0.6831143,0.46117598,0.58127326,-0.6704015,-0.5585451,0.7772456,0.28968385
1356784007194,0.73601186,0.18637082,0.65080905,0.431837,0.61110723,-0.6633738,-0.52134764,0.7692944,0.36930037
1356784007234,0.762726,0.14277646,0.63076454,0.41649798,0.6376942,-0.64797807,-0.49475092,0.7569419,0.42691985
1356784007274,0.768801,0.115658686,0.6289421,0.4176938,0.6539039,-0.63082606,-0.4842282,0.7476849,0.45441204
1356784007304,0.7622209,0.09841736,0.63979155,0.4306916,0.66074836,-0.61474895,-0.48324317,0.7441274,0.4612487
1356784007344,0.7397214,0.099304125,0.6655456,0.45605284,0.65327775,-0.60435414,-0.49480096,0.7505777,0.43795562
1356784007374,0.70870656,0.10427402,0.697755,0.48829436,0.64135534,-0.5918039,-0.5092187,0.76012516,0.40361628
1356784007414,0.6658958,0.12097849,0.7361705,0.5276206,0.62126523,-0.5793496,-0.527446,0.77420515,0.34986717
1356784007454,0.61415213,0.14169906,0.7763624,0.5718434,0.59807014,-0.5615223,-0.5438864,0.7888178,0.28627637
1356784007484,0.5620946,0.15981056,0.8114865,0.61321306,0.5778627,-0.5385578,-0.55499494,0.8003345,0.22681558
1356784007514,0.51383895,0.17591754,0.8396562,0.6492808,0.5599678,-0.5146557,-0.5607174,0.80962276,0.17351341
1356784007572,0.4703288,0.1895995,0.8618834,0.68168384,0.5421856,-0.49126577,-0.5604445,0.8185884,0.12575859
1356784007592,0.4320476,0.19878688,0.87966967,0.70980084,0.5267654,-0.46765485,-0.5563432,0.8264394,0.086488664
1356784007633,0.3997757,0.20337957,0.89376515,0.73269427,0.51498413,-0.44491622,-0.55076176,0.83272326,0.05686313
1356784007670,0.37323853,0.20370877,0.9050943,0.75048673,0.50724095,-0.42364645,-0.5454014,0.83738244,0.036441147
1356784007713,0.35223955,0.20011854,0.9142647,0.76378626,0.5030944,-0.4043842,-0.54088616,0.8407429,0.024361968
1356784007752,0.3366291,0.19281569,0.92168486,0.7736821,0.5013004,-0.38744533,-0.5367465,0.84351647,0.019574285
1356784007792,0.32645768,0.18227702,0.92746997,0.78115827,0.5004324,-0.37330854,-0.5321815,0.8463702,0.020982802
1356784007832,0.31989568,0.17027298,0.9320268,0.7868147,0.50027573,-0.3614511,-0.52781576,0.848959,0.026062787
1356784007872,0.31413633,0.15969092,0.935851,0.7904245,0.50203323,-0.35098666,-0.5258777,0.8499773,0.031483233
1356784007912,0.30760404,0.1526829,0.93918455,0.79144096,0.50687194,-0.3416167,-0.5282054,0.84839183,0.03507632
1356784007952,0.30151168,0.14954755,0.9416615,0.7894871,0.514599,-0.33451155,-0.5346035,0.8442887,0.037091732
1356784007992,0.29863983,0.14975953,0.94254243,0.7844515,0.52396864,-0.3318023,-0.54355323,0.83846825,0.038998842
1356784008032,0.30155906,0.15328223,0.9410455,0.7762581,0.533618,-0.33567113,-0.5536113,0.83171886,0.041930735
1356784008072,0.31181514,0.16052201,0.9364849,0.7646376,0.54267204,-0.34761512,-0.564004,0.82446325,0.04647219
1356784008130,0.33038208,0.17098501,0.92823046,0.7491511,0.5507127,-0.3680871,-0.5741257,0.81699425,0.053851962
1356784008154,0.3587969,0.1818366,0.91553277,0.72939557,0.5574237,-0.39656138,-0.582449,0.8100705,0.06737107
1356784008193,0.3986892,0.18652233,0.8979178,0.70523953,0.56353074,-0.430198,-0.58624583,0.8047624,0.09313071
1356784008234,0.4505561,0.17652288,0.8751222,0.6769258,0.57154125,-0.46380168,-0.5820401,0.8013615,0.13801852
1356784008263,0.50445586,0.15515646,0.8493826,0.6474019,0.5829305,-0.49098146,-0.57131,0.79757035,0.19361413
1356784008304,0.56023395,0.11067751,0.8209071,0.6194272,0.60199594,-0.50389576,-0.5499526,0.79079163,0.2687019
1356784008344,0.60594976,0.05954081,0.7932716,0.5970044,0.6250095,-0.5029403,-0.5257477,0.7783432,0.3431782
1356784008383,0.63342994,0.020366818,0.77353203,0.5830375,0.64468884,-0.4944123,-0.5087571,0.76417375,0.3964906
1356784008424,0.64276725,0.0035830736,0.7660531,0.5771448,0.6552991,-0.48732626,-0.5037401,0.75536096,0.4191369
1356784008462,0.6374619,0.009770572,0.77041996,0.57826346,0.65472555,-0.4867708,-0.5091696,0.7558035,0.41171262
1356784008502,0.62083906,0.033614427,0.783217,0.5860988,0.6435973,-0.49220997,-0.5206217,0.7646257,0.379869
1356784008542,0.5955068,0.06777233,0.8004865,0.6005919,0.6242131,-0.49964732,-0.5335364,0.77830905,0.3310196
1356784008582,0.56372,0.10528836,0.8192277,0.6211593,0.5996996,-0.5045011,-0.5444087,0.7932683,0.27266183
1356784008623,0.52763975,0.14040944,0.83778363,0.64629245,0.5736822,-0.5031848,-0.5512734,0.80695355,0.211952
1356784008662,0.4891909,0.1693565,0.8555763,0.673578,0.54981256,-0.49396247,-0.55406225,0.8179392,0.15488848
1356784008702,0.44979,0.19044101,0.8725945,0.7004461,0.53095245,-0.47693264,-0.55413365,0.82572496,0.10542348
1356784008742,0.41035762,0.20244649,0.88916934,0.7251133,0.518849,-0.4527765,-0.5530076,0.8305487,0.06611699
1356784008782,0.3717742,0.20442587,0.90553516,0.74697566,0.51329845,-0.4225542,-0.5511908,0.8335075,0.038129985
1356784008822,0.3348181,0.1960468,0.92166287,0.7664212,0.51236165,-0.38740683,-0.54817456,0.8360928,0.02129352
1356784008863,0.30001953,0.17804843,0.9371697,0.7841154,0.5134771,-0.3485747,-0.54327834,0.83942837,0.014442682
1356784008902,0.2674533,0.15283039,0.9513735,0.8001553,0.51487947,-0.30765352,-0.5368615,0.84352946,0.015418172
1356784008942,0.2367572,0.12484631,0.96351403,0.8134967,0.5167343,-0.2668498,-0.53119594,0.84699416,0.020778537
1356784008982,0.20769756,0.09939128,0.9731306,0.82248473,0.5207683,-0.22873387,-0.52950966,0.8478925,0.026414454
1356784009022,0.18149404,0.08007553,0.9801265,0.8260846,0.52831465,-0.19613239,-0.5335206,0.8452642,0.029736757
1356784009062,0.1612081,0.06787944,0.9845833,0.82454324,0.5389699,-0.17216215,-0.542347,0.8395854,0.03091675
1356784009128,0.15059829,0.06273511,0.9866025,0.81891584,0.5511457,-0.16004777,-0.5538023,0.83204734,0.03162682
1356784009144,0.15280554,0.065119445,0.9861085,0.81016093,0.5631678,-0.16273087,-0.5659415,0.8237727,0.033297896
1356784009183,0.16935329,0.075894624,0.9826288,0.798306,0.5741164,-0.18192837,-0.5779507,0.8152486,0.03664136
1356784009224,0.2007723,0.09547749,0.97497416,0.7823652,0.5833341,-0.21823406,-0.5895721,0.80660117,0.042419076
1356784009262,0.24670029,0.12133941,0.9614654,0.76108027,0.5899161,-0.26973283,-0.5999132,0.7982955,0.053183436
1356784009302,0.30559367,0.14493111,0.9410673,0.7341362,0.5935261,-0.32980412,-0.6063469,0.7916576,0.07497865
1356784009342,0.37433332,0.1522902,0.91470337,0.70329106,0.5962747,-0.3870895,-0.6043644,0.7882031,0.116101146
1356784009382,0.446383,0.13050726,0.88527405,0.6732502,0.60271907,-0.42832687,-0.58947134,0.7872088,0.1811795
1356784009422,0.51167023,0.079665214,0.8554806,0.6500813,0.61513174,-0.44610226,-0.56177217,0.78438914,0.2629557
1356784009462,0.56128395,0.01816526,0.82742393,0.63611984,0.6300943,-0.44534567,-0.52944493,0.77630615,0.3421065
1356784009502,0.5941082,-0.02765119,0.80390966,0.6266246,0.64254963,-0.44098932,-0.50435805,0.765745,0.39907098
1356784009542,0.6157491,-0.040447265,0.7869035,0.61449313,0.6497657,-0.44744033,-0.4932052,0.7590577,0.42494717
1356784009582,0.63159084,-0.017154008,0.77511203,0.5963807,0.64957225,-0.47157806,-0.49540183,0.76010627,0.42049423
1356784009622,0.6431549,0.034792215,0.76494527,0.5742378,0.6389353,-0.51187176,-0.5065597,0.7684733,0.3909554
1356784009662,0.64938635,0.10238132,0.7535353,0.55351543,0.61583585,-0.5606844,-0.5214577,0.78119415,0.34324577
1356784009702,0.64938986,0.17218989,0.74070466,0.5398547,0.5816146,-0.60850745,-0.5355835,0.7950315,0.2847371
1356784009742,0.64362764,0.2343718,0.7285693,0.5362654,0.5410825,-0.64780337,-0.546043,0.8076506,0.22257018
1356784009782,0.63336396,0.2840119,0.7198523,0.5424085,0.5005405,-0.67472386,-0.55194485,0.8177998,0.16297388
1356784009828,0.61962163,0.32121292,0.71616435,0.5563855,0.46382967,-0.68941796,-0.5536282,0.82564175,0.108680665
1356784009862,0.60166454,0.34328297,0.7212188,0.5764101,0.43847024,-0.6895616,-0.55294776,0.8306025,0.06594023
1356784009902,0.5836832,0.35349047,0.7309982,0.5969985,0.4233834,-0.68142444,-0.55036956,0.83414084,0.036088496
1356784009942,0.5633551,0.3507281,0.7480781,0.6197943,0.41932225,-0.66334295,-0.5463388,0.83735216,0.018848062
1356784009982,0.5407327,0.3362233,0.77107847,0.6441779,0.4239781,-0.63661397,-0.54096484,0.84094965,0.012671173
1356784010022,0.5161489,0.31241322,0.7974887,0.6692854,0.43389645,-0.60315084,-0.5344598,0.8450632,0.0148616135
1356784010062,0.49064508,0.28461003,0.82356817,0.69295216,0.44557807,-0.56681347,-0.5282847,0.84879756,0.021399558
1356784010132,0.46662804,0.26069465,0.8451607,0.711553,0.45689872,-0.5337939,-0.52531004,0.8504598,0.027703702
1356784010144,0.44763532,0.24739587,0.8593125,0.7217523,0.46736613,-0.51053166,-0.52791697,0.8487427,0.030651063
1356784010183,0.4374507,0.24645267,0.86481094,0.72239625,0.47640717,-0.50117844,-0.5355189,0.84397703,0.03036815
1356784010222,0.4383954,0.2567467,0.86133075,0.7135459,0.4832854,-0.50723517,-0.5464995,0.83696854,0.028669536
1356784010262,0.45236924,0.27706444,0.8477012,0.6949639,0.48618153,-0.5297667,-0.5589162,0.8287718,0.027383804
1356784010302,0.47888967,0.3064515,0.8226495,0.666145,0.48348042,-0.5678886,-0.5717652,0.8199599,0.027392626
1356784010342,0.51526356,0.34305528,0.7853767,0.62665224,0.47433066,-0.6183182,-0.58464557,0.8107549,0.02942893
1356784010382,0.5571389,0.38160092,0.737548,0.577587,0.46006516,-0.6743392,-0.5966486,0.8016987,0.035912454
1356784010422,0.60062325,0.41231203,0.68501866,0.5224145,0.44620714,-0.7266239,-0.60525596,0.7942909,0.052604616
1356784010462,0.644959,0.42376292,0.63596606,0.46560585,0.44200364,-0.7667098,-0.60600245,0.7906059,0.08776772
1356784010502,0.6915183,0.40834245,0.59586823,0.4111589,0.4557308,-0.7894668,-0.59392834,0.79092723,0.14725256
1356784010560,0.7391577,0.36800393,0.5641091,0.36285815,0.48802784,-0.79382795,-0.56743276,0.79145557,0.2271963
1356784010582,0.78183854,0.31771487,0.5364567,0.32341588,0.5289433,-0.78461534,-0.5330391,0.7869411,0.31079423
1356784010623,0.81293684,0.27833968,0.51152784,0.29294604,0.5636982,-0.77228683,-0.5033054,0.77767044,0.3767125
1356784010660,0.8300001,0.2619593,0.4924197,0.27124226,0.5818529,-0.7667299,-0.4873679,0.7699509,0.41188353
1356784010703,0.8338529,0.26759633,0.48278525,0.2608259,0.5798166,-0.77186954,-0.48647633,0.76954854,0.41368568
1356784010742,0.82641935,0.2863021,0.48483208,0.2658769,0.5605991,-0.7842437,-0.496327,0.77701986,0.38716888
1356784010782,0.8092693,0.31122395,0.4982197,0.2879497,0.52907836,-0.79822373,-0.5120236,0.78944016,0.33855003
1356784010822,0.7837322,0.3366361,0.52195776,0.3260624,0.49225822,-0.8070719,-0.5286275,0.8027191,0.27603424
1356784010862,0.7514137,0.3582536,0.55410457,0.37626696,0.4571978,-0.8058495,-0.5420338,0.8140176,0.20874569
1356784010902,0.71404624,0.37355524,0.59211016,0.43299925,0.4289502,-0.7927884,-0.55013597,0.8224708,0.14454114
1356784010942,0.6732015,0.3810061,0.63374597,0.49088058,0.41069725,-0.76835144,-0.55302435,0.828349,0.08945352
1356784010982,0.6303565,0.3799141,0.67699033,0.54560137,0.40355104,-0.7344833,-0.55224067,0.8323532,0.04709938
1356784011022,0.5869259,0.36970204,0.7203044,0.5948229,0.4066653,-0.693404,-0.5492757,0.8354303,0.018775165
1356784011062,0.544094,0.3499561,0.7625565,0.63800424,0.41768277,-0.6469093,-0.54489654,0.83849376,0.003985226
1356784011132,0.5041187,0.3178711,0.8030083,0.6753443,0.4344552,-0.595952,-0.5383071,0.8427376,0.004344493
1356784011145,0.46056148,0.27849954,0.84280556,0.71103764,0.45260957,-0.5381172,-0.5313273,0.8471025,0.010430843
1356784011183,0.4229398,0.23672518,0.87469035,0.7398988,0.46704802,-0.4841653,-0.52313656,0.85195506,0.02238053
1356784011223,0.38858914,0.19702667,0.90009946,0.76330054,0.47834164,-0.43423694,-0.5161113,0.85578614,0.03548783
1356784011262,0.35735145,0.16646287,0.91901577,0.77982247,0.4883282,-0.39167905,-0.51398134,0.8566363,0.04469329
1356784011302,0.33132282,0.14855203,0.9317496,0.7883328,0.49901357,-0.35988432,-0.51841724,0.85376674,0.048226118
1356784011343,0.313964,0.14241448,0.9386931,0.78909373,0.5106614,-0.34140304,-0.52797514,0.84790516,0.047950923
1356784011382,0.30858657,0.1460577,0.93991566,0.7829629,0.52210796,-0.3381896,-0.54013264,0.84027994,0.046757758
1356784011422,0.31704685,0.15870643,0.93503666,0.7703025,0.5320562,-0.35149708,-0.5532769,0.8317021,0.04643482
1356784011462,0.33953458,0.18036968,0.9231376,0.75073534,0.53931,-0.38149866,-0.5666681,0.822564,0.047704518
1356784011502,0.37476078,0.20975405,0.90308225,0.7237389,0.5426009,-0.42636395,-0.5794449,0.81338024,0.05153835
1356784011542,0.420615,0.2417282,0.874443,0.68952316,0.54122615,-0.48128173,-0.58961076,0.80538297,0.060970604
1356784011582,0.4753526,0.26613048,0.8385789,0.6496402,0.5365969,-0.53854555,-0.5933022,0.80077356,0.08218363
1356784011622,0.53742963,0.26999906,0.79891795,0.6070523,0.5337338,-0.5887407,-0.58536893,0.8013917,0.12294078
1356784011662,0.6030005,0.24517263,0.75913155,0.56569207,0.5395497,-0.62360126,-0.56247914,0.8054666,0.18665653
1356784011702,0.6635456,0.19666696,0.72182363,0.5301779,0.55711794,-0.63916427,-0.5278434,0.8068096,0.26540467
1356784011742,0.7093273,0.14364758,0.69008714,0.5038643,0.5812991,-0.6389148,-0.49292558,0.80091,0.33995244
1356784011782,0.7363936,0.106414735,0.66813207,0.48667246,0.6026916,-0.63238657,-0.46997285,0.7908468,0.39202908
1356784011822,0.74677616,0.094417796,0.6583393,0.4767639,0.61416006,-0.62889075,-0.46370417,0.78351307,0.41362506
1356784011862,0.7439417,0.106730536,0.65966606,0.47324562,0.6128082,-0.6328544,-0.47179368,0.7829909,0.40538388
1356784011902,0.7305862,0.13720116,0.66889435,0.47655627,0.5991119,-0.6433965,-0.4890173,0.7888224,0.3723188
1356784011942,0.70899284,0.17814253,0.68234473,0.4873761,0.57554305,-0.6566694,-0.5096995,0.7981324,0.32123354
1356784011982,0.6817313,0.22183713,0.6971591,0.50572455,0.545697,-0.66817474,-0.5286636,0.80808604,0.25983018
1356784012022,0.65165704,0.26187342,0.7118746,0.5302736,0.5137793,-0.6744188,-0.54235876,0.8169781,0.1959433
1356784012062,0.621233,0.29414135,0.72632664,0.55849034,0.48398542,-0.6736814,-0.5496891,0.8241595,0.13639262
1356784012133,0.59169465,0.3174032,0.7410484,0.58871824,0.45785084,-0.6661707,-0.55073434,0.8304384,0.08404684
1356784012145,0.56168455,0.3293463,0.75897396,0.61891747,0.4415111,-0.6496223,-0.54904616,0.8346251,0.044151753
1356784012183,0.53625876,0.3314725,0.7762426,0.64476335,0.432628,-0.63016933,-0.54470813,0.83842653,0.018279254
1356784012223,0.51302063,0.3226152,0.7954428,0.66850334,0.43111813,-0.60600364,-0.5384358,0.8426486,0.005503148
1356784012263,0.4919412,0.30381024,0.8159002,0.6903614,0.43487,-0.5781775,-0.5304668,0.8476954,0.0041916072
1356784012303,0.47312197,0.27745965,0.83616483,0.7105253,0.4409735,-0.54835767,-0.52087367,0.85355633,0.011492163
1356784012342,0.45643732,0.24896196,0.8542148,0.7283462,0.4468864,-0.51942694,-0.5110545,0.85924995,0.022645146
1356784012382,0.44182914,0.22606346,0.8681488,0.74178946,0.45217323,-0.49526542,-0.50451505,0.86280626,0.032091796
1356784012422,0.43046933,0.21450597,0.8767458,0.7484782,0.4580446,-0.47955766,-0.50445664,0.86266005,0.036621124
1356784012462,0.42508018,0.21522877,0.87919474,0.7470064,0.4651116,-0.47502905,-0.5111636,0.8586896,0.03693247
1356784012502,0.4288204,0.2265074,0.8745327,0.736833,0.4723952,-0.48365253,-0.522676,0.85178465,0.035674572
1356784012542,0.44371924,0.24709009,0.8614289,0.7174319,0.47808662,-0.50668,-0.53703326,0.8428403,0.034865886
1356784012582,0.4698447,0.2765632,0.8383071,0.6879568,0.48034263,-0.5440464,-0.55313784,0.8323363,0.03542289
1356784012622,0.5052835,0.3133665,0.80404603,0.6478089,0.4778187,-0.59332365,-0.57011604,0.8206648,0.03843227
1356784012662,0.54720956,0.35245296,0.7591697,0.59753424,0.47063154,-0.6491986,-0.5861012,0.8088775,0.046931386
1356784012702,0.59381074,0.3847459,0.70665365,0.53907233,0.4617592,-0.7044001,-0.5973188,0.79921776,0.06679171
1356784012742,0.6452844,0.39959583,0.6510999,0.47495118,0.4577074,-0.7516151,-0.59835553,0.79424626,0.105562955
1356784012782,0.7015051,0.39063197,0.59606814,0.40770417,0.46603066,-0.7852342,-0.58452356,0.7938653,0.16766062
1356784012822,0.7574031,0.36152977,0.5437249,0.34188253,0.48987216,-0.80196106,-0.5562885,0.79329777,0.24742997
1356784012862,0.8037929,0.32639426,0.49737692,0.28485942,0.5228179,-0.80344045,-0.5222759,0.78748226,0.32726085
1356784012902,0.834429,0.30035016,0.4620801,0.24302301,0.55199456,-0.79764766,-0.4946393,0.77787644,0.3876083
1356784012942,0.8493116,0.28979662,0.44123435,0.21894625,0.5671818,-0.79395676,-0.48034608,0.77092326,0.41826424
1356784012982,0.8515876,0.29292506,0.4347338,0.2126655,0.56494915,-0.7972489,-0.47913665,0.7713801,0.41880864
1356784013022,0.8444014,0.30524397,0.44024122,0.22280568,0.5472342,-0.806779,-0.48717946,0.7793336,0.3940752
1356784013062,0.83006495,0.32284924,0.4547093,0.24684514,0.5184399,-0.818711,-0.50005966,0.79182607,0.350645
1356784013141,0.80771804,0.34702387,0.47661936,0.2861161,0.4761178,-0.8315344,-0.5154892,0.8080138,0.2852798
1356784013141,0.7835882,0.3644771,0.50313616,0.3304041,0.4413496,-0.83429235,-0.5261394,0.81997985,0.2254116
1356784013184,0.7595283,0.37922707,0.5284919,0.3749396,0.40868264,-0.8321051,-0.53154224,0.83015984,0.16821878
1356784013223,0.735654,0.38883176,0.5546378,0.41804764,0.38364333,-0.8234403,-0.5329628,0.8376322,0.11967856
1356784013263,0.71301466,0.39378747,0.58012193,0.457202,0.36616284,-0.81048816,-0.5315792,0.8431229,0.08103907
1356784013302,0.6912397,0.39317507,0.60630107,0.49282873,0.3571269,-0.79346085,-0.52849543,0.8472742,0.05309233
1356784013343,0.6708533,0.38633087,0.633012,0.5248194,0.3557496,-0.773309,-0.52394694,0.8509939,0.035901874
1356784013382,0.65060663,0.37301725,0.6614901,0.5550451,0.3609233,-0.74943924,-0.518301,0.85474706,0.027777672
1356784013422,0.6308545,0.35378098,0.69055164,0.583439,0.37041056,-0.72276896,-0.5114895,0.85885686,0.027265579
1356784013462,0.60890263,0.33052087,0.7211057,0.6116717,0.38317257,-0.69212466,-0.5050696,0.86251646,0.03114453
1356784013502,0.58166397,0.30712342,0.75322115,0.6398335,0.3990263,-0.65680367,-0.5022749,0.8639752,0.035591364
1356784013560,0.5472704,0.28660166,0.78635526,0.66682315,0.4184964,-0.6166099,-0.50580823,0.8618122,0.03791806
1356784013582,0.5074197,0.2692719,0.81854624,0.6904229,0.44133958,-0.5731803,-0.51559824,0.855986,0.03803292
1356784013623,0.46683624,0.25382265,0.84713525,0.708495,0.46593216,-0.5300398,-0.52924365,0.84763277,0.037681937
1356784013660,0.43061283,0.23974061,0.8701132,0.7199494,0.4901524,-0.49134856,-0.5442843,0.8380185,0.038464785
1356784013703,0.4020909,0.22784522,0.8867973,0.72464085,0.5128296,-0.4603275,-0.55965936,0.827703,0.041098177
1356784013742,0.38314527,0.21893772,0.89736617,0.7231467,0.5333317,-0.43888062,-0.5746814,0.81708235,0.046019435
1356784013782,0.37573966,0.21212256,0.9021218,0.716011,0.5515585,-0.42791528,-0.5883434,0.8067139,0.055360317
1356784013822,0.38377902,0.20385496,0.90064245,0.70360446,0.5671017,-0.4281779,-0.5980422,0.79802173,0.07420844
1356784013863,0.4121684,0.18779662,0.8915434,0.68601537,0.5799836,-0.43931997,-0.5995834,0.7926862,0.11021954
1356784013902,0.46188733,0.15752396,0.87283814,0.66318977,0.5921092,-0.4578058,-0.58893085,0.790312,0.16901943
1356784013942,0.5231225,0.112007916,0.84486514,0.6370282,0.6071561,-0.4749279,-0.56616074,0.7866484,0.24626479
1356784013982,0.5767185,0.05935937,0.8147835,0.6143638,0.6258758,-0.48045468,-0.5384727,0.7776606,0.32448593
1356784014022,0.6070893,0.011690438,0.7945476,0.6040262,0.64290965,-0.47097707,-0.5163283,0.7658527,0.38324225
1356784014062,0.61000973,-0.023342341,0.79205006,0.61007893,0.65170014,-0.4506557,-0.50565976,0.75811744,0.4117841
1356784014137,0.5817416,-0.037199736,0.8125226,0.634061,0.64643204,-0.42437285,-0.5094541,0.76206416,0.3996433
1356784014149,0.5337648,-0.044783473,0.8444463,0.6686947,0.63361716,-0.38907158,-0.51763177,0.7723495,0.36814898
1356784014193,0.47650638,-0.0404405,0.87824035,0.7039718,0.6159524,-0.35359064,-0.52665484,0.7867447,0.32197422
1356784014232,0.41569692,-0.028051585,0.90907055,0.73647845,0.59686553,-0.3183568,-0.5336625,0.80185074,0.26877454
1356784014272,0.35590672,-0.010773212,0.9344593,0.76450217,0.5784396,-0.28450656,-0.5374633,0.81565404,0.21410668
1356784014312,0.30011404,0.0075081885,0.9538739,0.7875067,0.5623433,-0.25219694,-0.53829813,0.82686985,0.16285437
1356784014352,0.2498491,0.023528159,0.96799886,0.8055735,0.54962194,-0.2212848,-0.5372399,0.8350821,0.118368864
1356784014392,0.20582426,0.034657925,0.977975,0.81924474,0.540498,-0.19157234,-0.535233,0.8406311,0.08285427
1356784014432,0.16843738,0.039331377,0.98492736,0.82946455,0.5341909,-0.16318288,-0.5325574,0.84444845,0.057353735
1356784014472,0.13780639,0.037320048,0.98975587,0.83732295,0.5293827,-0.13654384,-0.5290555,0.84756196,0.041703403
1356784014512,0.11428122,0.029482722,0.9930109,0.8437596,0.52475893,-0.11268479,-0.5244136,0.8507402,0.035093725
1356784014552,0.09761424,0.017500222,0.9950704,0.8494006,0.5195857,-0.09246224,-0.5186425,0.85423905,0.03585428
1356784014592,0.08636741,0.0042075217,0.99625444,0.85392535,0.51478606,-0.07620269,-0.5131786,0.8573083,0.040867805
1356784014632,0.07787861,-0.0069687366,0.99693847,0.85598594,0.51311165,-0.063281,-0.5110998,0.8582936,0.045925558
1356784014672,0.07022527,-0.013697684,0.99743706,0.85444343,0.5168278,-0.053060114,-0.5147764,0.85597974,0.04799825
1356784014712,0.06407076,-0.015747815,0.9978211,0.8494344,0.52566385,-0.046246648,-0.52379024,0.8505466,0.047056377
1356784014752,0.062035963,-0.013921738,0.9979769,0.8420895,0.5374701,-0.044848084,-0.5357584,0.84316796,0.04506582
1356784014792,0.06663279,-0.008534074,0.9977411,0.83340013,0.5503165,-0.050950438,-0.5486386,0.83491254,0.0437814
1356784014833,0.07931845,6.991625E-4,0.99684906,0.82341546,0.5635977,-0.06591377,-0.56186783,0.8260491,0.044128
1356784014872,0.101121634,0.013984859,0.9947758,0.8117997,0.5768597,-0.09063128,-0.57511353,0.81672347,0.046980083
1356784014912,0.132507,0.028173864,0.9907816,0.79817283,0.5896307,-0.123514295,-0.58767515,0.8071815,0.055642545
1356784014952,0.17690742,0.03766215,0.9835067,0.78269017,0.60047656,-0.16378027,-0.5967411,0.79875493,0.076750934
1356784014992,0.2367185,0.033251613,0.9710091,0.76581085,0.6086559,-0.20753708,-0.5979114,0.79273725,0.11861569
1356784015032,0.30909303,0.0075457394,0.9510019,0.7478162,0.6158705,-0.24794054,-0.5875648,0.7878113,0.18471843
1356784015072,0.3818591,-0.03689289,0.9234839,0.7300209,0.6248162,-0.27690125,-0.56679195,0.77989984,0.2655243
1356784015135,0.43925792,-0.08599171,0.89423597,0.71574867,0.6350633,-0.2905141,-0.5429146,0.7676588,0.34050506
1356784015154,0.47297403,-0.12388572,0.8723233,0.70788884,0.642907,-0.29251307,-0.52458453,0.75585896,0.39177567
1356784015193,0.48432946,-0.14197746,0.8632887,0.7067212,0.645151,-0.29038835,-0.51572293,0.75074804,0.41280413
1356784015233,0.47849625,-0.13846788,0.8671032,0.7108512,0.64079976,-0.2899418,-0.51549196,0.7551174,0.40505034
1356784015273,0.4608258,-0.116453975,0.87981707,0.7187846,0.63046074,-0.29303235,-0.52056533,0.76743585,0.3742379
1356784015312,0.43579894,-0.08147299,0.89634895,0.72952694,0.615246,-0.29876888,-0.52713346,0.7841139,0.32756034
1356784015352,0.40705398,-0.040094733,0.91252375,0.7424176,0.5965004,-0.30496466,-0.5320933,0.8016107,0.27257487
1356784015392,0.37724483,0.0017933846,0.9261118,0.7567074,0.5759286,-0.3093544,-0.5339291,0.81749797,0.21590903
1356784015432,0.34815574,0.039550066,0.93660206,0.7712537,0.55584717,-0.31016394,-0.53287464,0.8303431,0.16301823
1356784015472,0.320715,0.07029992,0.94456327,0.7848524,0.53853756,-0.30656818,-0.53023446,0.83966374,0.11754203
1356784015512,0.2954357,0.09242356,0.95088154,0.7967545,0.5253687,-0.29861358,-0.52716225,0.8458402,0.081573784
1356784015552,0.27284428,0.105167,0.9562928,0.80687046,0.5163276,-0.2869944,-0.52394277,0.84990925,0.056020916
1356784015592,0.25363398,0.10855624,0.9611896,0.8154564,0.51048356,-0.27283236,-0.5202892,0.8530077,0.0409531
1356784015632,0.23849258,0.103497356,0.96561354,0.82293344,0.5064167,-0.2575319,-0.51565665,0.85605526,0.035605192
1356784015672,0.22746445,0.09225947,0.96940607,0.8297596,0.5026678,-0.24253687,-0.50966555,0.8595425,0.037785888
1356784015712,0.21920885,0.07893735,0.9724796,0.8357034,0.49920458,-0.22889888,-0.5035349,0.86288106,0.04346186
1356784015752,0.21143134,0.06843504,0.97499406,0.83953667,0.498078,-0.21701708,-0.5004747,0.86442757,0.047855556
1356784015792,0.2029293,0.06383088,0.97711074,0.8399863,0.5014844,-0.20721093,-0.50323224,0.8628088,0.04814881
1356784015832,0.19511926,0.06499711,0.9786234,0.8367115,0.5095549,-0.20066768,-0.51170516,0.8579797,0.04504019
1356784015872,0.19098504,0.07037115,0.9790672,0.8301577,0.5206663,-0.19936082,-0.52379656,0.8508551,0.041020274
1356784015912,0.19320266,0.07915953,0.97796035,0.820925,0.5328507,-0.20531005,-0.537359,0.8424986,0.037964106
1356784015952,0.20309602,0.09159723,0.9748651,0.8092352,0.5448254,-0.2197811,-0.5512625,0.8335318,0.03652817
1356784015992,0.22113658,0.10742617,0.96930814,0.79493725,0.5559154,-0.24296668,-0.5649543,0.824268,0.037536204
1356784016032,0.24831751,0.12367365,0.9607514,0.7778537,0.56563723,-0.27385768,-0.5773058,0.81532776,0.04425758
1356784016072,0.28711686,0.1331347,0.94859844,0.7579529,0.5739577,-0.30996755,-0.58572274,0.80798995,0.063883066
1356784016137,0.34018117,0.12519735,0.93198836,0.7354803,0.5821493,-0.34665674,-0.58595693,0.8033852,0.10595608
1356784016154,0.4054164,0.09150207,0.9095411,0.7117301,0.59279084,-0.37688094,-0.57365304,0.8001415,0.17520231
1356784016193,0.47227386,0.03324908,0.8808245,0.6902806,0.60747993,-0.39304042,-0.54815143,0.7936388,0.26394573
1356784016233,0.5247929,-0.033979237,0.8505515,0.676425,0.6232382,-0.39245817,-0.5167607,0.7812935,0.35005537
1356784016273,0.5530132,-0.0899255,0.8283054,0.67316675,0.63402545,-0.38060248,-0.49094087,0.7680658,0.41115928
1356784016313,0.5571947,-0.12256205,0.82128716,0.67922556,0.63623357,-0.3658681,-0.4776889,0.76169896,0.43775326
1356784016352,0.54254353,-0.12993047,0.82991844,0.6914208,0.6301441,-0.35334915,-0.4770574,0.76553017,0.43171725
1356784016393,0.5144033,-0.11577445,0.8496973,0.707028,0.6179741,-0.3438305,-0.48528415,0.77762735,0.39974368
1356784016432,0.47723985,-0.086212754,0.87453383,0.72417176,0.60233617,-0.3358069,-0.49781257,0.7935732,0.34989163
1356784016472,0.43506658,-0.04878542,0.8990756,0.7415569,0.5857702,-0.3270576,-0.51069605,0.8090075,0.29102618
1356784016512,0.390887,-0.009629458,0.92038834,0.75831604,0.57012606,-0.31609035,-0.5216936,0.8215008,0.23015702
1356784016571,0.34648687,0.025526077,0.9377075,0.7740921,0.5568366,-0.30118838,-0.529838,0.83022976,0.17317706
1356784016592,0.3026504,0.052493185,0.95165503,0.7888113,0.5466331,-0.28101423,-0.5349575,0.8357253,0.124031484
1356784016632,0.25941205,0.06876308,0.96331567,0.80273277,0.5392297,-0.2546597,-0.5369596,0.8393468,0.08468431
1356784016670,0.21665199,0.073458195,0.9734813,0.81620586,0.5334481,-0.22190335,-0.53560233,0.84263694,0.055615604
1356784016713,0.17499574,0.06713784,0.98227745,0.8293442,0.52763695,-0.18381372,-0.5306267,0.8468127,0.036653876
1356784016752,0.13528168,0.0515891,0.9894632,0.84181464,0.52068716,-0.14224267,-0.522539,0.85218745,0.027010977
1356784016792,0.09915586,0.03047064,0.99460524,0.8526244,0.5127272,-0.10070908,-0.5130299,0.85801065,0.024859905
1356784016832,0.067115605,0.008885652,0.9977056,0.8599268,0.5065937,-0.062358975,-0.5059854,0.8621391,0.02635938
1356784016872,0.039943665,-0.008521974,0.99916565,0.8618455,0.5062748,-0.03013599,-0.5055957,0.8623301,0.027567089
1356784016912,0.019378886,-0.01995793,0.99961305,0.85801697,0.5135817,-0.0063799024,-0.5132556,0.8578086,0.0270769
1356784016952,0.008064628,-0.025716573,0.99963677,0.8498478,0.5269856,0.006700963,-0.52696645,0.84948504,0.026105106
1356784016992,0.008560374,-0.025841177,0.9996293,0.8392469,0.543707,0.006868392,-0.543683,0.8388771,0.026341498
1356784017032,0.022771314,-0.01924935,0.99955535,0.8272611,0.5617603,-0.008027852,-0.56135607,0.827076,0.028716266
1356784017072,0.052075878,-0.0046874285,0.99863213,0.81366134,0.5799815,-0.03970784,-0.5790021,0.81461614,0.034017026
1356784017137,0.097668245,0.017224759,0.9950699,0.7974515,0.5968422,-0.08860296,-0.5954259,0.8021737,0.044556618
1356784017153,0.16058224,0.041621,0.98614454,0.7777959,0.6097628,-0.15239057,-0.60765684,0.7914903,0.06554443
1356784017193,0.24008065,0.057072043,0.9690738,0.75473255,0.61685675,-0.22330803,-0.6105244,0.7850035,0.10502124
1356784017234,0.331617,0.05019188,0.94207793,0.7292859,0.6198346,-0.28973633,-0.5984749,0.7831257,0.16894346
1356784017273,0.42369407,0.01661706,0.90565294,0.7035988,0.6236458,-0.34060925,-0.5704666,0.78153044,0.25254327
1356784017313,0.50201523,-0.030389726,0.8643247,0.6801862,0.6311193,-0.3728741,-0.5341605,0.7750902,0.33750215
1356784017352,0.55918914,-0.067852676,0.82625866,0.6596057,0.6401692,-0.39383203,-0.5022228,0.76523155,0.4027317
1356784017392,0.59714246,-0.08010447,0.7981254,0.64047587,0.6466481,-0.41429076,-0.48291972,0.7585707,0.43744606
1356784017432,0.6207188,-0.064003795,0.7814165,0.62206554,0.64685047,-0.4411564,-0.47722393,0.7599263,0.4413268
1356784017472,0.63284904,-0.025399476,0.7738584,0.60618746,0.63805383,-0.4747883,-0.481704,0.7695726,0.41918865
1356784017512,0.6344192,0.025733232,0.7725607,0.5965527,0.61927676,-0.5105107,-0.49156594,0.78475094,0.37752986
1356784017552,0.6258421,0.07933095,0.7759049,0.5964904,0.59226656,-0.54168224,-0.5025146,0.8018273,0.32334515
1356784017592,0.6078509,0.12862967,0.7835635,0.6069731,0.5609579,-0.5629474,-0.5119579,0.81779003,0.26290402
1356784017632,0.5811655,0.1698022,0.79587305,0.6267877,0.53034955,-0.5708473,-0.5190221,0.83060014,0.2017909
1356784017673,0.5463591,0.20050399,0.81319726,0.65357476,0.5051072,-0.5636547,-0.5237669,0.83944315,0.1449256
1356784017712,0.5040068,0.21888438,0.835504,0.68491435,0.48804384,-0.5410228,-0.526184,0.8449278,0.096060365
1356784017752,0.45460978,0.22337021,0.86222714,0.71878606,0.4796767,-0.5032463,-0.52600056,0.84853756,0.057510316
1356784017792,0.39887798,0.2136825,0.8917601,0.75289536,0.47884446,-0.4515049,-0.52349305,0.85149735,0.030119956
1356784017832,0.33831996,0.19097057,0.9214499,0.78459835,0.483387,-0.38825548,-0.51956224,0.8543227,0.01370424
1356784017872,0.27532122,0.15746206,0.9483691,0.811787,0.49036452,-0.31708753,-0.51497585,0.85717463,0.0071821213
1356784017912,0.21315508,0.11750719,0.9699263,0.8328824,0.4971212,-0.24326429,-0.5107562,0.85968745,0.008094251
1356784017952,0.15538196,0.07742074,0.984816,0.84649277,0.5034617,-0.17313707,-0.5092216,0.86054194,0.0126927495
1356784017992,0.10568459,0.04255739,0.99348867,0.85188675,0.51149356,-0.11253193,-0.5129522,0.8582326,0.017802894
1356784018032,0.067816466,0.015266746,0.99758095,0.8499032,0.52281713,-0.065778226,-0.5225566,0.85230815,0.022480369
1356784018072,0.04514499,-0.0035212636,0.99897426,0.84273404,0.53711224,-0.036191046,-0.5364339,0.8435034,0.027215421
1356784018138,0.04016444,-0.012242168,0.9991181,0.83261406,0.55321,-0.02669257,-0.55239546,0.83295184,0.03241235
1356784018153,0.0545011,-0.0087195635,0.9984757,0.8206352,0.5700637,-0.039815545,-0.56884766,0.82155424,0.038224638
1356784018193,0.08883247,0.008175701,0.99601305,0.80630875,0.5864973,-0.07672733,-0.5847863,0.8099099,0.04550785
1356784018233,0.14363271,0.036863476,0.98894423,0.7881913,0.6000239,-0.13684192,-0.5984346,0.7991322,0.057127595
1356784018273,0.21782136,0.0694173,0.9735169,0.76472795,0.6076264,-0.21443275,-0.60641986,0.7911836,0.079268634
1356784018312,0.30818376,0.091284335,0.9469372,0.73500204,0.6091074,-0.29792655,-0.60398245,0.7878169,0.12062281
1356784018352,0.40738702,0.08884695,0.9089235,0.6994436,0.6095803,-0.37308264,-0.5872091,0.78772974,0.18619168
1356784018392,0.5026598,0.060778975,0.8623451,0.66103196,0.61582243,-0.42871842,-0.5571085,0.7855371,0.26937234
1356784018432,0.58076775,0.024009734,0.81371516,0.62392044,0.6289303,-0.46386415,-0.5229073,0.77709085,0.35028225
1356784018472,0.635805,9.649694E-4,0.77184916,0.59066534,0.6431131,-0.48736027,-0.49685657,0.7657707,0.40832454
1356784018512,0.6699405,0.0036507547,0.7424059,0.56185234,0.65115666,-0.5102126,-0.48528516,0.75893456,0.43418503
1356784018552,0.68750286,0.031441957,0.7255007,0.5386311,0.6479898,-0.5385033,-0.48704866,0.7609998,0.42855924
1356784018592,0.6917988,0.0761144,0.7180676,0.52367467,0.63179684,-0.5714872,-0.49717125,0.77138793,0.39721715
1356784018632,0.68543786,0.1271771,0.71693856,0.51961166,0.6043257,-0.6039819,-0.51007706,0.78652173,0.34814504
1356784018672,0.6709586,0.17575918,0.7203633,0.52720076,0.570078,-0.6301352,-0.5214153,0.8025707,0.28983834
1356784018712,0.6505197,0.21638927,0.72801083,0.54492724,0.53471506,-0.6458592,-0.5290354,0.81685704,0.22992632
1356784018752,0.62535787,0.2469107,0.74024504,0.56994206,0.5034268,-0.6494055,-0.53300434,0.8280076,0.17409712
1356784018792,0.59581685,0.26685438,0.75749,0.59954405,0.47977066,-0.640599,-0.5343681,0.8358283,0.1258645
1356784018832,0.56178796,0.2756493,0.78000754,0.6320692,0.4652939,-0.6196693,-0.53374416,0.84114146,0.087167084
1356784018872,0.52323765,0.27267194,0.80738616,0.666491,0.4594614,-0.5870988,-0.53104806,0.84530777,0.058674127
1356784018913,0.4803443,0.25783747,0.83832526,0.70168716,0.4604845,-0.54368114,-0.5262171,0.8493962,0.04026988
1356784018952,0.4337334,0.23202518,0.87065476,0.7360686,0.4660756,-0.4908936,-0.5196906,0.8537786,0.03136611
1356784018992,0.38502482,0.19802645,0.9014108,0.76754045,0.47365144,-0.43189812,-0.5124817,0.85816073,0.030374289
1356784019032,0.3363763,0.16164866,0.92775035,0.79364896,0.48164213,-0.3716749,-0.5069244,0.86133075,0.03372073
1356784019072,0.29037255,0.13020417,0.9480141,0.8118932,0.49083114,-0.31609216,-0.50647134,0.8614707,0.036812007
1356784019137,0.25046092,0.10827941,0.96205246,0.82092303,0.5029971,-0.2703318,-0.513181,0.85747856,0.03709209
1356784019154,0.22096308,0.096301615,0.97051597,0.82146865,0.5180159,-0.2384299,-0.5257039,0.8499327,0.03535366
1356784019193,0.205984,0.09341872,0.974086,0.8155527,0.53371936,-0.22364572,-0.5407812,0.84048593,0.03374976
1356784019233,0.20812653,0.09977993,0.9729991,0.8047899,0.54788506,-0.22833121,-0.5558746,0.83058167,0.033727527
1356784019273,0.22834349,0.11630878,0.9666082,0.7893019,0.5591249,-0.25373575,-0.5699664,0.8208846,0.035869777
1356784019313,0.26561043,0.14260757,0.9534748,0.7678788,0.5667088,-0.29866922,-0.58293515,0.81148267,0.041018426
1356784019352,0.318024,0.1747747,0.93183404,0.7388655,0.5701904,-0.35911098,-0.59408635,0.8027059,0.052199244
1356784019392,0.38407943,0.2035057,0.9005934,0.70108694,0.57042485,-0.42789322,-0.60079956,0.79573923,0.076413274
