1356783758814,0.5364039,-0.17185387,0.82627904,0.7598257,-0.327795,-0.5614403,0.36733592,0.92898685,-0.04525149
1356783758852,-0.05687496,-0.026145399,-0.9980389,-0.928352,0.36917958,0.04323241,0.36732528,0.92899024,-0.04526919
1356783758892,-0.056877792,-0.026224941,-0.9980367,-0.92837536,0.36912352,0.04320854,0.36726564,0.9290103,-0.04534149
1356783758934,-0.056886792,-0.026347607,-0.998033,-0.92843556,0.36897576,0.043179005,0.36711234,0.9290656,-0.04545188
1356783758971,-0.05691135,-0.026482433,-0.998028,-0.928542,0.36870933,0.043165326,0.3668391,0.92916745,-0.04557383
1356783759012,-0.056964576,-0.02676624,-0.9980173,-0.9287082,0.36829442,0.043131143,0.3664097,0.9293238,-0.04583776
1356783759052,-0.05704823,-0.027449101,-0.997994,-0.92895687,0.36768332,0.042988986,0.36576575,0.9295459,-0.046474755
1356783759092,-0.057151377,-0.028676927,-0.99795365,-0.92930007,0.3668515,0.04267797,0.3648769,0.92983747,-0.047615528
1356783759132,-0.057278037,-0.03042376,-0.99789464,-0.92970127,0.365888,0.04220864,0.36383355,0.9301615,-0.049242377
1356783759173,-0.057470083,-0.032702565,-0.99781144,-0.9301114,0.3649127,0.041611075,0.36275327,0.93046725,-0.05138856
1356783759212,-0.05781403,-0.035437673,-0.99769825,-0.9304948,0.36400464,0.04099047,0.36171418,0.9307228,-0.054019153
1356783759252,-0.05842367,-0.03823468,-0.9975594,-0.9308405,0.36316356,0.040596783,0.36072505,0.93094057,-0.056807756
1356783759292,-0.05934444,-0.040537596,-0.9974142,-0.9311914,0.3622537,0.040681243,0.35966784,0.93119764,-0.059246004
1356783759333,-0.060544163,-0.041627973,-0.9972971,-0.9316355,0.36101785,0.041488737,0.35831505,0.9316293,-0.06063968
1356783759372,-0.061825812,-0.04110819,-0.99724007,-0.9322741,0.35918897,0.04299164,0.35643032,0.93235904,-0.06053126
1356783759412,-0.06291866,-0.03920746,-0.9972483,-0.9331424,0.35669845,0.04485023,0.3539585,0.9333965,-0.059029162
1356783759452,-0.06359649,-0.036720484,-0.99729985,-0.9341972,0.35370708,0.046549022,0.3510427,0.93463516,-0.056798697
1356783759492,-0.06379509,-0.034754366,-0.9973577,-0.9353907,0.3503946,0.04762143,0.34781376,0.93595713,-0.05486238
1356783759532,-0.06365007,-0.034499973,-0.9973758,-0.9367311,0.34677303,0.047784775,0.3442145,0.9373144,-0.054389298
1356783759572,-0.06343123,-0.03709182,-0.9972967,-0.9382323,0.34280947,0.04692462,0.34014225,0.9386724,-0.056545615
1356783759612,-0.06343171,-0.043525398,-0.9970366,-0.93977016,0.33883235,0.04499677,0.33586976,0.9398395,-0.062396586
1356783759653,-0.06388888,-0.054588735,-0.9964628,-0.9410117,0.33576468,0.041939586,0.33228755,0.9403627,-0.072820306
1356783759692,-0.06499773,-0.07063255,-0.99538255,-0.9415481,0.33475912,0.037727863,0.33054855,0.9396528,-0.0882625
1356783759748,-0.06716037,-0.095733225,-0.9931387,-0.94078726,0.3375697,0.031080306,0.3322781,0.93641967,-0.11273587
1356783759784,-0.07180476,-0.12118286,-0.99002975,-0.93923134,0.34228188,0.026224017,0.3356914,0.93174994,-0.1383962
1356783759824,-0.07879791,-0.14610451,-0.9861258,-0.936999,0.34855857,0.023229927,0.34032857,0.9258295,-0.16436541
1356783759862,-0.0897297,-0.16834962,-0.981635,-0.9342797,0.3557054,0.02439779,0.3450655,0.9193107,-0.18920296
1356783759902,-0.10559493,-0.18677208,-0.9767118,-0.93145514,0.36250025,0.03138286,0.3481968,0.9130771,-0.21224797
1356783759944,-0.12722486,-0.20124179,-0.97124434,-0.9289411,0.3674143,0.045555294,0.3476814,0.9080245,-0.23368597
1356783759982,-0.15529796,-0.21152487,-0.9649558,-0.9264524,0.37022904,0.06794459,0.34288272,0.90453726,-0.2534635
1356783760022,-0.18717709,-0.22066319,-0.9572212,-0.92415667,0.36989936,0.0954406,0.33301526,0.9024867,-0.27316403
1356783760063,-0.22266367,-0.23042443,-0.9472726,-0.92133784,0.36736235,0.12720647,0.31868082,0.9010824,-0.29409695
1356783760102,-0.25960702,-0.24278647,-0.9346972,-0.91760355,0.36370236,0.16038814,0.3010115,0.8993194,-0.31720138
1356783760142,-0.29554054,-0.2586213,-0.91965795,-0.9129199,0.36009833,0.19211024,0.28148353,0.89635044,-0.34252423
1356783760182,-0.32808328,-0.27733138,-0.903022,-0.9075726,0.35772544,0.21987379,0.26205605,0.8916949,-0.36906213
1356783760222,-0.3553133,-0.2971631,-0.8862542,-0.9020443,0.3576002,0.24173963,0.24508858,0.8853339,-0.39511442
1356783760262,-0.37600708,-0.31636792,-0.8709363,-0.89697,0.36012125,0.25643238,0.2325157,0.87762403,-0.41918063
1356783760302,-0.38975447,-0.33337027,-0.85846126,-0.8929474,0.3648064,0.26374468,0.22524759,0.8693564,-0.43986708
1356783760342,-0.39680737,-0.34634385,-0.85005283,-0.89033663,0.3704762,0.2646659,0.22325894,0.8618546,-0.4553703
1356783760382,-0.39796907,-0.3528234,-0.84683895,-0.8891002,0.37583667,0.2612426,0.22610065,0.85689116,-0.46326673
1356783760422,-0.39438888,-0.3501505,-0.8496188,-0.8888761,0.3799297,0.2560328,0.23314539,0.8561822,-0.46108043
1356783760462,-0.38714856,-0.33645955,-0.85843515,-0.8893647,0.381854,0.2514317,0.2432003,0.86080337,-0.44706953
1356783760502,-0.37722132,-0.31073195,-0.87243897,-0.8904967,0.38046756,0.24951985,0.2544009,0.8710282,-0.42022622
1356783760542,-0.36524165,-0.27302665,-0.88997465,-0.89249617,0.37450802,0.25138476,0.26466793,0.8861152,-0.38046122
1356783760582,-0.35148326,-0.22518772,-0.90870786,-0.8956556,0.36341783,0.2563758,0.272508,0.9040011,-0.32942593
1356783760622,-0.3361367,-0.17073363,-0.92620844,-0.9000711,0.34776747,0.2625449,0.2772799,0.92190444,-0.2705698
1356783760662,-0.3194412,-0.11452949,-0.9406595,-0.9056158,0.3291208,0.2674687,0.27895758,0.93731666,-0.2088545
1356783760702,-0.30190578,-0.061329305,-0.95136297,-0.91191655,0.30953792,0.26943353,0.27795872,0.94890726,-0.14937848
1356783760784,-0.28422457,-0.0146072805,-0.9586464,-0.9184873,0.29089248,0.26788554,0.2749499,0.9566442,-0.09609538
1356783760785,-0.26705724,0.02368924,-0.9633894,-0.9248496,0.27462268,0.2631266,0.27080187,0.9612602,-0.051431
1356783760809,-0.25091326,0.053313673,-0.96654034,-0.9305173,0.26191056,0.25600857,0.26679587,0.96361846,-0.01610756
1356783760839,-0.23686796,0.07527077,-0.96862173,-0.93514895,0.25265682,0.24831626,0.2634199,0.9646237,0.010543048
1356783760882,-0.2245512,0.08845696,-0.9704391,-0.9389107,0.246903,0.23976138,0.26081285,0.96499443,0.027610838
1356783760922,-0.2126618,0.09353876,-0.9726383,-0.9424199,0.24330199,0.22945315,0.2581076,0.9654297,0.03641182
1356783760962,-0.2011118,0.091260165,-0.97530794,-0.94599676,0.24033213,0.21755582,0.25425205,0.96639127,0.0379982
1356783761002,-0.18947363,0.08247456,-0.97841585,-0.9497982,0.23726583,0.20393178,0.2489638,0.96793735,0.0333786
1356783761042,-0.17754355,0.06807631,-0.98175544,-0.95378476,0.23385152,0.18870091,0.24243098,0.96988606,0.023411393
1356783761082,-0.1654189,0.049592853,-0.9849757,-0.95786905,0.22968325,0.17243099,0.23478377,0.9720011,0.009509563
1356783761122,-0.15362462,0.029481322,-0.9876894,-0.96173525,0.22502044,0.15630433,0.22685835,0.97390795,-0.006215453
1356783761162,-0.14313933,0.010838002,-0.9896432,-0.9647008,0.22180942,0.14196086,0.22105083,0.9750298,-0.021294236
1356783761202,-0.13531497,-0.0032030642,-0.99079746,-0.9660586,0.22251508,0.13121697,0.22004706,0.97492397,-0.03320396
1356783761242,-0.13174778,-0.01038754,-0.9912289,-0.9654769,0.22802347,0.12593544,0.22471529,0.97360027,-0.040070534
1356783761283,-0.13404894,-0.010396093,-0.9909202,-0.9629612,0.23744291,0.12777558,0.2339586,0.9713459,-0.041840017
1356783761322,-0.14369652,-0.0045637786,-0.98961127,-0.9585459,0.24927029,0.1380361,0.24605072,0.9684231,-0.040193856
1356783761362,-0.16160947,0.0053525865,-0.98684037,-0.95196915,0.2626862,0.1573236,0.26007143,0.9648665,-0.037357092
1356783761402,-0.18802431,0.017749608,-0.98200405,-0.94264966,0.2774882,0.18550467,0.27578714,0.9605651,-0.03544283
1356783761442,-0.22220519,0.030544579,-0.97452134,-0.93006873,0.29328385,0.22126174,0.2925697,0.9555373,-0.03676063
1356783761482,-0.26252303,0.039690584,-0.96410906,-0.914348,0.30900446,0.26169446,0.30830076,0.950232,-0.044829726
1356783761522,-0.30705026,0.037861824,-0.9509399,-0.89674807,0.32309046,0.30241606,0.31868958,0.9456104,-0.06525248
1356783761562,-0.35401726,0.015077949,-0.93511736,-0.8795296,0.33456713,0.3383674,0.31796145,0.94225127,-0.10518104
1356783761602,-0.40143827,-0.035401613,-0.91520166,-0.86463916,0.34421405,0.36594504,0.30207026,0.93822354,-0.16879034
1356783761642,-0.44539338,-0.107848525,-0.88881564,-0.8525634,0.3542505,0.3842424,0.2734234,0.92891073,-0.24972856
1356783761682,-0.48076168,-0.18431431,-0.85726106,-0.8429932,0.3662065,0.3940244,0.24131027,0.9120971,-0.33143377
1356783761722,-0.50449514,-0.24460381,-0.82804203,-0.8357069,0.37934092,0.39710763,0.21697617,0.89233935,-0.39579272
1356783761764,-0.5165368,-0.27546522,-0.8107457,-0.83066463,0.3909989,0.3963786,0.20781219,0.87820196,-0.43078458
1356783761801,-0.5171702,-0.27854684,-0.8092878,-0.82941365,0.3964434,0.39358056,0.21120611,0.87478244,-0.43605924
1356783761842,-0.5079007,-0.25399366,-0.82311857,-0.8319646,0.39235958,0.39228672,0.22332013,0.88404816,-0.41059345
1356783761882,-0.48735267,-0.20881295,-0.8478706,-0.8400984,0.37695754,0.39004838,0.23816407,0.90238583,-0.35913473
1356783761922,-0.45611277,-0.15274861,-0.87671494,-0.85365736,0.35346487,0.38253334,0.25145653,0.92289245,-0.29161483
1356783761962,-0.41681522,-0.09422797,-0.9040941,-0.87071824,0.32696038,0.36735088,0.26098824,0.94032866,-0.21832812
1356783762002,-0.37315458,-0.042583227,-0.9267914,-0.88905495,0.3019703,0.3440861,0.26521122,0.9523658,-0.15054047
1356783762042,-0.32917312,-0.0026087165,-0.94426596,-0.906675,0.28023162,0.3152946,0.2637907,0.9599289,-0.094610035
1356783762082,-0.28700602,0.02427122,-0.9576212,-0.92242646,0.26263183,0.28311443,0.2583733,0.9645908,-0.05298847
1356783762122,-0.24762595,0.039107054,-0.9680661,-0.9356464,0.24970978,0.2494207,0.25148973,0.96753067,-0.025244296
1356783762162,-0.2113713,0.043750137,-0.97642624,-0.94631064,0.2408207,0.21564233,0.24457803,0.96958303,-0.009501398
1356783762202,-0.17805868,0.04027149,-0.9831954,-0.9548727,0.23431194,0.1825268,0.23772502,0.97132695,-0.0032671094
1356783762242,-0.14749232,0.030608982,-0.9885895,-0.961812,0.2285718,0.15057436,0.23057261,0.9730458,-0.0042725205
1356783762282,-0.11956942,0.0163818,-0.9926906,-0.9675355,0.2223174,0.12020829,0.22266155,0.9748367,-0.010732353
1356783762322,-0.09404057,-5.9598684E-4,-0.99556816,-0.9723197,0.21490139,0.0917159,0.21389434,0.9766356,-0.020788908
1356783762362,-0.070543855,-0.01790604,-0.99734795,-0.9760536,0.20749357,0.065312415,0.2057738,0.9780725,-0.032114625
1356783762402,-0.04855579,-0.032585025,-0.99828887,-0.97832346,0.20299172,0.04095885,0.20130977,0.9786382,-0.041735113
1356783762442,-0.027880192,-0.042304486,-0.99871576,-0.9788499,0.20372349,0.01869607,0.20267096,0.97811407,-0.047089636
1356783762482,-0.008943766,-0.046464473,-0.9988798,-0.97774196,0.20980856,-0.0010050237,0.20962021,0.9766377,-0.047306716
1356783762522,0.0070958734,-0.045990735,-0.9989166,-0.97536826,0.21992284,-0.017053932,0.22046885,0.9744326,-0.04329729
1356783762562,0.018804163,-0.04238531,-0.9989244,-0.972131,0.23273906,-0.028175116,0.23368287,0.9716152,-0.036827564
1356783762602,0.025054663,-0.037009716,-0.9990008,-0.9682704,0.2476547,-0.03345871,0.24864554,0.9681412,-0.029630482
1356783762642,0.025260419,-0.03136599,-0.9991887,-0.9638593,0.2644014,-0.03266719,0.26521152,0.9639026,-0.02355349
1356783762682,0.019135118,-0.028472453,-0.99941146,-0.9590167,0.28211737,-0.026399016,0.28270295,0.9589573,-0.02190721
1356783762722,0.0060679913,-0.034889102,-0.9993727,-0.9543779,0.29816145,-0.01620391,0.29853973,0.95387757,-0.03148812
1356783762765,-0.014834464,-0.061167717,-0.99801725,-0.9513587,0.30804902,-0.0047391653,0.3077281,0.9494021,-0.06276214
1356783762803,-0.042503566,-0.11528462,-0.99242276,-0.95134455,0.30808923,0.0049551427,0.30518347,0.94434655,-0.12277025
1356783762843,-0.07176599,-0.19358504,-0.97845507,-0.9543096,0.2986202,0.0109137,0.29007372,0.9345324,-0.20617086
1356783762883,-0.094300956,-0.2768673,-0.95626974,-0.9585749,0.28458217,0.012133628,0.26877788,0.9178003,-0.29223442
1356783762923,-0.104156554,-0.3430296,-0.93353206,-0.9625685,0.27092487,0.007843941,0.25022632,0.8994056,-0.3584081
1356783762962,-0.10061586,-0.3801226,-0.9194473,-0.9658266,0.25918514,-0.0014625192,0.23886302,0.88787943,-0.3932107
1356783763002,-0.086327806,-0.3868815,-0.9180796,-0.96840215,0.24900787,-0.013872951,0.23397624,0.8878726,-0.39615315
1356783763042,-0.06491877,-0.3679404,-0.9275804,-0.9702909,0.2403798,-0.027442753,0.23306888,0.89824134,-0.37261438
1356783763082,-0.039922193,-0.33019114,-0.94306946,-0.9714925,0.23355924,-0.040649265,0.23368454,0.9145621,-0.33010238
1356783763122,-0.0142246485,-0.2808652,-0.95964175,-0.9722277,0.22810668,-0.052350342,0.23360401,0.9322457,-0.27630967
1356783763162,0.010115564,-0.227007,-0.9738406,-0.9727882,0.2232089,-0.062135786,0.2314752,0.9479692,-0.21857184
1356783763202,0.032006472,-0.17445579,-0.9841447,-0.97322106,0.21881285,-0.07043937,0.22763208,0.96004486,-0.1627807
1356783763242,0.05110514,-0.12821558,-0.99042875,-0.9732809,0.2159025,-0.07816994,0.22385865,0.96796024,-0.113756
1356783763282,0.06762272,-0.09177211,-0.9934813,-0.9727582,0.2152422,-0.086095005,0.22174025,0.972239,-0.07471681
1356783763322,0.082125574,-0.06665805,-0.9943903,-0.9717438,0.21618739,-0.094747186,0.22129029,0.97407377,-0.047020078
1356783763362,0.095173806,-0.05262032,-0.994069,-0.97051764,0.2172381,-0.10441831,0.22144416,0.9746994,-0.03039354
1356783763402,0.10712969,-0.048103362,-0.99308074,-0.9694029,0.2168296,-0.11507827,0.22086492,0.97502357,-0.023402631
1356783763442,0.118112594,-0.05054933,-0.9917127,-0.9687423,0.21353301,-0.12626094,0.21814576,0.9756271,-0.023748338
1356783763482,0.12808323,-0.05692455,-0.9901284,-0.9685484,0.20756495,-0.13722494,0.21332741,0.9765636,-0.028548598
1356783763522,0.13674462,-0.06460452,-0.9884974,-0.9683094,0.20180774,-0.14714131,0.20899245,0.97729206,-0.034961104
1356783763562,0.14391977,-0.07110143,-0.98703176,-0.96735656,0.20012814,-0.15546727,0.20858675,0.97718644,-0.039978027
1356783763603,0.14921415,-0.07460812,-0.98598623,-0.9654757,0.20433152,-0.16157162,0.21352258,0.97605443,-0.041543126
1356783763649,0.1519871,-0.07384676,-0.9856199,-0.96228737,0.21657464,-0.16461581,0.2256166,0.9734691,-0.038145244
1356783763680,0.1481444,-0.07096583,-0.9864163,-0.9600697,0.22902635,-0.16066438,0.23731703,0.9708299,-0.03420317
1356783763722,0.14181268,-0.06689188,-0.98763084,-0.9576024,0.2434833,-0.15399197,0.25077248,0.9675957,-0.02952683
1356783763764,0.12812227,-0.061588258,-0.9898442,-0.95542467,0.26001352,-0.13984525,0.2659857,0.9636389,-0.025529385
1356783763804,0.10661188,-0.05665472,-0.9926853,-0.9535711,0.2769952,-0.11821988,0.28166676,0.95919967,-0.024493337
1356783763844,0.07893938,-0.057632297,-0.99521214,-0.9518752,0.29221797,-0.092424184,0.2961455,0.9546137,-0.03179127
1356783763884,0.044068515,-0.072704345,-0.99637944,-0.9512787,0.30159992,-0.06408104,0.3051669,0.95065844,-0.05587101
1356783763924,0.0034367442,-0.11218247,-0.99368167,-0.9529166,0.30093318,-0.0372698,0.30321276,0.94702387,-0.10586631
1356783763964,-0.0388391,-0.18007985,-0.982885,-0.95711935,0.28929597,-0.015182614,0.28707877,0.9401485,-0.18359393
1356783764004,-0.07587582,-0.2660366,-0.96097213,-0.9624362,0.27150655,8.2722306E-4,0.26069015,0.9249371,-0.27664405
1356783764044,-0.10159354,-0.3474475,-0.9321797,-0.9666834,0.2557788,0.010018557,0.2349509,0.9021405,-0.36185724
1356783764084,-0.114732906,-0.40406752,-0.9075053,-0.9689338,0.24700291,0.0125208795,0.21909717,0.8807491,-0.41985404
1356783764122,-0.11817725,-0.4277328,-0.89614666,-0.9695815,0.24451427,0.011154115,0.21434966,0.8702054,-0.44361782
1356783764162,-0.11555351,-0.4196506,-0.9003004,-0.96933085,0.24555801,0.00995329,0.21689913,0.873839,-0.4351554
1356783764202,-0.10930093,-0.38562232,-0.9161598,-0.9687291,0.24786614,0.011242837,0.22274953,0.88873947,-0.40065557
1356783764242,-0.100619555,-0.33342516,-0.93739176,-0.9681449,0.2499398,0.0150184035,0.22928402,0.9090422,-0.34795272
1356783764282,-0.089972794,-0.27159828,-0.9581958,-0.9678816,0.2506219,0.019844085,0.23475525,0.92920554,-0.28542417
1356783764322,-0.07756683,-0.20825449,-0.97499406,-0.96812034,0.24935624,0.02375856,0.23817304,0.9457544,-0.22095722
1356783764362,-0.063643664,-0.15003198,-0.9866306,-0.9687932,0.24660733,0.024992675,0.23956066,0.95743155,-0.16104496
1356783764402,-0.04863727,-0.10161519,-0.9936341,-0.96964,0.24349368,0.02256164,0.23965096,0.9645648,-0.11037302
1356783764442,-0.033201456,-0.06559849,-0.9972936,-0.9704459,0.24075598,0.016471535,0.23902392,0.9683664,-0.07165331
1356783764482,-0.018110812,-0.042466372,-0.9989338,-0.97120285,0.23813647,0.007484466,0.23756471,0.9703028,-0.045556307
1356783764522,-0.0040836036,-0.031083584,-0.9995084,-0.9720106,0.23491308,-0.0033341944,0.23490119,0.97151923,-0.031172812
1356783764562,0.008238733,-0.029453278,-0.9995322,-0.9729798,0.23041475,-0.014809519,0.23074308,0.9726467,-0.026759088
1356783764602,0.01846397,-0.03493488,-0.99921906,-0.9742514,0.22397977,-0.025833428,0.22470737,0.9739675,-0.029899776
1356783764642,0.026581615,-0.04420808,-0.9986687,-0.9757663,0.2159116,-0.035529763,0.21719491,0.97541165,-0.037397504
1356783764682,0.03298214,-0.053659946,-0.99801445,-0.97699606,0.2087712,-0.043512434,0.21069148,0.9764912,-0.045539796
1356783764722,0.038215846,-0.06033513,-0.99744636,-0.9772459,0.20615348,-0.049912125,0.20863849,0.97665787,-0.051083922
1356783764766,0.042619884,-0.06263995,-0.99712574,-0.9761212,0.21016836,-0.054924995,0.21300471,0.9756565,-0.052186787
1356783764804,0.045686603,-0.06136924,-0.997069,-0.9741859,0.21815205,-0.058065176,0.22107604,0.9739833,-0.049818397
1356783764842,0.04705587,-0.057005286,-0.99726427,-0.9716929,0.22878054,-0.05892676,0.23151371,0.97180754,-0.044626117
1356783764882,0.045494616,-0.050360918,-0.9976944,-0.9689075,0.24092263,-0.05634311,0.24320462,0.96923685,-0.037834406
1356783764922,0.040149987,-0.042242825,-0.9983003,-0.9657704,0.25460935,-0.049615413,0.25627244,0.96612096,-0.030574262
1356783764962,0.030145764,-0.034582436,-0.998947,-0.96215516,0.26978642,-0.03837517,0.2708294,0.962299,-0.025140703
1356783765002,0.014634788,-0.032311946,-0.9993707,-0.95829654,0.2848292,-0.023242503,0.28540096,0.95803356,-0.026795983
1356783765043,-0.0068739355,-0.044528306,-0.9989846,-0.9551856,0.2959337,-0.006618291,0.2959279,0.9541701,-0.04456705
1356783765082,-0.03325385,-0.08196178,-0.9960805,-0.9542705,0.29885626,0.0072668493,0.2970893,0.9507719,-0.08815187
1356783765122,-0.060115874,-0.14874262,-0.98704696,-0.95623535,0.29225403,0.014198184,0.28635657,0.94470274,-0.15980208
1356783765162,-0.080423385,-0.2347419,-0.9687251,-0.9601971,0.27906123,0.012093157,0.26749483,0.9311396,-0.24784154
1356783765202,-0.08852309,-0.31755814,-0.94409776,-0.96441984,0.26437098,0.0015043914,0.2491143,0.91063976,-0.32966232
1356783765242,-0.08404072,-0.3765971,-0.92255723,-0.9676288,0.2519493,-0.014701754,0.23797429,0.8914573,-0.38558024
1356783765282,-0.07087177,-0.4030414,-0.9124335,-0.9693855,0.24341965,-0.03222823,0.2350935,0.8822157,-0.40795404
1356783765322,-0.053701952,-0.39813244,-0.9157547,-0.96979356,0.2393214,-0.047176123,0.23794201,0.88555956,-0.39895833
1356783765362,-0.03596963,-0.36803284,-0.92911685,-0.96919966,0.23950605,-0.057349414,0.24363557,0.8984368,-0.36531216
1356783765402,-0.019521788,-0.32070953,-0.9469764,-0.96807545,0.2428007,-0.062271774,0.24989772,0.91552895,-0.31521088
1356783765442,-0.0049197376,-0.26410568,-0.96448123,-0.9669701,0.24705306,-0.06271863,0.2548424,0.93231595,-0.25659776
1356783765482,0.0081734955,-0.2053791,-0.9786483,-0.96636486,0.24995103,-0.060525566,0.2570448,0.9462261,-0.19642818
1356783765522,0.020638555,-0.15094814,-0.9883262,-0.9664358,0.2501844,-0.058392435,0.25607798,0.956359,-0.14071822
1356783765562,0.03350115,-0.105876684,-0.9938147,-0.9669899,0.2478888,-0.059005827,0.2526029,0.9629855,-0.09407711
1356783765602,0.04766795,-0.07325894,-0.9961732,-0.9676793,0.2438654,-0.06423849,0.24763829,0.9670382,-0.059266627
1356783765642,0.063673824,-0.05390069,-0.9965141,-0.96821034,0.23869893,-0.07477635,0.24189734,0.96959656,-0.036988378
1356783765682,0.081466645,-0.046587944,-0.9955867,-0.9684503,0.23234192,-0.0901185,0.23551494,0.9715178,-0.026189983
1356783765722,0.10040203,-0.04868117,-0.9937552,-0.96849155,0.22401246,-0.10882324,0.2279112,0.97336966,-0.024655998
1356783765765,0.11939621,-0.057034284,-0.9912071,-0.9684802,0.21313155,-0.12892225,0.2186105,0.9753574,-0.029789448
1356783765803,0.13724291,-0.067423314,-0.9882401,-0.9680449,0.20227313,-0.14823854,0.20988917,0.9770055,-0.03750825
1356783765845,0.15202874,-0.07720482,-0.98535615,-0.9668648,0.19524574,-0.16447371,0.20508474,0.9777109,-0.044963658
1356783765885,0.16245472,-0.0842047,-0.98311645,-0.9647461,0.195526,-0.17616612,0.20705885,0.9770768,-0.049472094
1356783765924,0.16673192,-0.087224066,-0.98213667,-0.9623218,0.2025958,-0.18136072,0.21479577,0.97537017,-0.05015838
1356783765966,0.1638639,-0.085734904,-0.9827503,-0.95984036,0.21610707,-0.17889702,0.22771704,0.9725982,-0.04687971
1356783766005,0.15087917,-0.08002806,-0.9853076,-0.958266,0.23298582,-0.16566178,0.2428203,0.96918166,-0.041535437
1356783766045,0.12908462,-0.07083416,-0.9891004,-0.95688236,0.25284532,-0.1429874,0.26021773,0.96491027,-0.035141468
1356783766084,0.09652436,-0.059247077,-0.99356574,-0.9553222,0.27465916,-0.109187156,0.27936095,0.95971465,-0.030088782
1356783766125,0.05416289,-0.04957643,-0.9973006,-0.95276856,0.29633275,-0.06647521,0.29882848,0.95379716,-0.031184673
1356783766165,0.004689932,-0.051559,-0.9986589,-0.94902205,0.3145296,-0.020695388,0.3151748,0.9478464,-0.04745549
1356783766206,-0.04766023,-0.075745344,-0.99598753,-0.94515026,0.3259961,0.020435393,0.32314014,0.9423318,-0.087127745
1356783766244,-0.09433976,-0.13351795,-0.98654604,-0.94348776,0.3282272,0.045800418,0.31769612,0.93511486,-0.15693742
1356783766285,-0.12896672,-0.21821097,-0.96734256,-0.9451065,0.32238993,0.053278178,0.30023557,0.9211128,-0.24781013
1356783766323,-0.14888464,-0.30695504,-0.9400064,-0.948721,0.31241083,0.0482485,0.27885807,0.8989872,-0.3377279
1356783766364,-0.1579528,-0.37492347,-0.91350055,-0.9519943,0.30348444,0.040051132,0.26221713,0.87597346,-0.4048612
1356783766421,-0.16276394,-0.4098946,-0.89749336,-0.95362115,0.29879045,0.036482215,0.25320855,0.86180663,-0.43951643
1356783766442,-0.16812052,-0.41102028,-0.8959899,-0.95352674,0.29836,0.04204896,0.2500445,0.86141956,-0.4420792
1356783766483,-0.17524607,-0.3833305,-0.9068333,-0.9522643,0.2998541,0.05727333,0.24996307,0.8735818,-0.41758025
1356783766520,-0.18229643,-0.3355282,-0.9242233,-0.95064646,0.30017272,0.07853413,0.2510762,0.89292616,-0.37368912
1356783766563,-0.18671668,-0.2762255,-0.94278115,-0.9494315,0.29731143,0.10092452,0.25242168,0.91395044,-0.31777012
1356783766602,-0.18551111,-0.21515274,-0.95879865,-0.9494128,0.2908426,0.118430555,0.25337884,0.93226594,-0.25822335
1356783766642,-0.1773817,-0.15873995,-0.9712556,-0.9508406,0.28220236,0.12753066,0.25384647,0.94613075,-0.20099396
1356783766682,-0.16133603,-0.11188075,-0.9805373,-0.9536544,0.27338204,0.12571949,0.2539957,0.9553768,-0.15080196
1356783766722,-0.13729176,-0.07752773,-0.987492,-0.9574928,0.26571652,0.1122596,0.2536897,0.9609288,-0.110712945
1356783766765,-0.105911195,-0.056822687,-0.99275076,-0.9618119,0.25925696,0.08777124,0.25239015,0.96413535,-0.08211094
1356783766803,-0.06801191,-0.048785865,-0.99649096,-0.96590143,0.25331762,0.05352235,0.24981758,0.9661522,-0.0643509
1356783766844,-0.027271211,-0.051079392,-0.9983222,-0.96903336,0.24654073,0.013856798,0.24541932,0.96778536,-0.056221128
1356783766884,0.014625311,-0.060411036,-0.9980664,-0.9709248,0.23766857,-0.02861321,0.23893759,0.9694659,-0.055178583
1356783766924,0.05467075,-0.07260606,-0.9958612,-0.9712429,0.22759473,-0.0699127,0.23172879,0.9710454,-0.05807537
1356783766965,0.09024018,-0.0839954,-0.9923717,-0.96961194,0.22010529,-0.10680047,0.227397,0.97185314,-0.0615806
1356783767005,0.119428754,-0.09206146,-0.9885653,-0.9660265,0.21907598,-0.13710755,0.22919321,0.9713549,-0.06276983
1356783767044,0.14052162,-0.09562492,-0.98544896,-0.96098757,0.22632596,-0.15899551,0.23823658,0.9693464,-0.06009066
1356783767085,0.1522319,-0.09468901,-0.98379844,-0.95558333,0.24006078,-0.17097136,0.25236052,0.9661287,-0.05393839
1356783767125,0.15356436,-0.08929592,-0.98409563,-0.95063955,0.2584035,-0.17179096,0.26963395,0.9619012,-0.045206606
1356783767164,0.14271992,-0.07967278,-0.9865512,-0.9470339,0.2787161,-0.15951198,0.2876765,0.957063,-0.035674512
1356783767206,0.12077287,-0.06644857,-0.99045366,-0.94406927,0.30071488,-0.13529152,0.30683404,0.9513964,-0.026413798
1356783767245,0.08496779,-0.050953567,-0.99508,-0.9416845,0.3222406,-0.09690896,0.325593,0.94528556,-0.020602047
1356783767286,0.04028049,-0.04130897,-0.99833417,-0.93876696,0.3406107,-0.05197087,0.34219015,0.9392965,-0.025059521
1356783767324,-0.012236208,-0.048806965,-0.9987332,-0.93593913,0.35211483,-0.0057404935,0.35194892,0.9346833,-0.049988866
1356783767365,-0.06683388,-0.08652198,-0.9940057,-0.93470037,0.3539903,0.03203371,0.34909678,0.9312384,-0.10453069
1356783767405,-0.11622068,-0.15874696,-0.98045504,-0.9365071,0.34631804,0.054938376,0.33082795,0.9245881,-0.18891692
1356783767446,-0.15502921,-0.24508107,-0.9570273,-0.93987656,0.3349841,0.0664663,0.30429927,0.9097917,-0.28227824
1356783767483,-0.1814376,-0.3214603,-0.9293781,-0.9427039,0.32592124,0.07130703,0.27998167,0.8890661,-0.36217624
1356783767524,-0.19887541,-0.369069,-0.9078747,-0.94343436,0.32286936,0.075412184,0.2652926,0.8715179,-0.41240317
1356783767564,-0.21152824,-0.38271305,-0.8993256,-0.9420011,0.3251322,0.083204,0.26055646,0.86476576,-0.42929077
1356783767604,-0.22142921,-0.36573675,-0.9039943,-0.9391471,0.32963008,0.096678436,0.26262486,0.8703911,-0.41647035
1356783767644,-0.2281327,-0.32562476,-0.91756415,-0.936006,0.33280095,0.11461359,0.2680452,0.8849927,-0.38070947
1356783767684,-0.23020944,-0.27071998,-0.93472683,-0.93384016,0.33166984,0.13393128,0.2737628,0.90371776,-0.32916272
1356783767723,-0.22622931,-0.20970795,-0.95123225,-0.933784,0.3246451,0.15050864,0.27725,0.922295,-0.2692662
1356783767761,-0.21570835,-0.14907986,-0.96501046,-0.93622965,0.31232163,0.16102588,0.27738792,0.93820596,-0.20694333
1356783767803,-0.19824064,-0.09597325,-0.97544336,-0.9407836,0.29785472,0.16189095,0.2750032,0.9497745,-0.149337
1356783767842,-0.17518961,-0.053968817,-0.98305434,-0.94639814,0.28444493,0.15304133,0.27136534,0.95717204,-0.1009078
1356783767882,-0.14729744,-0.025604188,-0.98876077,-0.9523335,0.27366787,0.1347841,0.26714104,0.96148336,-0.064694285
1356783767922,-0.11553821,-0.011620939,-0.993235,-0.9580511,0.26533046,0.10834101,0.2622765,0.9640875,-0.041789293
1356783767962,-0.08146706,-0.010541528,-0.9966203,-0.9631752,0.25790837,0.07600513,0.25623548,0.9661119,-0.031164348
1356783768002,-0.046881437,-0.018962532,-0.99872047,-0.967517,0.24951166,0.040679216,0.24842101,0.96818614,-0.03004402
1356783768042,-0.0136549175,-0.03208977,-0.9993917,-0.9707003,0.24022898,0.0055493712,0.23990476,0.97018564,-0.03442985
1356783768082,0.016278327,-0.045189828,-0.9988458,-0.9720093,0.23345387,-0.02640289,0.23437753,0.97131723,-0.040124714
1356783768122,0.04128173,-0.054837108,-0.99764156,-0.9709079,0.23351172,-0.05301091,0.23586795,0.9708065,-0.04360199
1356783768162,0.05993843,-0.059431434,-0.9964313,-0.9675698,0.24193627,-0.07263246,0.24538952,0.96847034,-0.043002784
1356783768202,0.071051806,-0.05882317,-0.9957366,-0.9628127,0.25682053,-0.083874136,0.2606593,0.9646673,-0.038388133
1356783768242,0.073664546,-0.053574592,-0.995843,-0.9575956,0.27509516,-0.08563498,0.27853948,0.95992315,-0.031038105
1356783768282,0.06713775,-0.04438144,-0.99675614,-0.95249546,0.29458657,-0.07727325,0.29706043,0.95459366,-0.02249527
1356783768322,0.0512155,-0.032049686,-0.99817324,-0.9475186,0.3142644,-0.058707,0.31557187,0.94879436,-0.014272451
1356783768362,0.026011437,-0.018561691,-0.99948937,-0.9423287,0.3332769,-0.03071323,0.33367687,0.94264627,-0.008822262
1356783768402,-0.008264542,-0.009197563,-0.99992347,-0.93681514,0.3497954,0.004525453,0.34972703,0.9367809,-0.011507332
1356783768442,-0.051215142,-0.014164269,-0.99858713,-0.93154794,0.36110803,0.042654783,0.35999367,0.93241644,-0.03168887
1356783768482,-0.101979434,-0.045858413,-0.9937289,-0.9275193,0.36547786,0.078318834,0.35959432,0.92968965,-0.07980573
1356783768522,-0.15748838,-0.1095784,-0.98142254,-0.9249759,0.36443344,0.10774037,0.34585717,0.92475986,-0.15875143
1356783768562,-0.21097526,-0.19336861,-0.9581743,-0.9228311,0.36259916,0.13001734,0.3222919,0.9116635,-0.254946
1356783768602,-0.25493595,-0.2728262,-0.9276711,-0.9200065,0.36375204,0.14585087,0.29765025,0.890646,-0.34373534
1356783768642,-0.28601635,-0.32777292,-0.90042186,-0.91653603,0.3677324,0.15727243,0.27956462,0.87025154,-0.40559316
1356783768682,-0.30513763,-0.35117444,-0.8851936,-0.91316295,0.37166262,0.16733289,0.27023032,0.8593855,-0.43408775
1356783768722,-0.31442112,-0.345104,-0.88433176,-0.9106866,0.37259555,0.17838874,0.26793545,0.8614383,-0.4314335
1356783768764,-0.31526622,-0.31423366,-0.8954687,-0.90979195,0.3685108,0.19099292,0.2699735,0.8749039,-0.4020663
1356783768804,-0.30891246,-0.26814777,-0.9125074,-0.9109698,0.35914356,0.20285463,0.27332613,0.89393103,-0.3552184
1356783768844,-0.2963889,-0.21242082,-0.9311451,-0.91429484,0.34493217,0.21233648,0.27607718,0.9142752,-0.2964493
1356783768884,-0.27894983,-0.15404257,-0.9478702,-0.91943574,0.32773438,0.21732026,0.2771731,0.9321272,-0.23305368
1356783768923,-0.25819325,-0.098722905,-0.96103597,-0.92563605,0.31013787,0.21682358,0.27664816,0.9455519,-0.17145693
1356783768963,-0.23578858,-0.051069707,-0.9704616,-0.9320748,0.29450113,0.210964,0.27502814,0.9542856,-0.11704081
1356783769002,-0.21335623,-0.014585614,-0.97686565,-0.938155,0.28211537,0.20068923,0.2726616,0.95926964,-0.07387459
1356783769042,-0.19221398,0.008950412,-0.9813123,-0.9436097,0.27296957,0.18731871,0.269545,0.96198106,-0.04402286
1356783769082,-0.17315304,0.019855887,-0.98469484,-0.948472,0.26601887,0.17214763,0.2653655,0.96376336,-0.02722919
1356783769122,-0.15648982,0.020307451,-0.98747075,-0.9529996,0.25950375,0.1563637,0.25942767,0.9655285,-0.021256685
1356783769162,-0.142216,0.0137061775,-0.9897407,-0.95735204,0.25215247,0.14105392,0.25149894,0.96759045,-0.022738516
1356783769202,-0.12995249,0.0041252077,-0.99151164,-0.96112967,0.24515957,0.12699044,0.24360245,0.96947396,-0.027894258
1356783769259,-0.11904475,-0.0044739842,-0.9928788,-0.9635115,0.24197218,0.11443332,0.23973703,0.9702729,-0.03311628
1356783769283,-0.108765185,-0.00914675,-0.99402535,-0.9638727,0.2455563,0.10320637,0.2431452,0.96933913,-0.03552425
1356783769322,-0.09888375,-0.009083986,-0.9950576,-0.9623332,0.25536215,0.09330061,0.25325254,0.96680284,-0.033993006
1356783769360,-0.08970347,-0.004974216,-0.99595606,-0.95923054,0.26952413,0.08504957,0.26801118,0.9629808,-0.028948724
1356783769403,-0.08182162,0.0017602444,-0.99664533,-0.9549078,0.2862267,0.078900635,0.28540537,0.9581602,-0.021738648
1356783769442,-0.075914085,0.0094587505,-0.9970695,-0.9497038,0.30398828,0.07519162,0.30380866,0.95262885,-0.014093995
1356783769482,-0.072196186,0.016512036,-0.9972538,-0.94363225,0.3226961,0.073657334,0.3230261,0.9463586,-0.0077161193
1356783769523,-0.07191509,0.019386351,-0.9972223,-0.9369266,0.34155798,0.07420689,0.3420478,0.9396607,-0.006399572
1356783769563,-0.078561455,0.010303378,-0.99685603,-0.9302292,0.35880598,0.077019125,0.35847145,0.93335533,-0.018603802
1356783769602,-0.095257014,-0.018230736,-0.99528575,-0.9248347,0.37148914,0.08170977,0.36824822,0.9282583,-0.052247345
1356783769644,-0.12750906,-0.07747337,-0.9888071,-0.92188394,0.37702584,0.08933908,0.36588445,0.9229569,-0.11949569
1356783769682,-0.16779038,-0.15973762,-0.972795,-0.92081964,0.3777866,0.09679112,0.35204777,0.91200936,-0.21047848
1356783769723,-0.20850608,-0.252908,-0.9447554,-0.9206021,0.3768669,0.10228944,0.33017725,0.89107174,-0.31140667
1356783769766,-0.2353263,-0.33396503,-0.912737,-0.9215542,0.37505132,0.100370616,0.30880293,0.8647566,-0.3960263
1356783769804,-0.24228601,-0.3883307,-0.88909876,-0.9246427,0.36995387,0.09038767,0.29382518,0.84399843,-0.4487018
1356783769842,-0.22916067,-0.41228107,-0.8817651,-0.9303082,0.35927945,0.07379049,0.28637767,0.8372232,-0.46588117
1356783769882,-0.1993041,-0.4084139,-0.89077264,-0.93772745,0.34340268,0.052361846,0.2845084,0.84573793,-0.4514225
1356783769922,-0.15747741,-0.38183314,-0.9107164,-0.94529694,0.32507828,0.027162462,0.2856826,0.8651749,-0.41213816
1356783769962,-0.10924663,-0.33909068,-0.934389,-0.95144105,0.30783057,-4.7168136E-4,0.28779343,0.88896453,-0.35625422
1356783770002,-0.060182363,-0.28735352,-0.955932,-0.95541763,0.29390815,-0.028198898,0.28905925,0.9116172,-0.29223067
1356783770043,-0.014728636,-0.23319867,-0.9723176,-0.9575056,0.2834153,-0.05346948,0.28803864,0.9302119,-0.2274633
1356783770082,0.024355054,-0.18192491,-0.98301077,-0.9584563,0.27528596,-0.07469365,0.2841977,0.943992,-0.1676625
1356783770122,0.055850655,-0.13746735,-0.98893046,-0.95890856,0.26856008,-0.09148666,0.27816367,0.9534035,-0.11681938
1356783770162,0.07976061,-0.10224727,-0.99155617,-0.95923805,0.26266903,-0.104246855,0.27111003,0.9594532,-0.07712877
1356783770202,0.09687629,-0.07715058,-0.99230176,-0.95959854,0.25737938,-0.11369452,0.26416963,0.9632256,-0.049099624
1356783770242,0.10818529,-0.061965346,-0.9921977,-0.96002674,0.25266343,-0.12045702,0.25815624,0.96556795,-0.032153904
1356783770282,0.11452505,-0.0557009,-0.99185765,-0.96065235,0.24810943,-0.12485537,0.2530438,0.96712935,-0.02509451
1356783770322,0.11672273,-0.056467146,-0.9915581,-0.9616734,0.24299064,-0.12704262,0.24811307,0.96838367,-0.025940418
1356783770362,0.11591169,-0.061428607,-0.99135816,-0.96290654,0.2379053,-0.1273267,0.24367091,0.9693439,-0.03157407
1356783770405,0.11353791,-0.06741503,-0.99124384,-0.9635577,0.235753,-0.12640041,0.24220994,0.9694719,-0.038191378
1356783770443,0.11128059,-0.07115352,-0.99123853,-0.96303093,0.23851135,-0.12523484,0.24533254,0.9685296,-0.04198134
1356783770483,0.11011085,-0.07134196,-0.99135566,-0.9607737,0.24779454,-0.12454644,0.2545379,0.96618235,-0.041258633
1356783770522,0.10916075,-0.068511575,-0.9916603,-0.9573147,0.26136515,-0.123437166,0.26764232,0.9628055,-0.037056327
1356783770564,0.10765904,-0.06327692,-0.9921721,-0.9528122,0.27834165,-0.121139646,0.28382814,0.9583955,-0.030324996
1356783770602,0.103797615,-0.05669269,-0.9929814,-0.9479302,0.2965926,-0.11602181,0.3010885,0.95331985,-0.02295512
1356783770642,0.09706244,-0.050144285,-0.9940144,-0.9426229,0.3159149,-0.107981,0.31943858,0.9474616,-0.016603649
1356783770682,0.08521038,-0.046997607,-0.995254,-0.9373895,0.33477247,-0.096064776,0.3376984,0.9411262,-0.015528977
1356783770722,0.06585249,-0.05419907,-0.99635637,-0.9332657,0.34999886,-0.08072165,0.35309863,0.9351809,-0.02753383
1356783770771,0.03694907,-0.0813584,-0.9959998,-0.9317936,0.3573455,-0.06375694,0.3611032,0.93042195,-0.06260562
1356783770805,-2.579689E-4,-0.13446021,-0.990919,-0.9339478,0.35419625,-0.04781857,0.35740948,0.92545426,-0.12567014
1356783770844,-0.040310115,-0.21086878,-0.97668284,-0.9391833,0.34162846,-0.03499618,0.34104222,0.9158735,-0.21181548
1356783770885,-0.074192226,-0.29451904,-0.95276123,-0.94519603,0.32538646,-0.026980847,0.317962,0.89854443,-0.30251944
1356783770924,-0.09534739,-0.36628404,-0.9256052,-0.9500798,0.31098795,-0.02519682,0.29708126,0.8769963,-0.37765098
1356783770965,-0.101998165,-0.41257626,-0.9051945,-0.95330316,0.30056345,-0.029573888,0.28426984,0.85990834,-0.42396718
1356783771006,-0.096676454,-0.42922986,-0.8980063,-0.95517004,0.2936684,-0.037537366,0.27982822,0.8541198,-0.43837833
1356783771044,-0.08335963,-0.41849804,-0.904384,-0.95603037,0.28965107,-0.045914173,0.28117082,0.86079127,-0.42424208
1356783771085,-0.06575839,-0.38526738,-0.92045903,-0.956108,0.2882976,-0.052364647,0.28554055,0.8766148,-0.38731515
1356783771124,-0.046590313,-0.3349893,-0.9410693,-0.9557184,0.2889911,-0.055555582,0.29057115,0.8968089,-0.3336196
1356783771165,-0.028233454,-0.27578926,-0.9608034,-0.9553174,0.29036754,-0.055274904,0.29423037,0.91631156,-0.27166438
1356783771204,-0.011708617,-0.21384987,-0.9767964,-0.9552015,0.29129434,-0.052323252,0.2957245,0.9324248,-0.20768034
1356783771245,0.002301842,-0.1556116,-0.9878156,-0.9553621,0.29148808,-0.04814461,0.29542837,0.9438325,-0.14799452
1356783771285,0.013794422,-0.105676204,-0.9943049,-0.95567095,0.2911008,-0.044197083,0.29411352,0.950838,-0.0969761
1356783771325,0.022889555,-0.06772551,-0.9974413,-0.9560672,0.29017448,-0.041642666,0.29225227,0.9545742,-0.05810815
1356783771365,0.029870033,-0.043316513,-0.9986148,-0.9566283,0.28839386,-0.04112369,0.28977564,0.9565316,-0.032823443
1356783771405,0.035584092,-0.030995429,-0.9988859,-0.9573798,0.285618,-0.042968214,0.28663164,0.9578422,-0.019510925
1356783771447,0.040056676,-0.028965414,-0.9987775,-0.9584957,0.2812734,-0.046598345,0.28227925,0.9591905,-0.01649636
1356783771484,0.04386115,-0.03385827,-0.9984637,-0.95987105,0.27566975,-0.05151391,0.27699035,0.9606559,-0.020408332
1356783771524,0.046968102,-0.042491406,-0.9979922,-0.96094155,0.27086872,-0.056757152,0.2727366,0.96167797,-0.02810961
1356783771565,0.049429655,-0.05160299,-0.9974437,-0.9608054,0.27029377,-0.061597675,0.2727814,0.96139395,-0.036219895
1356783771605,0.051093787,-0.05857882,-0.9969744,-0.95880616,0.2764347,-0.06538007,0.27942818,0.9592457,-0.0420416
1356783771645,0.05145222,-0.061985195,-0.99675,-0.955198,0.28823036,-0.067231566,0.291461,0.9555528,-0.044378042
1356783771684,0.049865752,-0.061700135,-0.9968482,-0.9502443,0.30435273,-0.066372454,0.30748865,0.9505591,-0.043453395
1356783771725,0.045072496,-0.05864185,-0.99726105,-0.9444894,0.32270324,-0.0616633,0.3254354,0.9446819,-0.04084152
1356783771770,0.036544442,-0.054102898,-0.9978664,-0.93795747,0.34268665,-0.052930415,0.34481916,0.9378906,-0.03822291
1356783771805,0.023488283,-0.04964325,-0.9984908,-0.9308865,0.36311722,-0.039951473,0.36455253,0.93042004,-0.03768325
1356783771846,0.0057751536,-0.049661964,-0.99874926,-0.9234166,0.38302356,-0.024385065,0.38375553,0.9224026,-0.043646693
1356783771884,-0.017468482,-0.05884871,-0.9981141,-0.9167659,0.39935437,-0.0075011253,0.39904264,0.91490597,-0.060926616
1356783771926,-0.045914173,-0.08887717,-0.99498373,-0.9128376,0.40828347,0.0056535006,0.40573293,0.90851825,-0.099876404
1356783771964,-0.078044444,-0.14620313,-0.9861713,-0.913141,0.40747145,0.01185593,0.40010327,0.9014387,-0.16530496
1356783772005,-0.10802542,-0.22699597,-0.96788603,-0.91760874,0.39737803,0.009217858,0.3825242,0.88913643,-0.2512204
1356783772044,-0.12837867,-0.3144737,-0.94054514,-0.9245253,0.3811186,-0.0012358725,0.35884792,0.8693992,-0.33966637
1356783772102,-0.13461693,-0.3875111,-0.91198325,-0.93179893,0.36259818,-0.016529799,0.33708894,0.84755987,-0.4098943
1356783772122,-0.1276019,-0.43297085,-0.89233065,-0.9381728,0.34458673,-0.03304085,0.32179105,0.8329443,-0.4501714
1356783772163,-0.11117965,-0.44757348,-0.88730884,-0.94327515,0.3285889,-0.04755354,0.31284353,0.8316894,-0.45871735
1356783772201,-0.08963765,-0.43337998,-0.8967424,-0.94709265,0.31569475,-0.057899147,0.3081892,0.8441082,-0.43874913
1356783772243,-0.0669058,-0.39787355,-0.9149974,-0.949684,0.30662435,-0.063889086,0.30598027,0.86468387,-0.39836907
1356783772282,-0.045999333,-0.34687093,-0.9367842,-0.95116365,0.30175966,-0.06502971,0.30524057,0.88804376,-0.34381175
1356783772322,-0.02837485,-0.2877866,-0.95727414,-0.95191944,0.30001366,-0.061977416,0.3050316,0.9094893,-0.28246254
1356783772362,-0.014255688,-0.22792807,-0.9735737,-0.9523989,0.2996294,-0.056202084,0.30452132,0.9264293,-0.22134984
1356783772402,-0.002722323,-0.17335808,-0.9848552,-0.9528365,0.2993278,-0.050055057,0.30347195,0.9382696,-0.16599679
1356783772443,0.007820576,-0.12878588,-0.9916416,-0.9532161,0.29872116,-0.0463129,0.3021888,0.9456109,-0.12042463
1356783772484,0.018919826,-0.0968487,-0.99511933,-0.953455,0.29783195,-0.047113836,0.30094126,0.94969285,-0.08670598
