1356784164774,-0.22173494,-0.19921811,-0.9545396,-0.5337224,-0.79445755,0.28978914,-0.8160724,0.5737155,0.06983179
1356784164813,-0.15658903,-0.10317333,-0.9822602,-0.5563387,-0.8125264,0.17403492,-0.81606805,0.5737214,0.06983334
1356784164853,-0.15645456,-0.10305995,-0.9822935,-0.55639905,-0.8125207,0.17386809,-0.8160527,0.57374966,0.06978017
1356784164892,-0.15554434,-0.1022784,-0.9825198,-0.5566588,-0.81258893,0.17271449,-0.81604964,0.57379305,0.06945938
1356784164934,-0.1528095,-0.099916846,-0.98319167,-0.5573214,-0.81286824,0.16922772,-0.816114,0.57381344,0.068528175
1356784164973,-0.14738762,-0.09515852,-0.98449063,-0.55855334,-0.8134459,0.16224651,-0.81626904,0.5738036,0.06674075
1356784165012,-0.13901973,-0.08773388,-0.9863956,-0.56043214,-0.81424296,0.15140764,-0.8164493,0.5738564,0.06402695
1356784165054,-0.12723494,-0.07745656,-0.9888436,-0.563082,-0.8150837,0.13629791,-0.8165476,0.57414186,0.060092777
1356784165092,-0.11167449,-0.06419185,-0.99166936,-0.5665357,-0.8157456,0.11660321,-0.8164349,0.5748378,0.05473105
1356784165132,-0.09260774,-0.04832962,-0.994529,-0.57065463,-0.8159311,0.092788294,-0.8159516,0.57612556,0.047982007
1356784165172,-0.070853174,-0.030653626,-0.9970157,-0.5752083,-0.8153446,0.06594539,-0.8149327,0.5781641,0.04013747
1356784165214,-0.04756993,-0.012172252,-0.9987938,-0.57991433,-0.81381226,0.037537634,-0.81328756,0.58100045,0.031654082
1356784165253,-0.024190485,0.005969733,-0.9996896,-0.58457494,-0.8112865,0.009300828,-0.810979,0.58461845,0.023115061
1356784165292,-0.003473997,0.021835715,-0.99975556,-0.5888814,-0.8080688,-0.015602738,-0.808212,0.58868325,0.015665919
1356784165334,0.011993587,0.033712506,-0.9993596,-0.59308624,-0.8044099,-0.034253865,-0.80504954,0.59311724,0.010346673
1356784165381,0.018805206,0.039377004,-0.99904746,-0.5974461,-0.80076575,-0.04280764,-0.8016886,0.597682,0.008467019
1356784165412,0.015036583,0.037623912,-0.99917877,-0.60151434,-0.7979046,-0.0390971,-0.7987205,0.6016083,0.010633685
1356784165452,-0.0032252073,0.025832146,-0.9996612,-0.6041895,-0.7966229,-0.018636197,-0.79683423,0.60392463,0.018176675
1356784165492,-0.03824526,0.0024858713,-0.9992653,-0.6031021,-0.797385,0.02109912,-0.7967466,0.6034659,0.031995356
1356784165532,-0.09035087,-0.03260106,-0.9953762,-0.59492964,-0.79976696,0.0801965,-0.7986835,0.59942466,0.05286435
1356784165572,-0.15519488,-0.07619488,-0.984941,-0.57660013,-0.802584,0.15294136,-0.8021513,0.59165287,0.080623
1356784165612,-0.22371095,-0.12137343,-0.9670686,-0.5478136,-0.80500084,0.22775802,-0.8061349,0.5807253,0.11359762
1356784165652,-0.28672135,-0.16066495,-0.9444456,-0.5125449,-0.80715567,0.29291174,-0.8093754,0.5680549,0.14908083
1356784165712,-0.3394875,-0.189456,-0.9213332,-0.47716433,-0.80942446,0.34226662,-0.81059396,0.5558225,0.1843877
1356784165734,-0.38246936,-0.20703763,-0.9004736,-0.446697,-0.8116775,0.37635273,-0.80881333,0.5461822,0.21795869
1356784165774,-0.41919112,-0.21557686,-0.8819328,-0.4228193,-0.81327283,0.39976394,-0.8034318,0.54047567,0.24976668
1356784165814,-0.45322204,-0.21787778,-0.8643606,-0.40477964,-0.81362575,0.4173328,-0.7941935,0.53901994,0.28056055
1356784165854,-0.48730296,-0.2168805,-0.8458716,-0.39034718,-0.81239694,0.4331749,-0.7811306,0.541271,0.31122458
1356784165884,-0.51705235,-0.21033263,-0.829709,-0.38054937,-0.81178176,0.44293618,-0.76670665,0.5447664,0.33969182
1356784165924,-0.55334496,-0.21132559,-0.805699,-0.3656041,-0.80750513,0.4628921,-0.74842703,0.55070585,0.3695674
1356784165954,-0.58545005,-0.20796435,-0.783581,-0.35363418,-0.80422825,0.4776608,-0.72951436,0.55674756,0.39729208
1356784165994,-0.6210522,-0.21047413,-0.75498,-0.3359704,-0.79878914,0.49905902,-0.70810884,0.5635926,0.4253766
1356784166034,-0.6544138,-0.21156685,-0.7259353,-0.31790063,-0.79410374,0.5180139,-0.6860625,0.56977075,0.45241523
1356784166074,-0.68291646,-0.21008082,-0.6996365,-0.30137825,-0.7914183,0.531816,-0.6654294,0.5740411,0.47715873
1356784166114,-0.7039556,-0.20457356,-0.68014437,-0.28974903,-0.79159045,0.5379871,-0.64845365,0.57579017,0.49796945
1356784166144,-0.7165036,-0.19484288,-0.66982,-0.2857825,-0.79393804,0.5366477,-0.6363576,0.57593286,0.5131768
1356784166184,-0.7152028,-0.17719431,-0.6760822,-0.29648364,-0.799062,0.5230654,-0.6329158,0.5745451,0.5189562
1356784166224,-0.6973204,-0.15033899,-0.70081544,-0.32466555,-0.8054463,0.4958309,-0.639012,0.5732837,0.51284444
1356784166264,-0.6600379,-0.11407529,-0.74252063,-0.36982447,-0.81099606,0.45333794,-0.6538959,0.5738225,0.4931003
1356784166304,-0.59997153,-0.06863111,-0.7970721,-0.42912662,-0.8132485,0.39303586,-0.6751922,0.57785517,0.45847452
1356784166344,-0.51448256,-0.0153057575,-0.85736424,-0.49644172,-0.80992365,0.3123609,-0.6991804,0.58633566,0.40909308
1356784166384,-0.4028116,0.043525577,-0.9142474,-0.5623392,-0.79987997,0.2096823,-0.72216165,0.59857965,0.34667706
1356784166423,-0.2712927,0.10232431,-0.95704234,-0.61432046,-0.7838689,0.09033227,-0.7409525,0.6124371,0.27551782
1356784166454,-0.14781475,0.14733964,-0.9779784,-0.64083904,-0.76744586,-0.018762916,-0.75331,0.62395334,0.20786089
1356784166494,-0.02414298,0.18755484,-0.98195744,-0.65019256,-0.7490653,-0.12708616,-0.7593858,0.63539314,0.14003143
1356784166534,0.081269026,0.21279599,-0.973711,-0.64515746,-0.7334299,-0.21413153,-0.7597152,0.6455992,0.07768187
1356784166574,0.16210365,0.22352366,-0.9611241,-0.6339895,-0.72278583,-0.27502352,-0.75616115,0.65392494,0.024545431
1356784166614,0.21595383,0.22087783,-0.9510925,-0.62378997,-0.7181662,-0.3084209,-0.75116575,0.6598866,-0.017309371
1356784166654,0.24335295,0.20639579,-0.9477236,-0.61892307,-0.7192712,-0.31556803,-0.7468022,0.66336244,-0.04729363
1356784166712,0.24635011,0.18159933,-0.9520154,-0.6209182,-0.7246504,-0.29890198,-0.74415874,0.6647582,-0.06575936
1356784166734,0.22774357,0.1479878,-0.96240973,-0.62918866,-0.7319626,-0.26144293,-0.7431383,0.66507924,-0.07358754
1356784166774,0.19009846,0.10708147,-0.97590786,-0.64215165,-0.73835194,-0.20610128,-0.74263304,0.66586035,-0.07159704
1356784166814,0.13570654,0.06013149,-0.98892266,-0.6578964,-0.74085,-0.13532838,-0.7407808,0.66897357,-0.060977936
1356784166854,0.06764704,0.008840144,-0.9976701,-0.67394817,-0.73693025,-0.05222678,-0.73567504,0.67591095,-0.043893307
1356784166894,-0.00906235,-0.044097245,-0.9989862,-0.6869324,-0.72571325,0.038265944,-0.72666484,0.6865827,-0.023715198
1356784166934,-0.08495492,-0.09406862,-0.9919344,-0.6932293,-0.7095008,0.1266565,-0.7156925,0.6983981,-0.0049355924
1356784166974,-0.1465025,-0.1349628,-0.9799602,-0.69227505,-0.6936457,0.1990248,-0.70660615,0.70755965,0.00818944
1356784167014,-0.18400943,-0.16258419,-0.9693849,-0.6876551,-0.68339753,0.24514988,-0.7023326,0.71171224,0.013949648
1356784167054,-0.19798034,-0.1767951,-0.9641303,-0.68296945,-0.6806587,0.26505926,-0.703105,0.710948,0.014011443
1356784167094,-0.1950329,-0.17949875,-0.96423155,-0.67923826,-0.6844793,0.26480874,-0.70752925,0.70658934,0.011573449
1356784167134,-0.18153977,-0.17227519,-0.96817595,-0.6760053,-0.69315904,0.25009498,-0.71418506,0.6998942,0.009376943
1356784167164,-0.16134858,-0.1560421,-0.97448313,-0.67375934,-0.70408624,0.22430068,-0.7211206,0.6927578,0.008468553
1356784167204,-0.1434744,-0.13736993,-0.9800738,-0.66892004,-0.7163863,0.19833486,-0.72935665,0.6840469,0.010893539
1356784167244,-0.12634343,-0.11067283,-0.98579353,-0.6633892,-0.72942096,0.16691312,-0.7375311,0.6750531,0.018738285
1356784167274,-0.111929715,-0.07782358,-0.990664,-0.6587947,-0.7405434,0.13260847,-0.7439498,0.667487,0.031619057
1356784167304,-0.11408746,-0.048787266,-0.992272,-0.654771,-0.74747795,0.11203438,-0.74716735,0.66249263,0.05333343
1356784167344,-0.15799761,-0.029653698,-0.986994,-0.65089524,-0.7485228,0.12668404,-0.7425443,0.66244555,0.098963425
1356784167384,-0.23945415,-0.013623923,-0.970812,-0.6428729,-0.74708503,0.16905105,-0.7275823,0.66458875,0.17013425
1356784167443,-0.3451987,-8.0674887E-4,-0.9385294,-0.6222528,-0.7484153,0.22951293,-0.70259476,0.66323006,0.2578498
1356784167464,-0.4423144,0.012261689,-0.89677626,-0.59124345,-0.75585145,0.28128245,-0.6743806,0.6546284,0.34157354
1356784167503,-0.4997285,0.030340284,-0.86565053,-0.56744134,-0.76654017,0.30070978,-0.6544323,0.6414792,0.4002784
1356784167540,-0.5075509,0.055677533,-0.85982096,-0.5654648,-0.7744652,0.2836426,-0.65010893,0.6301615,0.4245643
1356784167583,-0.4678101,0.088119924,-0.8794252,-0.58619654,-0.775607,0.23410997,-0.66145855,0.62503505,0.4144923
1356784167622,-0.39014643,0.12415086,-0.91234434,-0.6183425,-0.76951003,0.15970813,-0.68223023,0.6264509,0.37698942
1356784167662,-0.28519452,0.15978447,-0.9450572,-0.64858675,-0.75813776,0.06754592,-0.7056907,0.63221526,0.31985074
1356784167713,-0.1686542,0.19017276,-0.96715575,-0.66677153,-0.7446522,-0.030148983,-0.7259281,0.6397871,0.25239044
1356784167744,-0.057939827,0.21160439,-0.97563654,-0.6711241,-0.73175555,-0.1188536,-0.7390774,0.6478869,0.1844106
1356784167784,0.036257386,0.22342165,-0.97404724,-0.6667688,-0.72060937,-0.19010888,-0.7443821,0.65635717,0.122843236
1356784167824,0.10907841,0.22615139,-0.9679656,-0.6596688,-0.7119761,-0.24068005,-0.7435986,0.66478974,0.071523875
1356784167864,0.1593374,0.22065328,-0.96224934,-0.65414923,-0.70641536,-0.2703076,-0.73939186,0.6725248,0.031781737
1356784167894,0.18940824,0.20811512,-0.9595898,-0.6518656,-0.70419383,-0.28139323,-0.7342995,0.6788218,0.002283033
1356784167934,0.20076048,0.19155984,-0.960729,-0.6556957,-0.70235354,-0.277061,-0.7278451,0.68556875,-0.015399903
1356784167974,0.19068348,0.16651925,-0.96742505,-0.6676725,-0.70044667,-0.25216633,-0.71962017,0.6940071,-0.02238328
1356784168014,0.16072506,0.13358262,-0.9779178,-0.68643534,-0.6968082,-0.208002,-0.7092066,0.70470846,-0.02029875
1356784168044,0.11815244,0.09548098,-0.9883944,-0.7056408,-0.69224447,-0.15122446,-0.6986495,0.7153189,-0.014415152
1356784168084,0.06266111,0.054177225,-0.9965633,-0.72326875,-0.685591,-0.08274862,-0.6877179,0.72596824,-0.0037751794
1356784168124,0.0027934313,0.011398077,-0.9999312,-0.7325869,-0.680603,-0.009804726,-0.6806679,0.73256385,0.0064487606
1356784168153,-0.047785282,-0.026370913,-0.9985095,-0.73296404,-0.6782005,0.05298865,-0.67858696,0.7344036,0.013079062
1356784168194,-0.07756758,-0.053239793,-0.9955646,-0.7243221,-0.6831652,0.09296775,-0.6850846,0.72832066,0.0144286305
1356784168224,-0.09529066,-0.07256192,-0.99280137,-0.713441,-0.69054574,0.118947834,-0.6942058,0.7196398,0.014033854
1356784168264,-0.103952885,-0.08549896,-0.9909005,-0.6993365,-0.7021299,0.1339483,-0.70719326,0.70689714,0.013195828
1356784168304,-0.10861826,-0.09352204,-0.98967457,-0.68382704,-0.7155599,0.14266983,-0.7215141,0.69226277,0.013769925
1356784168344,-0.11277437,-0.09800887,-0.98877513,-0.66768324,-0.72949195,0.14846072,-0.7358539,0.67693114,0.016829118
1356784168374,-0.11655736,-0.09910089,-0.98822737,-0.6527046,-0.74232537,0.1514253,-0.7485926,0.6626703,0.021839917
1356784168414,-0.13147461,-0.10154,-0.98610556,-0.6367911,-0.7537155,0.16251211,-0.7597444,0.6493094,0.03443457
1356784168454,-0.16470146,-0.10475513,-0.9807648,-0.62051344,-0.7619195,0.18558425,-0.76670486,0.6391438,0.06048739
1356784168492,-0.22852755,-0.110968694,-0.9671924,-0.60144407,-0.7651235,0.2298936,-0.7655326,0.6342492,0.10811031
1356784168532,-0.323386,-0.11848965,-0.9388192,-0.57304835,-0.7649921,0.29394314,-0.75301856,0.6330459,0.17948751
1356784168572,-0.4279561,-0.12233266,-0.8954822,-0.53206503,-0.7668134,0.35903206,-0.73058903,0.6301048,0.26307353
1356784168612,-0.5107074,-0.11898333,-0.8514817,-0.49006647,-0.7734465,0.40201426,-0.7064085,0.62259424,0.33669502
1356784168652,-0.5548206,-0.10988869,-0.82468086,-0.46469676,-0.78127193,0.41673857,-0.6900949,0.6144417,0.38240093
1356784168709,-0.56189734,-0.09914647,-0.8212439,-0.46335232,-0.7847018,0.41176176,-0.68525624,0.61189306,0.39498204
1356784168734,-0.54062694,-0.090526685,-0.8363776,-0.4828245,-0.7807616,0.39660043,-0.6889144,0.6182365,0.37839216
1356784168773,-0.5000162,-0.08656351,-0.86167896,-0.5154908,-0.76977074,0.37646013,-0.6958829,0.6324237,0.34027517
1356784168813,-0.44760966,-0.08847633,-0.88984126,-0.5535114,-0.75413865,0.35341185,-0.7023323,0.6507278,0.28858718
1356784168853,-0.39066696,-0.096603245,-0.91544914,-0.5900713,-0.73701346,0.32958603,-0.70653737,0.6689387,0.230924
1356784168892,-0.33514452,-0.11030939,-0.9356869,-0.62107754,-0.7209284,0.30744898,-0.7084778,0.684174,0.17310455
1356784168932,-0.28549087,-0.12849331,-0.9497286,-0.6448458,-0.70734644,0.28954256,-0.7089914,0.69509023,0.119082585
1356784168972,-0.24503154,-0.14989242,-0.95785797,-0.6615155,-0.6964192,0.27820423,-0.70877135,0.70180666,0.071488485
1356784169012,-0.21744108,-0.17362165,-0.9605076,-0.67231905,-0.6867493,0.27633756,-0.70760614,0.7058547,0.03259842
1356784169052,-0.20630169,-0.19906874,-0.95802456,-0.6789349,-0.6759267,0.28665373,-0.7046183,0.7095735,0.004290223
1356784169092,-0.2138164,-0.22567922,-0.950448,-0.6821537,-0.6619454,0.31063563,-0.69924873,0.7147706,-0.0124130845
1356784169132,-0.239712,-0.25263524,-0.93739724,-0.68129754,-0.64409727,0.3478108,-0.6916443,0.7220208,-0.017721862
1356784169172,-0.28020984,-0.27874082,-0.91857827,-0.6750718,-0.62309575,0.3950061,-0.6824665,0.73079085,-0.013572514
1356784169212,-0.32674927,-0.30258253,-0.8953651,-0.6630292,-0.6017367,0.44531476,-0.67351854,0.73915946,-0.0040040314
1356784169252,-0.36745644,-0.32322663,-0.8720668,-0.6470219,-0.5847187,0.4893535,-0.66808575,0.7440623,0.005723834
1356784169292,-0.39380658,-0.34075195,-0.85370046,-0.6305253,-0.57565844,0.5206296,-0.6688455,0.74330705,0.01184538
1356784169332,-0.40576297,-0.35558987,-0.84196925,-0.6156431,-0.57454133,0.53933835,-0.67552936,0.7371961,0.014211208
1356784169372,-0.40876937,-0.3676774,-0.835297,-0.6023342,-0.5789171,0.5495896,-0.68563926,0.72778326,0.015178829
1356784169412,-0.40763545,-0.37649214,-0.83191764,-0.5900017,-0.58675,0.55463713,-0.69694424,0.7169226,0.017049134
1356784169452,-0.4043463,-0.38138375,-0.83129454,-0.57830405,-0.5975437,0.55543315,-0.708568,0.70532835,0.021058738
1356784169492,-0.39967626,-0.38164073,-0.83343226,-0.5670456,-0.6114334,0.55191356,-0.720221,0.69318086,0.027967632
1356784169532,-0.3963877,-0.37671643,-0.83723444,-0.5552629,-0.6278702,0.54540086,-0.731136,0.68107545,0.03970337
1356784169572,-0.40175843,-0.36651626,-0.83919966,-0.5407121,-0.6446591,0.54041207,-0.73906744,0.67088044,0.06081739
1356784169613,-0.42727125,-0.35195723,-0.83280575,-0.51941925,-0.6583847,0.5447323,-0.740029,0.6653238,0.09849545
1356784169652,-0.48166502,-0.3345831,-0.80997103,-0.4858501,-0.66725713,0.56455094,-0.7293481,0.66544884,0.15883714
1356784169712,-0.5590191,-0.31559762,-0.76674366,-0.43664905,-0.6740608,0.59580165,-0.70486546,0.66786236,0.23900747
1356784169734,-0.63516563,-0.29611433,-0.713359,-0.38049316,-0.68378603,0.6226248,-0.672153,0.6668981,0.32164782
1356784169773,-0.687058,-0.27808025,-0.6712844,-0.33668914,-0.6968541,0.633273,-0.64388806,0.66110945,0.3851526
1356784169813,-0.70659703,-0.2627023,-0.657045,-0.32017958,-0.7093485,0.6279409,-0.6310353,0.6540736,0.41711164
1356784169852,-0.69574374,-0.24940693,-0.6735999,-0.33426106,-0.71763307,0.6109602,-0.63577527,0.65023,0.4159217
1356784169892,-0.6590112,-0.23695862,-0.71383107,-0.37388384,-0.7202996,0.58427674,-0.6526216,0.6519348,0.38609058
1356784169932,-0.6004976,-0.22444871,-0.76747996,-0.43067887,-0.7179053,0.5469257,-0.6737347,0.65896493,0.3344351
1356784169972,-0.52566314,-0.21186066,-0.8238892,-0.49436396,-0.71209055,0.49852923,-0.6923024,0.6693595,0.2695834
1356784170012,-0.44230258,-0.20007706,-0.87426394,-0.55529505,-0.70439035,0.44213283,-0.7042838,0.681031,0.20045194
1356784170052,-0.35946584,-0.19053723,-0.9134987,-0.60684013,-0.6959351,0.38395226,-0.708893,0.6923654,0.1345393
1356784170092,-0.28599072,-0.18487272,-0.94022954,-0.6458669,-0.6876454,0.33166242,-0.70785975,0.7021154,0.07725698
1356784170132,-0.23023772,-0.18487029,-0.9554128,-0.6722846,-0.67961985,0.29351372,-0.7035795,0.7098872,0.032188624
1356784170172,-0.19939071,-0.19235627,-0.960855,-0.68828094,-0.67045754,0.27704862,-0.6975045,0.7165792,0.0012878478
1356784170212,-0.19738263,-0.20845285,-0.9579078,-0.6963897,-0.6579233,0.28666762,-0.6899866,0.72366035,-0.015301794
1356784170252,-0.2233752,-0.2327212,-0.94654346,-0.6973081,-0.6403716,0.32200247,-0.6810763,0.73195976,-0.019235283
1356784170292,-0.27113974,-0.26266354,-0.9260081,-0.6898978,-0.61783457,0.37725514,-0.671211,0.7411398,-0.013691425
1356784170351,-0.32822734,-0.29366487,-0.8977905,-0.6737459,-0.5933834,0.44041198,-0.6620675,0.74943787,-0.0030908585
1356784170372,-0.37711638,-0.31998158,-0.8691346,-0.65281266,-0.57383543,0.4945184,-0.656977,0.7538731,0.007514715
1356784170423,-0.39818907,-0.3360169,-0.8535444,-0.63507,-0.57045,0.5208385,-0.661915,0.7494527,0.0137527585
1356784170460,-0.3934974,-0.33974415,-0.8542446,-0.62664455,-0.58077085,0.51963633,-0.6726637,0.7397832,0.015632927
1356784170503,-0.37038392,-0.33236605,-0.8673802,-0.6247747,-0.6018622,0.4974117,-0.6873662,0.7261505,0.01526624
1356784170542,-0.33575463,-0.31317875,-0.88836247,-0.6266649,-0.6298497,0.45889056,-0.70324963,0.71078014,0.015216857
1356784170582,-0.29499066,-0.2825644,-0.91276383,-0.62961453,-0.6610718,0.4081294,-0.7187253,0.6950837,0.017103344
1356784170622,-0.25234634,-0.24141571,-0.93703777,-0.63170564,-0.6924464,0.34851962,-0.7329865,0.6798797,0.022232622
1356784170662,-0.21510601,-0.19314596,-0.95730036,-0.631145,-0.72053796,0.28719518,-0.7452418,0.6659728,0.033088863
1356784170713,-0.19607091,-0.14431371,-0.96991223,-0.62727785,-0.7418009,0.23717915,-0.75371,0.65490836,0.054920793
1356784170744,-0.21041834,-0.10255858,-0.97221696,-0.6205307,-0.7544489,0.21388872,-0.75542414,0.64829665,0.095109135
1356784170783,-0.26795024,-0.073500276,-0.96062505,-0.6082973,-0.7603027,0.22784728,-0.74711263,0.6453973,0.15901315
1356784170823,-0.36012495,-0.056500703,-0.9311915,-0.58430815,-0.76446426,0.27235717,-0.727251,0.6421854,0.24228883
1356784170866,-0.45479298,-0.043587774,-0.8895298,-0.5507556,-0.77114755,0.31937367,-0.69987965,0.63516253,0.32670635
1356784170903,-0.5176866,-0.024891317,-0.85520816,-0.5259431,-0.7791467,0.34104878,-0.67482173,0.62634724,0.3902624
1356784170944,-0.53301185,0.0060106814,-0.84608656,-0.528448,-0.7833194,0.32734326,-0.66078836,0.6215905,0.4206947
1356784170984,-0.49869275,0.051453322,-0.8652504,-0.56220675,-0.77897465,0.2777087,-0.65971905,0.6249409,0.41739643
1356784171024,-0.4158237,0.11077654,-0.9026734,-0.6170157,-0.76353747,0.19053148,-0.66811854,0.6361911,0.38584775
1356784171062,-0.28953177,0.17940183,-0.94020545,-0.6729566,-0.7366714,0.06666854,-0.68066204,0.6520201,0.33401942
1356784171102,-0.13533384,0.24827419,-0.95918953,-0.7085186,-0.7009732,-0.08147186,-0.6925936,0.6685778,0.27077243
1356784171142,0.022811472,0.30778894,-0.95118123,-0.71279085,-0.6621233,-0.23134823,-0.70100564,0.6832707,0.20428509
1356784171182,0.16345304,0.35289842,-0.921274,-0.68986005,-0.62667775,-0.36244726,-0.705249,0.6947932,0.14101818
1356784171222,0.2757215,0.38402915,-0.88119197,-0.65213656,-0.59875035,-0.46499026,-0.7061838,0.70286536,0.08535108
1356784171262,0.3579498,0.40424407,-0.84169984,-0.6124588,-0.57877946,-0.53843147,-0.70481634,0.70823795,0.04040891
1356784171302,0.41415578,0.41701043,-0.8090595,-0.5798922,-0.5642416,-0.58767045,-0.7015697,0.71255445,0.008137137
1356784171342,0.4504152,0.42508864,-0.7851279,-0.5587189,-0.55170625,-0.6192361,-0.69639015,0.7175791,-0.010991812
1356784171382,0.47279346,0.4304618,-0.7688751,-0.5491966,-0.5384064,-0.6391413,-0.68909323,0.72444546,-0.018146873
1356784171422,0.4863763,0.4345973,-0.75799954,-0.54853344,-0.5233889,-0.65205455,-0.68010974,0.732932,-0.016172826
1356784171462,0.49407876,0.43849722,-0.75073725,-0.5521583,-0.50873655,-0.6605364,-0.67157084,0.74088275,-0.009236038
1356784171502,0.49679726,0.44278002,-0.746417,-0.5553514,-0.49872506,-0.6654759,-0.6669163,0.74513036,-0.0018667581
1356784171542,0.49479985,0.4478182,-0.74473614,-0.55539566,-0.4961632,-0.66735125,-0.6683627,0.74382854,0.003214806
1356784171582,0.48879188,0.45386848,-0.74504095,-0.55229,-0.5001005,-0.6669898,-0.6753209,0.7374978,0.0062219203
1356784171622,0.47950995,0.46086812,-0.7467736,-0.5477389,-0.507675,-0.6650175,-0.6856036,0.72791946,0.009000152
1356784171662,0.46735996,0.46835363,-0.74981296,-0.5435883,-0.5166275,-0.6615193,-0.697199,0.7167572,0.013140559
1356784171716,0.4514311,0.47507933,-0.75532085,-0.5415886,-0.52684915,-0.65506613,-0.7091486,0.70479035,0.019461483
1356784171744,0.42979985,0.4791272,-0.76531637,-0.54351884,-0.5395458,-0.6430222,-0.7210127,0.6923348,0.028518021
1356784171783,0.398848,0.4775164,-0.78287834,-0.5523895,-0.5563435,-0.6207639,-0.7319742,0.6800442,0.04187855
1356784171824,0.3503818,0.46479976,-0.8131383,-0.5744219,-0.57908624,-0.5785315,-0.73977846,0.66979134,0.064089864
1356784171862,0.2647804,0.4284984,-0.86387527,-0.6181581,-0.6121501,-0.49310526,-0.7401161,0.66457605,0.10279441
1356784171902,0.09506732,0.33513343,-0.93736213,-0.67856514,-0.6671495,-0.3073449,-0.72836226,0.6652797,0.16398576
1356784171942,-0.2234636,0.11684376,-0.9676836,-0.67431873,-0.73540175,0.066921264,-0.70381695,0.66748166,0.2431255
1356784171982,-0.5676015,-0.18716718,-0.80174625,-0.4731809,-0.7227509,0.5037173,-0.6737422,0.66528165,0.32167047
1356784172022,-0.72114754,-0.37853056,-0.58022493,-0.23873883,-0.65044147,0.7210615,-0.6503461,0.65851396,0.37869427
1356784172062,-0.7585189,-0.46157348,-0.4599992,-0.11366154,-0.60136646,0.7908474,-0.64166224,0.65215683,0.4036845
1356784172103,-0.758695,-0.49887595,-0.41893286,-0.07471141,-0.5722052,0.8167004,-0.6471477,0.6509256,0.39685747
1356784172142,-0.7454598,-0.5178679,-0.41964555,-0.08708127,-0.54851586,0.8315931,-0.66083765,0.6564625,0.36380002
1356784172182,-0.7256154,-0.5290036,-0.44004244,-0.12841582,-0.52416104,0.8418815,-0.6760115,0.6673906,0.31240696
1356784172222,-0.70229024,-0.5370333,-0.46731526,-0.18340942,-0.4977882,0.8476838,-0.6878585,0.68103015,0.25109488
1356784172262,-0.6783411,-0.544648,-0.49316522,-0.24064016,-0.4694987,0.8495077,-0.6942231,0.69493127,0.18741608
1356784172302,-0.6563481,-0.5531604,-0.5130504,-0.29244792,-0.44032192,0.84887624,-0.69547206,0.70719886,0.12723386
1356784172342,-0.6379745,-0.562731,-0.5256637,-0.3347942,-0.41204584,0.8474261,-0.69347054,0.7166254,0.074475646
1356784172382,-0.6250191,-0.57321227,-0.5298857,-0.36492568,-0.38550937,0.84747374,-0.6900583,0.7230562,0.031770825
1356784172422,-0.6208921,-0.5846283,-0.52220947,-0.37942868,-0.3588001,0.8528167,-0.6859496,0.7276484,9.5140934E-4
1356784172462,-0.6292361,-0.5964385,-0.4983201,-0.37518507,-0.32840902,0.8668239,-0.68066,0.7323992,-0.01712805
1356784172502,-0.65006304,-0.6066911,-0.45754126,-0.35202533,-0.29317343,0.88889116,-0.6734214,0.7389013,-0.022989392
1356784172542,-0.67781174,-0.6128927,-0.40612054,-0.31489784,-0.25714403,0.91362816,-0.66438746,0.7471543,-0.018703282
1356784172582,-0.7029778,-0.614586,-0.35791934,-0.27528748,-0.22889227,0.9337157,-0.65577364,0.75491214,-0.008281648
1356784172622,-0.7174737,-0.6146529,-0.32777035,-0.24677391,-0.21574455,0.9447523,-0.6514094,0.7587201,0.0031107664
1356784172662,-0.71900254,-0.6164869,-0.32090402,-0.23553044,-0.21827173,0.94703907,-0.6538814,0.75650615,0.011736453
1356784172715,-0.70583105,-0.62204605,-0.33891177,-0.24179392,-0.2381373,0.940652,-0.66583645,0.74588823,0.017677844
1356784172753,-0.69180965,-0.6270385,-0.3580811,-0.24834254,-0.25903565,0.9333951,-0.6780305,0.73465854,0.023483098
1356784172783,-0.6793318,-0.6301758,-0.37601423,-0.25356284,-0.27926338,0.9261306,-0.68863213,0.7244932,0.02992332
1356784172823,-0.6676506,-0.63156223,-0.39417234,-0.25655732,-0.30184436,0.9181875,-0.69887125,0.71415627,0.039494634
1356784172863,-0.6551567,-0.6292157,-0.41815954,-0.26117694,-0.33073258,0.90686417,-0.7089122,0.7033516,0.052344978
1356784172902,-0.64329004,-0.62212163,-0.44625407,-0.26528507,-0.36563712,0.892151,-0.7181935,0.6922964,0.07017106
1356784172942,-0.6377061,-0.60935515,-0.47118708,-0.26196283,-0.40368032,0.87659436,-0.7243662,0.6824431,0.09780091
1356784172982,-0.64705926,-0.5915075,-0.48107487,-0.2407832,-0.44014418,0.86504126,-0.7234208,0.67556775,0.14237434
1356784173022,-0.6747688,-0.5707991,-0.4678413,-0.19556016,-0.47296333,0.85910535,-0.71164834,0.6711886,0.20751533
1356784173062,-0.71233416,-0.54968685,-0.4363765,-0.1336493,-0.50414264,0.8532163,-0.6889978,0.66609657,0.28565276
1356784173102,-0.7459743,-0.5305244,-0.4025746,-0.075061664,-0.5336595,0.84236175,-0.6617312,0.6585981,0.35827416
1356784173142,-0.7673286,-0.5154084,-0.38152444,-0.038668483,-0.5566932,0.8298177,-0.6400871,0.6514959,0.40723655
1356784173182,-0.7747606,-0.505319,-0.37999815,-0.0323658,-0.56853443,0.8220225,-0.6314257,0.6491696,0.4241231
1356784173222,-0.76976025,-0.4999665,-0.39686602,-0.054675207,-0.56779695,0.82135093,-0.6359872,0.653942,0.40973172
1356784173262,-0.7542815,-0.49820057,-0.42761618,-0.10028717,-0.5562366,0.82495046,-0.64884657,0.6651293,0.36959592
1356784173303,-0.7297665,-0.49850148,-0.46790722,-0.16270427,-0.53809094,0.8270342,-0.6640544,0.6796723,0.3115724
1356784173343,-0.697351,-0.49957883,-0.5139285,-0.23475869,-0.5182833,0.82235676,-0.6771926,0.69412047,0.24414498
1356784173379,-0.6593415,-0.5010838,-0.5605209,-0.30779374,-0.50029397,0.80930144,-0.68595314,0.7061309,0.1756342
1356784173423,-0.6188504,-0.5036307,-0.60281044,-0.3749268,-0.48497236,0.7900834,-0.69025666,0.7149532,0.11130065
1356784173462,-0.58181095,-0.5088891,-0.6344509,-0.42853665,-0.47119868,0.77092683,-0.6912687,0.72041917,0.056070924
1356784173502,-0.5557101,-0.5181986,-0.6501204,-0.46359086,-0.45597494,0.7597173,-0.6901231,0.72357243,0.013157725
1356784173542,-0.54779583,-0.5317461,-0.6458837,-0.47732922,-0.4353816,0.7632821,-0.68707824,0.726422,-0.015317678
1356784173582,-0.5602074,-0.5472097,-0.6218756,-0.47029656,-0.4078998,0.7825848,-0.6819009,0.73087573,-0.02884233
1356784173622,-0.588581,-0.5608432,-0.58226043,-0.4457152,-0.37575948,0.81249166,-0.67447037,0.73773956,-0.028811395
1356784173662,-0.62384,-0.57007706,-0.5346362,-0.40974653,-0.34395522,0.8448684,-0.665531,0.74612796,-0.01901406
1356784173716,-0.6568778,-0.57516456,-0.48754197,-0.36884093,-0.318843,0.87309533,-0.6576229,0.75334245,-0.0027033687
1356784173754,-0.6759224,-0.581852,-0.45230192,-0.33624068,-0.30265313,0.89182013,-0.655798,0.7548836,0.0089277625
1356784173793,-0.6788507,-0.5907737,-0.43606,-0.31864995,-0.29800683,0.89980793,-0.6615316,0.74978566,0.014052033
1356784173834,-0.6700906,-0.60031945,-0.43657193,-0.31406665,-0.30361056,0.89954585,-0.6725627,0.7398899,0.014906347
1356784173874,-0.6533865,-0.6068299,-0.4525967,-0.32047737,-0.3199218,0.89159656,-0.68584293,0.72760403,0.014557302
1356784173914,-0.62935084,-0.6062758,-0.4861556,-0.33815187,-0.3496083,0.8737433,-0.69969344,0.7142855,0.01501292
1356784173954,-0.59595764,-0.5935788,-0.54083157,-0.36832505,-0.39641625,0.84094644,-0.71356237,0.7003702,0.017617285
1356784173992,-0.5509765,-0.5615808,-0.617294,-0.4099515,-0.46215558,0.7863536,-0.7268869,0.6863229,0.02441597
1356784174032,-0.4975853,-0.5031443,-0.7065795,-0.4557681,-0.5414211,0.7064973,-0.7380273,0.6735791,0.04008612
1356784174072,-0.4514711,-0.419127,-0.7877223,-0.49285913,-0.61878526,0.6117146,-0.74381703,0.6644076,0.0727931
1356784174112,-0.43623924,-0.32408312,-0.83944345,-0.5114043,-0.678286,0.52763015,-0.74037886,0.659468,0.13015756
1356784174152,-0.45964122,-0.23539169,-0.8563415,-0.5118801,-0.71774125,0.47204477,-0.725747,0.65531534,0.20941114
1356784174192,-0.5006575,-0.15969355,-0.850788,-0.5042539,-0.7450654,0.43658423,-0.7036123,0.6475923,0.29249632
1356784174232,-0.5274652,-0.093621954,-0.84440243,-0.50473195,-0.76496106,0.40010035,-0.6833931,0.6372359,0.35623628
1356784174272,-0.52025294,-0.0316713,-0.8534247,-0.5252896,-0.77605164,0.3490197,-0.6733555,0.62987363,0.3871065
1356784174312,-0.47438633,0.028473616,-0.87985617,-0.5654713,-0.77586675,0.27977318,-0.67468494,0.630254,0.3841616
1356784174352,-0.39401484,0.08514437,-0.91515183,-0.6152537,-0.76413625,0.1938008,-0.6827996,0.6394109,0.35346633
1356784174392,-0.28872144,0.134388,-0.94793445,-0.66171193,-0.74357015,0.09612852,-0.69193727,0.65501386,0.30361086
1356784174432,-0.17159349,0.1724067,-0.9699647,-0.69509685,-0.71889985,-0.0048136115,-0.69813746,0.6733935,0.24319798
1356784174472,-0.057862997,0.19650614,-0.97879374,-0.71199816,-0.6953772,-0.09751552,-0.6997932,0.6912568,0.18014857
1356784174512,0.041236043,0.20664966,-0.9775456,-0.7156582,-0.67662853,-0.17322564,-0.69723237,0.7067317,0.11998909
1356784174552,0.11564028,0.20194143,-0.9725466,-0.712637,-0.66519374,-0.2228579,-0.69193625,0.7188441,0.06698781
1356784174593,0.15675396,0.18004501,-0.97108805,-0.71098304,-0.6618938,-0.2374863,-0.6855154,0.72765404,0.024254471
1356784174632,0.1550712,0.13507825,-0.97862494,-0.7176881,-0.6653341,-0.20555878,-0.678879,0.7342237,-0.0062301457
1356784174672,0.09761971,0.056666255,-0.9936092,-0.7339644,-0.6701667,-0.11033031,-0.67213583,0.74004424,-0.023830399
1356784174716,-0.03560716,-0.06976968,-0.99692744,-0.74620956,-0.6617008,0.07296124,-0.66475815,0.7465147,-0.028501496
1356784174754,-0.24259794,-0.24238364,-0.9393596,-0.7136223,-0.6113491,0.34204614,-0.657183,0.7533276,-0.024658352
1356784174794,-0.45881945,-0.4086905,-0.78895926,-0.6054291,-0.5061067,0.6142569,-0.65033853,0.759492,-0.015221566
1356784174832,-0.6055516,-0.5180903,-0.604061,-0.46337113,-0.387564,0.7969199,-0.64698875,0.76248056,-0.0053780675
1356784174872,-0.67482364,-0.57481635,-0.46281677,-0.3511546,-0.3014837,0.88645256,-0.649079,0.7607193,0.0015988946
1356784174912,-0.69930124,-0.60541636,-0.3800643,-0.2834248,-0.2532782,0.9249436,-0.6562379,0.7545338,0.005527675
1356784174952,-0.7017385,-0.62394524,-0.3438832,-0.2512927,-0.23488766,0.93897814,-0.6666448,0.7453323,0.008036792
1356784174992,-0.69119626,-0.6335251,-0.3476979,-0.24850577,-0.24342513,0.9375442,-0.6785962,0.734432,0.010819852
1356784175032,-0.6677577,-0.63042516,-0.39580768,-0.2765535,-0.28356123,0.91821086,-0.691099,0.7226044,0.015003979
1356784175072,-0.62337404,-0.6021936,-0.49876627,-0.3411107,-0.36453772,0.86646163,-0.7035968,0.7102642,0.021828592
1356784175112,-0.5452902,-0.526279,-0.65244865,-0.4372964,-0.4854442,0.7570442,-0.7151438,0.69812214,0.03456801
1356784175152,-0.44294864,-0.3957931,-0.8044529,-0.52945083,-0.6086305,0.59097457,-0.72351813,0.68768954,0.060038924
1356784175192,-0.37570012,-0.26086953,-0.8892674,-0.57690704,-0.6851303,0.44471857,-0.7252776,0.6801055,0.106906146
1356784175232,-0.38860983,-0.17442364,-0.9047423,-0.57838583,-0.718183,0.38688865,-0.71725315,0.67363894,0.17820895
1356784175272,-0.45663202,-0.1326346,-0.8797132,-0.5495914,-0.73552537,0.39617133,-0.69959736,0.66438735,0.26296958
1356784175312,-0.5229165,-0.1042161,-0.8459889,-0.51623386,-0.75105155,0.4116116,-0.6782779,0.65196663,0.33893746
1356784175352,-0.551926,-0.06775646,-0.83113575,-0.50688016,-0.76416844,0.3988972,-0.6621556,0.641448,0.38742012
1356784175392,-0.5359211,-0.018929064,-0.8440559,-0.5309008,-0.76979184,0.35435137,-0.6564548,0.6380143,0.40249825
1356784175432,-0.47920716,0.036767304,-0.8769314,-0.5781938,-0.76491785,0.2838884,-0.6603427,0.6430776,0.38781273
1356784175472,-0.3912071,0.09031686,-0.9158602,-0.63136864,-0.75038636,0.1956885,-0.669575,0.6548001,0.35057974
1356784175512,-0.28675294,0.13230279,-0.94882494,-0.6750598,-0.73065925,0.10213384,-0.67975515,0.66980076,0.298831
1356784175552,-0.18272722,0.1563425,-0.9706532,-0.70223033,-0.71173316,0.01755771,-0.6881012,0.6848304,0.23984155
1356784175592,-0.09417802,0.1594359,-0.9827058,-0.71403384,-0.69866836,-0.044923455,-0.69374794,0.69745433,0.1796419
1356784175632,-0.03233552,0.14045286,-0.9895593,-0.71626306,-0.6937812,-0.075066596,-0.69708085,0.70635736,0.123034894
1356784175672,-0.0066289306,0.097121954,-0.99525046,-0.7156531,-0.69559854,-0.06311363,-0.69842446,0.7118357,0.074116684
1356784175718,-0.025033891,0.0258784,-0.9993515,-0.7162621,-0.6978312,-1.2797117E-4,-0.6973821,0.7157945,0.036005244
1356784175753,-0.09499717,-0.07709929,-0.9924873,-0.71426547,-0.6891764,0.121904075,-0.69339764,0.72048,0.010400489
1356784175794,-0.21748573,-0.20850775,-0.9535326,-0.6940025,-0.6539045,0.3012795,-0.6863384,0.72727805,-0.0024900138
1356784175833,-0.37329304,-0.34799844,-0.8599705,-0.6346666,-0.580315,0.510326,-0.67664653,0.7362958,-0.004235387
1356784175874,-0.51776046,-0.4605047,-0.7210127,-0.5372089,-0.48090386,0.69291985,-0.66583073,0.746101,0.0016058087
1356784175913,-0.61386883,-0.5282079,-0.58665276,-0.43691936,-0.39160597,0.80978155,-0.65746975,0.75341964,0.0096104145
1356784175954,-0.6598806,-0.5623848,-0.4982781,-0.36763668,-0.33669317,0.86688006,-0.6552869,0.75522256,0.0154239535
1356784175992,-0.6722731,-0.57941353,-0.4607917,-0.33544114,-0.31645912,0.8873179,-0.6599457,0.7510884,0.018387675
1356784176032,-0.66468984,-0.585984,-0.46347612,-0.33229247,-0.32374513,0.8858729,-0.66915554,0.74284035,0.02047211
1356784176072,-0.64233047,-0.5807461,-0.5001457,-0.35275435,-0.355326,0.86562574,-0.6804235,0.7324463,0.023375869
1356784176112,-0.6026455,-0.5569143,-0.57154596,-0.3965585,-0.4125247,0.8201004,-0.6925025,0.72088134,0.027757049
1356784176152,-0.5388617,-0.5029537,-0.67577034,-0.4614687,-0.4948814,0.7363009,-0.70475143,0.7086112,0.034575284
1356784176192,-0.45002115,-0.40882984,-0.793939,-0.5339726,-0.5894204,0.6061821,-0.7157892,0.69673645,0.046947807
1356784176251,-0.35653794,-0.2824187,-0.8905731,-0.59199405,-0.6691483,0.44920328,-0.7227889,0.68737197,0.071386606
1356784176272,-0.29695517,-0.15305692,-0.94254506,-0.6249235,-0.71518344,0.31302273,-0.72200286,0.68197227,0.11672856
1356784176313,-0.29474038,-0.04432711,-0.9545487,-0.6394259,-0.73317736,0.23148559,-0.7101146,0.67859125,0.18775307
1356784176350,-0.3340065,0.043503642,-0.9415664,-0.6448772,-0.73909396,0.19461173,-0.6874396,0.6721962,0.27491653
1356784176393,-0.37287778,0.122270375,-0.9197892,-0.65111864,-0.74071324,0.16549481,-0.66106486,0.6606012,0.35580796
1356784176432,-0.37039983,0.20511174,-0.9059433,-0.67113477,-0.7333738,0.10835624,-0.64216995,0.64814514,0.40929908
1356784176472,-0.3104031,0.29563552,-0.9034653,-0.7056839,-0.7084471,0.010630578,-0.6369146,0.6408607,0.42852938
1356784176512,-0.19413745,0.38900852,-0.90054595,-0.7398726,-0.66084874,-0.1259667,-0.6441268,0.6418344,0.41611218
1356784176552,-0.03935045,0.47312695,-0.88011503,-0.75179845,-0.5942243,-0.2858262,-0.6582178,0.6504217,0.3790791
1356784176592,0.12493694,0.5363237,-0.83471406,-0.7286754,-0.521381,-0.4440652,-0.6733668,0.66371584,0.3256662
1356784176632,0.27206737,0.5751778,-0.7714596,-0.6753305,-0.45697963,-0.5788767,-0.68549836,0.67848366,0.2641059
1356784176672,0.38900846,0.5942023,-0.70398575,-0.6071743,-0.40933752,-0.68101543,-0.69282883,0.69236284,0.20154864
1356784176718,0.47499603,0.6001842,-0.6435508,-0.5388682,-0.37978268,-0.75192165,-0.69570094,0.70394886,0.14302495
1356784176753,0.53393346,0.5983326,-0.5974221,-0.4807058,-0.36645788,-0.79663706,-0.69558394,0.7125355,0.09195781
1356784176794,0.57131994,0.59154284,-0.5689205,-0.43877268,-0.36566845,-0.820832,-0.6935936,0.71858454,0.050639123
1356784176833,0.5919625,0.5804774,-0.55912995,-0.41672918,-0.37336212,-0.8288169,-0.6898675,0.72363436,0.020885497
1356784176874,0.59923655,0.56477594,-0.56740093,-0.41573802,-0.38615698,-0.82343465,-0.6841619,0.72932225,0.003399462
1356784176914,0.5940181,0.5434716,-0.59311146,-0.43535066,-0.40281287,-0.80511594,-0.67647046,0.73646486,-0.0026774406
1356784176954,0.5746589,0.5150741,-0.6359763,-0.47359368,-0.42447016,-0.77170855,-0.66744006,0.74466354,1.0311604E-5
1356784176994,0.5373103,0.4775468,-0.69515944,-0.5261617,-0.4543692,-0.7188202,-0.6591294,0.7519958,0.0071296096
1356784177032,0.47976953,0.42959303,-0.7650301,-0.58403116,-0.49433506,-0.64384824,-0.6547739,0.7557002,0.013728797
1356784177074,0.41066408,0.37585443,-0.83071566,-0.63292354,-0.5383115,-0.5564428,-0.6563252,0.7542905,0.016821891
1356784177112,0.34962744,0.32931617,-0.877104,-0.661929,-0.57570857,-0.4800099,-0.6630314,0.7484052,0.016700478
1356784177152,0.312536,0.30301544,-0.90027934,-0.6706164,-0.6008448,-0.43503943,-0.6727517,0.7397076,0.015421446
1356784177192,0.30218786,0.30179897,-0.9042123,-0.6641041,-0.61383104,-0.4268221,-0.6838481,0.72947156,0.014933672
1356784177232,0.3115822,0.322573,-0.8937915,-0.64734805,-0.616509,-0.44817078,-0.6955983,0.7182362,0.016723784
1356784177272,0.33002293,0.35845694,-0.873266,-0.6248623,-0.6104489,-0.48672286,-0.7075535,0.70630074,0.022524148
1356784177312,0.34704012,0.40276232,-0.84696263,-0.602631,-0.5962079,-0.53044516,-0.71860915,0.6944917,0.03580901
1356784177352,0.35452974,0.4516934,-0.81870735,-0.58898026,-0.57216847,-0.57072365,-0.7262306,0.684541,0.06318772
1356784177392,0.3479187,0.50445336,-0.79024005,-0.59237427,-0.5350399,-0.60234964,-0.7266673,0.6776866,0.1126748
1356784177432,0.32729685,0.5609093,-0.76043236,-0.61586547,-0.48371786,-0.6218734,-0.7166494,0.6718613,0.18712541
1356784177472,0.3016408,0.61849385,-0.7255881,-0.6504341,-0.42294288,-0.63091576,-0.6970999,0.6622572,0.2747127
1356784177512,0.28629774,0.67039293,-0.6845487,-0.6795934,-0.36155456,-0.6383033,-0.6754157,0.6479596,0.35208237
1356784177552,0.29280794,0.7094263,-0.6410756,-0.6911025,-0.30631799,-0.6546347,-0.66078806,0.6347312,0.40059394
1356784177592,0.32152915,0.73217964,-0.6004431,-0.6819953,-0.2608359,-0.68326217,-0.65688777,0.6291881,0.41547668
1356784177632,0.3659411,0.73911184,-0.56550926,-0.6549856,-0.22713089,-0.7206978,-0.66112095,0.6341334,0.40099114
1356784177672,0.41766173,0.7331047,-0.5367645,-0.61535585,-0.2064212,-0.7607414,-0.6685027,0.6480338,0.36490607
1356784177719,0.46973693,0.71805686,-0.51355773,-0.56884426,-0.19867164,-0.79808885,-0.67510253,0.6670261,0.3151391
1356784177753,0.5173266,0.69801736,-0.49512112,-0.52090704,-0.20219448,-0.829321,-0.6789912,0.68694186,0.25900155
1356784177793,0.5581938,0.6762901,-0.4806781,-0.47501642,-0.21451443,-0.8534302,-0.6802787,0.7047095,0.20150822
1356784177833,0.5910292,0.6555961,-0.46997675,-0.4332431,-0.23346907,-0.8705128,-0.6804298,0.71811277,0.14604548
1356784177873,0.6155278,0.6377478,-0.46303698,-0.3969327,-0.25670606,-0.88121873,-0.68085974,0.7262091,0.095133275
1356784177912,0.63262117,0.62320435,-0.45978996,-0.36764053,-0.28087708,-0.8865373,-0.68163836,0.72987974,0.05142638
1356784177952,0.64437747,0.61116767,-0.45962125,-0.3470673,-0.30183837,-0.88794017,-0.6814117,0.73168814,0.017618505
1356784177992,0.6530079,0.6004634,-0.46154565,-0.33630645,-0.31613696,-0.88710505,-0.6785857,0.7345074,-0.0045002084
1356784178032,0.6594455,0.5905549,-0.4651629,-0.33520967,-0.32285345,-0.885099,-0.672879,0.7396017,-0.014944553
1356784178072,0.66247404,0.58190924,-0.47170943,-0.3423491,-0.32490563,-0.8816084,-0.6662771,0.745532,-0.016025424
1356784178112,0.6594439,0.57538205,-0.483807,-0.35554993,-0.32832283,-0.87509334,-0.66235787,0.7490926,-0.011933447
1356784178152,0.6485133,0.5711519,-0.5032057,-0.37247252,-0.33841628,-0.8641405,-0.66384846,0.74783695,-0.0067290952
1356784178192,0.63031423,0.56859523,-0.52858627,-0.39091682,-0.35579693,-0.84887725,-0.6707369,0.7416927,-0.0019904384
1356784178232,0.60745764,0.5673764,-0.555949,-0.4089045,-0.37667832,-0.8312103,-0.681023,0.73225504,0.0031866431
1356784178272,0.5830653,0.56824344,-0.58063257,-0.42454645,-0.39623085,-0.8141016,-0.6926725,0.72117984,0.010217339
1356784178313,0.55978537,0.5727491,-0.5988312,-0.4361287,-0.41083226,-0.80063003,-0.70457935,0.7093485,0.019814402
1356784178352,0.5389323,0.582409,-0.60856515,-0.4429582,-0.41855696,-0.7928417,-0.71647745,0.696857,0.032409012
1356784178392,0.5207391,0.5981783,-0.6091088,-0.4459094,-0.417844,-0.79156256,-0.72800803,0.68380487,0.04914564
1356784178432,0.5043056,0.6200818,-0.6009779,-0.4489845,-0.40619966,-0.7958735,-0.7376237,0.67119324,0.07355839
1356784178472,0.4887594,0.6471514,-0.585072,-0.45920518,-0.37937838,-0.803245,-0.7417849,0.6612616,0.11175063
