1356784517054,0.07741395,-0.15231286,-0.98529583,-0.18856247,0.96818864,-0.16448355,0.9790053,0.19852313,0.046230793
1356784517094,0.016945066,0.14684446,-0.9890145,-0.20312335,0.96903527,0.14039786,0.9790065,0.19851287,0.0462479
1356784517134,0.017125279,0.14663272,-0.98904276,-0.20310004,0.9690752,0.1401557,0.9790082,0.19847444,0.046376824
1356784517172,0.017735332,0.14551377,-0.9891974,-0.20308837,0.96925294,0.1389387,0.97899985,0.19843033,0.0467422
1356784517214,0.019102722,0.14244625,-0.98961824,-0.20314834,0.96970487,0.1356585,0.97896165,0.19844782,0.04746169
1356784517253,0.02147603,0.13606015,-0.99046785,-0.20333529,0.9705846,0.12891994,0.97887367,0.19862835,0.048510134
1356784517292,0.024908185,0.12544164,-0.99178827,-0.20367754,0.97192353,0.117813885,0.97872114,0.19907045,0.049758494
1356784517334,0.029402465,0.111064404,-0.9933782,-0.20437089,0.97348166,0.1027908,0.9784519,0.19999528,0.05132109
1356784517373,0.035261095,0.09250476,-0.99508774,-0.20560881,0.9750776,0.08335881,0.97799885,0.20165949,0.053402126
1356784517412,0.042431146,0.070240356,-0.9966273,-0.20719695,0.9764577,0.059997484,0.97737867,0.20395236,0.05598581
1356784517452,0.05058807,0.046656743,-0.9976291,-0.20902587,0.9772798,0.035105713,0.9766007,0.20675439,0.059191167
1356784517494,0.059077412,0.0236618,-0.99797297,-0.21079385,0.97747207,0.0106972605,0.9757438,0.20973459,0.062734306
1356784517533,0.06642091,0.004370384,-0.9977822,-0.21244606,0.977123,-0.009862341,0.9749128,0.21262994,0.06582987
1356784517572,0.07082847,-0.007989399,-0.9974565,-0.21409711,0.9765409,-0.0230247,0.9742411,0.21518335,0.067456365
1356784517613,0.07114351,-0.011246622,-0.99740267,-0.21585375,0.9760687,-0.026402645,0.97383046,0.21717149,0.06701332
1356784517652,0.067212045,-0.004101783,-0.9977304,-0.21756071,0.9758682,-0.018667884,0.97372997,0.21832162,0.06469768
1356784517692,0.05967489,0.013589218,-0.9981254,-0.21888629,0.9757503,1.9803643E-4,0.97392386,0.21846414,0.061202288
1356784517731,0.049111962,0.0413815,-0.99793565,-0.21955556,0.9751499,0.029631525,0.9743631,0.21764706,0.056977093
1356784517772,0.04307267,0.045697756,-0.9980263,-0.2180678,0.975297,0.035245672,0.9749827,0.21611924,0.05197388
1356784517812,0.019222168,0.1254628,-0.99191207,-0.21810016,0.9687293,0.11830397,0.97573704,0.21406214,0.045984566
1356784517852,-0.0032049082,0.19545326,-0.9807078,-0.21482277,0.95768136,0.19156615,0.9766478,0.21129231,0.038918495
1356784517892,-0.02525416,0.26119855,-0.9649546,-0.2079381,0.94277763,0.2606376,0.97781587,0.20723306,0.030504048
1356784517932,-0.047434323,0.32455766,-0.94467574,-0.1965274,0.9242224,0.3273987,0.97935027,0.2011846,0.019944608
1356784517984,-0.06975976,0.38542548,-0.9200981,-0.17969266,0.9024029,0.3916369,0.98124605,0.19265544,0.006306708
1356784518014,-0.091281205,0.44286907,-0.89192754,-0.15761007,0.8779526,0.4520601,0.98327357,0.18184136,-0.010339975
1356784518053,-0.11046512,0.49587744,-0.86133796,-0.13178371,0.85168165,0.5072193,0.9851044,0.16954035,-0.028732538
1356784518094,-0.12610297,0.5443488,-0.8293265,-0.10428418,0.8240939,0.55677116,0.9865205,0.15669617,-0.04715371
1356784518123,-0.13745673,0.58882993,-0.7964828,-0.07834095,0.79513377,0.60135263,0.9874048,0.1450572,-0.063166976
1356784518154,-0.1447717,0.6257787,-0.76644784,-0.055176407,0.7682972,0.63771075,0.98792547,0.13461226,-0.076699495
1356784518193,-0.14871551,0.65761346,-0.7385311,-0.034582257,0.7429206,0.66848564,0.9882752,0.12495431,-0.08774203
1356784518232,-0.14993037,0.689316,-0.70877665,-0.017182231,0.71495503,0.6989593,0.98854727,0.11697358,-0.09534949
1356784518275,-0.14877091,0.71776795,-0.68020314,-0.004737824,0.68733263,0.7263273,0.9888603,0.1112791,-0.09885442
1356784518313,-0.14602941,0.7418722,-0.6544471,0.0023228526,0.66179395,0.7496822,0.9892775,0.107955456,-0.09836465
1356784518354,-0.14256908,0.7619281,-0.6317751,0.0050014853,0.63884175,0.7693219,0.98977226,0.106521666,-0.09488988
1356784518383,-0.13923126,0.77899826,-0.61137253,0.006024927,0.61804086,0.78612286,0.9902416,0.105769396,-0.09074402
1356784518424,-0.13499348,0.7924727,-0.59478045,0.0054463446,0.6008594,0.7993362,0.9908315,0.104665786,-0.08542818
1356784518453,-0.1298921,0.80567634,-0.5779391,0.0053535104,0.5834386,0.81213963,0.99151367,0.10239652,-0.08009726
1356784518484,-0.12305181,0.8170756,-0.5632457,0.0057609975,0.5681375,0.82291347,0.99238354,0.09801608,-0.074617565
1356784518523,-0.11165658,0.8271581,-0.5507653,0.0074121356,0.55490875,0.83187824,0.9937192,0.08880234,-0.0680902
1356784518564,-0.097219184,0.83902705,-0.5353336,0.01028505,0.53869975,0.84243506,0.9952099,0.076394916,-0.06100136
1356784518593,-0.083578676,0.85255134,-0.5159174,0.012794465,0.5186043,0.85491866,0.9964191,0.06485206,-0.054252207
1356784518624,-0.07175577,0.8652308,-0.49621242,0.013545662,0.4982943,0.8669021,0.99733025,0.05548367,-0.047475636
1356784518663,-0.06370637,0.87756896,-0.47519904,0.010695368,0.47673932,0.8789797,0.9979114,0.0509142,-0.03975725
1356784518702,-0.062228054,0.89084077,-0.4500336,0.0051556826,0.45118842,0.89241374,0.9980486,0.05321297,-0.032669485
1356784518742,-0.06822616,0.90270436,-0.4248178,-0.0015886724,0.4257111,0.90485775,0.9976686,0.062409878,-0.02761054
1356784518782,-0.08037013,0.9104069,-0.40583232,-0.008339286,0.40652102,0.91360337,0.9967302,0.07681078,-0.025079966
1356784518822,-0.09647548,0.9108112,-0.401392,-0.015744567,0.40182614,0.91558063,0.9952109,0.094650775,-0.024426103
1356784518862,-0.11417529,0.8985839,-0.42368734,-0.027241617,0.42348406,0.90549386,0.99308705,0.114926934,-0.023872554
1356784518902,-0.12941507,0.8598279,-0.49391073,-0.04981175,0.49183336,0.86926335,0.9903386,0.13709825,-0.020821154
1356784518942,-0.12958276,0.7488031,-0.65000165,-0.09504318,0.6431307,0.75983524,0.9870031,0.16023979,-0.012170017
1356784518987,-0.07115778,0.4179101,-0.9056974,-0.16798526,0.8900089,0.42386916,0.983218,0.18230537,0.0068716407
1356784519024,0.07860729,-0.2068309,-0.9752138,-0.18604188,0.95801175,-0.21817851,0.97939235,0.19858101,0.036827505
1356784519063,0.18993959,-0.5910351,-0.7839645,-0.11007325,0.7806469,-0.6152026,0.97560585,0.20314483,0.083218575
1356784519121,0.24129719,-0.7352941,-0.6333389,-0.013478011,0.650021,-0.7597967,0.97035766,0.1918729,0.14693797
1356784519152,0.2662597,-0.7938906,-0.5466658,0.10224047,0.58720016,-0.80295885,0.95846367,0.15790421,0.23751551
1356784519193,0.27737385,-0.8242542,-0.49362803,0.20683056,0.5529695,-0.80712193,0.9382349,0.12177712,0.3238603
1356784519230,0.28356564,-0.84264034,-0.4577639,0.28884238,0.53024113,-0.79712886,0.9144182,0.09381676,0.3937484
1356784519273,0.28653163,-0.8562517,-0.42980552,0.34145883,0.51042384,-0.7892233,0.89515674,0.07937658,0.43862724
1356784519312,0.2851005,-0.867447,-0.40774179,0.36347616,0.4914675,-0.79141945,0.88690627,0.07742965,0.45541394
1356784519352,0.27767006,-0.8766765,-0.3928583,0.35642976,0.4737642,-0.8052982,0.8921083,0.08358082,0.44402373
1356784519392,0.26341042,-0.8836849,-0.3869316,0.32386795,0.45882532,-0.8273989,0.90869385,0.092630714,0.40705657
1356784519432,0.24312449,-0.8875607,-0.3913139,0.27034333,0.44943523,-0.85142374,0.9315605,0.10121289,0.3492148
1356784519472,0.21864796,-0.88685614,-0.4070373,0.20222634,0.44925666,-0.87021434,0.95461917,0.107957006,0.27757466
1356784519513,0.19151098,-0.87929,-0.43608811,0.12722182,0.4628027,-0.87728465,0.97321033,0.112529755,0.20049667
1356784519552,0.16224305,-0.86094975,-0.48212308,0.05278036,0.49546903,-0.86702055,0.98533815,0.11522138,0.12582767
1356784519592,0.1301591,-0.82446426,-0.5507425,-0.0153083205,0.55373055,-0.8325552,0.99137497,0.11679557,0.059451938
1356784519632,0.09305638,-0.755068,-0.6490091,-0.07269329,0.64494556,-0.76076335,0.9930036,0.11797249,0.005127907
1356784519672,0.046806335,-0.62389916,-0.7801019,-0.11467564,0.77243835,-0.6246507,0.9922997,0.1186963,-0.035391033
1356784519712,-0.011565536,-0.38727108,-0.9218933,-0.13257197,0.91441,-0.3824643,0.99110585,0.1177938,-0.061916947
1356784519752,-0.07123932,-0.042359296,-0.9965594,-0.116377085,0.9926273,-0.033872906,0.99064696,0.1135636,-0.07564378
1356784519792,-0.106532335,0.2939031,-0.9498799,-0.07617907,0.9500959,0.30251372,0.99138665,0.10458846,-0.078826666
1356784519832,-0.11067923,0.5193347,-0.8473734,-0.03787972,0.8497879,0.5257621,0.9931341,0.09028922,-0.07438159
1356784519872,-0.096345514,0.64753985,-0.7559165,-0.012290269,0.75861764,0.6514201,0.99527204,0.07205185,-0.06513095
1356784519912,-0.075764894,0.7218312,-0.68790936,0.0014324188,0.68997043,0.7238361,0.9971247,0.053856015,-0.0533095
1356784519985,-0.057719275,0.77139735,-0.63373077,0.0055919588,0.63502884,0.7724682,0.99831724,0.041042477,-0.040967047
1356784519993,-0.048051357,0.81183183,-0.5819107,0.0053693056,0.58278525,0.8126085,0.99883044,0.035922498,-0.03236258
1356784520033,-0.049675122,0.84542346,-0.5317816,0.0032904148,0.53257453,0.8463767,0.99876004,0.04029405,-0.029237509
1356784520072,-0.060445815,0.8719294,-0.48588628,0.0013739467,0.48684856,0.8734853,0.99817055,0.052130938,-0.03062594
1356784520112,-0.0778487,0.8908412,-0.44759545,-9.166002E-4,0.44889376,0.8935847,0.9969648,0.06997463,-0.034129262
1356784520152,-0.09943995,0.9019655,-0.42020217,-0.0058567524,0.42175743,0.90668976,0.99502635,0.09262228,-0.036656916
1356784520192,-0.12271115,0.90557826,-0.4060419,-0.01677236,0.40718314,0.9131925,0.99230075,0.118869185,-0.034777224
1356784520232,-0.14333174,0.9007803,-0.40994,-0.03790611,0.40891626,0.9117843,0.98894846,0.14622688,-0.02446556
1356784520272,-0.15347427,0.88442147,-0.44073156,-0.07468492,0.434358,0.89763874,0.9853263,0.17068046,-6.098151E-4
1356784520312,-0.13858631,0.8460177,-0.5148281,-0.13170475,0.4994826,0.8562541,0.9815538,0.18647039,0.04220307
1356784520352,-0.07417959,0.75744826,-0.6486676,-0.20341659,0.6252913,0.7534139,0.9762782,0.18783766,0.10769367
1356784520392,0.061646476,0.57074165,-0.8188125,-0.251888,0.80271465,0.54055685,0.965791,0.17292555,0.1932475
1356784520433,0.23387909,0.29766932,-0.9255774,-0.2212722,0.9432945,0.24745515,0.94675195,0.14692998,0.2864828
1356784520472,0.36137947,0.06960803,-0.9298169,-0.13775983,0.9902516,0.020591035,0.92218596,0.12065026,0.36744577
1356784520512,0.42705765,-0.04352875,-0.90317607,-0.074182436,0.993787,-0.08297218,0.90117633,0.102433704,0.4211753
1356784520552,0.44695222,-0.050225284,-0.8931467,-0.06261854,0.9942169,-0.08724469,0.8923635,0.09492175,0.44122243
1356784520592,0.42687085,0.034839954,-0.9036412,-0.101311505,0.9948093,-0.009503566,0.89861965,0.09560605,0.4281848
1356784520632,0.36199796,0.19845423,-0.9108092,-0.16760826,0.97500867,0.14582719,0.9169869,0.099870004,0.38621372
1356784520672,0.25683367,0.4011,-0.8792925,-0.22061989,0.91012144,0.35072187,0.9409375,0.103912234,0.32224047
1356784520712,0.14112918,0.5814717,-0.80123234,-0.22810623,0.8066555,0.5452287,0.9633535,0.105818436,0.24647993
1356784520753,0.045637622,0.7084547,-0.704279,-0.19374278,0.6979043,0.68948764,0.9799902,0.104982436,0.16910869
1356784520792,-0.019969344,0.7892008,-0.61381054,-0.14007601,0.60566914,0.78329027,0.98993945,0.101621926,0.09845328
1356784520832,-0.06034568,0.8405949,-0.5382922,-0.08539921,0.53295004,0.84182614,0.9945176,0.096770346,0.03962493
1356784520872,-0.083049744,0.87497675,-0.47698888,-0.03916204,0.47540715,0.87889385,0.9957756,0.091671795,-0.0052165985
1356784520912,-0.093821526,0.89921075,-0.42733777,-0.0046192408,0.4288333,0.9033718,0.9955783,0.086729705,-0.03608018
1356784520983,-0.0944131,0.91671306,-0.38823098,0.01676613,0.3913818,0.92007565,0.9953919,0.08035806,-0.052321315
1356784521003,-0.08908346,0.9318851,-0.35164508,0.029744178,0.3553802,0.93424845,0.99557996,0.07276663,-0.059376657
1356784521043,-0.078814715,0.943149,-0.32289046,0.035517126,0.326349,0.94458187,0.9962564,0.06297886,-0.059219062
1356784521083,-0.06475556,0.9520916,-0.29887864,0.035974115,0.30153984,0.95277464,0.99725246,0.05094552,-0.05377704
1356784521123,-0.049613208,0.95970047,-0.27661076,0.032363355,0.27835116,0.959934,0.99824405,0.03867337,-0.044869006
1356784521163,-0.03806898,0.96671295,-0.25301552,0.02578953,0.25406525,0.9668432,0.99894226,0.030281603,-0.03460306
1356784521203,-0.034385234,0.9734416,-0.2263385,0.018195748,0.22704467,0.97371435,0.999243,0.029363006,-0.02551949
1356784521243,-0.03967303,0.9795168,-0.19741541,0.011996627,0.19802362,0.9801239,0.9991407,0.03651622,-0.019607067
1356784521282,-0.052049577,0.9842299,-0.16906303,0.0088172555,0.16973883,0.9854496,0.99860555,0.04980153,-0.017513037
1356784521322,-0.06892434,0.9870697,-0.1447165,0.008495748,0.14563695,0.9893017,0.9975858,0.066957474,-0.018423855
1356784521362,-0.08850604,0.9878727,-0.12756997,0.008992314,0.12885982,0.991622,0.99603504,0.08661744,-0.02028811
1356784521402,-0.10942143,0.98662806,-0.12079731,0.006596297,0.12224507,0.992478,0.9939736,0.10780156,-0.019884288
1356784521442,-0.12950507,0.98327816,-0.12803286,-0.0042903125,0.12856337,0.991692,0.99156946,0.12897843,-0.0124310255
1356784521482,-0.14428759,0.9775479,-0.15356138,-0.03137669,0.1505875,0.9880986,0.9890382,0.1473886,0.008944333
1356784521522,-0.14546937,0.96856785,-0.20177984,-0.08304492,0.19127584,0.9780169,0.9858713,0.15902823,0.05260986
1356784521562,-0.12131125,0.9537728,-0.27495635,-0.16252911,0.25417763,0.95340335,0.979218,0.16034696,0.12418127
1356784521602,-0.062073857,0.9274684,-0.3687129,-0.25846866,0.3418847,0.90349805,0.96402323,0.15138432,0.21849942
1356784521642,0.028849125,0.8829797,-0.46852374,-0.34323817,0.4489696,0.8249932,0.9388052,0.13701493,0.31602478
1356784521682,0.12763992,0.82122076,-0.55615157,-0.39122665,0.55695903,0.7326243,0.9113999,0.124069184,0.39237362
1356784521722,0.20362365,0.75422716,-0.62424254,-0.39949822,0.64611286,0.6503378,0.89383364,0.1169596,0.4328763
1356784521762,0.24038728,0.6951285,-0.67750305,-0.38129205,0.70948786,0.5926578,0.8926535,0.11585912,0.43559885
1356784521802,0.23765054,0.6510037,-0.72091347,-0.34896928,0.74984753,0.5620935,0.90650016,0.11799489,0.40538198
1356784521842,0.2030894,0.6252271,-0.7535554,-0.30929178,0.7711536,0.55647165,0.92902815,0.12005502,0.34999073
1356784521882,0.1475762,0.6204263,-0.77025485,-0.2654126,0.77505946,0.57344484,0.9527736,0.11980854,0.27904928
1356784521922,0.08302502,0.6380779,-0.7654824,-0.21853404,0.76109517,0.6107184,0.972291,0.116579056,0.20263165
1356784521988,0.020272464,0.6762389,-0.7364034,-0.1693739,0.72823143,0.6640719,0.9853434,0.11126515,0.1293003
1356784522003,-0.032372117,0.7285267,-0.6842521,-0.11993274,0.67683274,0.7263013,0.9922541,0.10557619,0.06546372
1356784522042,-0.06974061,0.78540033,-0.6150469,-0.07368457,0.61080813,0.7883426,0.9948402,0.10029891,0.01527375
1356784522101,-0.09001508,0.83819056,-0.53789777,-0.034477144,0.53714406,0.84278566,0.9953435,0.09440857,-0.019452691
1356784522122,-0.09436756,0.8822973,-0.46113595,-0.005211383,0.46275884,0.8864689,0.9955238,0.08605704,-0.03907144
1356784522163,-0.08601555,0.91658914,-0.39046857,0.013091594,0.39292714,0.9194764,0.9962077,0.07397744,-0.045797408
1356784522200,-0.069331855,0.94192886,-0.32857722,0.021602243,0.33071014,0.943485,0.9973597,0.058315605,-0.04327649
1356784522243,-0.049554884,0.95981014,-0.2762404,0.022447288,0.27758068,0.96044004,0.9985191,0.041393638,-0.035300612
1356784522282,-0.03350222,0.97179383,-0.23344013,0.018356979,0.2341302,0.9720319,0.99926996,0.02827996,-0.025683105
1356784522322,-0.026804388,0.9793907,-0.20018852,0.012767911,0.20057952,0.97959423,0.99955916,0.02370143,-0.017881215
1356784522362,-0.031085104,0.9838853,-0.17607802,0.009275466,0.1764395,0.98426783,0.99947375,0.02896285,-0.014610589
1356784522402,-0.044515908,0.98588127,-0.16142017,0.009359539,0.1619848,0.98674893,0.99896485,0.04241517,-0.016438305
1356784522442,-0.06448901,0.98536086,-0.15781379,0.011580408,0.15887123,0.9872314,0.99785125,0.061838,-0.021656334
1356784522482,-0.08931348,0.9816732,-0.16834766,0.012484729,0.1701133,0.9853455,0.99592537,0.08590284,-0.02744931
1356784522522,-0.11725572,0.9732093,-0.19777444,0.0073623657,0.1999946,0.97976935,0.99307454,0.11342749,-0.030615628
1356784522562,-0.14473802,0.95685315,-0.25195828,-0.009836912,0.25323558,0.96735466,0.9894211,0.14249146,-0.027240336
1356784522602,-0.16311556,0.92725164,-0.3370428,-0.04624176,0.33405745,0.94141775,0.98552275,0.16914529,-0.0116122365
1356784522642,-0.15545386,0.876355,-0.4558904,-0.10627079,0.44398642,0.88970923,0.98211026,0.18675658,0.024111569
1356784522682,-0.09913936,0.79367685,-0.60020703,-0.1820645,0.5785285,0.79508317,0.9782761,0.18810037,0.08714539
1356784522722,0.01676464,0.6714707,-0.7408415,-0.24511279,0.7210963,0.64802766,0.9693496,0.17072575,0.17667496
1356784522762,0.16731173,0.52078557,-0.83713156,-0.26246303,0.8419873,0.4713497,0.95032626,0.14085373,0.2775613
1356784522802,0.3019362,0.3747586,-0.8765788,-0.23362583,0.92054254,0.3130821,0.92425823,0.110260665,0.36549842
1356784522842,0.38773227,0.25893298,-0.88465667,-0.18748909,0.96182585,0.1993461,0.9025029,0.088570565,0.42147803
1356784522882,0.42118013,0.17680761,-0.8895765,-0.14770573,0.9810923,0.12506387,0.8948689,0.07872114,0.43933207
1356784522922,0.41105175,0.12202938,-0.9034076,-0.12202938,0.98944676,0.07812773,0.9034076,0.07812773,0.421605
1356784522987,0.36717686,0.08800532,-0.92597854,-0.1084003,0.99277914,0.051370267,0.9238131,0.08151437,0.37406534
1356784523004,0.300411,0.07045753,-0.9512039,-0.102818996,0.9938488,0.041143842,0.9482518,0.085441776,0.30580747
1356784523043,0.22158298,0.06647804,-0.9728729,-0.10068486,0.99390095,0.044982783,0.96992964,0.08798615,0.22692484
1356784523083,0.14108622,0.07802869,-0.98691756,-0.099288575,0.9929781,0.06431391,0.9850058,0.08891583,0.14784288
1356784523123,0.06658527,0.11071538,-0.99161905,-0.096623994,0.98986924,0.1040319,0.99309117,0.08888722,0.07660848
1356784523163,0.0026348531,0.17476054,-0.98460746,-0.090336576,0.9806267,0.17381223,0.9959078,0.08848809,0.018371105
1356784523193,-0.04918686,0.27988595,-0.95877236,-0.07684203,0.9560287,0.28302717,0.9958293,0.08759523,-0.025517046
1356784523233,-0.08267036,0.41177058,-0.9075299,-0.05462034,0.9074062,0.41669005,0.995079,0.08401753,-0.052524567
1356784523274,-0.09631872,0.588096,-0.8030354,-0.022651166,0.8052825,0.5924585,0.99509275,0.07525453,-0.06424272
1356784523313,-0.08689627,0.76099,-0.6429177,0.00954324,0.6459651,0.7633072,0.99617165,0.060193032,-0.06339431
1356784523353,-0.060985953,0.88385427,-0.46376967,0.027942061,0.46596423,0.8843622,0.9977474,0.040975034,-0.053113997
1356784523393,-0.03369212,0.9490954,-0.3131817,0.027987719,0.3141327,0.9489665,0.9990403,0.023207426,-0.037146807
1356784523434,-0.017244458,0.9768865,-0.21306202,0.016738921,0.21334594,0.97683334,0.99971116,0.013278574,-0.020031035
1356784523473,-0.015085816,0.986979,-0.16014001,0.0036646426,0.16021168,0.9870759,0.9998795,0.014303952,-0.0060338974
1356784523514,-0.02434802,0.98928714,-0.1439375,-0.006061524,0.14383149,0.9895836,0.99968517,0.024966866,0.0024945736
1356784523554,-0.040475458,0.9865209,-0.15855035,-0.01200974,0.15818861,0.9873359,0.9991083,0.041867048,0.0054451227
1356784523593,-0.060136557,0.97652787,-0.20682612,-0.016971469,0.20617086,0.9783689,0.9980459,0.062345773,0.0041746497
1356784523632,-0.08071241,0.9501295,-0.30123004,-0.026460946,0.30006692,0.9535512,0.9963862,0.084934145,9.2214346E-4
1356784523672,-0.09653935,0.8827057,-0.45990294,-0.049160063,0.45726863,0.8879689,0.99411434,0.10833284,-7.505417E-4
1356784523712,-0.09168185,0.72673523,-0.68077195,-0.092478275,0.67448276,0.7324758,0.9914849,0.13011128,0.005369365
1356784523752,-0.042603813,0.4599617,-0.8869161,-0.14280476,0.87580365,0.4610584,0.9888335,0.14629868,0.028372169
1356784523792,0.04933971,0.17932835,-0.9825511,-0.1639942,0.97185254,0.16914059,0.9852265,0.15278734,0.077359736
1356784523832,0.15815535,-0.01327844,-0.98732495,-0.14418817,0.98888075,-0.036396243,0.9768299,0.14811683,0.15448219
1356784523872,0.26378828,-0.119728565,-0.95712113,-0.10032508,0.9834793,-0.15067598,0.95934904,0.13576981,0.24741852
1356784523912,0.35003352,-0.18022405,-0.91923654,-0.053094402,0.97592276,-0.21155551,0.9352312,0.12285783,0.3320368
1356784523952,0.40357798,-0.227823,-0.8861273,-0.013978869,0.96685463,-0.25494453,0.9148385,0.11527706,0.38701653
1356784523991,0.4193348,-0.27874738,-0.8639782,0.01373145,0.9535328,-0.30097604,0.9077279,0.114346065,0.4036771
1356784524032,0.4022834,-0.3323655,-0.85305405,0.028796926,0.9359076,-0.35106668,0.9150622,0.11666296,0.3860712
1356784524072,0.359033,-0.38585895,-0.84982836,0.031030491,0.9149702,-0.4023265,0.9328089,0.118077904,0.34047788
1356784524112,0.2986428,-0.43237346,-0.85080284,0.0204636,0.8941821,-0.44723552,0.9541455,0.116153166,0.27588898
1356784524152,0.23141816,-0.46513584,-0.8544555,-3.1411648E-4,0.8782617,-0.47818017,0.97285426,0.110927954,0.20309961
1356784524192,0.16579008,-0.48008168,-0.86141473,-0.026160493,0.8710546,-0.49048907,0.98581403,0.10385327,0.13185304
1356784524232,0.10673472,-0.47549704,-0.87321836,-0.051778585,0.8743854,-0.4824615,0.99293846,0.096709415,0.06870669
1356784524272,0.056454215,-0.4503129,-0.8910843,-0.07305975,0.88825166,-0.45351005,0.9957285,0.09070493,0.01724583
1356784524312,0.015410602,-0.40362623,-0.9147942,-0.08684462,0.91090506,-0.40337324,0.9961027,0.08566119,-0.021015167
1356784524352,-0.016685009,-0.33446717,-0.94225967,-0.0909764,0.9389896,-0.33169544,0.99571323,0.08018908,-0.04609567
1356784524392,-0.039839625,-0.24302833,-0.96920073,-0.08486082,0.9672893,-0.23906079,0.99559605,0.07272307,-0.059159994
1356784524432,-0.053521395,-0.13145867,-0.98987573,-0.06945318,0.989386,-0.12763838,0.9961484,0.061918635,-0.062083542
1356784524472,-0.057559222,-0.0058281217,-0.99832505,-0.047531053,0.998865,-0.0030908342,0.99720997,0.04727354,-0.057770908
1356784524513,-0.052505434,0.12239036,-0.9910922,-0.024019692,0.9920193,0.12377734,0.99833167,0.030304722,-0.049146593
1356784524552,-0.041951716,0.23777583,-0.9704136,-0.0060234144,0.9711909,0.23822668,0.99910146,0.015839227,-0.039310873
1356784524592,-0.032438606,0.3233797,-0.9457131,0.0016179383,0.94622684,0.32349986,0.99947244,0.0089637935,-0.031217456
1356784524632,-0.02911112,0.36885133,-0.9290324,-8.93414E-4,0.9294163,0.36903173,0.9995758,0.011572942,-0.026726842
1356784524672,-0.032563806,0.371482,-0.92786896,-0.01123932,0.92816645,0.3719956,0.99940646,0.022542179,-0.026049435
1356784524712,-0.03995034,0.33142868,-0.9426341,-0.0283238,0.94263244,0.33262855,0.99880016,0.03998761,-0.028271198
1356784524752,-0.046614885,0.25035104,-0.96703225,-0.05237464,0.9661405,0.25264484,0.997539,0.06242498,-0.031924486
1356784524792,-0.046633005,0.13544442,-0.9896869,-0.08288944,0.9868232,0.13895816,0.9954671,0.088514626,-0.03479159
1356784524835,-0.03274706,0.0033351704,-0.9994581,-0.11670835,0.9931406,0.007138014,0.9926262,0.11687886,-0.03213322
1356784524872,1.7750263E-4,-0.1336282,-0.9910315,-0.14352752,0.9807673,-0.13226993,0.9896463,0.14226379,-0.019005239
1356784524912,0.054910958,-0.24445197,-0.9681054,-0.15048695,0.9564671,-0.25004888,0.9870859,0.15941764,0.015733719
1356784524952,0.13129315,-0.33435905,-0.9332557,-0.12572385,0.9281875,-0.3502305,0.9833391,0.16331539,0.079827726
1356784524991,0.22095326,-0.40556622,-0.88695866,-0.06569649,0.901181,-0.42843533,0.97306913,0.15293427,0.17247462
1356784525051,0.30540544,-0.464634,-0.8311695,0.015166312,0.8751361,-0.48363912,0.9521016,0.13510025,0.2743181
1356784525072,0.36692268,-0.51588,-0.77410305,0.09292692,0.84830815,-0.5212848,0.9255984,0.11933623,0.35920262
1356784525112,0.39677876,-0.56299406,-0.7249858,0.14961527,0.81892276,-0.5540585,0.905639,0.11136973,0.40916365
1356784525150,0.39625522,-0.6068552,-0.6889909,0.17919451,0.78710604,-0.5902148,0.9004838,0.110412315,0.42064002
1356784525192,0.37082443,-0.6463168,-0.6669062,0.18216656,0.7547754,-0.630182,0.91066164,0.11219895,0.39762646
1356784525232,0.3286283,-0.67874724,-0.65673864,0.16306889,0.7256935,-0.6684142,0.9302752,0.11256617,0.34916598
1356784525272,0.27596885,-0.70260316,-0.6558887,0.12737614,0.70310336,-0.6995863,0.95268905,0.10951939,0.28352952
1356784525312,0.21963103,-0.71629906,-0.66232765,0.08283758,0.6901452,-0.7189141,0.9720597,0.103030205,0.21091378
1356784525352,0.16484112,-0.719641,-0.67449564,0.037250966,0.6879051,-0.7248441,0.9856165,0.094358504,0.14020234
1356784525392,0.115594506,-0.71296644,-0.6916045,-0.0036579072,0.6959617,-0.71806955,0.9932897,0.08553472,0.0778414
1356784525432,0.07416198,-0.69695413,-0.71327055,-0.03676036,0.71284354,-0.700359,0.99656844,0.07816008,0.027245581
1356784525472,0.040903784,-0.6723385,-0.739113,-0.06074071,0.73669064,-0.67349654,0.99731517,0.07244283,-0.010704875
1356784525512,0.014930427,-0.6397804,-0.7684127,-0.07521096,0.76560265,-0.63890207,0.9970559,0.06733215,-0.03668773
1356784525552,-0.0047554374,-0.59981775,-0.80012244,-0.080174476,0.79778445,-0.59758854,0.9967695,0.06130758,-0.051883876
1356784525592,-0.018770866,-0.5529236,-0.8330205,-0.07587655,0.8315524,-0.5502394,0.99694055,0.052878216,-0.057562888
1356784525632,-0.02741468,-0.4996853,-0.8657731,-0.06328523,0.8652288,-0.4973672,0.9976189,0.041155502,-0.055342674
1356784525672,-0.030371994,-0.4409968,-0.8969946,-0.045256346,0.8970951,-0.4395138,0.9985136,0.027245775,-0.047204435
1356784525712,-0.027447078,-0.37891984,-0.9250224,-0.027310953,0.9253098,-0.37822723,0.9992501,0.014882013,-0.03574574
1356784525753,-0.020585267,-0.3183713,-0.94774264,-0.015867189,0.9479281,-0.318089,0.9996622,0.008490071,-0.024565041
1356784525792,-0.013409525,-0.26738912,-0.9634953,-0.014287576,0.96353483,-0.26720122,0.999808,0.010182977,-0.016740918
1356784525832,-0.008306534,-0.2344208,-0.9720996,-0.021634609,0.9719478,-0.23419932,0.99973136,0.019085608,-0.013145149
1356784525872,-0.004684777,-0.22523385,-0.9742934,-0.03525629,0.9737356,-0.22493535,0.9993673,0.03329619,-0.01250267
1356784525912,3.5023596E-4,-0.24185291,-0.9703129,-0.052856505,0.96895206,-0.2415328,0.9986021,0.051371954,-0.0124441385
1356784525952,0.01058957,-0.2821941,-0.9592989,-0.072405644,0.95661795,-0.28220475,0.99731904,0.07244709,-0.010302246
1356784525991,0.030136287,-0.34060463,-0.9397235,-0.09064532,0.93534535,-0.3419247,0.99542713,0.09548587,-0.0026863813
1356784526032,0.062229425,-0.4104491,-0.9097577,-0.1007895,0.9042802,-0.41487205,0.9929597,0.11751127,0.014903903
1356784526072,0.10806763,-0.4825979,-0.86914945,-0.09250875,0.8655945,-0.4921263,0.98983014,0.13358687,0.04889822
1356784526112,0.16525516,-0.55044234,-0.8183543,-0.054048523,0.82346153,-0.56479186,0.9847687,0.13756561,0.10633069
1356784526152,0.22576022,-0.60983086,-0.75969636,0.01858595,0.7823837,-0.6225193,0.9740056,0.12642042,0.1879654
1356784526192,0.2792889,-0.6583103,-0.69901747,0.11333552,0.7454979,-0.65680134,0.9534951,0.10421386,0.2828192
1356784526232,0.31755704,-0.6964439,-0.64352417,0.20497811,0.7130233,-0.67050856,0.9258194,0.0810163,0.36918133
1356784526272,0.3374552,-0.7263128,-0.598827,0.27220106,0.68425566,-0.6765359,0.90112746,0.06529921,0.42860875
1356784526312,0.33968288,-0.7503177,-0.56713223,0.3060974,0.65834993,-0.68766254,0.8893368,0.059989512,0.45330048
1356784526352,0.3267799,-0.7698246,-0.5482562,0.30724487,0.6351256,-0.70867205,0.8937648,0.063130885,0.44407094
1356784526392,0.30193853,-0.785092,-0.5407992,0.28093103,0.6153601,-0.7364847,0.91099447,0.070445836,0.40635756
1356784526432,0.26829422,-0.79570603,-0.54301953,0.23365998,0.6006049,-0.76464164,0.9345701,0.07826701,0.34706342
1356784526472,0.22958446,-0.8008131,-0.5531632,0.17394117,0.5929537,-0.78622544,0.9576198,0.084287375,0.27542722
1356784526512,0.18813612,-0.7998761,-0.5699149,0.10990688,0.59377843,-0.79708695,0.975974,0.08732328,0.19962305
1356784526552,0.14606746,-0.7922214,-0.59249425,0.048676968,0.603948,-0.79553586,0.9880763,0.08736104,0.1267801
1356784526592,0.105708405,-0.77717173,-0.6203466,-0.0049369037,0.623424,-0.7818684,0.99438494,0.08571267,0.06206429
1356784526632,0.06909506,-0.75382555,-0.65343165,-0.048215568,0.6517082,-0.7569357,0.9964442,0.0838061,0.0086836815
1356784526672,0.03688222,-0.7208924,-0.6920649,-0.07936898,0.68823516,-0.7211331,0.9961628,0.081525475,-0.031832874
1356784526712,0.008802414,-0.67661905,-0.7362806,-0.096933275,0.7322641,-0.6740869,0.99525195,0.07730365,-0.05914122
1356784526752,-0.014659457,-0.6188066,-0.7854066,-0.10025737,0.7824421,-0.6145997,0.9948536,0.06973311,-0.07351011
1356784526792,-0.03210247,-0.5448017,-0.8379501,-0.09019843,0.8365405,-0.54042965,0.99540627,0.05823265,-0.07599527
1356784526832,-0.04225698,-0.45163715,-0.8912005,-0.069370195,0.89117086,-0.4483329,0.9966957,0.042877585,-0.06898832
1356784526872,-0.044003457,-0.3368016,-0.94054693,-0.04278168,0.9412304,-0.33504483,0.998115,0.025495052,-0.055826306
1356784526912,-0.03741896,-0.20077562,-0.97892225,-0.018461972,0.9795801,-0.20020482,0.99912906,0.010581367,-0.040361583
1356784526952,-0.026595354,-0.051407635,-0.99832356,-0.0044071227,0.99867314,-0.05130823,0.99963653,0.003035169,-0.026786625
1356784526993,-0.018430233,0.09425745,-0.99537724,-0.0031833723,0.99553573,0.094331406,0.99982506,0.004907213,-0.018047929
1356784527032,-0.017260253,0.21502687,-0.9764556,-0.010969028,0.9765016,0.21523088,0.99979085,0.014425702,-0.014496028
1356784527072,-0.022530138,0.29090112,-0.9564878,-0.023884386,0.956301,0.2914069,0.9994608,0.02941057,-0.014597595
1356784527112,-0.0301542,0.30264896,-0.952625,-0.04170321,0.9518475,0.30372205,0.9986749,0.048886,-0.016080797
1356784527152,-0.032205403,0.22775298,-0.9731862,-0.06684824,0.97102016,0.22945827,0.9972432,0.072445594,-0.01604724
1356784527192,-0.015884638,0.055105954,-0.9983541,-0.09825078,0.9935619,0.05640469,0.9950348,0.09898503,-0.010368168
1356784527232,0.02891758,-0.1745847,-0.98421746,-0.122191064,0.97662735,-0.17682847,0.9920853,0.12537605,0.006909013
1356784527272,0.095716774,-0.37564218,-0.92180866,-0.118454754,0.91518164,-0.38524148,0.9883353,0.1460667,0.04310161
1356784527312,0.1693151,-0.50514513,-0.8462629,-0.0781333,0.84907776,-0.52245784,0.98245996,0.15458128,0.10429305
1356784527352,0.24039844,-0.57387793,-0.7828618,-0.006182432,0.8055919,-0.5924387,0.9706546,0.14726129,0.1901151
1356784527392,0.30492815,-0.6036238,-0.73665273,0.080732584,0.7870889,-0.61153364,0.9489474,0.12700197,0.28873765
1356784527432,0.3593428,-0.61082673,-0.7055235,0.15923002,0.78506756,-0.59859395,0.91952085,0.10275993,0.37937033
1356784527472,0.3987794,-0.60736525,-0.6870826,0.21131875,0.78993124,-0.5756327,0.8923673,0.08435701,0.44335595
1356784527512,0.41889203,-0.6017944,-0.6799801,0.23184173,0.7949092,-0.56068593,0.8779401,0.07721911,0.47250217
1356784527552,0.41700625,-0.599451,-0.6832015,0.22474281,0.79634064,-0.56154454,0.88067955,0.08062293,0.46680132
1356784527592,0.3921609,-0.6025189,-0.6951121,0.19634572,0.79305303,-0.5766414,0.8986981,0.089653924,0.42930636
1356784527632,0.34684697,-0.609228,-0.7131188,0.15198071,0.78677654,-0.5982345,0.9255264,0.099115536,0.36548197
1356784527672,0.2873846,-0.61457,-0.7346522,0.09674099,0.7817103,-0.6160927,0.9529173,0.1059846,0.2841056
1356784527712,0.22125253,-0.6129063,-0.7585468,0.037552357,0.7826016,-0.62138927,0.97449327,0.108998716,0.19616866
1356784527752,0.15478122,-0.5991156,-0.7855592,-0.017692208,0.79333323,-0.6085305,0.98779035,0.10808739,0.112193406
1356784527792,0.09253445,-0.5675799,-0.8181017,-0.062812924,0.8166629,-0.5736864,0.9937263,0.10447316,0.039918065
1356784527832,0.03705648,-0.510826,-0.8588851,-0.09402174,0.85388064,-0.5119061,0.99488026,0.09972334,-0.016386926
1356784527872,-0.010964779,-0.4191668,-0.90784305,-0.10879286,0.90300816,-0.41562045,0.99400395,0.094209656,-0.055503666
1356784527912,-0.05099857,-0.28202868,-0.9580496,-0.10555368,0.95544696,-0.27564377,0.993105,0.087068215,-0.07849562
1356784527952,-0.080156684,-0.09359554,-0.9923784,-0.08502052,0.9925957,-0.08674874,0.9931498,0.077419035,-0.08752072
1356784528006,-0.09260529,0.13666296,-0.9862796,-0.052005436,0.9885202,0.1418564,0.9943439,0.064428546,-0.084434986
1356784528039,-0.08223298,0.38117158,-0.9208397,-0.016474724,0.923323,0.3836707,0.9964768,0.04672098,-0.06964791
1356784528081,-0.059040956,0.5865859,-0.8077322,0.0058322847,0.80933255,0.58732176,0.99823856,0.029965073,-0.05120492
1356784528122,-0.035202444,0.71402323,-0.69923645,0.010458976,0.699895,0.71416914,0.99932545,0.017827213,-0.032105982
1356784528162,-0.020223275,0.780082,-0.62535036,0.004061818,0.6255373,0.78018373,0.9997872,0.013237834,-0.015818954
1356784528202,-0.01642111,0.80370116,-0.5948065,-0.0058308244,0.59479964,0.80385286,0.9998482,0.01666838,-0.0050810575
1356784528243,-0.021118268,0.7939445,-0.60762334,-0.01609093,0.60741025,0.79422534,0.9996475,0.026549906,-5.2154064E-5
1356784528282,-0.030350432,0.74895096,-0.6619299,-0.028494626,0.6613176,0.74956465,0.99913305,0.041611046,0.0012698174
1356784528322,-0.038929448,0.6570211,-0.75286627,-0.04723513,0.7513852,0.658171,0.99812484,0.06118405,0.0017834902
1356784528362,-0.039110035,0.50781053,-0.8605805,-0.07524216,0.85729766,0.5092929,0.99639803,0.08467044,0.004679799
1356784528402,-0.021124303,0.3129983,-0.94951874,-0.10905466,0.9433423,0.31338847,0.9938113,0.11016955,0.014206469
1356784528442,0.021341711,0.11435902,-0.9932103,-0.13650733,0.9844661,0.11041899,0.99040926,0.13322395,0.036621034
1356784528482,0.08777484,-0.048350263,-0.9949662,-0.14207691,0.9880022,-0.06054572,0.98595625,0.14667612,0.07985228
1356784528522,0.17213959,-0.16406873,-0.9713133,-0.115414,0.97588193,-0.18529452,0.9782881,0.14399968,0.14905208
1356784528562,0.2633719,-0.24094053,-0.93412143,-0.059543774,0.9624018,-0.2650231,0.96285504,0.12542075,0.2391231
1356784528602,0.34679353,-0.29245645,-0.8911809,0.008010611,0.9510344,-0.30898115,0.9379072,0.10001374,0.33215535
1356784528642,0.4081024,-0.33174717,-0.850527,0.066758335,0.9399892,-0.33460963,0.910492,0.079775214,0.40575874
1356784528682,0.43885335,-0.36797804,-0.81975603,0.105449125,0.92708796,-0.35970613,0.89234984,0.07141569,0.44565862
1356784528722,0.43829906,-0.40427804,-0.8027784,0.12172885,0.911608,-0.39262322,0.89054817,0.07436511,0.4487692
1356784528762,0.41034698,-0.4390682,-0.7992712,0.116633534,0.8945324,-0.43151873,0.90444016,0.08385056,0.41827875
1356784528802,0.36104232,-0.46836597,-0.8064005,0.09261362,0.8784602,-0.468754,0.92793924,0.09455638,0.36053836
1356784528842,0.29770887,-0.4876845,-0.82069075,0.054547563,0.8669564,-0.49538988,0.9530971,0.10271531,0.2847026
1356784528882,0.2276203,-0.49370515,-0.83931166,0.010363758,0.8631171,-0.5048975,0.97369474,0.10622646,0.20157963
1356784528922,0.15704584,-0.48473746,-0.8604454,-0.031195745,0.86838686,-0.4949051,0.98709846,0.10456501,0.1212548
1356784528988,0.091243416,-0.46014178,-0.88314456,-0.06388813,0.88231206,-0.46630874,0.9937772,0.098970085,0.051107585
1356784529003,0.03446281,-0.41956872,-0.9070691,-0.08505152,0.9030844,-0.42095703,0.99578035,0.09165497,-0.0045621395
1356784529043,-0.010916648,-0.3635807,-0.93149877,-0.09435485,0.9277723,-0.36102045,0.99547875,0.083950296,-0.044433773
1356784529083,-0.044163108,-0.2929139,-0.9551183,-0.09252759,0.95314103,-0.2880292,0.99473023,0.07565453,-0.069196284
1356784529123,-0.06520638,-0.2092161,-0.9756929,-0.081134304,0.97564805,-0.2037842,0.99456793,0.06587412,-0.08059311
1356784529163,-0.07426974,-0.115417704,-0.99053663,-0.0627117,0.9918545,-0.11086918,0.9952645,0.053884007,-0.080902815
1356784529202,-0.072467804,-0.016028583,-0.997242,-0.040634215,0.9990881,-0.013105441,0.9965427,0.03957242,-0.07305306
1356784529242,-0.0620656,0.08282655,-0.9946294,-0.01938533,0.99626267,0.08417221,0.9978838,0.02450542,-0.06022799
1356784529282,-0.047262758,0.17354769,-0.98369074,-0.0042977855,0.9847468,0.17394051,0.99887323,0.012448609,-0.045795977
1356784529322,-0.034059554,0.2478177,-0.96820784,0.0013798624,0.96878064,0.24791577,0.99941885,0.007107921,-0.03333819
1356784529362,-0.027135285,0.29949132,-0.9537131,-0.0015908182,0.95405024,0.29964244,0.9996305,0.00964804,-0.025411963
1356784529402,-0.027255595,0.3260044,-0.9449753,-0.010547385,0.94518006,0.32637924,0.99957293,0.018862665,-0.022322953
1356784529442,-0.032120824,0.32722232,-0.9444013,-0.02401647,0.94436336,0.328026,0.9991954,0.033217654,-0.022475004
1356784529483,-0.03799641,0.30406284,-0.9518939,-0.042034283,0.95125234,0.30553576,0.9983934,0.051621437,-0.023363113
1356784529522,-0.04033351,0.25880465,-0.9650872,-0.0648385,0.96315956,0.26099747,0.9970803,0.07310175,-0.02206707
1356784529562,-0.033353478,0.19552845,-0.9801307,-0.091196895,0.9759898,0.19780575,0.9952742,0.09598239,-0.014721036
1356784529602,-0.009696186,0.12046936,-0.99266964,-0.11692268,0.9857701,0.120774105,0.99309367,0.117236644,0.00452739
1356784529642,0.03860742,0.040585626,-0.9984299,-0.13392997,0.99036974,0.035079163,0.9902384,0.13236536,0.04367125
1356784529682,0.11596289,-0.03853916,-0.99250555,-0.13139053,0.9898704,-0.053788304,0.98452485,0.13664328,0.10972458
1356784529722,0.2160663,-0.11341758,-0.96976894,-0.10142657,0.9852495,-0.13782611,0.97109634,0.12813991,0.20137566
1356784529762,0.31900418,-0.18146224,-0.93021923,-0.04754606,0.9771993,-0.20693204,0.94655997,0.11024045,0.30310285
1356784529802,0.40118134,-0.2406349,-0.883826,0.014009818,0.966376,-0.25675112,0.9158915,0.09062151,0.39106327
1356784529842,0.44898403,-0.29048944,-0.8450026,0.06472008,0.95376825,-0.2934918,0.89119285,0.07708452,0.4470272
1356784529882,0.46178502,-0.331129,-0.82286584,0.09364413,0.9407196,-0.32600224,0.8820348,0.07348643,0.46541852
1356784529922,0.44495976,-0.36201775,-0.8191178,0.098150626,0.9288564,-0.35720062,0.8901558,0.07854299,0.44883597
1356784529989,0.4035008,-0.38202685,-0.83141,0.080410555,0.9199553,-0.38368785,0.9114391,0.08796421,0.4019217
1356784530004,0.34277248,-0.38900593,-0.85509145,0.045903534,0.9160833,-0.39835197,0.9382963,0.09729236,0.3318649
1356784530043,0.26896012,-0.3809011,-0.8846325,0.003045395,0.918809,-0.3946907,0.9631464,0.10346201,0.24828297
1356784530083,0.18958852,-0.3561615,-0.91498923,-0.038137287,0.9285159,-0.36932898,0.98112273,0.10491575,0.16245294
1356784530123,0.11276105,-0.31440863,-0.9425669,-0.06981451,0.9437654,-0.32316047,0.9911665,0.10224475,0.084469676
1356784530163,0.04525286,-0.2566964,-0.9654321,-0.08907234,0.96153605,-0.2598356,0.9949966,0.097751595,0.020647705
1356784530203,-0.008666575,-0.18479854,-0.9827382,-0.096586466,0.9783346,-0.1831187,0.9952869,0.09333221,-0.026327848
1356784530244,-0.047278523,-0.10106006,-0.9937563,-0.09399283,0.9909046,-0.0962983,0.9944496,0.08885313,-0.05634743
1356784530282,-0.07065788,-0.008451968,-0.99746484,-0.08304133,0.9965428,-0.0025617145,0.99403805,0.0826498,-0.071115494
1356784530322,-0.07990712,0.08919267,-0.9928039,-0.06592786,0.993335,0.09454669,0.99461967,0.0730084,-0.073494256
1356784530362,-0.0772886,0.18780603,-0.9791605,-0.045794398,0.98039293,0.19165711,0.9959565,0.05965297,-0.067172766
1356784530402,-0.06602666,0.28289688,-0.95687497,-0.027221546,0.95809996,0.2851374,0.9974464,0.044874303,-0.055559278
1356784530442,-0.051214162,0.37025023,-0.92751914,-0.01548779,0.92833185,0.3714298,0.9985675,0.03338769,-0.04180938
1356784530482,-0.03941092,0.4462582,-0.89403605,-0.013270527,0.8944185,0.4470341,0.999135,0.029482335,-0.02932775
1356784530522,-0.035423853,0.5088334,-0.86013585,-0.0186387,0.86019,0.509633,0.9991985,0.034084976,-0.020987213
1356784530562,-0.03990362,0.55718577,-0.82942855,-0.027709901,0.82915336,0.558334,0.99881923,0.045262963,-0.01764661
1356784530602,-0.05060462,0.5910524,-0.8050442,-0.038285047,0.8043364,0.5929394,0.99798465,0.06082663,-0.018074691
1356784530642,-0.06450495,0.61000144,-0.7897704,-0.050759107,0.7883885,0.6130799,0.9966256,0.079634756,-0.019891858
1356784530682,-0.07842621,0.61320937,-0.7860175,-0.06695548,0.7834258,0.61786807,0.9946689,0.101085246,-0.020383418
1356784530723,-0.08804193,0.59968376,-0.7953793,-0.08892539,0.79056,0.6058936,0.9921396,0.124073446,-0.016275346
1356784530762,-0.08586712,0.56917435,-0.8177209,-0.11792298,0.80917686,0.5756101,0.98930335,0.14585404,-0.0023629665
1356784530802,-0.060234085,0.5234357,-0.8499334,-0.15235184,0.83668226,0.52607197,0.98648906,0.16117643,0.029349625
