1356783467562,-0.36183178,0.093167245,0.9275761,0.8926879,-0.25213236,0.3735471,0.2686743,0.96319735,0.0080602765
1356783467602,-0.031527698,0.017124116,-0.9993562,-0.96271974,0.26823115,0.03496805,0.26865727,0.96320236,0.008029044
1356783467642,-0.03151223,0.0168581,-0.99936116,-0.96275306,0.26812276,0.034880847,0.26853952,0.96323717,0.0077810884
1356783467682,-0.03095755,0.0157395,-0.9993968,-0.9628757,0.2677898,0.03404364,0.26816416,0.96334875,0.006864965
1356783467722,-0.029940188,0.013110101,-0.9994657,-0.96314186,0.26704127,0.03235486,0.26732275,0.963596,0.0046316385
1356783467762,-0.027968466,0.0085788965,-0.999572,-0.96362686,0.26564658,0.029242665,0.26578373,0.9640323,8.3714724E-4
1356783467804,-0.024947971,0.002460897,-0.99968576,-0.96444154,0.26313815,0.024716198,0.26311627,0.96475506,-0.004191339
1356783467843,-0.020994008,-0.0041754544,-0.99977094,-0.9656913,0.25898236,0.019196779,0.2588429,0.965873,-0.009469271
1356783467882,-0.016338438,-0.010114402,-0.99981534,-0.9673368,0.25314823,0.0132468045,0.25296748,0.9673747,-0.013920069
1356783467924,-0.011246204,-0.014993817,-0.9998244,-0.9693309,0.24565339,0.007219255,0.24550202,0.9692418,-0.017296672
1356783467962,-0.005559206,-0.019423515,-0.99979585,-0.9715948,0.23664927,8.049011E-4,0.23658532,0.9714009,-0.020187378
1356783468002,0.0010658205,-0.024294198,-0.99970424,-0.97399396,0.22647944,-0.006542146,0.22657141,0.9737129,-0.02342099
1356783468042,0.008740097,-0.030271858,-0.9995035,-0.97647464,0.2151061,-0.01505357,0.21545497,0.97612137,-0.027679622
1356783468084,0.01760903,-0.037750155,-0.99913204,-0.97880495,0.20327184,-0.024930984,0.2040365,0.9783944,-0.033370554
1356783468122,0.027206868,-0.047329724,-0.99850875,-0.980599,0.19271782,-0.035853803,0.19412738,0.98011214,-0.041168272
1356783468162,0.036626846,-0.06007251,-0.99752176,-0.9814328,0.1858997,-0.047231257,0.18827626,0.9807306,-0.052148163
1356783468203,0.044529527,-0.07746571,-0.9960002,-0.98101944,0.18495515,-0.058245003,0.18872741,0.97968906,-0.067759454
1356783468242,0.049010515,-0.09855306,-0.99392414,-0.97958374,0.18950981,-0.067094296,0.19497073,0.97692025,-0.087253034
1356783468282,0.0485138,-0.1226854,-0.9912591,-0.97741675,0.19852826,-0.0724076,0.20567629,0.9723861,-0.110283434
1356783468322,0.04069835,-0.14692497,-0.98831004,-0.9752041,0.20950586,-0.07130441,0.21753317,0.9667059,-0.13475525
1356783468362,0.024205804,-0.16880205,-0.98535275,-0.9735019,0.22021508,-0.061639994,0.22739449,0.9607347,-0.15899861
1356783468402,-0.0019629598,-0.18679494,-0.98239696,-0.9724614,0.22931069,-0.04165849,0.23305574,0.95526135,-0.18210101
1356783468442,-0.037719667,-0.20101148,-0.9788624,-0.97156817,0.23649865,-0.0111269355,0.23373625,0.9506118,-0.20421696
1356783468512,-0.08191407,-0.21289945,-0.97363436,-0.9698036,0.24220103,0.028630972,0.22971973,0.9465794,-0.22631031
1356783468525,-0.13267973,-0.22455502,-0.9653865,-0.96608555,0.24699196,0.07532391,0.22152838,0.9426398,-0.2497102
1356783468564,-0.18790966,-0.23723263,-0.95310575,-0.95946664,0.2518474,0.12647772,0.21003252,0.9382396,-0.27494138
1356783468594,-0.24413747,-0.2494694,-0.93710303,-0.9494133,0.25830984,0.17857906,0.1975129,0.93329585,-0.29991263
1356783468624,-0.2949958,-0.26364154,-0.9184066,-0.93761045,0.26498792,0.22509566,0.1840221,0.9275099,-0.3253634
1356783468664,-0.34051386,-0.2839785,-0.8963294,-0.92508185,0.27167067,0.26536512,0.16814849,0.9195386,-0.35521102
1356783468694,-0.38475063,-0.30365235,-0.8716434,-0.91024655,0.28138652,0.3037644,0.15302992,0.910284,-0.3846622
1356783468734,-0.42090628,-0.327118,-0.8460684,-0.89633584,0.29327407,0.33252415,0.1393553,0.89832294,-0.4166485
1356783468764,-0.45084035,-0.3471148,-0.8223468,-0.88317525,0.3070289,0.35459098,0.12940049,0.8861402,-0.4449842
1356783468804,-0.4733477,-0.3611062,-0.80345774,-0.8717185,0.32320318,0.3683023,0.12668386,0.874724,-0.46777046
1356783468834,-0.48782638,-0.3675168,-0.7918061,-0.8634026,0.33685645,0.37558454,0.12869138,0.8668675,-0.48164237
1356783468864,-0.4978334,-0.36370662,-0.7873242,-0.85668886,0.34762058,0.38110906,0.13507816,0.8642207,-0.4846406
1356783468904,-0.50640726,-0.3403798,-0.7922709,-0.84966516,0.3536444,0.3911581,0.14703986,0.8712504,-0.468297
1356783468934,-0.50638044,-0.31253988,-0.8036775,-0.847701,0.35125616,0.39751983,0.15805584,0.88257456,-0.44280964
1356783468974,-0.506262,-0.2680111,-0.81967604,-0.8461325,0.33800238,0.41208515,0.16660908,0.9021776,-0.3978907
1356783469014,-0.49966067,-0.2158333,-0.8389012,-0.8490796,0.31374705,0.42500186,0.1714732,0.92465067,-0.3400268
1356783469061,-0.486226,-0.16792378,-0.8575464,-0.8563813,0.28672227,0.42941982,0.17376786,0.9431818,-0.28321862
1356783469082,-0.47209418,-0.117938876,-0.8736232,-0.86440593,0.25641453,0.4324974,0.17300147,0.9593446,-0.22299886
1356783469119,-0.4536348,-0.07201925,-0.8882729,-0.87487185,0.22584033,0.42848033,0.16974902,0.97149855,-0.16545671
1356783469150,-0.43220592,-0.03418526,-0.90112674,-0.8864291,0.1996721,0.4175817,0.16565478,0.9792663,-0.1166023
1356783469193,-0.41117442,-0.0033664405,-0.91155046,-0.8972062,0.17823577,0.40404588,0.1611107,0.983982,-0.07630634
1356783469232,-0.38806915,0.019448519,-0.921425,-0.9080309,0.16304767,0.3858695,0.1577408,0.9864265,-0.045613885
1356783469272,-0.36355662,0.034632564,-0.9309281,-0.9183256,0.15459836,0.36438635,0.15653956,0.98737025,-0.024401307
1356783469312,-0.3375888,0.042607844,-0.94032884,-0.92804915,0.15192455,0.34006417,0.15734848,0.98747325,-0.01174587
1356783469352,-0.3100645,0.043745726,-0.9497086,-0.93733525,0.1529383,0.31306955,0.15894225,0.987267,-0.006416321
1356783469392,-0.28081673,0.038258344,-0.95899856,-0.94643843,0.15487254,0.2833173,0.15936181,0.98719335,-0.0072816014
1356783469432,-0.25004578,0.026498497,-0.96787137,-0.9555103,0.15477097,0.2510897,0.15645188,0.98759496,-0.013380289
1356783469472,-0.21859878,0.010166466,-0.9757619,-0.96436924,0.15045315,0.21761402,0.1490188,0.98856485,-0.02308464
1356783469514,-0.18849796,-0.008076191,-0.98204035,-0.97235495,0.14186585,0.18547222,0.13782007,0.9898529,-0.034594357
1356783469551,-0.16295409,-0.023567438,-0.98635215,-0.978348,0.13314897,0.15845034,0.12759751,0.99081576,-0.044754326
1356783469592,-0.14586008,-0.033417255,-0.9887407,-0.9818113,0.1276713,0.14052284,0.121537924,0.9912534,-0.051431596
1356783469632,-0.14133987,-0.035488993,-0.9893248,-0.9825803,0.12683484,0.1358265,0.12066054,0.9912888,-0.052797616
1356783469672,-0.15254155,-0.029557228,-0.98785496,-0.9804864,0.12994465,0.14751568,0.12400636,0.99108064,-0.048802376
1356783469712,-0.18158972,-0.017038852,-0.9832268,-0.97467947,0.13578504,0.17765805,0.13048041,0.99059176,-0.041264594
1356783469752,-0.22918868,2.4187565E-4,-0.973382,-0.96327853,0.14365101,0.22684547,0.13988212,0.9896283,-0.032690167
1356783469792,-0.29380614,0.020731896,-0.9556402,-0.9436058,0.1533153,0.2934323,0.15259767,0.9879598,-0.025482237
1356783469832,-0.37093526,0.042322606,-0.9276938,-0.91322064,0.16476834,0.37266523,0.16862673,0.98542386,-0.022468507
1356783469872,-0.45329237,0.060597926,-0.88929963,-0.87160397,0.17876387,0.45645377,0.18663478,0.9820241,-0.028214931
1356783469912,-0.5330464,0.06776804,-0.8433677,-0.82125187,0.19828933,0.53500164,0.2034868,0.977798,-0.05004275
1356783469953,-0.6050901,0.055170894,-0.79424316,-0.7666116,0.22887093,0.59993726,0.21487826,0.97189206,-0.09619284
1356783469992,-0.66686445,0.020541757,-0.74489594,-0.71260786,0.274727,0.64553475,0.21790347,0.9613029,-0.16856748
1356783470032,-0.7159431,-0.026787668,-0.6976446,-0.66463816,0.33206308,0.6693207,0.21373245,0.9428767,-0.2555424
1356783470072,-0.75027287,-0.07019773,-0.65739095,-0.6277957,0.38739216,0.67512953,0.20727554,0.91923857,-0.33471966
1356783470112,-0.76998174,-0.09756756,-0.63056225,-0.6048655,0.42623726,0.6726512,0.2031402,0.89933443,-0.38721013
1356783470152,-0.7766694,-0.10668349,-0.62080854,-0.59658986,0.4408674,0.67060906,0.20215134,0.89120966,-0.40605444
1356783470192,-0.77193993,-0.10168469,-0.6275101,-0.6028098,0.4304726,0.6717988,0.2018142,0.8968576,-0.39359552
1356783470232,-0.75686765,-0.087473094,-0.6476881,-0.62236476,0.39901376,0.67338705,0.19953321,0.9127631,-0.35644078
1356783470272,-0.7320907,-0.06777498,-0.6778272,-0.65279686,0.35416538,0.6696441,0.19467781,0.93272364,-0.30352443
1356783470312,-0.69824433,-0.045174062,-0.71443284,-0.6908127,0.30420583,0.6559243,0.18770388,0.9515346,-0.24361688
1356783470352,-0.65612066,-0.022136927,-0.75433123,-0.7330711,0.2560525,0.63011426,0.1791996,0.9664094,-0.18422925
1356783470392,-0.6067709,-6.764829E-4,-0.7948766,-0.7764236,0.2147277,0.5925019,0.17028123,0.9766737,-0.1308158
1356783470432,-0.5514183,0.017742217,-0.8340402,-0.8182345,0.18333209,0.54486847,0.16257352,0.98289096,-0.08657539
1356783470472,-0.49139678,0.03140098,-0.87036955,-0.85664576,0.16286224,0.4895242,0.15712187,0.986149,-0.053130448
1356783470516,-0.42892712,0.038152426,-0.90253305,-0.8901943,0.15196967,0.42948732,0.15354362,0.9876485,-0.031220853
1356783470554,-0.36371064,0.036950856,-0.9307788,-0.91930354,0.14700425,0.36506256,0.15031785,0.9884454,-0.01949799
1356783470594,-0.300718,0.027355492,-0.9533207,-0.942506,0.14426541,0.3014463,0.1457774,0.9891608,-0.017600477
1356783470623,-0.23705977,0.013581812,-0.97140014,-0.9613377,0.14093399,0.23657456,0.14011642,0.98992586,-0.020353138
1356783470654,-0.17892629,-0.0022813082,-0.98385984,-0.97481877,0.13568693,0.17696738,0.13309318,0.9907491,-0.026501775
1356783470693,-0.12687933,-0.020193785,-0.99171257,-0.9839461,0.12906432,0.12325758,0.12550566,0.9914306,-0.036245227
1356783470734,-0.07354307,-0.03619176,-0.9966351,-0.9896632,0.12602007,0.06845233,0.12311861,0.9913672,-0.04508555
1356783470774,-0.019008666,-0.04714343,-0.9987073,-0.99150777,0.12941954,0.012762457,0.12865055,0.9904686,-0.049203157
1356783470814,0.03352213,-0.052360654,-0.9980654,-0.9894074,0.13938826,-0.040543914,0.14124149,0.9888525,-0.047133386
1356783470844,0.07963663,-0.055012077,-0.9953048,-0.9847288,0.15072793,-0.0871214,0.15481296,0.9870435,-0.042168498
1356783470883,0.118836164,-0.05391383,-0.99144906,-0.9780663,0.16567844,-0.1262415,0.1710679,0.98470503,-0.03304273
1356783470914,0.14765507,-0.052109808,-0.98766524,-0.97130513,0.18061656,-0.1547387,0.18645209,0.98217225,-0.02394557
1356783470953,0.1675897,-0.049966604,-0.9845898,-0.9646697,0.19762817,-0.17422837,0.20328823,0.9790028,-0.01508081
1356783470994,0.1742959,-0.048662245,-0.9834901,-0.9596444,0.21545118,-0.18073016,0.22068882,0.9753013,-0.009146154
1356783471034,0.16611966,-0.05154115,-0.9847577,-0.95729953,0.23118183,-0.17358753,0.23660499,0.9715444,-0.010936499
1356783471074,0.13980514,-0.064866126,-0.988052,-0.95886415,0.24009627,-0.15143761,0.24705073,0.9685794,-0.028631091
1356783471103,0.100645155,-0.0887267,-0.9909582,-0.9627333,0.24261883,-0.11950174,0.25102815,0.96605575,-0.061001718
1356783471144,0.03898114,-0.14025784,-0.98934734,-0.96966517,0.23379177,-0.07134989,0.24130866,0.9621171,-0.1268897
1356783471183,-0.032476753,-0.21324599,-0.97645855,-0.9747559,0.22268406,-0.016211212,0.22089872,0.95128226,-0.2150948
1356783471225,-0.09153533,-0.29044265,-0.9525043,-0.97606045,0.2156856,0.028031081,0.19729999,0.93226755,-0.30323243
1356783471262,-0.12022877,-0.35329017,-0.92775595,-0.97656095,0.21015197,0.046527445,0.17853203,0.91160417,-0.37027568
1356783471302,-0.112929136,-0.39092582,-0.9134681,-0.9791824,0.19984904,0.035526276,0.16866755,0.8984639,-0.40535647
1356783471342,-0.07403985,-0.400786,-0.913175,-0.9832834,0.18208137,-1.9001961E-4,0.16634831,0.8978958,-0.40756756
1356783471382,-0.0124797225,-0.38490388,-0.9228723,-0.98581433,0.15922564,-0.053077668,0.16737473,0.9091184,-0.38143086
1356783471422,0.06136763,-0.34811124,-0.93544245,-0.983811,0.13700306,-0.11552441,0.16837382,0.9273881,-0.33406818
1356783471462,0.13708167,-0.29785532,-0.9447173,-0.9762054,0.12115155,-0.17984796,0.16802263,0.946892,-0.27416033
1356783471512,0.2065369,-0.24243867,-0.94792724,-0.9642749,0.11381419,-0.2392075,0.16588071,0.9634676,-0.2102707
1356783471544,0.26537675,-0.1890553,-0.94542754,-0.9504595,0.11333229,-0.28945193,0.16186988,0.9754044,-0.14961359
1356783471584,0.31258404,-0.14254501,-0.93913376,-0.93685853,0.11694169,-0.3295766,0.1568034,0.9828558,-0.09699044
1356783471624,0.34899074,-0.10583699,-0.9311305,-0.9247085,0.12232293,-0.36048764,0.15205157,0.9868311,-0.05517879
1356783471662,0.37617373,-0.08027023,-0.92306554,-0.91464144,0.1270355,-0.38378772,0.14806888,0.98864484,-0.0256311
1356783471702,0.3959263,-0.06544882,-0.91594696,-0.9069563,0.1283055,-0.401208,0.14377964,0.98957264,-0.008559704
1356783471742,0.40983868,-0.059742033,-0.9101995,-0.90168315,0.124255195,-0.41415963,0.13783976,0.99045014,-0.002943784
1356783471782,0.4191392,-0.060824186,-0.90588236,-0.89859724,0.11484043,-0.42347932,0.12978971,0.99152017,-0.0065223277
1356783471822,0.42471045,-0.06612405,-0.9029112,-0.8972757,0.10198785,-0.42952862,0.12048814,0.99258554,-0.016016155
1356783471862,0.42705905,-0.07349783,-0.9012317,-0.89717543,0.08976102,-0.43245715,0.11268014,0.9932477,-0.027607203
1356783471902,0.4265139,-0.081165284,-0.9008319,-0.8977634,0.08317073,-0.43255478,0.11003131,0.99322444,-0.03739375
1356783471940,0.42342055,-0.087264836,-0.9017205,-0.89870876,0.08499117,-0.43023148,0.11418244,0.992553,-0.042438686
1356783471983,0.41784906,-0.0904271,-0.90400505,-0.90000075,0.09471853,-0.4254729,0.12410033,0.9913887,-0.04180643
1356783472022,0.40897292,-0.09037119,-0.90806067,-0.9021528,0.109719336,-0.4172315,0.13733754,0.9898458,-0.03665638
1356783472062,0.3957068,-0.08775863,-0.91417426,-0.90561676,0.1280711,-0.40429705,0.15255982,0.98787457,-0.02879706
1356783472102,0.37644708,-0.08375883,-0.922644,-0.91084814,0.14847185,-0.3851128,0.1692433,0.98536325,-0.020399809
1356783472142,0.349983,-0.08008632,-0.93332636,-0.91788673,0.16965172,-0.35875076,0.18707147,0.98224455,-0.0141349435
1356783472182,0.31511062,-0.08010501,-0.9456683,-0.9266835,0.18910484,-0.3248032,0.20484883,0.97868407,-0.014643043
1356783472222,0.2704294,-0.090402454,-0.95848596,-0.9373579,0.2023761,-0.28355595,0.21960878,0.97512627,-0.030010998
1356783472262,0.21534199,-0.12020394,-0.96911246,-0.9497627,0.20501703,-0.23647174,0.22710949,0.9713491,-0.0700165
1356783472302,0.15291265,-0.175704,-0.9724946,-0.9623965,0.19709888,-0.1869353,0.22452286,0.9645102,-0.13895798
1356783472342,0.09219937,-0.25098422,-0.96359026,-0.9725822,0.1847934,-0.1411925,0.21350226,0.9501886,-0.22706497
1356783472382,0.045320407,-0.3262272,-0.94420433,-0.9786811,0.17503591,-0.10745096,0.20032308,0.9289447,-0.31133968
1356783472423,0.019433126,-0.3805168,-0.9245697,-0.9812927,0.16989832,-0.09054881,0.19153818,0.90903324,-0.37009674
1356783472462,0.013441846,-0.40383562,-0.9147328,-0.981864,0.16768532,-0.08845797,0.18910977,0.8993323,-0.39425766
1356783472516,0.021905065,-0.39629048,-0.9178638,-0.98152524,0.16602182,-0.095104754,0.1900745,0.9029898,-0.38533235
1356783472544,0.039062515,-0.36391342,-0.9306133,-0.980978,0.16325851,-0.10501832,0.19014809,0.91701347,-0.35061377
1356783472584,0.06031391,-0.314998,-0.94717395,-0.980477,0.15921995,-0.11538574,0.18715525,0.93564165,-0.29924512
1356783472624,0.08247584,-0.2582492,-0.9625513,-0.9799998,0.1544984,-0.12542227,0.18110281,0.9536444,-0.24034178
1356783472664,0.10350728,-0.20146018,-0.9740123,-0.97946507,0.14969897,-0.13504973,0.17301577,0.9679897,-0.18182826
1356783472704,0.1223017,-0.15022987,-0.98105717,-0.9787789,0.14549899,-0.14429805,0.1644207,0.97788596,-0.12924707
1356783472742,0.13847813,-0.107868165,-0.9844737,-0.9778509,0.14263579,-0.15317509,0.15694395,0.9838798,-0.085727096
1356783472782,0.15214264,-0.07585949,-0.985443,-0.9766881,0.14122868,-0.16166282,0.15143654,0.98706627,-0.0526042
1356783472822,0.16365036,-0.054465234,-0.9850137,-0.9754384,0.14029261,-0.16981682,0.14743924,0.98861086,-0.030168533
1356783472862,0.1733979,-0.043110073,-0.98390794,-0.9742957,0.13837248,-0.1777668,0.14380935,0.98944163,-0.0180085
1356783472902,0.18157291,-0.040690213,-0.9825353,-0.9734168,0.13441163,-0.18545425,0.13961035,0.9900898,-0.015203059
1356783472942,0.18820322,-0.045148075,-0.98109186,-0.9729386,0.1277768,-0.1925193,0.13405266,0.99077487,-0.019878328
1356783472982,0.19310221,-0.053702623,-0.9797079,-0.97293043,0.11871806,-0.19827393,0.12695688,0.99147475,-0.029324234
1356783473022,0.19600067,-0.06338957,-0.97855276,-0.9732003,0.10981783,-0.20204249,0.120269954,0.99192834,-0.040166378
1356783473062,0.19670886,-0.0712854,-0.9778671,-0.97342026,0.10511935,-0.20347747,0.11729777,0.9919014,-0.04871276
1356783473102,0.1951043,-0.07498956,-0.9779115,-0.9734396,0.10697448,-0.20241532,0.11979064,0.9914298,-0.052126676
1356783473142,0.19079271,-0.07373127,-0.9788574,-0.97339284,0.11470255,-0.19836745,0.12690333,0.99065983,-0.049885064
1356783473182,0.18293607,-0.06849536,-0.98073584,-0.97354805,0.12627894,-0.19041479,0.1368888,0.98962724,-0.04358262
1356783473222,0.17056924,-0.06099397,-0.983456,-0.9740247,0.14042419,-0.17764258,0.14893612,0.9882109,-0.03545761
1356783473262,0.15289912,-0.052890122,-0.98682547,-0.9746693,0.15685752,-0.15942264,0.16322288,0.986204,-0.02756697
1356783473302,0.12948903,-0.046038717,-0.9905115,-0.9751277,0.1753042,-0.13562599,0.17988485,0.9834373,-0.02219361
1356783473342,0.10010654,-0.04369849,-0.99401665,-0.9751094,0.1943376,-0.10674575,0.19783947,0.9799609,-0.023156345
1356783473382,0.06464663,-0.051913768,-0.9965569,-0.97472763,0.21071127,-0.07420713,0.2138381,0.9761688,-0.036980033
1356783473422,0.023639113,-0.07937768,-0.99656427,-0.97459936,0.22023365,-0.040660024,0.2227045,0.9722121,-0.0721553
1356783473462,-0.020071357,-0.13249627,-0.99098027,-0.9752853,0.22073385,-0.009759128,0.22003591,0.96629256,-0.13365203
1356783473515,-0.064048916,-0.22519442,-0.97220635,-0.9776733,0.20952997,0.01587513,0.20013133,0.951517,-0.23358679
1356783473553,-0.08876377,-0.31246397,-0.94577336,-0.97981155,0.19816041,0.026490241,0.17913759,0.929031,-0.3237453
1356783473594,-0.09539607,-0.3805218,-0.91983837,-0.9818052,0.1883817,0.023892254,0.16418916,0.9053813,-0.3915692
1356783473634,-0.08316378,-0.42051956,-0.90346396,-0.9836993,0.17968787,0.0069133043,0.15943435,0.88931185,-0.42860836
1356783473674,-0.055236444,-0.42943656,-0.90140617,-0.9849186,0.17168494,-0.021438003,0.16396412,0.88662755,-0.43244332
1356783473714,-0.01520215,-0.40860793,-0.91258335,-0.98480225,0.16404332,-0.057044923,0.17301217,0.897847,-0.40489185
1356783473754,0.03310506,-0.36279407,-0.9312812,-0.98278797,0.15762685,-0.09634191,0.18174723,0.91844124,-0.3513314
1356783473793,0.085215375,-0.30027735,-0.95003784,-0.97851264,0.15445589,-0.13658819,0.18775323,0.94126344,-0.2806632
1356783473834,0.13642704,-0.2310727,-0.96332395,-0.97225976,0.15526819,-0.17493671,0.18999669,0.96046716,-0.20347989
1356783473873,0.18302345,-0.16493902,-0.9691736,-0.96501267,0.15813524,-0.20914999,0.18775743,0.97354424,-0.13022584
1356783473902,0.22277755,-0.11064699,-0.96856976,-0.9575583,0.16156638,-0.23870173,0.18289986,0.98063934,-0.069957554
1356783473942,0.2543495,-0.06844643,-0.96468717,-0.9512327,0.16231266,-0.26231846,0.17453569,0.9843625,-0.023824304
1356783473982,0.28064653,-0.040002972,-0.9589772,-0.94552886,0.16019824,-0.2833934,0.16496304,0.986274,0.007135093
1356783474022,0.30262715,-0.02481094,-0.952786,-0.94033194,0.15536475,-0.30271718,0.15554005,0.9875455,0.023687094
1356783474062,0.3214254,-0.021315396,-0.946695,-0.935533,0.1475279,-0.3209573,0.1465053,0.9888282,0.02747795
1356783474102,0.33787233,-0.02729413,-0.9407961,-0.93114114,0.13599676,-0.33835042,0.13718015,0.9903332,0.020534903
1356783474142,0.35237658,-0.03954807,-0.93502223,-0.9272882,0.12014729,-0.35454363,0.12636185,0.991968,0.0056646466
1356783474182,0.36490062,-0.0544917,-0.92945045,-0.92402434,0.101181,-0.36870232,0.114133894,0.9933746,-0.013430655
1356783474222,0.375027,-0.069331735,-0.9244176,-0.92121315,0.08350915,-0.37999025,0.103542715,0.9940922,-0.03255114
1356783474262,0.38209873,-0.08185345,-0.9204893,-0.91883796,0.07270981,-0.38787887,0.098677784,0.9939885,-0.047427714
1356783474302,0.38532823,-0.089940906,-0.918386,-0.9172195,0.071757436,-0.39186633,0.10114586,0.99335873,-0.054845393
1356783474342,0.38366833,-0.092653215,-0.9188112,-0.9169707,0.07962063,-0.39092878,0.109377146,0.99250996,-0.054412365
1356783474382,0.3757391,-0.09083772,-0.9222627,-0.9187974,0.09338099,-0.38352475,0.120960295,0.99147785,-0.048374563
1356783474422,0.35996282,-0.086110234,-0.9289842,-0.9231925,0.11087929,-0.36799634,0.13469332,0.99009633,-0.03958389
1356783474462,0.33471864,-0.079771966,-0.9389355,-0.9302083,0.13125777,-0.34275922,0.15058517,0.98813355,-0.03027016
1356783474516,0.2986443,-0.07416561,-0.95147836,-0.9387933,0.15653032,-0.306864,0.17169401,0.9848846,-0.022879303
1356783474553,0.241261,-0.06955111,-0.96796477,-0.9511286,0.18114674,-0.2500806,0.19273707,0.9809936,-0.02244839
1356783474593,0.17588383,-0.07564157,-0.9815005,-0.9616104,0.20014417,-0.18774411,0.2106429,0.97684216,-0.037535608
1356783474634,0.10682684,-0.1033214,-0.9888947,-0.96933067,0.21057415,-0.12671453,0.22132802,0.97210246,-0.07765764
1356783474692,0.043563575,-0.15945798,-0.98624307,-0.9739248,0.21322551,-0.077494234,0.22264928,0.9639025,-0.14601117
1356783474712,-0.0042000115,-0.23530802,-0.9719118,-0.97617316,0.21182701,-0.04706666,0.21695235,0.94855654,-0.23059106
1356783474752,-0.03388548,-0.307125,-0.9510658,-0.97706974,0.21032971,-0.033109248,0.21020606,0.9281356,-0.30720967
1356783474790,-0.051289544,-0.3532799,-0.93411064,-0.9769321,0.21189983,-0.026499629,0.20729968,0.9112035,-0.3559987
1356783474833,-0.06414007,-0.3658272,-0.92847,-0.97600937,0.21697749,-0.01806733,0.20806661,0.90503657,-0.37096775
1356783474872,-0.07526457,-0.34893915,-0.93411815,-0.975162,0.22145367,-0.0041522086,0.20831275,0.910604,-0.3569398
1356783474912,-0.08416158,-0.31025994,-0.946919,-0.9752612,0.22058576,0.014405251,0.20440751,0.92470574,-0.32114935
1356783474953,-0.08710119,-0.2595111,-0.9618043,-0.97683287,0.211696,0.031343013,0.1954762,0.94225204,-0.2719379
1356783474992,-0.0811556,-0.20523691,-0.9753418,-0.97984135,0.19565815,0.040358484,0.18255055,0.9589555,-0.21697843
1356783475032,-0.06525102,-0.1536121,-0.98597443,-0.98370254,0.17580423,0.037710845,0.16754565,0.9723663,-0.16258001
1356783475072,-0.040134132,-0.10828626,-0.9933094,-0.9874283,0.15640801,0.022845596,0.15288773,0.98173857,-0.113202214
1356783475112,-0.0075119734,-0.071211666,-0.99743295,-0.99000263,0.14102417,-0.002612412,0.14084816,0.98744166,-0.07155913
1356783475152,0.031187326,-0.043839484,-0.99855167,-0.99067974,0.13117442,-0.036700368,0.13259333,0.99038947,-0.03933984
1356783475192,0.075752735,-0.02747053,-0.9967482,-0.9889135,0.1259672,-0.07862902,0.12771752,0.99165404,-0.017623603
1356783475232,0.12738207,-0.022639304,-0.99159527,-0.98398507,0.122795135,-0.12920794,0.12468818,0.9921737,-0.0066348314
1356783475272,0.1879943,-0.028254539,-0.98176366,-0.97462463,0.11829978,-0.19003189,0.12151176,0.9925759,-0.005297929
1356783475312,0.2587776,-0.041179627,-0.9650588,-0.95887387,0.10964838,-0.26179793,0.11659792,0.9931171,-0.011111528
1356783475352,0.3387572,-0.05735898,-0.93912375,-0.9343603,0.096735805,-0.34294727,0.11051798,0.9936559,-0.020823985
1356783475392,0.4240709,-0.07366511,-0.90262794,-0.8993397,0.08300342,-0.42930004,0.10654566,0.9938228,-0.031050622
1356783475432,0.50812405,-0.08832958,-0.8567426,-0.8544897,0.07299699,-0.51431394,0.10796878,0.993413,-0.038385212
1356783475472,0.58337396,-0.10056764,-0.80595344,-0.8039825,0.0693264,-0.590598,0.115268886,0.992512,-0.040411383
1356783475518,0.64397705,-0.11051327,-0.7570208,-0.7544952,0.0720186,-0.65234214,0.12661207,0.9912619,-0.037003428
1356783475553,0.6872934,-0.11886713,-0.716588,-0.7127898,0.079570174,-0.69684947,0.13985148,0.98971665,-0.030039191
1356783475594,0.7133525,-0.12645003,-0.689303,-0.6836499,0.090737045,-0.72414756,0.15411383,0.9878143,-0.021720052
1356783475634,0.72252357,-0.13389254,-0.678257,-0.67028135,0.10466531,-0.73468906,0.16935936,0.9854532,-0.014122531
1356783475674,0.7136799,-0.14148197,-0.6860349,-0.6754521,0.12041965,-0.7275051,0.18554094,0.9825895,-0.009623215
1356783475714,0.68082833,-0.14915428,-0.7170954,-0.7041838,0.13603336,-0.6968644,0.20148921,0.979412,-0.012416676
1356783475754,0.60719424,-0.15709847,-0.77886796,-0.7651928,0.14839661,-0.6264651,0.21399808,0.9763701,-0.030105054
1356783475794,0.4582252,-0.16780934,-0.8728515,-0.8615215,0.15772556,-0.48260057,0.21865591,0.9731201,-0.07229754
1356783475833,0.199871,-0.18611422,-0.9619839,-0.9563321,0.17663616,-0.23287034,0.21326163,0.9665201,-0.14268255
1356783475873,-0.11934596,-0.20930153,-0.97054076,-0.9723118,0.22245103,0.07159123,0.20091367,0.95221233,-0.23005497
1356783475904,-0.4698979,-0.18805903,-0.8624556,-0.8622008,0.3072252,0.4027684,0.18922386,0.93287003,-0.30650914
1356783475942,-0.82199603,-0.058436006,-0.56648713,-0.53914535,0.4002353,0.74103576,0.18342496,0.9145474,-0.3604973
1356783475982,-0.9762335,0.12280641,-0.17856851,-0.11469705,0.4063357,0.90649647,0.18388236,0.9054335,-0.38259304
1356783476022,-0.9801172,0.19830129,-0.006841935,0.06788921,0.36754894,0.92752296,0.18644375,0.9086167,-0.3737036
1356783476062,-0.98217726,0.18313447,-0.04230369,0.023378,0.34235168,0.939281,0.18649745,0.92155147,-0.34053135
1356783476102,-0.97367764,0.13149056,-0.18617728,-0.13648471,0.31783682,0.93827057,0.18254772,0.93898344,-0.2915241
1356783476142,-0.9179244,0.07291487,-0.38999754,-0.35567716,0.28433865,0.8903063,0.17580794,0.9559471,-0.23506719
1356783476183,-0.77742296,0.019311786,-0.6286816,-0.60603595,0.24449438,0.7569299,0.16832675,0.96945834,-0.1783719
1356783476222,-0.513398,-0.026098907,-0.8577537,-0.84274703,0.20386624,0.49821287,0.16186422,0.97865087,-0.12665933
1356783476262,-0.13688979,-0.061680973,-0.9886641,-0.9779802,0.16713431,0.12498331,0.1575306,0.9840028,-0.083201766
1356783476302,0.24267608,-0.08715367,-0.9661845,-0.95759666,0.13791358,-0.2529594,0.1552963,0.9866023,-0.04998976
1356783476342,0.52000916,-0.104985714,-0.84768414,-0.8401747,0.11598675,-0.5297674,0.15393814,0.98768675,-0.027892172
1356783476382,0.6867485,-0.11749017,-0.71733713,-0.7108598,0.09758678,-0.6965307,0.1518381,0.98826754,-0.016501456
1356783476422,0.7795836,-0.12532145,-0.6136317,-0.60859954,0.07969072,-0.78946567,0.14783774,0.98891044,-0.014144987
1356783476462,0.8299278,-0.12873434,-0.54281425,-0.53961354,0.06164208,-0.83965325,0.14155242,0.9897615,-0.018308312
1356783476517,0.8573097,-0.12984024,-0.4981581,-0.49712628,0.04258212,-0.86663264,0.13373637,0.9906201,-0.028040916
1356783476553,0.8714901,-0.13207488,-0.47229356,-0.4727742,0.029701144,-0.8806828,0.13034374,0.99079466,-0.036557347
1356783476594,0.8780628,-0.13831158,-0.45812184,-0.45925188,0.025538413,-0.88793886,0.13451193,0.9900594,-0.041095518
1356783476634,0.87836057,-0.14777996,-0.4545809,-0.45531142,0.030840246,-0.8897979,0.14551367,0.98853934,-0.040197037
1356783476674,0.87285364,-0.15794455,-0.46171427,-0.46095723,0.043633908,-0.886349,0.16014041,0.9864835,-0.03471967
1356783476714,0.8616514,-0.16688235,-0.4792776,-0.47616094,0.060884327,-0.8772479,0.17557769,0.9840952,-0.027001776
1356783476754,0.84394413,-0.17410633,-0.5073906,-0.5013571,0.08039963,-0.86149687,0.1907861,0.9814392,-0.019436643
1356783476793,0.8165338,-0.17979597,-0.5485853,-0.5392924,0.10152522,-0.83597624,0.20600036,0.9784508,-0.01406382
1356783476834,0.7694919,-0.1830817,-0.61185235,-0.59909654,0.12501422,-0.7908571,0.22128169,0.9751167,-0.013486177
1356783476874,0.6683181,-0.17823282,-0.72220767,-0.7058201,0.1546179,-0.6913112,0.23488055,0.9717645,-0.022466362
1356783476913,0.36377013,-0.13759783,-0.9212699,-0.899369,0.2055986,-0.3858299,0.24250114,0.96891487,-0.048960596
1356783476954,-0.4784904,0.026045114,-0.8777064,-0.8450606,0.257922,0.46834683,0.23857793,0.9658146,-0.101403475
1356783476992,-0.917588,0.1417211,-0.37141278,-0.33061823,0.24671948,0.9109452,0.22073492,0.95866823,-0.17953122
1356783477032,-0.9785333,0.16657835,-0.12134373,-0.06975566,0.28633022,0.9555884,0.19392473,0.94353944,-0.26856393
1356783477072,-0.9838663,0.17888491,-0.0027097985,0.059373718,0.3407684,0.93827057,0.16876587,0.92297184,-0.3458916
1356783477112,-0.97855777,0.19506998,0.06612502,0.13688998,0.3760476,0.916433,0.1539024,0.90583444,-0.39468747
1356783477152,-0.97104543,0.21239212,0.10936313,0.18538171,0.38119,0.9057195,0.15067954,0.8997687,-0.40952647
1356783477192,-0.96561044,0.2227947,0.13401076,0.2090319,0.3587649,0.9097216,0.1546028,0.9064493,-0.39299828
1356783477232,-0.96467227,0.22165251,0.14239898,0.2092888,0.31645477,0.9252322,0.16001719,0.9223484,-0.35166448
1356783477272,-0.968212,0.21060614,0.13494651,0.18900098,0.26259792,0.9462141,0.16384183,0.94164085,-0.29405522
1356783477312,-0.97480714,0.19419211,0.10972846,0.14977291,0.20533437,0.9671638,0.16528457,0.95923257,-0.22924608
1356783477352,-0.9824421,0.17640656,0.0607317,0.08819589,0.15228122,0.98439413,0.16440529,0.9724665,-0.16516578
1356783477392,-0.986821,0.15992382,-0.02467294,-0.0069340616,0.11054295,0.99384713,0.16166726,0.9809203,-0.10797715
1356783477433,-0.97417015,0.14556624,-0.17263544,-0.1611696,0.087275684,0.9830602,0.15816727,0.98549145,-0.06156051
1356783477472,-0.88954556,0.12747535,-0.43870115,-0.4296964,0.09264743,0.8982079,0.15514393,0.9875052,-0.027638435
1356783477536,-0.5269161,0.07642338,-0.8464744,-0.8359771,0.1330412,0.53239316,0.1533033,0.9881597,-0.0062134266
1356783477552,0.16873944,-0.022140801,-0.98541194,-0.9737538,0.15118158,-0.17013994,0.15274316,0.988258,0.0039506257
1356783477593,0.5835293,-0.08605003,-0.8075203,-0.79762244,0.12614317,-0.58981884,0.15261713,0.9882729,0.0049727857
1356783477630,0.75064117,-0.11451924,-0.65070975,-0.64327234,0.098101355,-0.75932664,0.15079306,0.9885654,-2.8163195E-5
1356783477673,0.82624733,-0.12594731,-0.549047,-0.54420227,0.073220104,-0.8357527,0.14546205,0.9893311,-0.008042902
1356783477712,0.86626905,-0.12858152,-0.48274705,-0.48014504,0.0526017,-0.8756106,0.13798067,0.9903029,-0.016170561
1356783477752,0.88930714,-0.12802154,-0.43902537,-0.43793005,0.038108468,-0.89820105,0.13171968,0.991039,-0.022174358
1356783477792,0.9020084,-0.12775366,-0.4123832,-0.41195095,0.031035095,-0.9106774,0.12914072,0.9913203,-0.024634331
1356783477832,0.90642345,-0.12857792,-0.40232342,-0.40179715,0.031166166,-0.91519815,0.13021314,0.99120957,-0.023412496
1356783477872,0.9020857,-0.1297329,-0.41159534,-0.410326,0.037623286,-0.9111625,0.13369335,0.99083495,-0.01929336
1356783477912,0.88460445,-0.13008048,-0.44783258,-0.4452049,0.050272405,-0.8940164,0.1388077,0.9902282,-0.013441265
1356783477952,0.83711016,-0.12720835,-0.53203815,-0.52726793,0.07145497,-0.8466892,0.14572269,0.9892988,-0.0072571933
1356783477992,0.6822752,-0.10907042,-0.72291374,-0.71449125,0.110066086,-0.6909325,0.15492857,0.9879216,-0.002834484
1356783478032,0.048381,-0.01243633,-0.9987515,-0.9848639,0.16602865,-0.04977563,0.16644037,0.9860425,-0.004215479
1356783478072,-0.7289411,0.119864374,-0.674001,-0.66070473,0.13454771,0.73848903,0.17920384,0.98363066,-0.018882394
1356783478112,-0.904728,0.15339951,-0.3974113,-0.3806818,0.127532,0.9158694,0.1911766,0.97990006,-0.05698532
1356783478152,-0.9442955,0.1581315,-0.28861818,-0.2608868,0.17490381,0.94939286,0.20060933,0.9718041,-0.12390655
1356783478192,-0.9561596,0.15305646,-0.24966477,-0.20627294,0.25316018,0.94517803,0.20787077,0.95524013,-0.21049005
1356783478232,-0.9581682,0.14340976,-0.24768367,-0.1887745,0.33379984,0.9235485,0.21512264,0.9316712,-0.29276425
1356783478272,-0.9536599,0.13075343,-0.2709914,-0.20120096,0.39254045,0.89745766,0.22372076,0.91039306,-0.34804237
1356783478312,-0.94217044,0.114766166,-0.31487072,-0.24133883,0.41954595,0.8750639,0.23253046,0.9004499,-0.36758626
1356783478352,-0.9210047,0.09471353,-0.37786183,-0.3080419,0.41668308,0.8552692,0.2384542,0.90410423,-0.3545913
1356783478392,-0.88456947,0.07052413,-0.46104568,-0.40067732,0.39107013,0.8285661,0.2387351,0.9176549,-0.31767124
1356783478432,-0.82227516,0.04303293,-0.5674608,-0.5192279,0.35143638,0.77903455,0.2329505,0.9352222,-0.2666335
1356783478472,-0.7170757,0.013383716,-0.69686675,-0.66051686,0.30616355,0.6855518,0.22253044,0.9518848,-0.2107023
1356783478520,-0.5496324,-0.016325295,-0.8352471,-0.8088174,0.26063663,0.52714604,0.20909017,0.96529895,-0.1564585
1356783478554,-0.3156072,-0.042715788,-0.94792795,-0.9286794,0.21898824,0.29933044,0.19479892,0.974792,-0.10878354
1356783478594,-0.052667707,-0.061651766,-0.9967071,-0.98190755,0.18499157,0.040442973,0.18188903,0.9808043,-0.07027942
1356783478634,0.17779496,-0.07295355,-0.9813596,-0.96899056,0.16091862,-0.18751663,0.171599,0.9842678,-0.04208076
1356783478674,0.34432513,-0.08017111,-0.9354212,-0.92452526,0.14443195,-0.35269308,0.16338053,0.9862616,-0.0243887
1356783478714,0.45304197,-0.086391956,-0.88729334,-0.87780404,0.13049467,-0.4609026,0.15560535,0.98767793,-0.016715676
1356783478754,0.5215069,-0.0926339,-0.84820366,-0.84053797,0.115162656,-0.5293708,0.14671907,0.98901796,-0.017804205
1356783478793,0.56469434,-0.09850779,-0.8194001,-0.8140079,0.09719868,-0.57266355,0.1360564,0.990378,-0.025298566
1356783478834,0.5908314,-0.10369006,-0.80010414,-0.7970532,0.07862942,-0.59876835,0.12499803,0.9914967,-0.036189765
1356783478875,0.6027585,-0.108692646,-0.790486,-0.7892421,0.0645273,-0.6106826,0.11738464,0.9919789,-0.046890438
1356783478914,0.60420173,-0.11363986,-0.7886864,-0.788257,0.05956936,-0.6124559,0.11658093,0.99173456,-0.0535855
1356783478954,0.60250914,-0.11739895,-0.7894304,-0.78863156,0.06442961,-0.611481,0.12264994,0.9909926,-0.05376509
1356783478993,0.60268843,-0.11917159,-0.7890278,-0.7867819,0.07630029,-0.61249703,0.13319534,0.9899376,-0.04777676
1356783479034,0.60403347,-0.11953041,-0.7879442,-0.78347254,0.09205538,-0.61457026,0.14599434,0.98855364,-0.038044274
1356783479074,0.6032211,-0.11973417,-0.78853536,-0.7813164,0.109890595,-0.6143849,0.16021547,0.98670554,-0.027261913
1356783479114,0.5974016,-0.12113577,-0.7927404,-0.78236705,0.129042,-0.60930276,0.17610514,0.9842125,-0.017682731
1356783479154,0.5846055,-0.12539697,-0.80156845,-0.78781235,0.14835471,-0.59778136,0.19387645,0.98095185,-0.012060285
1356783479194,0.5626369,-0.13524318,-0.81556666,-0.79895365,0.16450578,-0.5784557,0.21239758,0.97706044,-0.015495986
1356783479234,0.52774155,-0.15533566,-0.83508074,-0.81813407,0.17134812,-0.54890484,0.228354,0.9728878,-0.03665787
1356783479274,0.47599328,-0.19163221,-0.85831666,-0.84689456,0.16320427,-0.50609684,0.2370654,0.9678024,-0.08460814
1356783479314,0.40969983,-0.24723125,-0.878079,-0.8813578,0.14098123,-0.45092416,0.23527521,0.95864534,-0.1601392
1356783479353,0.34687862,-0.31530926,-0.8833206,-0.9107597,0.1117253,-0.39753526,0.2240358,0.9423893,-0.24841583
1356783479394,0.3170482,-0.37846673,-0.8696225,-0.92507935,0.07871914,-0.37152588,0.2090661,0.9222615,-0.32515395
1356783479433,0.33857742,-0.4189228,-0.84253716,-0.91997635,0.04056993,-0.3898686,0.19750643,0.907115,-0.37166297
1356783479473,0.40223277,-0.42867357,-0.8089795,-0.8950427,0.0017974973,-0.44597673,0.19263259,0.90345764,-0.3829581
1356783479520,0.48331487,-0.41004184,-0.7734808,-0.8540548,-0.026721537,-0.51949644,0.19234669,0.9116752,-0.36311314
1356783479554,0.56018883,-0.37176287,-0.74025726,-0.80573213,-0.03707272,-0.5911187,0.19231263,0.92758715,-0.320309
1356783479593,0.6220615,-0.32338473,-0.713065,-0.7596941,-0.028887995,-0.6496385,0.18948415,0.9458265,-0.26364362
1356783479633,0.66667885,-0.27232385,-0.6938149,-0.7225567,-0.007714331,-0.6912687,0.18289664,0.9621748,-0.2019124
1356783479674,0.69580257,-0.22355917,-0.6825541,-0.69697535,0.019328773,-0.7168346,0.17344788,0.9744987,-0.14236623
1356783479714,0.7122524,-0.1806696,-0.67827356,-0.6826328,0.04669547,-0.7292681,0.16342887,0.98243475,-0.09007205
1356783479754,0.7187822,-0.14636594,-0.67965376,-0.6777178,0.07055562,-0.7319293,0.15508291,0.98671114,-0.048480675
1356783479793,0.7180513,-0.1217944,-0.68525064,-0.6798838,0.08784008,-0.72804,0.1488637,0.9886608,-0.019732371
1356783479835,0.7125933,-0.10606632,-0.6935132,-0.686833,0.09612486,-0.7204307,0.14307725,0.9897019,-0.004351899
1356783479873,0.7045935,-0.09674421,-0.7029854,-0.6965785,0.094696105,-0.7112038,0.13537481,0.9907942,-6.6767633E-4
1356783479914,0.6953607,-0.09168461,-0.71278846,-0.70775354,0.08477979,-0.70135397,0.12473342,0.99217254,-0.0059375763
1356783479955,0.68468916,-0.09028831,-0.7232212,-0.7199353,0.07081494,-0.6904191,0.11355162,0.99339485,-0.016515523
1356783479994,0.67137206,-0.09334338,-0.73521876,-0.73334646,0.05963943,-0.67723423,0.10706341,0.99384624,-0.028412804
1356783480034,0.654496,-0.10049155,-0.74935734,-0.7481301,0.05714272,-0.6610871,0.10925397,0.9932956,-0.037781075
1356783480072,0.6342121,-0.1093249,-0.7653909,-0.7638298,0.064726874,-0.6421639,0.11974588,0.9918964,-0.042455062
1356783480112,0.6108893,-0.11680508,-0.78305227,-0.78011054,0.07992168,-0.620516,0.13506228,0.9899339,-0.042297572
1356783480152,0.584094,-0.121136576,-0.80259585,-0.7973206,0.099579886,-0.5952846,0.15203309,0.98762834,-0.038420677
1356783480192,0.55227625,-0.12225363,-0.8246484,-0.8162298,0.12192914,-0.5647142,0.16958699,0.9849808,-0.03244844
1356783480232,0.5130025,-0.1212593,-0.8497791,-0.8375815,0.14592761,-0.526462,0.18784463,0.98183566,-0.026703298
1356783480272,0.46340668,-0.12057692,-0.87790394,-0.8617562,0.16951258,-0.47816497,0.20647141,0.9781241,-0.025354654
1356783480312,0.4000765,-0.12543324,-0.90785754,-0.8887898,0.18856601,-0.41772676,0.2235879,0.97401714,-0.03604299
1356783480370,0.32021362,-0.14483815,-0.9362079,-0.9174624,0.19884227,-0.34456438,0.23606381,0.9692697,-0.06921157
1356783480392,0.22559978,-0.18753654,-0.9559994,-0.94391435,0.20077707,-0.26213396,0.24110246,0.9615189,-0.13172317
1356783480433,0.12763646,-0.25178602,-0.95932925,-0.9627496,0.20101407,-0.18084976,0.23837408,0.94667685,-0.21675014
1356783480470,0.045521125,-0.31823638,-0.9469179,-0.971704,0.20582108,-0.115884155,0.23177424,0.92539895,-0.29986233
1356783480512,-0.008088738,-0.36575788,-0.9306749,-0.9739439,0.21382818,-0.075570345,0.226645,0.9058139,-0.35795724
1356783480554,-0.03271298,-0.38409117,-0.9227154,-0.97378373,0.2201847,-0.057131022,0.22511134,0.8966564,-0.3812247
1356783480594,-0.034461632,-0.37448007,-0.9265944,-0.9738808,0.22078536,-0.05300936,0.2244294,0.9005656,-0.37230754
1356783480634,-0.019413546,-0.34331232,-0.93902063,-0.9751591,0.21377783,-0.057997942,0.22065318,0.9145686,-0.3389343
1356783480674,0.007880181,-0.29852757,-0.9543685,-0.977173,0.20032504,-0.07073039,0.21229887,0.93314046,-0.2901345
1356783480714,0.043756545,-0.24758142,-0.9678785,-0.9787511,0.1836425,-0.09122351,0.20032889,0.95130384,-0.23428506
1356783480754,0.08522281,-0.19664842,-0.9767633,-0.97872466,0.16711614,-0.11903888,0.18664175,0.9661271,-0.17822254
1356783480793,0.12998176,-0.15031555,-0.9800561,-0.9762397,0.15344107,-0.15300953,0.17338055,0.9766581,-0.12679946
1356783480823,0.17603701,-0.112794906,-0.97789997,-0.97088885,0.14403301,-0.19138825,0.1624375,0.98312354,-0.084156156
1356783480853,0.21807042,-0.08375609,-0.97233236,-0.9636842,0.13887438,-0.22809342,0.15413621,0.9867618,-0.05043
1356783480893,0.25653595,-0.064683974,-0.9643678,-0.9551125,0.13597399,-0.26319423,0.14815336,0.9885986,-0.026898235
1356783480924,0.29742214,-0.0539456,-0.95322084,-0.9440179,0.13263455,-0.30205682,0.14272463,0.9896959,-0.011477172
1356783480964,0.3329097,-0.051935136,-0.9415274,-0.93319017,0.12520403,-0.33686808,0.1353783,0.9907708,-0.006783694
1356783481004,0.36864722,-0.056563467,-0.9278469,-0.92105246,0.112580895,-0.37281084,0.12554538,0.99203134,-0.010595351
1356783481042,0.40257588,-0.06431842,-0.9131242,-0.90819985,0.09668848,-0.4072153,0.11448002,0.99323434,-0.019489497
1356783481082,0.4334156,-0.07272932,-0.89825463,-0.8949233,0.08264466,-0.43849975,0.10612774,0.9939217,-0.029267669
1356783481123,0.4602301,-0.08089313,-0.88410664,-0.88155115,0.0763036,-0.46588132,0.10514712,0.9937978,-0.036194235
1356783481162,0.48230067,-0.08863193,-0.8715104,-0.86867374,0.080058426,-0.48887265,0.11310145,0.99284184,-0.038379997
