1356784406715,0.9300714,0.115935,-0.34860617,0.3290389,0.15917778,0.9308039,0.16340311,-0.98041904,0.10989958
1356784406752,0.96412724,0.1823145,0.19292521,-0.20918463,0.07443723,0.97503895,0.16340289,-0.9804186,0.10990435
1356784406792,0.96412396,0.18233012,0.1929267,-0.20919557,0.074483216,0.9750331,0.16340807,-0.9804122,0.1099537
1356784406834,0.9641044,0.18239841,0.19295985,-0.20925772,0.074608505,0.9750102,0.16344383,-0.98039,0.11009866
1356784406873,0.9640405,0.18257011,0.19311662,-0.20944355,0.074655175,0.9749666,0.16358264,-0.98035437,0.11020875
1356784406912,0.9638995,0.18286899,0.19353732,-0.20982248,0.07417321,0.974922,0.1639277,-0.9803353,0.109865546
1356784406954,0.96367073,0.18334869,0.19422178,-0.21030843,0.07261893,0.97493434,0.16464873,-0.98036206,0.108540505
1356784406993,0.96335113,0.18408567,0.1951077,-0.21078578,0.06964889,0.97504795,0.1659033,-0.98043954,0.10589898
1356784407032,0.9629761,0.18505283,0.19604175,-0.21113051,0.06550494,0.9752605,0.16763301,-0.980543,0.10214999
1356784407074,0.9625984,0.18620607,0.1968036,-0.21111134,0.06021687,0.9756055,0.16981274,-0.9806638,0.09727487
1356784407113,0.96225625,0.18739556,0.19734691,-0.21068402,0.053942803,0.9760648,0.17226474,-0.9808023,0.09138805
1356784407152,0.9619751,0.18842757,0.19773443,-0.21002498,0.047458734,0.9765434,0.1746235,-0.9809396,0.08522862
1356784407192,0.9617557,0.1891796,0.19808362,-0.20934346,0.04131353,0.97696906,0.17663907,-0.9810731,0.07933703
1356784407232,0.96159697,0.18954158,0.19850756,-0.20886195,0.036107574,0.9772783,0.17806725,-0.9812085,0.07430896
1356784407272,0.96150446,0.18941528,0.19907573,-0.208691,0.03204307,0.9774565,0.17876619,-0.9813741,0.070338815
1356784407312,0.961476,0.18880692,0.1997894,-0.2088128,0.028966367,0.9775266,0.17877659,-0.981587,0.06727576
1356784407353,0.96151304,0.18777381,0.2005833,-0.20910539,0.02652514,0.9775332,0.17823468,-0.98185396,0.06476879
1356784407392,0.9616265,0.18637551,0.20134199,-0.20937915,0.024285045,0.9775329,0.1772986,-0.9821784,0.06237629
1356784407432,0.9618594,0.18460341,0.20186125,-0.20933564,0.021729972,0.9776024,0.17608227,-0.98257285,0.05954525
1356784407472,0.9622767,0.18231171,0.20195544,-0.20868134,0.018290762,0.9778127,0.17457277,-0.9830707,0.055645823
1356784407512,0.96295196,0.17915797,0.2015588,-0.20726776,0.013541043,0.97819054,0.17252132,-0.9837271,0.050173044
1356784407552,0.963969,0.17444111,0.20083317,-0.20522405,0.0073187016,0.9786876,0.16925353,-0.9846403,0.042854518
1356784407623,0.965403,0.1671546,0.20014082,-0.20297818,-1.12473965E-4,0.9791832,0.1636975,-0.9859307,0.033820152
1356784407636,0.9673097,0.15587302,0.20003882,-0.20123999,-0.008200023,0.9795076,0.15431914,-0.9877431,0.02343592
1356784407674,0.96944004,0.14169762,0.20026928,-0.20013961,-0.015314249,0.9796477,0.14188072,-0.9897916,0.013513058
1356784407704,0.97141683,0.1269288,0.20059517,-0.1995937,-0.020692112,0.9796602,0.12849784,-0.99169594,0.005233526
1356784407744,0.97327226,0.109677,0.201772,-0.2004164,-0.023361953,0.9794322,0.11213496,-0.99369264,-7.5647235E-4
1356784407774,0.97478694,0.09397312,0.20238447,-0.20101345,-0.023932695,0.9792961,0.09687113,-0.99528706,-0.0044394135
1356784407814,0.97595215,0.080136396,0.20272012,-0.20166326,-0.021154016,0.97922647,0.08276002,-0.9965594,-0.004484743
1356784407844,0.9768792,0.069763474,0.2020894,-0.20138386,-0.017076194,0.9793635,0.07177472,-0.9974174,-0.0026321416
1356784407884,0.97756135,0.064376764,0.20057274,-0.20028907,-0.010896772,0.9796762,0.06525399,-0.9978661,0.002241701
1356784407914,0.9781546,0.06198629,0.19842198,-0.19851553,-0.004707396,0.98008645,0.061685987,-0.99806595,0.0077006817
1356784407954,0.97860926,0.06280143,0.19590786,-0.19642422,0.002095461,0.9805168,0.06116733,-0.99802387,0.014386356
1356784407984,0.97902703,0.06386482,0.19346151,-0.19439268,0.008644372,0.98088574,0.060971737,-0.9979211,0.020877928
1356784408014,0.9794064,0.063888684,0.19152364,-0.19284861,0.015202522,0.9811107,0.059770256,-0.9978411,0.027210295
1356784408054,0.97982067,0.06088283,0.19038036,-0.19201773,0.022226779,0.98113966,0.05550302,-0.9978974,0.033468843
1356784408094,0.9803271,0.055748314,0.18934304,-0.19107403,0.027508557,0.98119,0.049491145,-0.99806577,0.03761944
1356784408134,0.9809071,0.05131399,0.1875851,-0.1892173,0.029008806,0.98150665,0.044923395,-0.99826115,0.038164437
1356784408163,0.9815904,0.04967317,0.18442598,-0.18593791,0.027724147,0.9821703,0.043674454,-0.9983807,0.03644988
1356784408194,0.98224705,0.052178912,0.18018919,-0.18159926,0.023638368,0.98308843,0.047037117,-0.99835795,0.03269437
1356784408224,0.9828476,0.059237756,0.1746469,-0.17593038,0.0171507,0.9842532,0.055309635,-0.99809664,0.027278244
1356784408264,0.9831349,0.07432915,0.16709548,-0.168047,0.006692528,0.9857563,0.07215212,-0.99721134,0.019070446
1356784408294,0.9832581,0.09096615,0.15788797,-0.1582485,-0.0032812357,0.98739386,0.09033749,-0.99584854,0.011168957
1356784408334,0.98274183,0.110762745,0.14815567,-0.14772406,-0.012139052,0.9889541,0.111337736,-0.9937728,0.0044327676
1356784408373,0.9818531,0.1303104,0.13778155,-0.13679226,-0.016555995,0.99046147,0.13134854,-0.99133503,0.0015698969
1356784408414,0.9808025,0.14718819,0.12791412,-0.1272403,-0.014023693,0.9917728,0.14777108,-0.989009,0.004973799
1356784408454,0.9798007,0.16022402,0.119660944,-0.120807804,-0.0025998075,0.9926725,0.15936106,-0.9870773,0.016809016
1356784408494,0.9789527,0.16897726,0.11444772,-0.11927097,0.018641055,0.9926867,0.16560806,-0.98544365,0.038402796
1356784408534,0.9783647,0.17249392,0.11422885,-0.12496884,0.05270782,0.9907596,0.16487926,-0.9835993,0.07312384
1356784408574,0.9780332,0.16921428,0.12172786,-0.14046544,0.103535265,0.9846572,0.15401493,-0.98012596,0.12502968
1356784408627,0.9774218,0.15897694,0.13918664,-0.16662887,0.17487866,0.9703877,0.12992848,-0.9716706,0.19742036
1356784408644,0.97486275,0.14948633,0.16521636,-0.1992302,0.25287384,0.94676405,0.09974938,-0.95588106,0.27629948
1356784408684,0.97082424,0.14208859,0.193161,-0.231487,0.3451688,0.909545,0.06256284,-0.92772263,0.3679899
1356784408714,0.96403635,0.14518228,0.22261183,-0.26391795,0.42422962,0.86624277,0.03132458,-0.8938408,0.447289
1356784408754,0.9564557,0.15929362,0.24457721,-0.29157102,0.48305342,0.8256183,0.01337187,-0.860979,0.5084646
1356784408784,0.9486676,0.17764068,0.26167458,-0.31621283,0.51634187,0.7958646,0.0062644035,-0.8377558,0.54600906
1356784408824,0.94202757,0.19554883,0.27266204,-0.33529145,0.51763606,0.7871673,0.012789965,-0.83295465,0.55319333
1356784408853,0.9374705,0.20688167,0.27990898,-0.34730706,0.5029636,0.7914578,0.022954077,-0.8391826,0.543365
1356784408894,0.93500155,0.2083385,0.28699678,-0.3526643,0.46082988,0.81441003,0.037416264,-0.8626881,0.5043502
1356784408934,0.9356284,0.1990344,0.2915215,-0.34911776,0.3998413,0.84749264,0.05211786,-0.89471346,0.44358933
1356784408964,0.9388197,0.18487424,0.29058403,-0.33836788,0.33777308,0.8783032,0.064224176,-0.9228926,0.37966353
1356784408994,0.9429351,0.16862702,0.28712088,-0.3248235,0.27618358,0.90455085,0.07323365,-0.9461964,0.3151972
1356784409024,0.94780946,0.1510512,0.2807858,-0.30896518,0.21768263,0.9258265,0.078725025,-0.96426016,0.25299123
1356784409064,0.95315945,0.13020913,0.27300656,-0.2919582,0.16020134,0.94291884,0.07904063,-0.9784586,0.19071305
1356784409103,0.9595619,0.10842629,0.25977832,-0.27127802,0.109776795,0.9562204,0.07516177,-0.9880247,0.13475129
1356784409144,0.9659446,0.088823125,0.24302562,-0.24939711,0.0693759,0.9659131,0.06893529,-0.99362844,0.08916551
1356784409173,0.9716757,0.0735834,0.22457032,-0.22778675,0.03859687,0.9729458,0.06292494,-0.996542,0.054264963
1356784409221,0.97618276,0.06258673,0.20772609,-0.20914367,0.016948402,0.9777381,0.057672806,-0.99789566,0.029634356
1356784409242,0.97968113,0.055514872,0.19272512,-0.19338816,0.0067787757,0.9810989,0.053159155,-0.9984348,0.01737696
1356784409283,0.98240364,0.051024146,0.17966565,-0.18020687,0.0061746547,0.9836093,0.049078457,-0.9986783,0.015260905
1356784409320,0.9843571,0.04727349,0.16972414,-0.17047615,0.0123288045,0.98528475,0.044485338,-0.99880594,0.020194948
1356784409363,0.9856121,0.04232238,0.16363868,-0.1646342,0.021193027,0.986127,0.038267232,-0.9988792,0.027855814
1356784409402,0.9862583,0.03619206,0.16119753,-0.16224986,0.028295517,0.9863439,0.031136647,-0.9989442,0.033778846
1356784409442,0.98642445,0.031833068,0.1611008,-0.16207555,0.030855894,0.9862958,0.026425913,-0.99901676,0.03559637
1356784409482,0.9862578,0.032683812,0.16194874,-0.16287827,0.028109044,0.9862457,0.027682051,-0.99907035,0.033046246
1356784409522,0.9858349,0.0393775,0.1630304,-0.16393048,0.020805001,0.9862524,0.03544432,-0.9990077,0.02696547
1356784409562,0.98513126,0.049914114,0.16439274,-0.16513726,0.011149169,0.98620754,0.04739283,-0.99869126,0.019226074
1356784409624,0.9841183,0.062251516,0.16624065,-0.1666829,0.0019434104,0.98600864,0.06105746,-0.99805856,0.012288809
1356784409644,0.98274535,0.07556991,0.16882169,-0.16897973,-0.0043441653,0.98560995,0.07521585,-0.99713105,0.008500576
1356784409684,0.98087716,0.08998288,0.1725781,-0.17278002,-0.0055998266,0.98494464,0.08959454,-0.99592763,0.010054499
1356784409723,0.9782759,0.10558121,0.1784065,-0.17950644,9.3099475E-4,0.98375636,0.1037001,-0.9944102,0.019863278
1356784409764,0.97466695,0.12156454,0.18774024,-0.19147801,0.019726632,0.9812986,0.11558763,-0.9923875,0.042503834
1356784409804,0.969835,0.13629244,0.20210016,-0.21147452,0.05807382,0.9756566,0.121237904,-0.9889649,0.0851444
1356784409842,0.96352625,0.14889574,0.22236732,-0.24120364,0.123251766,0.9626161,0.115922295,-0.9811417,0.1546705
1356784409882,0.95536256,0.16178606,0.24719973,-0.27855736,0.21451578,0.93615645,0.0984288,-0.96322805,0.25000703
1356784409922,0.9450037,0.17996037,0.2730976,-0.31832972,0.31445932,0.89430505,0.07506138,-0.9320566,0.35445195
1356784409963,0.93254095,0.20551166,0.2968709,-0.3566108,0.39550102,0.8464087,0.056534097,-0.8951782,0.44210857
1356784410002,0.91866106,0.23386607,0.31838423,-0.39199886,0.43972892,0.80806893,0.04897715,-0.86714774,0.49563706
1356784410042,0.9045651,0.2569308,0.34021842,-0.42328516,0.44594562,0.78864586,0.05090846,-0.8573909,0.5121418
1356784410082,0.8915159,0.2680641,0.36515886,-0.44934323,0.4212517,0.7878055,0.057358623,-0.86642283,0.49600542
1356784410122,0.88033855,0.26437104,0.39384258,-0.47001058,0.37416375,0.7994319,0.063985094,-0.88888097,0.45364797
1356784410162,0.8713219,0.24687707,0.4240871,-0.485919,0.3135865,0.8158102,0.06841682,-0.9169053,0.39319703
1356784410203,0.86456156,0.21867839,0.4524523,-0.49768308,0.24788561,0.83118254,0.06960517,-0.9437863,0.32314488
1356784410242,0.86020666,0.18450475,0.47539723,-0.5054946,0.18561351,0.84262854,0.06722881,-0.9651454,0.25293213
1356784410282,0.85827595,0.14878348,0.49114743,-0.50947654,0.13213083,0.85027945,0.0616118,-0.9800025,0.18920639
1356784410322,0.8588159,0.11574374,0.49903774,-0.5094207,0.090096116,0.8557881,0.054090753,-0.9891846,0.13633823
1356784410362,0.8616585,0.088501155,0.49971205,-0.5053682,0.059719145,0.86083484,0.046342477,-0.9942843,0.09618318
1356784410402,0.8590292,0.0688169,0.5072801,-0.51041454,0.03902974,0.8590423,0.039317608,-0.9968655,0.06865284
1356784410442,0.87160474,0.054389074,0.4871827,-0.4890983,0.029612966,0.87172586,0.03298542,-0.9980807,0.052412394
1356784410482,0.8812247,0.044899926,0.47056034,-0.47193718,0.027127393,0.88121474,0.026801378,-0.99862313,0.04509527
1356784410522,0.88821024,0.038016796,0.45786178,-0.45897818,0.028878666,0.8879781,0.020535633,-0.99885976,0.043099195
1356784410562,0.89285743,0.03309965,0.4491214,-0.45006776,0.030947953,0.89245796,0.015640646,-0.9989728,0.042529196
1356784410626,0.8956095,0.03209862,0.44368154,-0.4445692,0.02971533,0.8952515,0.015552193,-0.99904287,0.04088339
1356784410644,0.89668274,0.037137568,0.44111323,-0.4420771,0.023404475,0.89667165,0.022976175,-0.9990361,0.03740406
1356784410684,0.8957457,0.047854945,0.44198364,-0.44299656,0.012594461,0.8964348,0.03733231,-0.9987749,0.032481015
1356784410724,0.89195335,0.061669156,0.44790193,-0.44873822,-3.2258034E-4,0.89366317,0.05525598,-0.9980966,0.027385589
1356784410762,0.88450277,0.076325476,0.46024916,-0.46068078,-0.012903273,0.8874721,0.073675424,-0.99699944,0.023748692
1356784410802,0.8726784,0.09120071,0.4797029,-0.47968554,-0.023550898,0.87712437,0.0912918,-0.99555403,0.0231953
1356784410842,0.8557141,0.10701014,0.506263,-0.5060574,-0.03109482,0.8619391,0.10797842,-0.99377155,0.027545009
1356784410882,0.8328924,0.12533408,0.5390563,-0.5394828,-0.033462375,0.84133154,0.123485565,-0.99155015,0.039745003
1356784410922,0.803693,0.1483232,0.5762619,-0.5792948,-0.026305422,0.8146935,0.13599674,-0.988589,0.06478137
1356784410962,0.76862675,0.17929909,0.614056,-0.6238258,-0.0024111718,0.7815598,0.14161351,-0.9837917,0.10999808
1356784411002,0.7289995,0.22238564,0.6473827,-0.67087764,0.044283092,0.7402446,0.1359517,-0.97395253,0.18147594
1356784411042,0.6864571,0.27921432,0.6714283,-0.71750957,0.11007023,0.6877969,0.11813849,-0.9538993,0.27589744
1356784411082,0.64316887,0.34370428,0.68425226,-0.75991994,0.1766864,0.6255426,0.094103664,-0.9223065,0.37482697
1356784411122,0.60304713,0.40208754,0.68895555,-0.79428256,0.22274074,0.5652448,0.0738194,-0.88809466,0.45369428
1356784411162,0.57116663,0.440985,0.69231564,-0.81836295,0.24053124,0.52194524,0.063646495,-0.86468315,0.49826914
1356784411202,0.5511755,0.45382124,0.7001798,-0.8320132,0.23564413,0.5022208,0.06292528,-0.85937065,0.5074666
1356784411242,0.5438868,0.44030076,0.7143686,-0.8364822,0.21652731,0.5034019,0.066967934,-0.87135017,0.48607013
1356784411282,0.5477184,0.40395176,0.7326852,-0.8336178,0.18883744,0.5190586,0.07131621,-0.89507735,0.44017106
1356784411322,0.5597346,0.35104865,0.7506411,-0.825412,0.155916,0.54257286,0.073432505,-0.9232849,0.37703136
1356784411362,0.57679933,0.289315,0.7639369,-0.8136749,0.120643914,0.56866366,0.07235852,-0.949601,0.30499563
1356784411402,0.596388,0.22642305,0.7701,-0.79978883,0.086034596,0.59408414,0.06825909,-0.970222,0.23240058
1356784411442,0.6168582,0.16892177,0.7687336,-0.7846067,0.05469519,0.6175766,0.062276095,-0.9841107,0.16627634
1356784411482,0.6373288,0.12133953,0.7609788,-0.76856756,0.028557003,0.639131,0.055820614,-0.9922002,0.11145784
1356784411522,0.65746176,0.08569312,0.7485992,-0.7518518,0.009173915,0.65926826,0.049627185,-0.99627936,0.07046004
1356784411562,0.6770289,0.061299562,0.73339903,-0.73467296,-0.002533406,0.6784166,0.043444693,-0.99811614,0.043319955
1356784411627,0.69589347,0.045446903,0.71670556,-0.717206,-0.0070373863,0.6968257,0.03671229,-0.99894196,0.027697504
1356784411643,0.71388984,0.034703195,0.69939756,-0.69964105,-0.006569609,0.71446437,0.029388934,-0.9993761,0.019589782
1356784411683,0.7309798,0.026853561,0.6818706,-0.6820166,-0.0047034323,0.7313216,0.022845715,-0.9996283,0.0148764625
1356784411723,0.7473613,0.022405505,0.66403997,-0.6641067,-0.0053902715,0.7476184,0.020330101,-0.99973446,0.010851152
1356784411764,0.76331484,0.02346015,0.64560056,-0.6455364,-0.011225447,0.76364696,0.025162429,-0.9996617,0.006575823
1356784411802,0.77906495,0.030872226,0.6261827,-0.62580025,-0.021988876,0.7796733,0.037839323,-0.99928135,0.0021890998
1356784411842,0.7946689,0.043346137,0.6054934,-0.60449433,-0.03479901,0.7958489,0.055567622,-0.9984538,-0.0014511645
1356784411882,0.81005377,0.058963567,0.5833833,-0.5815823,-0.045896687,0.8121918,0.07466507,-0.9972045,-0.0028866231
1356784411922,0.8250172,0.07657996,0.5598948,-0.55744326,-0.05233916,0.8285635,0.09275581,-0.99568874,-4.917085E-4
1356784411962,0.8391671,0.09594932,0.53534317,-0.53284276,-0.05219713,0.84460294,0.108982414,-0.99401677,0.0073237754
1356784412002,0.85194117,0.1173031,0.51032954,-0.50898695,-0.043412983,0.8596787,0.122997954,-0.9921468,0.022720456
1356784412042,0.8627601,0.14093283,0.48557478,-0.48759142,-0.022209883,0.87278944,0.13378923,-0.98977,0.04955584
1356784412082,0.8712679,0.16660453,0.46166563,-0.47077042,0.01765585,0.8820791,0.13880724,-0.9858657,0.093815446
1356784412122,0.87753737,0.19291851,0.4389882,-0.46035388,0.08278352,0.88386726,0.13417335,-0.97771645,0.1614564
1356784412180,0.88211966,0.2173714,0.4178691,-0.4561634,0.17314845,0.8728887,0.11738764,-0.96060884,0.25189453
1356784412202,0.88580114,0.23770435,0.39856362,-0.4550385,0.27633053,0.8465113,0.09108414,-0.9312025,0.35293853
1356784412242,0.889329,0.25265372,0.38112992,-0.45280135,0.370368,0.81104773,0.063755885,-0.89386445,0.44378096
1356784412280,0.8933057,0.26148868,0.36555234,-0.44720393,0.43592528,0.78101075,0.044871986,-0.8611578,0.5063533
1356784412323,0.89812106,0.26363257,0.3519609,-0.4380444,0.46595404,0.76876783,0.038674608,-0.84462106,0.5339659
1356784412362,0.9040185,0.25841942,0.34054363,-0.42532727,0.4636189,0.7772736,0.042980134,-0.8475122,0.5290329
1356784412402,0.9109015,0.24537148,0.33173978,-0.40915352,0.4330696,0.80314636,0.053402796,-0.8673197,0.49487835
1356784412442,0.91841704,0.22534469,0.3251614,-0.39011893,0.37936074,0.8389832,0.065706894,-0.8973881,0.43632257
1356784412482,0.92594635,0.20070907,0.319905,-0.36970392,0.30883795,0.87632084,0.077086724,-0.9296962,0.3601703
1356784412522,0.9329628,0.17413889,0.31504935,-0.34965038,0.23029709,0.9081342,0.08558653,-0.9574126,0.27574635
1356784412562,0.9391623,0.1477801,0.31005675,-0.33149248,0.15363693,0.93086433,0.08992706,-0.9770142,0.19327801
1356784412627,0.9444439,0.123293646,0.3046711,-0.31613356,0.08716589,0.9447019,0.089918815,-0.9885347,0.12130055
1356784412644,0.94887084,0.10191631,0.29875943,-0.3036827,0.03644139,0.9520761,0.08614487,-0.99412525,0.06552839
1356784412683,0.9525143,0.083384134,0.29285425,-0.29417065,0.003687825,0.9557459,0.07861404,-0.9965107,0.02804187
1356784412724,0.95537823,0.06611062,0.28789222,-0.28773966,-0.012024548,0.95763326,0.066771485,-0.9977399,0.007534653
1356784412764,0.9573838,0.04875747,0.2846734,-0.2843079,-0.014421346,0.95862454,0.05084549,-0.9987065,5.5372715E-5
1356784412803,0.95851725,0.03180194,0.28325486,-0.28310442,-0.009232104,0.9590447,0.033114508,-0.99945164,1.5413761E-4
1356784412843,0.95902705,0.018259346,0.2827255,-0.28272727,-0.0025386214,0.959197,0.018232033,-0.99983007,0.0027278066
1356784412883,0.95944875,0.012649253,0.28159916,-0.28163755,0.0013285894,0.9595199,0.011763081,-0.9999191,0.004837215
1356784412923,0.9601603,0.017791793,0.2788828,-0.2789389,7.022023E-4,0.96030855,0.01688978,-0.99984145,0.0056370497
1356784412964,0.96097684,0.0324393,0.27472022,-0.27474594,-0.0037496388,0.9615095,0.03222081,-0.9994666,0.005309254
1356784413004,0.9614595,0.05258417,0.2698713,-0.2697262,-0.009971142,0.96288556,0.053323433,-0.9985668,0.0045964727
1356784413043,0.9614295,0.07471545,0.2647092,-0.26428944,-0.015630482,0.9643167,0.0761869,-0.99708235,0.0047188997
1356784413082,0.9609782,0.09729644,0.25894845,-0.25838107,-0.018606488,0.96586394,0.098793246,-0.99508154,0.007259131
1356784413122,0.9602335,0.120196894,0.2520004,-0.25185883,-0.016619775,0.96762115,0.120493285,-0.9926109,0.014313787
1356784413162,0.95923173,0.14337587,0.24355277,-0.24525744,-0.005935818,0.9694398,0.14043996,-0.98965055,0.029470176
1356784413202,0.95796585,0.16562626,0.23424213,-0.24073234,0.019973189,0.970386,0.15604286,-0.98598635,0.05900523
1356784413242,0.956519,0.18444517,0.22594537,-0.24203494,0.069665045,0.96776336,0.16275878,-0.9803707,0.11127812
1356784413282,0.95503503,0.19778615,0.2208817,-0.25181675,0.14782971,0.9564177,0.15651327,-0.9690341,0.19098842
1356784413322,0.9535361,0.2060964,0.21975711,-0.26800182,0.24701309,0.931214,0.13763699,-0.9468415,0.2907701
1356784413362,0.95193905,0.21167842,0.22136915,-0.28468958,0.34490925,0.8944213,0.11297742,-0.91445607,0.38859522
1356784413402,0.9502318,0.21621692,0.22429842,-0.29762137,0.41718644,0.85870653,0.09209264,-0.88272625,0.4607746
1356784413442,0.9484296,0.21954036,0.22865528,-0.30659664,0.4521555,0.83758813,0.080496676,-0.8644983,0.49614802
1356784413482,0.94643027,0.21997884,0.23638731,-0.3135443,0.45103714,0.83561677,0.07719854,-0.864971,0.49584833
1356784413522,0.94393414,0.21548924,0.25010544,-0.32080105,0.41985738,0.84900314,0.077942446,-0.88163716,0.4654469
1356784413562,0.9404686,0.20469716,0.27132612,-0.33063152,0.36602962,0.869888,0.078750215,-0.90781134,0.4119187
1356784413627,0.93554145,0.18716061,0.29955482,-0.34464163,0.2979462,0.89019674,0.077358544,-0.936055,0.34324437
1356784413644,0.9289461,0.16363382,0.33208907,-0.36290926,0.22516394,0.9042113,0.07318504,-0.96048176,0.26854938
1356784413684,0.92104703,0.13598078,0.36494052,-0.38367832,0.15607798,0.91018164,0.066808015,-0.9783399,0.19592804
1356784413725,0.9129712,0.10743642,0.39362544,-0.4036677,0.09723264,0.9097243,0.05946426,-0.989446,0.1321392
1356784413763,0.9061676,0.08144435,0.41500235,-0.41969112,0.052176088,0.9061662,0.05214891,-0.99531126,0.08146176
1356784413803,0.901648,0.060353056,0.42823875,-0.4301079,0.021773279,0.90251493,0.045145363,-0.9979396,0.04559016
1356784413849,0.89948744,0.04475984,0.43464804,-0.4352762,0.0048922338,0.90028363,0.038170174,-0.9989857,0.023883402
1356784413884,0.8988985,0.03359711,0.43686694,-0.43707985,-0.0011111461,0.89942193,0.03070344,-0.9994347,0.013685819
1356784413924,0.89872986,0.025045484,0.437787,-0.43790314,-9.3403086E-4,0.8990216,0.022925347,-0.9996859,0.010128055
1356784413964,0.8984624,0.018963516,0.43864083,-0.4387345,8.755028E-4,0.89861643,0.01665686,-0.9998199,0.009106547
1356784414004,0.8985389,0.017849848,0.4385308,-0.4385975,-1.9735098E-4,0.8986836,0.0161279,-0.9998407,0.0076515675
1356784414044,0.89938,0.02383037,0.43651766,-0.4364848,-0.006839037,0.8996856,0.024425223,-0.99969256,0.0042507015
1356784414083,0.9005147,0.035887465,0.43334216,-0.43293703,-0.018785208,0.9012284,0.04048322,-0.99917924,-0.0013793409
1356784414123,0.90117705,0.051094517,0.43042916,-0.42922312,-0.033168703,0.90258926,0.060394123,-0.9981429,-0.007959932
1356784414163,0.9011657,0.06748845,0.42818868,-0.4258598,-0.04649988,0.9035934,0.080892876,-0.9966358,-0.013163477
1356784414203,0.9007454,0.084761634,0.4259966,-0.4225722,-0.055809893,0.9046093,0.10045098,-0.99483705,-0.014452606
1356784414244,0.90031534,0.103729844,0.4226966,-0.4187464,-0.05836857,0.90622544,0.11867483,-0.9928913,-0.009113608
1356784414282,0.90000224,0.12523179,0.41750818,-0.41452456,-0.05026868,0.90864867,0.13477929,-0.99085313,0.00666973
1356784414322,0.89954716,0.1492536,0.41053408,-0.41159576,-0.0251562,0.91101915,0.14630042,-0.98847884,0.03880298
1356784414362,0.898384,0.17438361,0.40310866,-0.41324952,0.024740338,0.9102817,0.14876513,-0.98436695,0.09429026
1356784414402,0.8960447,0.19871128,0.397011,-0.42200935,0.10349364,0.9006648,0.13788417,-0.97457826,0.17659295
1356784414442,0.89256465,0.22141455,0.39281547,-0.4362387,0.20352784,0.87651134,0.11412348,-0.95370436,0.27825135
1356784414482,0.88842803,0.24244946,0.38976127,-0.4510281,0.30337596,0.8393667,0.08525984,-0.9215102,0.37887925
1356784414522,0.88408446,0.2608667,0.38774115,-0.46308428,0.37747502,0.8019137,0.06283,-0.88851625,0.4545231
1356784414562,0.8797395,0.27452353,0.3881948,-0.47246525,0.41332436,0.7784213,0.053244546,-0.8682165,0.49332058
1356784414630,0.87525725,0.280859,0.39375496,-0.48052275,0.41242355,0.7739539,0.054978117,-0.86661696,0.49593586
1356784414645,0.8701901,0.27751452,0.40713012,-0.48872507,0.38119167,0.78475523,0.06258632,-0.881861,0.4673375
1356784414683,0.86414933,0.26364535,0.4286456,-0.49827325,0.32894212,0.8021975,0.07049601,-0.90680104,0.41562253
1356784414724,0.8566513,0.23921593,0.45708233,-0.5103457,0.26333475,0.8186587,0.07547057,-0.9345751,0.3476689
1356784414764,0.84797883,0.20613037,0.48830545,-0.52450615,0.19368264,0.8290839,0.07632314,-0.95916486,0.27235544
1356784414802,0.8392303,0.16803896,0.5171609,-0.5387822,0.12836128,0.83260864,0.07352726,-0.9773875,0.19826108
1356784414842,0.8323256,0.1297313,0.5388913,-0.55004585,0.07327661,0.8319136,0.068437085,-0.98883796,0.13234815
1356784414882,0.8291166,0.095565796,0.5508474,-0.5556149,0.031386912,0.8308472,0.06211114,-0.9949282,0.07912117
1356784414922,0.8305276,0.068182155,0.55278844,-0.5542785,0.0035899654,0.83232343,0.05476515,-0.99766636,0.04077348
1356784414962,0.8361665,0.048261806,0.5463481,-0.5465168,-0.0107987225,0.83737856,0.046313256,-0.9987764,0.017346345
1356784415002,0.84465975,0.034880787,0.534166,-0.5340227,-0.014084041,0.8453528,0.037009805,-0.9992922,0.006730914
1356784415042,0.85409796,0.02582027,0.519471,-0.51939046,-0.0102598965,0.8544755,0.027392462,-0.999614,0.0046478286
1356784415082,0.86310923,0.019363403,0.504646,-0.5046654,-0.0042314827,0.8633046,0.018851921,-0.99980354,0.0061198175
1356784415141,0.87175596,0.016389191,0.48966628,-0.48972523,-4.7257543E-4,0.8718767,0.014520764,-0.99986553,0.007614225
1356784415163,0.88070416,0.019187838,0.47327784,-0.47333863,-0.0015256703,0.8808793,0.0176242,-0.99981475,0.007738676
1356784415202,0.889938,0.028246254,0.455206,-0.45519045,-0.007351849,0.89036375,0.028496027,-0.999574,0.0063147284
1356784415240,0.89866626,0.041384146,0.43667638,-0.43640834,-0.015782628,0.8996102,0.04412152,-0.9990186,0.0038770773
1356784415283,0.9064958,0.05642277,0.41842768,-0.4177208,-0.024357412,0.9082489,0.061437726,-0.9981098,0.0014890693
1356784415322,0.91361225,0.07238802,0.40009075,-0.39891127,-0.030709889,0.9164751,0.078628585,-0.9969036,8.1947446E-4
1356784415362,0.92054206,0.08995919,0.38014427,-0.3787893,-0.032353345,0.9249172,0.09550375,-0.99541974,0.004292965
1356784415402,0.92752534,0.10975164,0.35728312,-0.35671192,-0.0254719,0.93386716,0.11159412,-0.9936326,0.015523881
1356784415442,0.9343111,0.13117695,0.3314444,-0.3338745,-0.0036617555,0.94261044,0.1248624,-0.99135226,0.04037541
1356784415482,0.9402584,0.15170434,0.30479494,-0.31417108,0.04165015,0.94845235,0.13118958,-0.987548,0.08682302
1356784415522,0.94477206,0.16786298,0.28147438,-0.30258882,0.1169045,0.9459245,0.12588009,-0.97885406,0.16124156
1356784415562,0.94773036,0.17797323,0.26482576,-0.30029234,0.21696895,0.9288428,0.10785019,-0.95981765,0.25907207
1356784415629,0.9495486,0.18335813,0.25443518,-0.3024285,0.320551,0.8976547,0.08303285,-0.92931527,0.35983148
1356784415644,0.950832,0.18595654,0.24766618,-0.30353922,0.40073863,0.8644492,0.0615006,-0.89712244,0.43748024
1356784415683,0.95194674,0.1861686,0.24318452,-0.3022883,0.44362667,0.8436926,0.049185917,-0.8766622,0.47858554
1356784415724,0.9528721,0.18323794,0.2417824,-0.29994473,0.44956723,0.84138125,0.04547555,-0.87425,0.4833413
1356784415764,0.9533945,0.17635572,0.24482167,-0.29807615,0.42466992,0.854872,0.046793163,-0.88800573,0.45744538
1356784415802,0.9533634,0.16522202,0.25258628,-0.2976655,0.3762385,0.8774052,0.049933963,-0.9116723,0.40787292
1356784415842,0.9528433,0.15000345,0.2637965,-0.29882544,0.31241077,0.90172213,0.052848592,-0.938029,0.34250337
1356784415882,0.9521718,0.13130319,0.27591363,-0.30069453,0.24208963,0.92248327,0.05432915,-0.9613283,0.26999307
1356784415922,0.95198864,0.110381514,0.28554082,-0.30132833,0.1732586,0.9376474,0.054026544,-0.97867125,0.1982013
1356784415962,0.9534476,0.08951462,0.28796673,-0.29695505,0.11247718,0.9482439,0.052491993,-0.98961407,0.13382292
1356784416002,0.95742077,0.071407676,0.27972573,-0.28425425,0.063853145,0.95662034,0.050448626,-0.9954014,0.08143225
1356784416042,0.96356946,0.05769591,0.261161,-0.26311123,0.029150069,0.964325,0.048024766,-0.99790853,0.04326856
1356784416082,0.9703571,0.048107713,0.236839,-0.23748142,0.008025765,0.971359,0.04482904,-0.99880993,0.019212544
1356784416122,0.97617877,0.040881447,0.21308151,-0.21318626,-0.0018303692,0.97700995,0.04033158,-0.9991624,0.006928593
1356784416162,0.9802334,0.034017622,0.19489858,-0.19485459,-0.0046358397,0.98082125,0.034268722,-0.9994105,0.002084285
1356784416202,0.9828126,0.027426459,0.18255743,-0.1824905,-0.0049448023,0.9831951,0.027868286,-0.99961156,1.4525605E-4
1356784416242,0.98498404,0.023966447,0.1709735,-0.17088532,-0.005694896,0.9852745,0.0245872,-0.99969655,-0.001513869
1356784416282,0.9876092,0.027029812,0.15458797,-0.15442693,-0.007959723,0.98797214,0.027935177,-0.9996029,-0.0036869645
1356784416322,0.9905302,0.037191417,0.13216177,-0.1318185,-0.011546075,0.9912066,0.03839033,-0.9992414,-0.006534219
1356784416362,0.99300396,0.052116938,0.105957314,-0.10529693,-0.015265554,0.9943237,0.053438604,-0.99852437,-0.009671003
1356784416403,0.9945384,0.0686995,0.0785725,-0.07756726,-0.01718375,0.996839,0.06983252,-0.9974894,-0.011761069
1356784416442,0.9950779,0.0849708,0.05098999,-0.049879793,-0.015139252,0.9986404,0.08562723,-0.9962684,-0.010826409
1356784416482,0.9946954,0.100136206,0.023533195,-0.022957332,-0.0068994462,0.99971265,0.100269794,-0.9949499,-0.0045639873
1356784416522,0.9935222,0.11361952,-0.0020466223,8.907579E-4,0.010222912,0.9999473,0.11363447,-0.99347174,0.010055482
1356784416562,0.99206483,0.124050155,-0.020469092,0.015579,0.040263027,0.99906766,0.12475864,-0.9914588,0.038010955
1356784416630,0.9913557,0.12928738,-0.022329703,0.010857895,0.088765025,0.9959934,0.13075148,-0.9876262,0.086593926
1356784416644,0.9915909,0.12941056,5.9942156E-4,-0.021509372,0.1602416,0.98684347,0.1276119,-0.97855794,0.16167766
1356784416683,0.9904974,0.12980641,0.045444205,-0.07731034,0.25223267,0.96457344,0.11374529,-0.9589208,0.25987118
1356784416724,0.9855995,0.1376602,0.0982001,-0.14101258,0.34861052,0.92659926,0.09332225,-0.9271033,0.36300218
1356784416764,0.9769358,0.15530749,0.14654699,-0.19997682,0.4248011,0.8829231,0.07487126,-0.89186525,0.4460613
1356784416802,0.9655483,0.17940179,0.18849823,-0.25208443,0.46508458,0.8486164,0.06457567,-0.8668975,0.494286
1356784416842,0.9512147,0.20494619,0.23062475,-0.30214044,0.46743712,0.83079106,0.062464878,-0.85994166,0.50655556
1356784416882,0.9313015,0.22831127,0.28381592,-0.35844854,0.4359403,0.8255124,0.064746976,-0.8705343,0.4878297
1356784416922,0.89889175,0.24774455,0.3614087,-0.43292147,0.37486047,0.8197918,0.0676211,-0.89336574,0.4442129
1356784416962,0.8379516,0.26169252,0.4789093,-0.5413861,0.2879188,0.7899391,0.068834186,-0.9212056,0.3829387
1356784417002,0.7119281,0.26468873,0.65046,-0.69900364,0.17810339,0.6925843,0.06747016,-0.94774413,0.3118152
1356784417042,0.46331987,0.24042854,0.852953,-0.8839072,0.05632004,0.46425864,0.06358266,-0.9690316,0.23861071
1356784417082,0.17849243,0.17776752,0.9677496,-0.98223054,-0.02578193,0.18589923,0.057997257,-0.9837347,0.17000678
1356784417122,0.5596961,-0.063304305,-0.82627654,0.82708573,0.10483737,0.55221224,0.051667243,-0.9924725,0.11103517
1356784417162,0.67534745,-0.017590612,-0.7372899,0.7361324,0.0769259,0.6724519,0.04488784,-0.99688166,0.06490074
1356784417202,0.7846616,0.008970529,-0.61985946,0.6187937,0.049027137,0.7840221,0.037423015,-0.9987571,0.03291881
1356784417242,0.8553144,0.017547503,-0.51781225,0.51728547,0.027422458,0.8553735,0.02920939,-0.9994699,0.014377743
1356784417282,0.90177697,0.01591976,-0.4319084,0.43170768,0.014586721,0.9018956,0.020658106,-0.9997669,0.0062812828
1356784417322,0.932257,0.010791466,-0.36163577,0.36155528,0.008723855,0.9323099,0.01321587,-0.99990374,0.004231155
1356784417363,0.9512194,0.008202478,-0.30840623,0.3083511,0.007335484,0.95124435,0.010064855,-0.99993944,0.004448414
1356784417402,0.9618267,0.012656584,-0.2733665,0.27327067,0.008798778,0.9618969,0.014579609,-0.99988115,0.005004227
1356784417442,0.9667561,0.024874195,-0.25448754,0.25425035,0.012327045,0.96705985,0.027191915,-0.9996146,0.005592972
1356784417482,0.9681501,0.041686743,-0.24687552,0.24634728,0.017446905,0.96902454,0.044702686,-0.9989784,0.006621808
1356784417522,0.9675785,0.05898183,-0.24558717,0.24458301,0.023792326,0.96933645,0.06301633,-0.9979755,0.00859499
1356784417562,0.96614665,0.074284524,-0.24706773,0.24533707,0.03172815,0.96891844,0.07981466,-0.99673223,0.012429295
1356784417632,0.9648582,0.08673053,-0.24804541,0.24511099,0.04315737,0.968534,0.09470645,-0.9952966,0.020382134
1356784417644,0.9652232,0.09533557,-0.24342415,0.23829824,0.062068164,0.9692066,0.107508756,-0.9935082,0.03719133
1356784417683,0.96930397,0.098755576,-0.2251604,0.21635714,0.09239811,0.9719322,0.116788104,-0.9908128,0.06819537
1356784417723,0.9781808,0.09593801,-0.18427743,0.16985618,0.14143977,0.9752659,0.11962922,-0.98528713,0.122058004
1356784417762,0.989603,0.09256298,-0.110082194,0.08831277,0.21304542,0.9730429,0.113520265,-0.97264785,0.20265588
1356784417802,0.99451447,0.10456775,0.0025620125,-0.034046024,0.300448,0.9531904,0.098903224,-0.9480489,0.30236
1356784417842,0.97688067,0.15217228,0.15015909,-0.19792025,0.3782138,0.9043129,0.08081913,-0.91312534,0.39958772
1356784417882,0.9185212,0.2380437,0.3156801,-0.3898001,0.41165742,0.82376826,0.066140786,-0.8797008,0.47090554
1356784417922,0.82044715,0.3299375,0.466913,-0.56871974,0.3873979,0.72558993,0.0585182,-0.8608509,0.5054814
1356784417962,0.720479,0.3856044,0.57638466,-0.6911211,0.3308088,0.64258635,0.057111025,-0.86132157,0.50484014
1356784418002,0.6609124,0.39090353,0.6406163,-0.7481449,0.27615216,0.6033399,0.058940142,-0.87802863,0.47496492
1356784418042,0.6546048,0.35601845,0.66689086,-0.7534958,0.23593876,0.6136586,0.061128408,-0.90420336,0.42270505
1356784418101,0.6898668,0.29759583,0.6599398,-0.7212831,0.20457499,0.66173995,0.06192386,-0.93251586,0.3557803
1356784418122,0.74606276,0.2315101,0.6243344,-0.663098,0.17275578,0.7283244,0.0607571,-0.95737064,0.28240055
1356784418162,0.80508447,0.17032138,0.5681809,-0.5903206,0.1364518,0.79555166,0.057970196,-0.97589517,0.21039945
1356784418200,0.85610557,0.12150945,0.5023134,-0.5139286,0.09783232,0.8522361,0.05441223,-0.98775727,0.14620197
1356784418229,0.8952441,0.08729628,0.43694088,-0.44264755,0.061998636,0.89454985,0.0510011,-0.99425125,0.09414539
1356784418273,0.9207553,0.06491102,0.38470274,-0.38728583,0.033004966,0.9213688,0.047109872,-0.99734515,0.05552861
1356784418312,0.9398073,0.049801737,0.33805627,-0.33909747,0.013942003,0.9406479,0.042132705,-0.9986618,0.029990435
1356784418352,0.95265865,0.0388169,0.30155388,-0.30193853,0.004321456,0.9533175,0.035701692,-0.99923694,0.015837193
1356784418392,0.96063584,0.029646277,0.27622434,-0.276392,0.0016343575,0.9610436,0.02803991,-0.99955916,0.009764017
1356784418432,0.96494067,0.021469556,0.26158854,-0.26169482,0.002249688,0.96514803,0.020132802,-0.999767,0.007789284
1356784418472,0.9666978,0.016184524,0.2554083,-0.25548512,0.0028353333,0.96680886,0.01492317,-0.999865,0.006875814
1356784418512,0.9669883,0.01736138,0.25422835,-0.25428924,0.0013583004,0.96712726,0.016445354,-0.9998483,0.0057282737
1356784418552,0.9665236,0.026645213,0.2551905,-0.2552073,-0.0028258562,0.9668823,0.026483886,-0.999641,0.004068792
1356784418592,0.9656343,0.042178392,0.25645936,-0.25631383,-0.008915184,0.96655256,0.043054,-0.99907035,0.0022020936
1356784418632,0.96454847,0.060946003,0.25677216,-0.25633466,-0.015025288,0.96647125,0.062760636,-0.998028,0.001129956
1356784418673,0.963529,0.07966943,0.2554695,-0.25479507,-0.018691184,0.96681434,0.08180062,-0.996646,0.0022898908
1356784418712,0.96293867,0.09793859,0.25131088,-0.2508116,-0.017578542,0.96787626,0.09921013,-0.99503714,0.007637083
1356784418752,0.96292984,0.116202086,0.2434403,-0.244127,-0.008505315,0.969706,0.114752404,-0.99318916,0.02017805
1356784418791,0.9634264,0.13438028,0.23184365,-0.23575956,0.0137765445,0.9717137,0.12738517,-0.99083406,0.04495412
1356784418832,0.96422136,0.15073022,0.21807712,-0.22866967,0.056723088,0.9718502,0.13411716,-0.9869463,0.08916104
1356784418872,0.9651568,0.1622903,0.20526622,-0.22662574,0.12625968,0.9657636,0.13081722,-0.9786319,0.15863955
1356784418913,0.96611357,0.16735056,0.19651556,-0.23087406,0.21982634,0.9478257,0.115419865,-0.9610776,0.2510141
1356784418952,0.96695244,0.16731623,0.1923753,-0.23800573,0.32184196,0.9163902,0.09141252,-0.93189216,0.35102808
1356784418992,0.96776855,0.16517732,0.19010682,-0.24266285,0.4096661,0.8793682,0.06737135,-0.8971567,0.43654433
1356784419032,0.9690449,0.16244428,0.18591356,-0.24143367,0.46616578,0.8511165,0.051592454,-0.8696559,0.49095508
1356784419072,0.97129226,0.15828976,0.1775831,-0.23323116,0.48662958,0.8418995,0.046846896,-0.8591484,0.50957763
1356784419112,0.9746489,0.15104865,0.1650571,-0.21796982,0.4745658,0.852805,0.050484587,-0.86716294,0.49545908
1356784419152,0.97883826,0.13988353,0.14935945,-0.19629796,0.43563056,0.8784607,0.057816636,-0.8891899,0.4538707
1356784419192,0.9833895,0.12552065,0.13110934,-0.16947013,0.37628013,0.9108749,0.06499979,-0.9179639,0.39130193
1356784419232,0.9878352,0.109917484,0.10999869,-0.13881865,0.3045491,0.9423265,0.07007815,-0.9461332,0.31610292
1356784419272,0.9917601,0.09513958,0.08579285,-0.10570423,0.22936213,0.96758443,0.07237794,-0.9686803,0.23752886
1356784419312,0.9948431,0.08247126,0.059039366,-0.0716087,0.15888643,0.9846965,0.071828604,-0.9838463,0.16397274
1356784419352,0.99690044,0.072291926,0.031039512,-0.038156822,0.099250615,0.99433064,0.06880138,-0.99243295,0.10170141
1356784419392,0.99793386,0.064117596,0.0041080527,-0.007569587,0.053838134,0.998521,0.0638016,-0.99648905,0.054212242
1356784419432,0.99821657,0.05669475,-0.018693468,0.017386217,0.023463845,0.9995736,0.057109192,-0.9981159,0.022436291
1356784419472,0.99819714,0.048779104,-0.034972444,0.034665655,0.0071214437,0.99937356,0.048997603,-0.9987842,0.005417645
1356784419512,0.9982459,0.039773125,-0.043854665,0.043800566,0.0022310615,0.9990378,0.0398327,-0.99920624,4.8506248E-4
1356784419552,0.9984864,0.02989627,-0.046163443,0.04604898,0.0045062304,0.9989291,0.030072276,-0.9995429,0.0031227171
1356784419592,0.9987701,0.021018278,-0.044905942,0.044717688,0.009342819,0.998956,0.021415886,-0.99973553,0.00839144
1356784419634,0.9988265,0.016906707,-0.045384787,0.045153208,0.013836145,0.9988843,0.017515795,-0.99976134,0.013056517
1356784419673,0.99844617,0.020318676,-0.051888384,0.051553223,0.016685724,0.9985309,0.021154622,-0.99965435,0.015612304
1356784419713,0.99728996,0.031359144,-0.066553794,0.066025116,0.017604291,0.9976626,0.03245748,-0.9993531,0.015486091
1356784419754,0.9949291,0.046547286,-0.08916055,0.088435344,0.01741764,0.99592966,0.04791079,-0.9987642,0.013212889
1356784419794,0.99083173,0.062264115,-0.11989901,0.11899336,0.01806882,0.9927306,0.06397792,-0.9978961,0.010494144
1356784419832,0.9840958,0.07629938,-0.16041769,0.1591801,0.022073954,0.98700273,0.07884875,-0.9968406,0.0095775435
1356784419872,0.9731647,0.08739352,-0.21286824,0.21082914,0.032042205,0.9769977,0.09220404,-0.99565846,0.012757242
1356784419912,0.9561063,0.09352742,-0.27769312,0.27392977,0.051181167,0.96038693,0.10403517,-0.9943003,0.023314688
1356784419952,0.9320883,0.08950466,-0.35099906,0.34413093,0.08367181,0.935186,0.11307221,-0.9924656,0.047188196
1356784419992,0.9042785,0.06634161,-0.42175722,0.41090134,0.13300967,0.9019249,0.11593294,-0.9888919,0.09301793
1356784420032,0.87945235,0.016574904,-0.47569814,0.46339715,0.19851938,0.86362785,0.10874984,-0.9799568,0.16690758
1356784420072,0.8610199,-0.056679875,-0.5054029,0.50030816,0.27281362,0.8217448,0.09130442,-0.9603958,0.26325536
1356784420112,0.84435457,-0.13835198,-0.5176139,0.5312572,0.34151787,0.7753266,0.06950642,-0.9296367,0.36186266
1356784420153,0.82209533,-0.21229592,-0.5282894,0.56702006,0.38913882,0.7259884,0.051453516,-0.89638233,0.44028527
1356784420192,0.78964245,-0.27081272,-0.5505681,0.61220706,0.4074722,0.67762005,0.040833056,-0.8721392,0.4875508
1356784420232,0.7450905,-0.31298113,-0.5889678,0.6659861,0.3969183,0.63159984,0.036093265,-0.86284333,0.50418115
1356784420272,0.6869706,-0.33890396,-0.64281845,0.7258671,0.36198664,0.58487844,0.034474075,-0.868395,0.49467337
1356784420312,0.61501783,-0.3474539,-0.7078339,0.7877757,0.3095672,0.53252006,0.034096032,-0.8851237,0.46410507
1356784420352,0.5320377,-0.3369743,-0.7767781,0.8460494,0.24809265,0.47185847,0.03370875,-0.9082391,0.41709155
1356784420392,0.445712,-0.30718085,-0.8408215,0.8945887,0.18687639,0.40594116,0.032432318,-0.9331223,0.35809356
1356784420432,0.3693498,-0.26092947,-0.89190614,0.9288094,0.13452932,0.34527504,0.029895097,-0.9559381,0.29204214
1356784420472,0.320384,-0.20557049,-0.9247134,0.9469236,0.096562594,0.3066126,0.026262194,-0.9738667,0.2255967
