1356782865223,-0.14337593,0.22300234,-0.9642164,-0.42498514,0.86600506,0.26348215,0.8937735,0.44755465,-0.029391587
1356782865283,-0.13258094,0.20101768,-0.97057426,-0.42846984,0.87137365,0.23900121,0.8937763,0.44754875,-0.029397547
1356782865302,-0.12407679,0.18373662,-0.9751132,-0.43097085,0.8751998,0.21974856,0.8937947,0.44751108,-0.029406846
1356782865343,-0.11521169,0.16584283,-0.9793991,-0.43335515,0.87879974,0.19978598,0.89382863,0.4474453,-0.02937913
1356782865380,-0.10500867,0.14524588,-0.9838072,-0.4360377,0.88238764,0.176814,0.8937808,0.44754404,-0.029325664
1356782865423,-0.09378493,0.12227246,-0.9880555,-0.4393464,0.88548774,0.15128185,0.8934086,0.44828665,-0.029325426
1356782865462,-0.082172245,0.09846409,-0.9917422,-0.44353265,0.88751745,0.12486577,0.8924834,0.45013052,-0.029257298
1356782865502,-0.071101904,0.07665032,-0.99451965,-0.44857103,0.88807684,0.10051648,0.8909145,0.4532596,-0.02876085
1356782865542,-0.06132883,0.058942422,-0.99637574,-0.4541964,0.8872623,0.08044425,0.88878816,0.4574838,-0.027643323
1356782865582,-0.05341921,0.046480343,-0.9974898,-0.460064,0.885437,0.06589708,0.8862773,0.4624293,-0.025915384
1356782865622,-0.047346473,0.039780825,-0.99808604,-0.46588477,0.8829886,0.057293683,0.88357776,0.46770576,-0.02327311
1356782865662,-0.042532317,0.03888303,-0.99833816,-0.47136974,0.88025844,0.05436589,0.8809095,0.47289872,-0.019111156
1356782865702,-0.038388997,0.04282005,-0.998345,-0.4762361,0.8775356,0.05595091,0.8784791,0.47759584,-0.013295293
1356782865742,-0.034700364,0.049579605,-0.9981673,-0.48032027,0.87502754,0.06016107,0.87640655,0.48152757,-0.0065496564
1356782865782,-0.031808905,0.056469306,-0.99789745,-0.48360908,0.87288135,0.064810336,0.87470585,0.48465383,-4.5633316E-4
1356782865822,-0.030583233,0.06030175,-0.99771166,-0.48620507,0.87122905,0.067560956,0.8733095,0.48715866,0.0026739836
1356782865862,-0.03236109,0.057348356,-0.99782956,-0.4880367,0.87033564,0.06584866,0.8722229,0.48910844,-1.7690659E-4
1356782865902,-0.038499206,0.044149667,-0.9982828,-0.48863158,0.87060356,0.057347268,0.8716403,0.49000034,-0.011944592
1356782865942,-0.04948961,0.019610122,-0.9985821,-0.48748863,0.8721526,0.0412872,0.8717257,0.4888407,-0.033602774
1356782865982,-0.064536236,-0.013784602,-0.99782026,-0.48478085,0.87442327,0.019274369,0.8722515,0.484968,-0.063114524
1356782866022,-0.082176805,-0.0512176,-0.9953008,-0.4816605,0.8763417,-0.0053278506,0.87249655,0.4789593,-0.096684456
1356782866062,-0.10115677,-0.08750135,-0.9910151,-0.48004156,0.8767854,-0.028415784,0.8713939,0.47285396,-0.13069707
1356782866103,-0.12163001,-0.120561704,-0.9852264,-0.48210394,0.8748236,-0.047534123,0.86763,0.46919996,-0.16452807
1356782866143,-0.14356461,-0.14631811,-0.97876465,-0.48791954,0.8709175,-0.058628008,0.8610016,0.46914148,-0.19642437
1356782866182,-0.16717792,-0.16741171,-0.9716094,-0.49800906,0.8648563,-0.06332888,0.8509045,0.4732831,-0.22795743
1356782866222,-0.1934909,-0.18467756,-0.9635639,-0.51148975,0.8570816,-0.061558053,0.83722126,0.48094213,-0.26029813
1356782866262,-0.2225652,-0.19976826,-0.9542313,-0.5268566,0.84819317,-0.05468501,0.8202968,0.4905721,-0.2940275
1356782866302,-0.25349057,-0.21482585,-0.94318205,-0.54252565,0.83881986,-0.04524584,0.8008798,0.5002311,-0.32918143
1356782866342,-0.2846191,-0.23164374,-0.93023276,-0.5569734,0.8297408,-0.03620489,0.78023875,0.50781035,-0.36517948
1356782866382,-0.31374162,-0.2514674,-0.91560376,-0.5692321,0.8216073,-0.030598015,0.7599611,0.5115912,-0.40091574
1356782866423,-0.33845216,-0.27460158,-0.9000245,-0.5788658,0.814836,-0.030929,0.74186546,0.51052547,-0.43474048
1356782866462,-0.35639983,-0.29869652,-0.88530195,-0.58469105,0.8103641,-0.03803131,0.7287768,0.50407374,-0.46345884
1356782866502,-0.36581388,-0.31846362,-0.8745062,-0.5846664,0.8097132,-0.050297037,0.724117,0.49289507,-0.48239928
1356782866542,-0.36614934,-0.32713535,-0.8711584,-0.57699275,0.8142949,-0.063271016,0.73007804,0.47948548,-0.48690826
1356782866582,-0.35780305,-0.31898522,-0.87762487,-0.56147367,0.82446426,-0.070753396,0.74613965,0.46744746,-0.4740976
1356782866622,-0.34148937,-0.29047894,-0.89387196,-0.5394534,0.8393712,-0.066678524,0.7696591,0.45943224,-0.4433362
1356782866662,-0.31774724,-0.24218297,-0.9167246,-0.5145648,0.8561171,-0.04781747,0.7964042,0.45652038,-0.3966477
1356782866702,-0.28720075,-0.17867942,-0.94105756,-0.49228954,0.8703022,-0.015003517,0.8216853,0.45896375,-0.33791345
1356782866742,-0.25121808,-0.10923301,-0.9617473,-0.47829503,0.87783664,0.025232837,0.84150076,0.46633786,-0.27277404
1356782866782,-0.21198332,-0.043966234,-0.97628385,-0.4749319,0.87772167,0.06359582,0.85410935,0.47714955,-0.20694327
1356782866822,-0.1715172,0.009649977,-0.98513377,-0.480174,0.87231994,0.092145845,0.86024106,0.48884022,-0.14498419
1356782866862,-0.1311341,0.047511086,-0.9902255,-0.48978907,0.86532646,0.10638042,0.86192256,0.49895173,-0.090203404
1356782866902,-0.09177631,0.06728484,-0.99350387,-0.50047255,0.8594302,0.10443658,0.86087424,0.5068062,-0.045201123
1356782866942,-0.054320164,0.066836074,-0.99628425,-0.51116425,0.8552453,0.08524451,0.85776484,0.5138954,-0.012292862
1356782866982,-0.019461364,0.04518959,-0.9987888,-0.5220858,0.85150146,0.048698485,0.85267085,0.5224012,0.007021427
1356782867022,0.011858381,0.0044327974,-0.9999198,-0.5333925,0.84586394,-0.0025758147,0.84578466,0.53338027,0.012394965
1356782867062,0.039341718,-0.049783662,-0.99798495,-0.5441145,0.83662856,-0.06318417,0.8380882,0.54550374,0.0058264136
1356782867106,0.062465493,-0.109383404,-0.9920349,-0.5523825,0.8240673,-0.12564489,0.831247,0.5558312,-0.0089457035
1356782867144,0.08210921,-0.16401869,-0.9830341,-0.5556037,0.81133306,-0.181778,0.827383,0.561103,-0.024511456
1356782867184,0.09644848,-0.2087337,-0.973205,-0.5525132,0.8020592,-0.22678246,0.8279052,0.5595814,-0.03797072
1356782867213,0.10508677,-0.24083647,-0.9648599,-0.5466665,0.79649854,-0.25835186,0.83073014,0.55460596,-0.04795581
1356782867244,0.10871342,-0.2620778,-0.9589038,-0.53868604,0.79517883,-0.2784024,0.83546317,0.54681414,-0.05473107
1356782867284,0.10706356,-0.27235547,-0.9562217,-0.5268023,0.80011356,-0.28687558,0.8432181,0.5344537,-0.05781448
1356782867324,0.09568715,-0.26463956,-0.9595884,-0.51366496,0.8126149,-0.27532765,0.8526385,0.5192523,-0.05817926
1356782867353,0.07408485,-0.2385607,-0.9682976,-0.501958,0.8300792,-0.2429127,0.8617132,0.50404084,-0.058251202
1356782867384,0.047202468,-0.20537315,-0.9775448,-0.49057233,0.84771544,-0.20178537,0.8701211,0.4890812,-0.06073612
1356782867413,0.012915134,-0.16901228,-0.9855293,-0.48002884,0.8635608,-0.15438607,0.87715757,0.4750764,-0.06997776
1356782867444,-0.029289395,-0.1393652,-0.98980784,-0.47082567,0.87542593,-0.10932806,0.88174,0.4628248,-0.09125739
1356782867484,-0.08000365,-0.15304866,-0.9849749,-0.46765456,0.87840545,-0.09850477,0.8802833,0.45274723,-0.14184952
1356782867524,-0.13723582,-0.2072531,-0.9686137,-0.47307163,0.8728496,-0.11973649,0.87026983,0.44179153,-0.21783179
1356782867564,-0.18387347,-0.29832137,-0.9365869,-0.4899482,0.8538458,-0.17577867,0.8521393,0.42655802,-0.30316162
1356782867604,-0.21071923,-0.39122608,-0.8958458,-0.51295775,0.8243688,-0.23935431,0.8321489,0.40909445,-0.3743928
1356782867644,-0.2246877,-0.44453213,-0.86712545,-0.52847916,0.80322766,-0.27483654,0.81867284,0.39650536,-0.41540134
1356782867674,-0.23611468,-0.45687497,-0.8576218,-0.532871,0.79891574,-0.27889448,0.8125875,0.3911507,-0.43209118
1356782867714,-0.2659246,-0.37470585,-0.88818896,-0.5090255,0.83702195,-0.200717,0.81864345,0.39873526,-0.4133196
1356782867754,-0.31064606,-0.20271,-0.9286591,-0.46055332,0.8867526,-0.039502725,0.8314985,0.41542566,-0.36882496
1356782867794,-0.3518204,0.01827915,-0.93588907,-0.403055,0.89942056,0.16908373,0.8448486,0.4367019,-0.309067
1356782867834,-0.37447655,0.21810706,-0.9012195,-0.36063915,0.86115396,0.35826418,0.85422873,0.45917657,-0.243824
1356782867864,-0.38043404,0.3501499,-0.8559585,-0.34441093,0.80533254,0.48251492,0.8582838,0.47836655,-0.1857804
1356782867904,-0.3794027,0.43613175,-0.8159919,-0.34732512,0.7502975,0.56251127,0.85756564,0.49683276,-0.13318539
1356782867934,-0.37241554,0.48002553,-0.7942808,-0.36311388,0.71225154,0.6007046,0.85408133,0.51212615,-0.090949655
1356782867974,-0.36375868,0.49559748,-0.7887095,-0.38522488,0.6908779,0.6117921,0.8481046,0.5263753,-0.060396314
1356782868004,-0.3492762,0.4860697,-0.8010883,-0.4123409,0.6879729,0.5972171,0.8414162,0.53891516,-0.03986621
1356782868044,-0.3317562,0.45184162,-0.8281165,-0.44311467,0.70032704,0.559635,0.8328188,0.55261296,-0.032120228
1356782868104,-0.3048453,0.38798743,-0.86979026,-0.48066014,0.72574687,0.49219638,0.8222136,0.5681172,-0.03475046
1356782868124,-0.2690148,0.3043911,-0.9137708,-0.5209994,0.7519618,0.40387258,0.810056,0.58472174,-0.04370135
1356782868182,-0.22914426,0.21939005,-0.94834644,-0.55699724,0.7694435,0.3125872,0.79827756,0.5998539,-0.054113925
1356782868204,-0.19309194,0.15281186,-0.969208,-0.58168125,0.7776667,0.23849848,0.79016614,0.60982215,-0.061273396
1356782868243,-0.16836965,0.11645165,-0.97882104,-0.5920253,0.7820044,0.19487204,0.7881355,0.6122974,-0.06272346
1356782868280,-0.1600522,0.11326948,-0.9805882,-0.5890584,0.78616595,0.18695788,0.7920817,0.60754675,-0.059105277
1356782868323,-0.17103653,0.14406909,-0.9746745,-0.57419336,0.7893197,0.21743119,0.80065495,0.5968404,-0.052278996
1356782868362,-0.20355819,0.2111363,-0.95602596,-0.5473483,0.7850815,0.28992566,0.8117721,0.5822959,-0.044244647
1356782868402,-0.2553123,0.31360275,-0.9145867,-0.5056857,0.76292944,0.4027661,0.82407373,0.5653246,-0.03620088
1356782868442,-0.31851128,0.4404954,-0.83935356,-0.4460474,0.7116654,0.5427468,0.83641636,0.54726243,-0.03019166
1356782868482,-0.37848395,0.56166685,-0.7357174,-0.37229812,0.6353406,0.6765622,0.8474337,0.5299742,-0.03135866
1356782868522,-0.42624834,0.64635015,-0.63288534,-0.29518616,0.56194675,0.7727102,0.8550892,0.5161854,-0.04873526
1356782868562,-0.4656558,0.6838549,-0.5617002,-0.22242944,0.52389693,0.82222694,0.8565569,0.5078134,-0.09184623
1356782868602,-0.5048286,0.68047297,-0.5311352,-0.15615734,0.53315353,0.8314819,0.84897757,0.50269645,-0.16289032
1356782868642,-0.54506195,0.65015185,-0.5293487,-0.09954259,0.57673204,0.81084615,0.83246547,0.49465412,-0.24963689
1356782868682,-0.57961315,0.6122267,-0.5377983,-0.056943357,0.62792015,0.77619183,0.8128997,0.48051503,-0.3290885
1356782868722,-0.60084146,0.58454347,-0.54525083,-0.03063038,0.6647654,0.74642396,0.7987811,0.46518373,-0.38151383
1356782868762,-0.60631645,0.57270646,-0.5517134,-0.02268657,0.68104446,0.7318905,0.79489976,0.45627373,-0.39993572
1356782868802,-0.59793675,0.57233506,-0.5611633,-0.034903407,0.6808477,0.7315929,0.80078304,0.4570328,-0.38712746
1356782868843,-0.57875144,0.5776217,-0.57567346,-0.065965176,0.67043936,0.7390261,0.81283164,0.46568686,-0.3499148
1356782868882,-0.5518757,0.5841563,-0.59514254,-0.11157566,0.6555234,0.74688673,0.8264285,0.47859204,-0.29658985
1356782868922,-0.52031314,0.5889989,-0.61834824,-0.16617933,0.64040637,0.74984276,0.8376508,0.49290967,-0.23533243
1356782868962,-0.48667595,0.5902133,-0.6440456,-0.22411636,0.628216,0.74506134,0.844345,0.5069446,-0.1734612
1356782869002,-0.45292917,0.5866793,-0.6713141,-0.28039497,0.6210307,0.73191506,0.8463061,0.51973873,-0.116781
1356782869042,-0.4204687,0.5767954,-0.70036644,-0.3315311,0.62086755,0.7103595,0.8445669,0.5308772,-0.06982976
1356782869102,-0.39010736,0.5583852,-0.7321354,-0.3760874,0.62915516,0.6802367,0.8404609,0.54071224,-0.03543639
1356782869124,-0.36176777,0.52914953,-0.7675447,-0.41447446,0.6461768,0.64083266,0.8350659,0.54996026,-0.014446974
1356782869163,-0.33484498,0.48720983,-0.8065392,-0.44795927,0.6707295,0.59114665,0.8289821,0.5592392,-0.0063402057
1356782869204,-0.30829722,0.43139258,-0.8478522,-0.47843555,0.7000297,0.530149,0.82222396,0.5690861,-0.009423614
1356782869244,-0.28117567,0.36402255,-0.88793457,-0.5074841,0.72890073,0.45952544,0.8144938,0.5798201,-0.020213485
1356782869284,-0.25347012,0.293804,-0.9216465,-0.5343581,0.75167674,0.38657933,0.8063588,0.5904755,-0.03353107
1356782869324,-0.22683161,0.23351288,-0.9455259,-0.5556967,0.76626414,0.32255298,0.79984283,0.59859085,-0.044050574
1356782869364,-0.20421468,0.1927238,-0.9597676,-0.5682776,0.7749775,0.27653283,0.7970928,0.6018865,-0.04874116
1356782869404,-0.18857054,0.1738617,-0.9665471,-0.5713624,0.7810616,0.25196788,0.7987403,0.5997623,-0.04794717
1356782869444,-0.18202585,0.17482615,-0.9676272,-0.566197,0.7859171,0.24850619,0.8039202,0.59310216,-0.044071198
1356782869484,-0.18568774,0.1931449,-0.9634392,-0.55423766,0.78904593,0.26500407,0.81138194,0.58318233,-0.03946799
1356782869524,-0.1994789,0.22691026,-0.95326805,-0.5360664,0.78907025,0.30000168,0.82026887,0.570859,-0.03576386
1356782869564,-0.22220844,0.27209705,-0.9362621,-0.5117436,0.7848188,0.34953955,0.82990474,0.5567967,-0.035149455
1356782869604,-0.25217175,0.31923568,-0.9135086,-0.48200315,0.7771379,0.40463522,0.8390961,0.5423516,-0.042099595
1356782869644,-0.28825033,0.35265502,-0.8902506,-0.449267,0.7712228,0.4509707,0.84561867,0.5299527,-0.06386894
1356782869684,-0.33065867,0.35476223,-0.8745334,-0.41823462,0.77561045,0.4727666,0.846017,0.5220845,-0.10808849
1356782869724,-0.37870377,0.3135695,-0.8707799,-0.395958,0.79551274,0.45866847,0.83654094,0.51849174,-0.17710328
1356782869764,-0.42666346,0.23490912,-0.87337047,-0.3884163,0.8244933,0.41151384,0.8167564,0.51480925,-0.26053864
1356782869804,-0.46514177,0.14843707,-0.8727025,-0.39285105,0.84883434,0.3537631,0.79329133,0.5073921,-0.33651465
1356782869842,-0.48930198,0.09106749,-0.8673467,-0.39719567,0.8621295,0.3145923,0.77641433,0.498437,-0.38567007
1356782869881,-0.5003946,0.082069635,-0.86189896,-0.3917289,0.86631393,0.30991694,0.7721099,0.4927115,-0.40134978
1356782869922,-0.5001286,0.11888747,-0.8577512,-0.3766014,0.8620907,0.33907372,0.7797709,0.49261075,-0.38638306
1356782869962,-0.48915768,0.18406919,-0.85255104,-0.36016092,0.8476187,0.38964936,0.7943607,0.49765554,-0.34832466
1356782870002,-0.4692701,0.25766352,-0.84462714,-0.35155073,0.8229078,0.44635737,0.81006026,0.50639147,-0.2955842
1356782870042,-0.44404197,0.32388583,-0.8354188,-0.3555325,0.792148,0.49608278,0.82244956,0.5173001,-0.23659503
1356782870106,-0.41712976,0.37549236,-0.8276523,-0.37093315,0.7610251,0.53221184,0.82970566,0.5290051,-0.17816365
1356782870124,-0.39076406,0.4116389,-0.82332057,-0.3930665,0.7341674,0.55362165,0.83234733,0.53995514,-0.12508476
1356782870164,-0.36583427,0.43413308,-0.8232216,-0.41720733,0.7141819,0.5620342,0.8319276,0.5490654,-0.0801487
1356782870204,-0.34258175,0.44399843,-0.82795113,-0.44048646,0.7025011,0.5589847,0.82982486,0.55619925,-0.04508871
1356782870244,-0.32108223,0.4412513,-0.8379758,-0.46199873,0.699421,0.5453141,0.8267184,0.5622344,-0.020714104
1356782870284,-0.30106503,0.42509204,-0.8536138,-0.48208535,0.7044868,0.52085704,0.82277185,0.56832653,-0.0071656704
1356782870324,-0.28205428,0.39494705,-0.8743352,-0.5015436,0.71619236,0.48530656,0.8178627,0.57540005,-0.0039219856
1356782870364,-0.26337445,0.3527135,-0.8979015,-0.5206955,0.73156315,0.44010404,0.81210226,0.5834454,-0.009018719
1356782870402,-0.24477391,0.30540216,-0.9202257,-0.5378673,0.7468991,0.39094815,0.8067122,0.5906532,-0.018555582
1356782870442,-0.22743697,0.26350453,-0.9374635,-0.5497495,0.7598652,0.34695888,0.80377114,0.5942813,-0.027959943
1356782870482,-0.21422617,0.23561744,-0.9479407,-0.5538482,0.77008593,0.31657517,0.8045864,0.59283394,-0.03447622
1356782870522,-0.20868216,0.22592357,-0.9515305,-0.5498358,0.77752006,0.30519354,0.80878454,0.586874,-0.038033724
1356782870562,-0.21377273,0.23604411,-0.94793695,-0.53834045,0.7812613,0.31594357,0.8151631,0.57785285,-0.039940298
1356782870602,-0.23110715,0.26712862,-0.9355383,-0.5192816,0.7792889,0.35079277,0.8227613,0.5668785,-0.04138422
1356782870642,-0.26020378,0.31884384,-0.9113904,-0.4915082,0.7687184,0.40925753,0.8310919,0.5544462,-0.043309093
1356782870682,-0.2983412,0.38599947,-0.8729243,-0.45398244,0.7471064,0.48552245,0.83957875,0.5411437,-0.047655582
1356782870722,-0.34139362,0.45558876,-0.8221249,-0.40760744,0.7163875,0.5662554,0.8469396,0.52842015,-0.058868766
1356782870762,-0.38661557,0.50976384,-0.76855016,-0.35585624,0.68635535,0.63425756,0.85082006,0.51870716,-0.08395308
1356782870802,-0.4346683,0.5332091,-0.7257766,-0.304,0.6717173,0.675559,0.8477308,0.51428014,-0.12987864
1356782870842,-0.48723978,0.5194019,-0.70201075,-0.25851762,0.6820656,0.6840725,0.834126,0.51478946,-0.19805497
1356782870882,-0.5414705,0.47395176,-0.69439137,-0.22593307,0.7135323,0.66319364,0.8097925,0.5159858,-0.2792753
1356782870922,-0.5887364,0.4162178,-0.69293016,-0.20767099,0.75058424,0.62729263,0.78119284,0.5132115,-0.35545993
1356782870962,-0.6212007,0.37052655,-0.6905214,-0.19766796,0.77857935,0.5956018,0.75831205,0.50648224,-0.4104128
1356782871002,-0.6364533,0.35208556,-0.68626744,-0.18925318,0.7912539,0.58146405,0.7477369,0.499953,-0.43696284
1356782871042,-0.6356108,0.36311865,-0.681281,-0.18094164,0.7878263,0.58871883,0.7505058,0.49746817,-0.43504763
1356782871106,-0.62088394,0.39606026,-0.6764904,-0.17658845,0.7701306,0.6129562,0.76375353,0.5000351,-0.40822202
1356782871124,-0.59555495,0.43925166,-0.6725863,-0.18133833,0.74214137,0.6452462,0.78257954,0.5062452,-0.36233282
1356782871182,-0.5635999,0.48323983,-0.66995096,-0.19773607,0.7085285,0.6774125,0.8020321,0.51426315,-0.30377263
1356782871202,-0.52898514,0.52178305,-0.6692661,-0.22489206,0.674253,0.7034248,0.8182899,0.5226139,-0.23932493
1356782871243,-0.4948824,0.5518036,-0.6712705,-0.258999,0.64372075,0.7200994,0.8294642,0.53022295,-0.17564946
1356782871280,-0.4634185,0.57209027,-0.67672455,-0.295309,0.62031984,0.72663325,0.83548546,0.5365781,-0.11852431
1356782871323,-0.43585217,0.5821655,-0.68637913,-0.33038223,0.60589695,0.72369635,0.83718604,0.5421921,-0.07174432
1356782871362,-0.412667,0.58112067,-0.70143044,-0.3628729,0.6014321,0.7117603,0.8354814,0.5482501,-0.03731823
1356782871402,-0.39367568,0.568537,-0.722347,-0.39279318,0.60641265,0.69135904,0.83110356,0.55590415,-0.01541245
1356782871442,-0.3775919,0.5443588,-0.74906474,-0.42064697,0.61982226,0.66247755,0.8249125,0.56523794,-0.005057037
1356782871482,-0.3627856,0.50902736,-0.78056246,-0.447051,0.6398783,0.62506104,0.8176381,0.57571435,-0.0045773983
1356782871522,-0.34747168,0.46442768,-0.81459826,-0.47234514,0.6637676,0.57991606,0.810033,0.586276,-0.011270285
1356782871562,-0.33008268,0.41579673,-0.8474423,-0.49522647,0.68801033,0.5304645,0.80361444,0.594773,-0.02118671
1356782871602,-0.31026462,0.37093377,-0.8752965,-0.51276726,0.7100134,0.48264965,0.80050325,0.59857255,-0.030089319
1356782871642,-0.2894321,0.3359151,-0.89632034,-0.5228131,0.7289075,0.4419959,0.80180776,0.5965358,-0.035348415
1356782871682,-0.27007878,0.31236276,-0.9107617,-0.5255845,0.7447241,0.4112747,0.80673313,0.5897588,-0.03696114
1356782871722,-0.25462753,0.2989514,-0.9196699,-0.5227775,0.7575197,0.3909828,0.8135529,0.58033776,-0.03660029
1356782871762,-0.24474056,0.29423994,-0.9238641,-0.5158124,0.76730686,0.381022,0.82099915,0.56979215,-0.03601849
1356782871802,-0.24109446,0.29725432,-0.92385775,-0.5052417,0.7743231,0.38099143,0.82861584,0.5586264,-0.03649974
1356782871842,-0.24353965,0.30553645,-0.92050844,-0.49139535,0.7793846,0.38870332,0.83619314,0.54699826,-0.03967184
1356782871882,-0.25171196,0.31251615,-0.91595566,-0.47532374,0.78449684,0.39828634,0.84303534,0.53562886,-0.04892093
1356782871922,-0.26594785,0.30603975,-0.9141179,-0.45955485,0.7933277,0.39930016,0.8473967,0.5262803,-0.07034171
1356782871962,-0.28728473,0.26979157,-0.9190647,-0.4490709,0.80958706,0.3780267,0.8460513,0.52132654,-0.11142641
1356782872002,-0.31471923,0.18996571,-0.9299811,-0.451774,0.8316946,0.3227758,0.83477664,0.52172506,-0.17592877
1356782872042,-0.34143692,0.06774986,-0.9374598,-0.47453415,0.8485216,0.23415478,0.8113189,0.5248058,-0.257567
1356782872107,-0.3567505,-0.07227893,-0.93139946,-0.5140245,0.8476976,0.13110143,0.78006923,0.5255326,-0.3395697
1356782872124,-0.35479087,-0.19574384,-0.91422516,-0.5556421,0.83056176,0.03780192,0.751921,0.52139384,-0.40343922
1356782872163,-0.337849,-0.28188092,-0.89799833,-0.58587563,0.8096982,-0.0337428,0.7366191,0.51471543,-0.43870288
1356782872204,-0.31077284,-0.32622316,-0.89274776,-0.59966207,0.79602736,-0.08213279,0.73744524,0.50982237,-0.44300735
1356782872244,-0.27711317,-0.3325513,-0.90145314,-0.5983905,0.7937722,-0.108877614,0.75175595,0.5092496,-0.41896033
1356782872284,-0.23896748,-0.30688655,-0.92125744,-0.58617127,0.80196947,-0.11510119,0.7741433,0.5125092,-0.37153268
1356782872324,-0.19766325,-0.2571262,-0.9459468,-0.5687586,0.816034,-0.10296674,0.7984003,0.51766264,-0.30754268
1356782872364,-0.1546638,-0.19339655,-0.9688534,-0.5524542,0.82993495,-0.07747501,0.81906873,0.5232645,-0.23520362
1356782872404,-0.11183375,-0.12770823,-0.98548657,-0.54199564,0.8390533,-0.047225997,0.8329069,0.528848,-0.16305178
1356782872443,-0.07117208,-0.07183646,-0.9948739,-0.5387059,0.8421994,-0.022274017,0.8394823,0.53435916,-0.098639846
1356782872484,-0.034304023,-0.03359309,-0.9988467,-0.54087114,0.84104943,-0.00971058,0.84040564,0.53991425,-0.047020912
1356782872524,-0.0021997318,-0.015797734,-0.9998728,-0.54598397,0.8377092,-0.012034386,0.83779275,0.54588807,-0.010468066
1356782872564,0.024573572,-0.01695782,-0.99955416,-0.55238086,0.833131,-0.027714401,0.83322954,0.5528157,0.011105835
1356782872604,0.045591623,-0.033335388,-0.9984038,-0.5594593,0.82715106,-0.05316493,0.827603,0.5609902,0.019061387
1356782872644,0.060531557,-0.06025207,-0.9963461,-0.5674997,0.8190766,-0.08400969,0.82114553,0.57051134,0.015386939
1356782872683,0.069545686,-0.09217431,-0.9933113,-0.5769513,0.80858135,-0.11542697,0.8138124,0.5811197,0.003053248
1356782872723,0.07354608,-0.12311645,-0.98966324,-0.58690065,0.7969737,-0.14276047,0.8063117,0.59133345,-0.013642848
1356782872764,0.07395333,-0.14797072,-0.98622286,-0.59464693,0.78734773,-0.1627224,0.8005785,0.5984883,-0.029763341
1356782872804,0.071929306,-0.16382101,-0.9838642,-0.59765756,0.78264034,-0.17400979,0.7985183,0.6005303,-0.041614115
1356782872843,0.067708045,-0.17017624,-0.9830848,-0.5955136,0.7836774,-0.1766728,0.8004869,0.59740245,-0.048281014
1356782872882,0.0605734,-0.16785923,-0.98394823,-0.58957577,0.78941166,-0.17096692,0.8054385,0.59046805,-0.051148355
1356782872922,0.049341533,-0.1577192,-0.9862506,-0.58140296,0.79837126,-0.15676118,0.81211835,0.5811438,-0.05230552
1356782872962,0.033009592,-0.14037822,-0.98954755,-0.5716788,0.8094771,-0.13390346,0.8198132,0.5701235,-0.053530753
1356782873002,0.010901477,-0.117190495,-0.99304956,-0.5605403,0.82168156,-0.1031207,0.8280553,0.5577685,-0.056732476
1356782873042,-0.017784175,-0.09224269,-0.9955777,-0.5486779,0.8333119,-0.067407236,0.83584464,0.54505277,-0.0654313
1356782873108,-0.054303937,-0.07471523,-0.9957252,-0.5382693,0.8420936,-0.033831686,0.8410216,0.53413105,-0.085945904
1356782873124,-0.09950477,-0.077910036,-0.9919822,-0.53334105,0.8458015,-0.012930095,0.84002745,0.52777827,-0.12571388
1356782873163,-0.15143692,-0.11389804,-0.9818829,-0.5391746,0.8420688,-0.014522105,0.828467,0.52720714,-0.18893123
1356782873204,-0.20299083,-0.18193375,-0.9621303,-0.55858207,0.8285402,-0.038822547,0.80422676,0.52954817,-0.26981097
1356782873244,-0.24390888,-0.26438063,-0.93306565,-0.58678687,0.80625504,-0.0750598,0.77213323,0.5292028,-0.35178787
1356782873284,-0.26774347,-0.33757383,-0.9024175,-0.6130695,0.782232,-0.110719964,0.74327594,0.52360004,-0.4163937
1356782873324,-0.27488232,-0.38547158,-0.8808242,-0.628868,0.7650662,-0.13855952,0.7272996,0.5158346,-0.4527139
1356782873364,-0.2692777,-0.40210885,-0.8750989,-0.63155,0.75973225,-0.15476277,0.7270723,0.51099455,-0.45853078
1356782873404,-0.25474662,-0.38743046,-0.88600326,-0.6226183,0.76676303,-0.1562719,0.73989904,0.5118321,-0.43655157
1356782873444,-0.23382396,-0.34469464,-0.909127,-0.6058085,0.7830051,-0.14106402,0.76047516,0.5177727,-0.3919043
1356782873484,-0.20822603,-0.27999765,-0.93714625,-0.5862609,0.8026797,-0.10955988,0.7829048,0.52659905,-0.33129048
1356782873524,-0.17974335,-0.20272686,-0.9625976,-0.5693681,0.81940854,-0.06625405,0.8021922,0.5361637,-0.26270944
1356782873564,-0.15051758,-0.12368673,-0.9808395,-0.558615,0.829213,-0.01884231,0.81565547,0.54507554,-0.1939044
1356782873604,-0.12273545,-0.052882195,-0.99102956,-0.55460113,0.8317614,0.024301857,0.82301503,0.5526087,-0.13141513
1356782873644,-0.098042876,0.0031463504,-0.99517727,-0.55573666,0.82937634,0.057372183,0.8255571,0.55868137,-0.07956594
1356782873683,-0.07726953,0.041999012,-0.9961252,-0.5599263,0.82484275,0.07821089,0.8249315,0.5638,-0.04021889
1356782873713,-0.059981078,0.066608384,-0.9959747,-0.5650845,0.82023096,0.08888638,0.8228498,0.56814134,-0.01155895
1356782873754,-0.047545075,0.07652916,-0.99593306,-0.571421,0.8157115,0.08995983,0.8192786,0.5733743,0.0049473047
1356782873794,-0.03908643,0.07337108,-0.9965385,-0.57873404,0.8113394,0.08243479,0.81457925,0.5799528,0.010749996
1356782873834,-0.034635484,0.060311526,-0.99757856,-0.58709645,0.80655843,0.069146514,0.8087757,0.58806974,0.007473111
1356782873873,-0.03382042,0.041534483,-0.9985645,-0.5959264,0.8012543,0.053510994,0.80232656,0.5968807,-0.002347231
1356782873914,-0.03572285,0.022116303,-0.99911696,-0.6032762,0.7965683,0.03920248,0.7967319,0.60414386,-0.015113473
1356782873954,-0.039159857,0.007164508,-0.99920726,-0.606477,0.7945548,0.029465497,0.79413605,0.60715014,-0.026769578
1356782873994,-0.043482482,-1.2305379E-4,-0.99905413,-0.6038891,0.7966381,0.026185364,0.79588133,0.60445654,-0.034714103
1356782874034,-0.049057104,9.7095966E-4,-0.9987955,-0.5958809,0.80251044,0.030047566,0.80157304,0.59663725,-0.038790286
1356782874074,-0.05700744,0.009591341,-0.99832773,-0.5841457,0.8106053,0.041144192,0.80964434,0.58551437,-0.04060781
1356782874111,-0.06851535,0.0246633,-0.9973451,-0.57001805,0.8194804,0.059423864,0.8187704,0.5725762,-0.04208845
1356782874171,-0.08457592,0.045748204,-0.9953663,-0.5542958,0.8279524,0.085152,0.82801145,0.5589292,-0.044666827
1356782874192,-0.10493645,0.07033348,-0.9919887,-0.5369372,0.83560276,0.116044804,0.8370704,0.5448129,-0.04992056
1356782874233,-0.13027442,0.09359692,-0.9870502,-0.51841104,0.84217733,0.14828117,0.84515,0.53101504,-0.061192453
1356782874270,-0.1620763,0.10579747,-0.9810903,-0.50101674,0.8477276,0.17418411,0.85012555,0.5197737,-0.08439028
1356782874313,-0.20208251,0.09178591,-0.97505796,-0.4896527,0.8527633,0.18175523,0.84817624,0.5141693,-0.12738538
1356782874352,-0.24868068,0.04120922,-0.9677085,-0.49051243,0.8561473,0.16250983,0.83519787,0.51508605,-0.19269365
1356782874392,-0.29471385,-0.04485725,-0.95453215,-0.5079006,0.8534731,0.11670731,0.8094324,0.5192027,-0.2743134
1356782874432,-0.32906535,-0.146721,-0.9328392,-0.5376907,0.8411882,0.05736831,0.7762762,0.5204569,-0.35569644
1356782874472,-0.34470963,-0.23755783,-0.9081528,-0.5682817,0.8228339,4.6417117E-4,0.74714863,0.5162467,-0.4186386
1356782874512,-0.3425283,-0.29936117,-0.8905376,-0.58943087,0.80659604,-0.044430226,0.7316048,0.5096917,-0.4527347
1356782874552,-0.3267914,-0.32620314,-0.8870168,-0.59745705,0.7985212,-0.073545665,0.73229253,0.5059203,-0.4558422
1356782874592,-0.30159557,-0.31907338,-0.898461,-0.5934954,0.8003361,-0.08500126,0.74619246,0.5075965,-0.43074644
1356782874632,-0.26971328,-0.28310612,-0.9203835,-0.5814264,0.8097835,-0.078702286,0.7675925,0.51390815,-0.38301474
1356782874672,-0.23325586,-0.22607471,-0.94577056,-0.56649613,0.8221047,-0.056798667,0.79036313,0.52252674,-0.31983113
1356782874712,-0.19431567,-0.15782453,-0.96815944,-0.5539007,0.83222234,-0.024493366,0.8095896,0.53150475,-0.24913299
1356782874752,-0.15505826,-0.08923523,-0.9838668,-0.54695994,0.8370957,0.010278106,0.82267344,0.5397295,-0.17860669
1356782874792,-0.11735702,-0.03021273,-0.9926301,-0.54624414,0.83671224,0.039114535,0.82936406,0.5468088,-0.114697576
1356782874832,-0.08246037,0.01229772,-0.9965184,-0.55022216,0.833151,0.055811703,0.8309367,0.55290884,-0.061935484
1356782874872,-0.050987028,0.034701914,-0.9980962,-0.55670655,0.828734,0.057252467,0.82914305,0.5585658,-0.022935927
1356782874912,-0.02320373,0.036562473,-0.99906194,-0.56411755,0.8245595,0.043278158,0.8253684,0.5645926,0.0014926791
1356782874952,6.7934394E-4,0.019851744,-0.9998027,-0.57194984,0.8201345,0.015895694,0.8202883,0.5718262,0.011911333
1356782874992,0.020496182,-0.011268139,-0.9997264,-0.5805014,0.8139865,-0.021075964,0.8140013,0.58077455,0.010142446
1356782875032,0.0361903,-0.05037743,-0.99807435,-0.5901707,0.80489206,-0.062026292,0.8064669,0.5912789,-6.020069E-4
1356782875073,0.04816202,-0.08933711,-0.9948364,-0.599987,0.7936948,-0.100321025,0.7985588,0.60172045,-0.015375137
1356782875112,0.056793064,-0.12124413,-0.9909967,-0.60739344,0.78357947,-0.1306767,0.79236853,0.60934645,-0.029141009
1356782875151,0.062047064,-0.14197825,-0.98792326,-0.6100954,0.777976,-0.15012334,0.7898948,0.6120421,-0.03834915
1356782875192,0.06329325,-0.1512672,-0.9864645,-0.607574,0.77832156,-0.15833294,0.7917372,0.6093716,-0.042643547
1356782875232,0.059088025,-0.14960502,-0.9869787,-0.601122,0.7840158,-0.15482788,0.79696983,0.6024431,-0.04360491
1356782875272,0.048229937,-0.1372485,-0.98936176,-0.5920469,0.7938285,-0.13898468,0.804459,0.5924518,-0.042971253
1356782875312,0.029873043,-0.11383121,-0.9930509,-0.58074594,0.8066282,-0.10993205,0.8135366,0.57999426,-0.042010546
1356782875352,0.0033135712,-0.079996556,-0.99678963,-0.5670167,0.82091403,-0.06776668,0.82369965,0.5654209,-0.042639196
1356782875392,-0.032196462,-0.0409697,-0.99864143,-0.5510632,0.8343011,-0.016461074,0.8338421,0.5497846,-0.049438417
1356782875432,-0.07701787,-0.010371536,-0.9969757,-0.5347434,0.84438825,0.0325256,0.84149724,0.5356313,-0.07057911
1356782875472,-0.1294882,-0.009841204,-0.99153215,-0.52264416,0.8504501,0.059813276,0.84266,0.5259636,-0.11526674
1356782875512,-0.18339989,-0.057293653,-0.9813673,-0.521822,0.8517144,0.04779482,0.83310634,0.5208646,-0.18610144
1356782875552,-0.22783685,-0.14634661,-0.96263856,-0.5366002,0.84383565,-0.0012831092,0.8124965,0.5162597,-0.27078646
1356782875592,-0.25454262,-0.24282518,-0.93607914,-0.5605329,0.82582295,-0.061801538,0.78804255,0.508972,-0.3463186
1356782875632,-0.26552805,-0.31150967,-0.9123906,-0.58015615,0.80746675,-0.106846735,0.7700088,0.5009582,-0.39512932
1356782875672,-0.26914704,-0.33488333,-0.90300226,-0.586182,0.80089533,-0.12230021,0.7641666,0.4964069,-0.41186118
1356782875712,-0.27218503,-0.30988187,-0.91098213,-0.57699585,0.81020045,-0.103203714,0.7700591,0.49754244,-0.39932495
1356782875752,-0.2766766,-0.24065289,-0.93034196,-0.5562918,0.8295328,-0.04913947,0.7835747,0.50394595,-0.36338556
1356782875792,-0.2805103,-0.13850078,-0.94980603,-0.5311719,0.84660465,0.033421353,0.79948133,0.5138853,-0.31104904
1356782875832,-0.28012964,-0.022425085,-0.95970017,-0.50978374,0.8505871,0.1289268,0.8134174,0.5253558,-0.24970657
1356782875872,-0.27333033,0.08640367,-0.9580318,-0.49787515,0.8394656,0.21775617,0.82304966,0.5364996,-0.1864332
1356782875912,-0.26004165,0.17270605,-0.9500268,-0.4967094,0.81979287,0.2849902,0.8280447,0.5459966,-0.12739557
1356782875952,-0.24130072,0.22987863,-0.94283074,-0.5042107,0.80041635,0.3241993,0.82918364,0.5536149,-0.07723379
1356782875992,-0.21816237,0.2571333,-0.94142854,-0.5175331,0.78736573,0.33498472,0.82738423,0.5603015,-0.038698554
1356782876032,-0.19134428,0.25665522,-0.947373,-0.5341457,0.78253675,0.3198823,0.8234536,0.56724286,-0.012642622
1356782876072,-0.1614502,0.2324012,-0.9591264,-0.5518039,0.7844989,0.28297347,0.81819695,0.57493585,0.0015823841
1356782876112,-0.12937053,0.18857683,-0.97349995,-0.56925297,0.7897341,0.22862878,0.8119202,0.5837455,0.005179584
1356782876153,-0.09614889,0.13261107,-0.98649365,-0.5855597,0.79390883,0.16379426,0.8049069,0.5933996,0.0013182759
1356782876192,-0.06477548,0.0740121,-0.9951514,-0.59969896,0.79418975,0.09810108,0.7975997,0.60314584,-0.0070590377
1356782876232,-0.037294507,0.022291183,-0.9990556,-0.6098916,0.79145306,0.040426195,0.7916068,0.61082333,-0.015921652
1356782876272,-0.015803166,-0.015463918,-0.9997555,-0.6146302,0.78881145,-0.0024856627,0.78865707,0.6144407,-0.021970332
1356782876312,-0.0020565093,-0.03699678,-0.9993133,-0.61382663,0.78894603,-0.02794531,0.7894382,0.61334765,-0.024332106
1356782876352,0.002468139,-0.04305753,-0.9990695,-0.6084533,0.7927877,-0.0356704,0.79358584,0.6079752,-0.024241745
1356782876392,-0.0034891665,-0.034390986,-0.9994024,-0.59954077,0.79994,-0.025434047,0.8003366,0.5990937,-0.023409903
1356782876432,-0.020791583,-0.010814458,-0.9997254,-0.5873916,0.8092954,0.0034616292,0.8090357,0.5873023,-0.023178875
1356782876472,-0.049961627,0.02755624,-0.9983709,-0.5718345,0.81876874,0.05121541,0.8188462,0.5734618,-0.025149405
1356782876512,-0.0898376,0.07513814,-0.99311805,-0.5523904,0.8259645,0.11246085,0.82873034,0.5586921,-0.03269708
1356782876552,-0.13840139,0.11900498,-0.9832004,-0.52972806,0.82991356,0.17501917,0.83679944,0.5450517,-0.051820934
1356782876592,-0.19141598,0.13640936,-0.9719838,-0.5079878,0.83357584,0.21702474,0.83982635,0.5352979,-0.09026545
1356782876632,-0.24289393,0.10282707,-0.9645875,-0.49666375,0.8409655,0.21471417,0.8332632,0.5312284,-0.1531949
1356782876672,-0.28459615,0.009585202,-0.9585996,-0.5067703,0.84730536,0.15892604,0.81374997,0.53101957,-0.23628235
1356782876712,-0.30816132,-0.119966894,-0.94373965,-0.538702,0.83965224,0.069168076,0.7841152,0.5297094,-0.32337475
1356782876752,-0.3131621,-0.24054207,-0.91873235,-0.5766191,0.8168297,-0.017313778,0.7546125,0.5243366,-0.3945012
1356782876792,-0.30886084,-0.31794524,-0.8963905,-0.60239404,0.79473084,-0.074325845,0.73602074,0.5170239,-0.43698955
1356782876832,-0.30575383,-0.34050745,-0.88913965,-0.6077738,0.78864306,-0.09302212,0.7328886,0.5119539,-0.44808215
1356782876872,-0.30919135,-0.3081872,-0.8996784,-0.5928263,0.80218947,-0.07105622,0.74361116,0.51138306,-0.43073153
1356782876912,-0.31828532,-0.22601704,-0.92065775,-0.5621929,0.8269608,-0.008656293,0.76330435,0.51483214,-0.39027464
1356782876952,-0.32742104,-0.10637599,-0.93887144,-0.5244754,0.8469751,0.08694105,0.78595227,0.5208813,-0.33310902
1356782876992,-0.32994148,0.028383657,-0.94357455,-0.4913314,0.84832597,0.19732328,0.8060596,0.528713,-0.2659521
1356782877032,-0.3220225,0.14898756,-0.93493545,-0.47339657,0.829876,0.29529905,0.81987643,0.53768814,-0.19670856
1356782877072,-0.304958,0.23820688,-0.92209446,-0.47313023,0.80238885,0.36375815,0.82652795,0.54720163,-0.13199204
1356782877115,-0.28118348,0.29189122,-0.9141856,-0.48667026,0.77766097,0.39798927,0.82709605,0.55681497,-0.076610684
1356782877172,-0.25158465,0.31090045,-0.9165403,-0.5077329,0.7638264,0.39846778,0.82396144,0.56560606,-0.034312606
1356782877192,-0.21886814,0.30209804,-0.9278111,-0.53100884,0.7608551,0.37300023,0.8186124,0.57431376,-0.0061101913
1356782877233,-0.18236904,0.26765355,-0.9460989,-0.5541247,0.76689005,0.32376748,0.8122114,0.58330196,0.008456409
1356782877270,-0.14340724,0.21283266,-0.9665075,-0.57519734,0.7767923,0.25640178,0.8053462,0.5927023,0.011023164
1356782877313,-0.10456568,0.14539954,-0.9838318,-0.59336185,0.78477037,0.17904535,0.7981152,0.6024902,0.0042144656
1356782877352,-0.069251806,0.07765642,-0.99457216,-0.60756385,0.78746045,0.10378957,0.7912462,0.61145365,-0.0073518157
1356782877392,-0.04101482,0.021422476,-0.9989289,-0.6162946,0.7863859,0.042168707,0.7864469,0.61736405,-0.019050896
1356782877432,-0.022199512,-0.016037196,-0.99962497,-0.6183896,0.7858709,0.0011252165,0.7855581,0.6181826,-0.027363181
1356782877472,-0.014135718,-0.03307286,-0.9993529,-0.6142136,0.78894746,-0.017421633,0.7890131,0.61357,-0.031466126
1356782877512,-0.017699242,-0.030881912,-0.9993663,-0.6054015,0.7957994,-0.013869435,0.79572344,0.60477245,-0.032781005
1356782877553,-0.033587374,-0.010387659,-0.9993818,-0.5931624,0.80499965,0.011567861,0.80438185,0.59318423,-0.03319943
1356782877593,-0.06289691,0.029497832,-0.99758404,-0.57790387,0.8138591,0.060501605,0.8136775,0.5803131,-0.034142315
1356782877632,-0.10326582,0.08498588,-0.99101645,-0.5581517,0.8197349,0.12845789,0.8232879,0.5664028,-0.03721559
1356782877672,-0.1539501,0.15101078,-0.9764707,-0.53243995,0.8198177,0.21072882,0.8323504,0.55235374,-0.045806825
1356782877712,-0.21121413,0.21055554,-0.954492,-0.50164104,0.8147569,0.2907361,0.83889496,0.54021996,-0.06646484
1356782877752,-0.27133453,0.23919533,-0.93228924,-0.47097683,0.8117396,0.34533986,0.8393798,0.5327893,-0.10759753
1356782877792,-0.3311879,0.21626958,-0.9184454,-0.45008287,0.81929475,0.35522038,0.8293008,0.53102124,-0.17400122
1356782877832,-0.38577336,0.14181839,-0.9116284,-0.4477842,0.83514506,0.3194088,0.8066401,0.5314322,-0.2586727
1356782877872,-0.42788118,0.043089494,-0.90280724,-0.4626928,0.8476127,0.25974625,0.7764232,0.52886295,-0.3427403
1356782877912,-0.45480824,-0.03980191,-0.8896995,-0.48096955,0.85176444,0.20776345,0.74954504,0.5224109,-0.406533
1356782877952,-0.47035545,-0.07965532,-0.8788748,-0.48858294,0.85285616,0.18418223,0.7348827,0.5160343,-0.44006377
1356782877992,-0.47850227,-0.07000628,-0.8752912,-0.48100212,0.85485375,0.19458151,0.734624,0.51412463,-0.44272268
1356782878032,-0.47954488,-0.018111587,-0.87733036,-0.4621454,0.8551131,0.2349537,0.74596125,0.51812506,-0.41843528
1356782878072,-0.47146392,0.06062129,-0.8797993,-0.4405348,0.84805375,0.29450622,0.76397043,0.52643126,-0.37312096
1356782878114,-0.4533853,0.14994794,-0.8786111,-0.42452282,0.83042854,0.36078924,0.78372335,0.536567,-0.31284773
1356782878154,-0.4269566,0.23037794,-0.87443364,-0.42063293,0.8054181,0.41757604,0.8004849,0.5461024,-0.24697399
1356782878193,-0.39610362,0.29646164,-0.8690295,-0.42790854,0.77778476,0.46037498,0.8124014,0.5542214,-0.18122488
1356782878234,-0.36350554,0.34410563,-0.86571074,-0.44361785,0.7532163,0.48566282,0.8191868,0.56058586,-0.12114692
1356782878274,-0.3312543,0.37277177,-0.86678237,-0.46380624,0.7356685,0.49363512,0.82167774,0.56553787,-0.07079947
1356782878314,-0.30048665,0.3828906,-0.8735575,-0.48550203,0.7269453,0.4856319,0.8209724,0.57003975,-0.032543182
1356782878354,-0.27162153,0.37532604,-0.8862009,-0.5071348,0.72678494,0.46324715,0.8179462,0.5752513,-0.007069528
1356782878394,-0.2447403,0.35158026,-0.9036003,-0.5280586,0.73327076,0.4283318,0.8131767,0.581984,0.006194055
1356782878434,-0.21997657,0.3140265,-0.92357874,-0.5480244,0.7434648,0.38331354,0.8070189,0.5904637,0.008549333
1356782878474,-0.19771232,0.26773283,-0.9429894,-0.5662514,0.7540522,0.3328133,0.8001682,0.5997703,0.0025187135
1356782878514,-0.17903899,0.2206871,-0.9587712,-0.58109593,0.7626524,0.28405774,0.79389703,0.60799545,-0.008304119
1356782878554,-0.16554709,0.18228327,-0.96920943,-0.59056133,0.7687582,0.24545515,0.78982997,0.613012,-0.019616187
1356782878594,-0.15917504,0.15960139,-0.9742642,-0.59333897,0.7732693,0.22361453,0.7890578,0.6136628,-0.028387427
1356782878634,-0.16167837,0.15552987,-0.97451043,-0.5892209,0.776945,0.2217549,0.7916305,0.61005485,-0.033973753
1356782878674,-0.17412627,0.17009635,-0.9699213,-0.57853246,0.77938384,0.24054328,0.79685646,0.6030158,-0.037304938
1356782878713,-0.19628786,0.20203699,-0.9595062,-0.5612272,0.7792573,0.27889436,0.8040492,0.59324455,-0.039570093
1356782878753,-0.2263704,0.24861553,-0.94177854,-0.53684366,0.77492297,0.33360642,0.8127456,0.5811065,-0.041951954
1356782878794,-0.26120925,0.3033573,-0.9163756,-0.5054855,0.7657728,0.39758837,0.82234687,0.5670682,-0.046684265
1356782878834,-0.29778272,0.3544709,-0.8863836,-0.4688871,0.75447917,0.45924515,0.83154696,0.55236906,-0.05846399
1356782878874,-0.33539653,0.38618818,-0.8592834,-0.43065766,0.748381,0.50444007,0.8378802,0.5392444,-0.0846895
1356782878914,-0.37646696,0.38358623,-0.84328777,-0.39606392,0.75623846,0.520804,0.8374999,0.5300613,-0.13277411
1356782878953,-0.42282903,0.33907425,-0.8403834,-0.3721338,0.7805936,0.5021853,0.82627606,0.5250736,-0.20387667
1356782878993,-0.4705686,0.25874135,-0.8435747,-0.36517748,0.8132125,0.45313445,0.80325013,0.5212853,-0.28818578
