1356784461732,0.48854902,0.7976389,0.35368356,-0.242013,-0.2655709,0.9332211,0.83830154,-0.54152024,0.06329462
1356784461892,0.15229708,0.35084885,0.9239646,-0.52374685,-0.7641593,0.3764966,0.83814967,-0.5412629,0.06737679
1356784461932,0.14389002,0.3437207,0.9279827,-0.5263169,-0.76753366,0.36590007,0.83802533,-0.54106224,0.070465446
1356784461972,0.13702899,0.33871537,0.9308571,-0.52834666,-0.769897,0.35792255,0.83789796,-0.540861,0.07346088
1356784462012,0.13013327,0.33369395,0.9336561,-0.5303026,-0.7722305,0.34991327,0.83776164,-0.5406556,0.076465845
1356784462054,0.122978985,0.3277434,0.9367286,-0.53219765,-0.774911,0.34099644,0.83764064,-0.54046017,0.07912651
1356784462092,0.11599684,0.32075056,0.940034,-0.5338465,-0.77796614,0.33132586,0.8375874,-0.5402665,0.08098984
1356784462132,0.10973877,0.31318763,0.9433297,-0.53506804,-0.7811993,0.32160512,0.83765125,-0.5400381,0.08184886
1356784462171,0.10451865,0.3059252,0.946301,-0.5358031,-0.78429276,0.3127296,0.8378489,-0.5397171,0.0819425
1356784462214,0.100289345,0.3000108,0.94864935,-0.53606457,-0.7869425,0.30554265,0.8381986,-0.53918,0.08190322
1356784462252,0.096778035,0.2962848,0.9501838,-0.5358368,-0.78899837,0.30060017,0.83875674,-0.538235,0.08240259
1356784462292,0.09371287,0.29505208,0.9508744,-0.5350324,-0.79051983,0.29802456,0.8396179,-0.53667736,0.08378059
1356784462334,0.09089935,0.29610613,0.9508199,-0.533563,-0.7916879,0.2975581,0.8408614,-0.5343702,0.086027324
1356784462372,0.08808309,0.29905725,0.9501611,-0.53143615,-0.7926678,0.29875308,0.8425064,-0.531265,0.08910918
1356784462412,0.08491248,0.30356988,0.94901806,-0.5288052,-0.793522,0.30114448,0.8444851,-0.5274166,0.093149364
1356784462453,0.08124125,0.30914444,0.9475387,-0.5259057,-0.7942714,0.30423015,0.846654,-0.52303207,0.09805328
1356784462492,0.07752335,0.31470582,0.9460182,-0.5229839,-0.7950081,0.30732727,0.8488097,-0.51857734,0.10295433
1356784462532,0.0744074,0.31919935,0.94476205,-0.5201364,-0.79589015,0.309866,0.85083586,-0.5144615,0.10680711
1356784462572,0.072419226,0.32202828,0.9439562,-0.51755255,-0.796909,0.3115695,0.8525813,-0.51111054,0.108954966
1356784462612,0.07161641,0.32337755,0.9435561,-0.5155637,-0.7978102,0.31255877,0.8538531,-0.5088476,0.109585404
1356784462652,0.07171816,0.3238415,0.9433892,-0.5144749,-0.7982841,0.31314194,0.854501,-0.507808,0.10935697
1356784462692,0.07250744,0.32375443,0.9433588,-0.514406,-0.7981983,0.313474,0.854476,-0.50799865,0.10866591
1356784462732,0.07397008,0.32300007,0.9435037,-0.515291,-0.7976324,0.3134608,0.85381705,-0.5093657,0.10743815
1356784462773,0.076295435,0.3211395,0.9439536,-0.5171648,-0.79666615,0.31283134,0.85247844,-0.51204723,0.10530013
1356784462809,0.079230785,0.31858516,0.9445772,-0.5195363,-0.7954949,0.31188148,0.850767,-0.51545274,0.102488756
1356784462839,0.08262253,0.31595665,0.9451692,-0.5219882,-0.79418844,0.3111158,0.84894156,-0.5190724,0.099307746
1356784462881,0.08750558,0.31228435,0.9459499,-0.5249835,-0.792566,0.31021193,0.8466021,-0.5237534,0.09459016
1356784462922,0.09482372,0.30882236,0.94638115,-0.5282679,-0.79015964,0.31077465,0.8437663,-0.52941155,0.08821502
1356784462962,0.105323374,0.3055281,0.94634014,-0.5319975,-0.78669417,0.31319493,0.8401701,-0.53643733,0.07968286
1356784463002,0.119762,0.302271,0.9456687,-0.5362567,-0.78192306,0.31784475,0.8355154,-0.5451869,0.06845012
1356784463043,0.13826615,0.29872072,0.9442713,-0.54068655,-0.77604485,0.3246729,0.82978344,-0.55544615,0.054213494
1356784463082,0.16009718,0.29470855,0.9420805,-0.5444923,-0.76969516,0.33331275,0.82334495,-0.56631804,0.037240565
1356784463122,0.18382078,0.29035926,0.93909603,-0.54695976,-0.7635947,0.34315908,0.8167282,-0.5767275,0.018450258
1356784463162,0.20771474,0.2859649,0.9354564,-0.5478973,-0.75821364,0.3534412,0.81034756,-0.58594894,-8.1279874E-4
1356784463202,0.23001605,0.28218627,0.9313772,-0.54745364,-0.7537339,0.36356536,0.8046037,-0.5935117,-0.018886983
1356784463242,0.24914384,0.27997673,0.927114,-0.54574156,-0.7502473,0.37322265,0.8000585,-0.5989508,-0.034124553
1356784463282,0.2640252,0.2803225,0.92288136,-0.5427789,-0.74776393,0.3824136,0.7972965,-0.60188735,-0.04527539
1356784463322,0.27434355,0.28386986,0.9187783,-0.53873247,-0.7460552,0.39136797,0.79655695,-0.602345,-0.051745504
1356784463362,0.28053677,0.29059434,0.91479725,-0.53400594,-0.74470085,0.4003228,0.79758185,-0.60081244,-0.053736866
1356784463402,0.28365612,0.29975593,0.9108708,-0.5291984,-0.7432079,0.40937895,0.7996801,-0.59815425,-0.05218512
1356784463443,0.28488964,0.3102837,0.9069521,-0.5249942,-0.74112785,0.41846234,0.8020094,-0.5953601,-0.04824254
1356784463482,0.28530556,0.32105076,0.90306544,-0.5220819,-0.7381085,0.42734796,0.80376065,-0.59339887,-0.04297167
1356784463522,0.2853806,0.33131307,0.8993272,-0.5211229,-0.73387545,0.4357267,0.80435616,-0.593008,-0.036778986
1356784463562,0.28543526,0.34041843,0.8959029,-0.5225344,-0.72835493,0.44323462,0.80342054,-0.59465486,-0.030017823
1356784463602,0.28595662,0.3473144,0.8930854,-0.52621263,-0.7219857,0.4492627,0.8008303,-0.5984224,-0.02369538
1356784463642,0.2873348,0.3510167,0.8911936,-0.5311533,-0.71587205,0.45321453,0.79706645,-0.60358477,-0.019251257
1356784463682,0.2891454,0.35163718,0.890363,-0.5356418,-0.7114318,0.45492038,0.79339945,-0.60845375,-0.01735565
1356784463723,0.29018384,0.35028166,0.89055943,-0.5379447,-0.7099442,0.45452696,0.7914599,-0.61096805,-0.017582178
1356784463776,0.28923303,0.3477478,0.89186084,-0.537402,-0.71202403,0.45190814,0.79217637,-0.60999453,-0.019060522
1356784463805,0.285802,0.3441895,0.8943438,-0.5338316,-0.71786755,0.44686684,0.7958272,-0.6051444,-0.021428764
1356784463844,0.27924526,0.3388776,0.8984343,-0.52833307,-0.72706515,0.43845236,0.8018019,-0.59710824,-0.02398926
1356784463883,0.26879025,0.3313555,0.9044088,-0.5224657,-0.7386686,0.42590874,0.8091856,-0.5870027,-0.025425017
1356784463928,0.2533837,0.32162872,0.91233313,-0.517702,-0.7516045,0.40874854,0.81717896,-0.57588685,-0.02393651
1356784463964,0.23176348,0.31024954,0.9219712,-0.5152155,-0.7647789,0.3868672,0.8251295,-0.5646755,-0.01740247
1356784464004,0.20263278,0.29853058,0.93264115,-0.51595545,-0.7769306,0.3607894,0.832304,-0.55430907,-0.0034031868
1356784464033,0.16770065,0.284792,0.9438062,-0.51955503,-0.78808784,0.33012167,0.83781815,-0.5457208,0.015802175
1356784464063,0.12864274,0.27548093,0.9526601,-0.5257235,-0.79560065,0.30105525,0.84087205,-0.5395644,0.04247862
1356784464093,0.084400475,0.27208626,0.9585644,-0.5355632,-0.79884183,0.2739051,0.84026706,-0.5364895,0.07829669
1356784464134,0.028785706,0.28404367,0.9583791,-0.5549319,-0.79291373,0.251671,0.8313976,-0.53907967,0.13480037
1356784464163,-0.032923043,0.2982738,0.95391226,-0.5771363,-0.78489536,0.22550564,0.8159839,-0.54311305,0.19798589
1356784464204,-0.101475775,0.3272588,0.9394703,-0.6057379,-0.76943773,0.20260091,0.7891668,-0.5485137,0.27631235
1356784464244,-0.17173487,0.3624996,0.91602457,-0.6338558,-0.7524672,0.17894047,0.75414443,-0.5498972,0.35899746
1356784464274,-0.23232257,0.3929268,0.88973856,-0.6540997,-0.7401335,0.156064,0.7198471,-0.5457206,0.42896304
1356784464314,-0.28036875,0.4170169,0.8645752,-0.6644285,-0.73436004,0.13874507,0.6927685,-0.53554857,0.4829695
1356784464354,-0.30974627,0.42816278,0.8489605,-0.6645259,-0.7360848,0.12878071,0.6800461,-0.5242669,0.5125247
1356784464393,-0.3183306,0.42356944,0.8480887,-0.65632117,-0.7440144,0.12524006,0.6840381,-0.5167508,0.5148402
1356784464434,-0.30542833,0.4026711,0.8628844,-0.6423341,-0.7560847,0.12547036,0.702937,-0.5159379,0.4895791
1356784464474,-0.2724533,0.3682869,0.8888948,-0.62611127,-0.7693467,0.12684764,0.7305846,-0.521987,0.4401996
1356784464513,-0.22213978,0.32359323,0.91975075,-0.6104237,-0.7817293,0.12760298,0.76028746,-0.5330919,0.37118196
1356784464552,-0.16008955,0.274725,0.94810206,-0.597891,-0.7912403,0.12831677,0.78542835,-0.54631954,0.2909249
1356784464594,-0.09364939,0.22828457,0.96908,-0.5901071,-0.7966838,0.13064705,0.801875,-0.55962586,0.20932126
1356784464632,-0.02963674,0.18960673,0.9814127,-0.58699936,-0.7980063,0.1364468,0.8090448,-0.57204485,0.13494933
1356784464672,0.027147055,0.16206127,0.9864073,-0.58678824,-0.79629016,0.1469752,0.8092853,-0.5828021,0.07347861
1356784464714,0.07432836,0.14692694,0.9863508,-0.58722514,-0.7929703,0.16237246,0.8060037,-0.5912788,0.027338948
1356784464776,0.11156255,0.1437736,0.983302,-0.58721423,-0.7887173,0.18194598,0.80170643,-0.59770733,-0.0035654046
1356784464794,0.14006466,0.15079243,0.97859263,-0.58710486,-0.7831983,0.20471546,0.79730165,-0.60320985,-0.02116749
1356784464839,0.16070986,0.16623794,0.97290146,-0.5886513,-0.7750743,0.22967261,0.7922512,-0.6096104,-0.02670592
1356784464872,0.17839342,0.18589304,0.9662399,-0.5908568,-0.7649949,0.25626373,0.7868062,-0.6166252,-0.026633952
1356784464912,0.19214445,0.205496,0.9596103,-0.59573615,-0.7526239,0.2804562,0.7798583,-0.62556267,-0.022191107
1356784464952,0.20443648,0.22391963,0.9529248,-0.6016612,-0.7391468,0.30276367,0.77214605,-0.6352339,-0.01638487
1356784464992,0.2152549,0.24053702,0.946471,-0.60603523,-0.727079,0.32261047,0.7657589,-0.64303815,-0.010733429
1356784465032,0.22372842,0.25585824,0.94046915,-0.606286,-0.71898013,0.33983082,0.7631271,-0.64622307,-0.005733069
1356784465072,0.22944331,0.26991367,0.93514836,-0.60137737,-0.71613663,0.35425088,0.7653111,-0.64365757,-0.0019928515
1356784465112,0.23250985,0.28207082,0.93079275,-0.59197813,-0.7182875,0.3655472,0.7716871,-0.6360023,-2.9116869E-5
1356784465152,0.23278898,0.29181665,0.92771345,-0.5798969,-0.7241355,0.3732924,0.7807233,-0.62487656,6.528478E-4
1356784465192,0.2293613,0.2992406,0.9262011,-0.56706536,-0.7323172,0.37702593,0.7910944,-0.6116917,0.0017236471
1356784465232,0.22074306,0.3049816,0.92642254,-0.55490637,-0.7418677,0.37644565,0.8020919,-0.59717554,0.005474031
1356784465272,0.20521468,0.31010926,0.9282882,-0.5446105,-0.75188524,0.37157494,0.8131951,-0.58180815,0.014590888
1356784465312,0.18085623,0.31646037,0.9312056,-0.5378349,-0.76088095,0.3630342,0.8234225,-0.56649184,0.03259337
1356784465352,0.14554197,0.32673988,0.93384075,-0.53752095,-0.76631474,0.35189885,0.8305954,-0.55317503,0.064098656
1356784465392,0.09741008,0.34412763,0.9338562,-0.5478519,-0.76481926,0.3389834,0.83088475,-0.54463536,0.114029884
1356784465432,0.03631282,0.37089482,0.9279646,-0.5719656,-0.7537329,0.32363877,0.81947345,-0.5425161,0.18476892
1356784465474,-0.033821404,0.40625858,0.91313195,-0.6077639,-0.7336664,0.3039022,0.7933972,-0.54469025,0.27172297
1356784465512,-0.10317129,0.44484645,0.88964444,-0.64603597,-0.7100482,0.28012323,0.7563023,-0.54584163,0.36064345
1356784465552,-0.15916234,0.47914273,0.86318576,-0.67620105,-0.6899522,0.25829884,0.71931887,-0.5425757,0.4338111
1356784465592,-0.19231635,0.5034508,0.842349,-0.6929528,-0.6774642,0.2466955,0.6948603,-0.5362645,0.47915506
1356784465650,-0.19937229,0.5155219,0.8333594,-0.6968863,-0.6724682,0.2492709,0.68891233,-0.5310591,0.49333167
1356784465672,-0.181387,0.51480097,0.8379014,-0.6907516,-0.6731565,0.26405048,0.6999722,-0.5308864,0.47770137
1356784465712,-0.14205801,0.5015986,0.85335714,-0.67728066,-0.67796326,0.2857564,0.7218798,-0.5373683,0.43603313
1356784465750,-0.0876953,0.47759956,0.87419,-0.65886444,-0.686007,0.30869415,0.74713266,-0.5489017,0.37483293
1356784465779,-0.03203565,0.4513514,0.891771,-0.63984966,-0.69469523,0.32861987,0.7678321,-0.5600718,0.31105202
1356784465823,0.028295755,0.4162759,0.90879804,-0.6198039,-0.7059864,0.34267563,0.7842465,-0.5729728,0.23803285
1356784465863,0.08756274,0.37945315,0.9210582,-0.6016058,-0.71680826,0.35250047,0.7939794,-0.5849799,0.16551542
1356784465902,0.14076966,0.3452407,0.927897,-0.5867736,-0.7257902,0.3590617,0.7974212,-0.5950104,0.10040891
1356784465942,0.18493271,0.31751564,0.930045,-0.57566166,-0.73201424,0.36437446,0.7965008,-0.60277605,0.047408253
1356784465982,0.21910232,0.29838964,0.9289552,-0.5681852,-0.73498005,0.37009442,0.79319584,-0.6089072,0.0085047465
1356784466031,0.2431376,0.28892237,0.9259632,-0.56560564,-0.73329353,0.3773205,0.78801924,-0.6154708,-0.014875054
1356784466072,0.25307196,0.27777392,0.9267126,-0.56895185,-0.7320044,0.37478447,0.782463,-0.62210226,-0.027209818
1356784466112,0.27073312,0.28852546,0.9183989,-0.568873,-0.7216762,0.3944198,0.77658683,-0.6292348,-0.03124729
1356784466152,0.282004,0.29748428,0.9121277,-0.57162845,-0.7114442,0.40876406,0.77052885,-0.63667125,-0.030579627
1356784466192,0.28912932,0.30465388,0.90751874,-0.5749828,-0.70268685,0.41907755,0.76537514,-0.64297533,-0.027996631
1356784466232,0.2923041,0.3109452,0.90436244,-0.5761265,-0.6975401,0.42604703,0.7633064,-0.64556247,-0.024750084
1356784466272,0.2912609,0.31682366,0.90265715,-0.57315224,-0.6976774,0.42981723,0.7659397,-0.6425489,-0.021617949
1356784466312,0.2864321,0.32135534,0.9026003,-0.5662143,-0.7031837,0.4300395,0.7728894,-0.63424236,-0.019458383
1356784466352,0.27831638,0.32322145,0.90447104,-0.5570639,-0.7127999,0.42614105,0.78244483,-0.62245023,-0.018328905
1356784466392,0.26654375,0.32197183,0.908454,-0.5476386,-0.72502905,0.41764206,0.7931245,-0.6088243,-0.016927779
1356784466432,0.24989986,0.31815723,0.91450864,-0.5392052,-0.7387519,0.40435547,0.8042436,-0.5941562,-0.0130619705
1356784466472,0.22700977,0.31289634,0.92225945,-0.53251266,-0.7530016,0.38654748,0.81541204,-0.57886493,-0.004317493
1356784466512,0.196504,0.3083297,0.9307625,-0.52834684,-0.76636815,0.36541685,0.82597566,-0.56357133,0.012310623
1356784466552,0.15695238,0.30704862,0.93866247,-0.528549,-0.77675825,0.34246558,0.8342673,-0.54987985,0.040376127
1356784466592,0.10737884,0.31219745,0.9439293,-0.5361496,-0.78135496,0.31941813,0.8372654,-0.5403861,0.08348361
1356784466632,0.047881186,0.32666644,0.9439261,-0.5546188,-0.7772509,0.29711813,0.8307259,-0.5377455,0.14395958
1356784466672,-0.019096136,0.35149068,0.9359966,-0.5849411,-0.7631582,0.27465153,0.8108509,-0.5422581,0.2201747
1356784466713,-0.08771223,0.38435635,0.91900855,-0.62221277,-0.7415961,0.25077188,0.7779189,-0.54982316,0.30419844
1356784466772,-0.14946795,0.41968036,0.8952808,-0.6567873,-0.7189766,0.22738309,0.7391141,-0.5540226,0.38310468
1356784466793,-0.19553375,0.4504918,0.87110496,-0.6800921,-0.70225316,0.21051227,0.70657015,-0.5512693,0.44368997
1356784466833,-0.22053248,0.471684,0.85374457,-0.68953437,-0.6944664,0.20556967,0.68986076,-0.5433514,0.47839463
1356784466873,-0.22305465,0.48087803,0.84794044,-0.6873116,-0.69442534,0.21301709,0.69126654,-0.5352848,0.4854078
1356784466912,-0.20438892,0.4772846,0.8546489,-0.6771552,-0.6994138,0.22865109,0.7068848,-0.53199613,0.46614808
1356784466952,-0.16754425,0.46107414,0.8714009,-0.6625773,-0.7071701,0.24678294,0.7300139,-0.5360234,0.42397952
1356784466992,-0.11737466,0.43383402,0.8933147,-0.64636153,-0.71629596,0.2629388,0.7539495,-0.5465419,0.36448863
1356784467032,-0.060019493,0.3986061,0.91515625,-0.63058937,-0.72584206,0.27479178,0.7737925,-0.56059486,0.29492134
1356784467072,-0.0016801357,0.35939735,0.9331831,-0.61704725,-0.73471904,0.28185183,0.78692424,-0.5753445,0.22299969
1356784467112,0.05235225,0.32061642,0.94576126,-0.60718584,-0.74167216,0.28504008,0.79283327,-0.58917534,0.1558455
1356784467152,0.09838164,0.28632808,0.9530673,-0.6015446,-0.7458253,0.28616202,0.79275787,-0.6014656,0.0988636
1356784467192,0.13461494,0.25953782,0.95630485,-0.5994662,-0.7471181,0.28714955,0.7889988,-0.61192703,0.05501089
1356784467232,0.16103768,0.24171294,0.9568917,-0.59955364,-0.74618363,0.289388,0.78396577,-0.62031025,0.024756193
1356784467272,0.17902505,0.23261091,0.9559509,-0.60047185,-0.7438535,0.29345435,0.7793482,-0.6265573,0.006507933
1356784467312,0.19070971,0.2306208,0.9541719,-0.6015098,-0.74069995,0.29924858,0.7757679,-0.63101333,-0.0025380552
1356784467352,0.1982755,0.23347658,0.95193255,-0.6028618,-0.73672354,0.30626163,0.77281594,-0.6346079,-0.0053201616
1356784467392,0.20369112,0.23870808,0.94948846,-0.60531247,-0.7315364,0.31376937,0.7694847,-0.6386492,-0.004514456
1356784467432,0.20830202,0.24426076,0.9470728,-0.6089835,-0.7253216,0.32101023,0.76534265,-0.6436188,-0.002335135
1356784467472,0.21226531,0.24928884,0.9448801,-0.61224264,-0.7196925,0.32741636,0.7616445,-0.64799505,-1.4043227E-4
1356784467512,0.2146886,0.25405157,0.94306237,-0.61256415,-0.71703184,0.33261174,0.76070625,-0.6490941,0.0016842745
1356784467552,0.21449822,0.25883424,0.9418043,-0.60863394,-0.718729,0.33614475,0.7639079,-0.6453165,0.0033692457
1356784467592,0.21114808,0.263017,0.9414025,-0.6011295,-0.7245056,0.33724645,0.77075285,-0.6371137,0.005129218
1356784467632,0.20444155,0.26527783,0.94224805,-0.5917481,-0.73329085,0.33484146,0.7797678,-0.626029,0.0070624966
1356784467672,0.19378626,0.2646947,0.94466054,-0.58203214,-0.7441233,0.32790118,0.7897376,-0.6133656,0.009859888
1356784467712,0.1778506,0.2614347,0.9486944,-0.5731648,-0.75613445,0.31582093,0.799907,-0.5999272,0.015366165
1356784467771,0.154814,0.2571227,0.95389754,-0.5662724,-0.768094,0.29894334,0.8095482,-0.5864464,0.026689827
1356784467793,0.12262064,0.25486717,0.9591699,-0.5630455,-0.77801055,0.2787101,0.8172783,-0.574232,0.048101664
1356784467834,0.07922548,0.2593062,0.96254015,-0.5660367,-0.7831129,0.2575587,0.82056427,-0.5652383,0.08473441
1356784467873,0.02350533,0.27545404,0.96102685,-0.5781357,-0.7805035,0.23785195,0.815602,-0.5611948,0.14090371
1356784467913,-0.0429219,0.30650836,0.9508998,-0.60081935,-0.7683582,0.22054887,0.79823166,-0.5618526,0.21713558
1356784467954,-0.1139766,0.35060787,0.9295609,-0.63149935,-0.7478809,0.20465232,0.7669536,-0.56369156,0.30664966
1356784467993,-0.1790067,0.39873403,0.89942634,-0.6623551,-0.7248262,0.1895062,0.7274904,-0.5618168,0.39385226
1356784468033,-0.22733903,0.43874484,0.86937904,-0.6849243,-0.7066577,0.17752029,0.6922395,-0.5551016,0.46115798
1356784468073,-0.2536782,0.46210146,0.8497703,-0.69553757,-0.69766015,0.17174879,0.6722163,-0.5474782,0.49839017
1356784468113,-0.25826168,0.4658839,0.8463174,-0.69523734,-0.6978926,0.1720203,0.67078006,-0.5439652,0.50413877
1356784468152,-0.24368638,0.4506091,0.8588181,-0.6867213,-0.70546854,0.17529428,0.68485826,-0.54705185,0.48135585
1356784468192,-0.21317244,0.41866836,0.8827652,-0.67243266,-0.71835804,0.17831436,0.708796,-0.5555885,0.43466043
1356784468232,-0.1706143,0.37455964,0.91137034,-0.65477705,-0.7342722,0.17919649,0.73631364,-0.5661709,0.37053037
1356784468272,-0.120666504,0.32446867,0.9381682,-0.6367271,-0.75035375,0.17761701,0.7615892,-0.5759247,0.29714063
1356784468312,-0.06835312,0.2752602,0.95893675,-0.6212618,-0.7638193,0.1749687,0.7806162,-0.5837911,0.223218
1356784468352,-0.01815635,0.2329173,0.972327,-0.6098671,-0.77320445,0.17383012,0.7922957,-0.5898342,0.15608722
1356784468392,0.026842594,0.20124708,0.9791726,-0.60231936,-0.77849483,0.17651393,0.79780376,-0.59451276,0.10031819
1356784468433,0.0652833,0.18144478,0.98123187,-0.598127,-0.7799863,0.18402599,0.79873794,-0.59891504,0.05760688
1356784468472,0.09743494,0.17240705,0.980195,-0.5972906,-0.7776673,0.19615717,0.79608446,-0.6045738,0.02720508
1356784468512,0.1241886,0.17118835,0.9773801,-0.6004154,-0.77124715,0.2113746,0.78998643,-0.6130844,0.007003989
1356784468552,0.14707834,0.17484193,0.9735493,-0.6070074,-0.7611662,0.22840284,0.7809673,-0.62454474,-0.005820662
1356784468611,0.16685838,0.18111601,0.9692035,-0.61484647,-0.7493372,0.24588154,0.7707932,-0.6369387,-0.0136747025
1356784468632,0.18320811,0.189388,0.964659,-0.62015235,-0.73912156,0.26288843,0.7627882,-0.64639884,-0.017963644
1356784468672,0.19510472,0.20001365,0.9601712,-0.61932254,-0.7339905,0.2787429,0.7605089,-0.6490397,-0.019332081
1356784468710,0.20166773,0.21283235,0.9560505,-0.611331,-0.73528033,0.2926385,0.76524806,-0.643479,-0.01817131
1356784468754,0.20248067,0.22668457,0.9526887,-0.59747994,-0.7421952,0.30358535,0.77589905,-0.6306825,-0.014840752
1356784468793,0.19809777,0.2383585,0.95075893,-0.5817817,-0.75204974,0.30976003,0.788852,-0.6144969,-0.010306746
1356784468833,0.18873137,0.24669594,0.9505375,-0.5662074,-0.76351184,0.31057835,0.802365,-0.5968173,-0.00441763
1356784468873,0.17338794,0.25108826,0.9523084,-0.5524773,-0.775679,0.3051079,0.8152946,-0.5790308,0.004227221
1356784468913,0.15055066,0.25321203,0.95562446,-0.5417156,-0.78746986,0.2939988,0.8269695,-0.5619384,0.018614829
1356784468953,0.11813289,0.2565248,0.95929116,-0.53554636,-0.7970558,0.27909172,0.83620256,-0.5467148,0.043222427
1356784468994,0.07366967,0.26655722,0.9609995,-0.5368614,-0.8014774,0.2634653,0.8404479,-0.535333,0.084059656
1356784469032,0.015182078,0.28917235,0.9571566,-0.54929143,-0.7974699,0.24964109,0.8354929,-0.52954805,0.14673266
1356784469072,-0.05609429,0.32681364,0.9434227,-0.5740941,-0.7836398,0.23732817,0.81686556,-0.52830064,0.23157951
1356784469112,-0.13231307,0.3734478,0.9181665,-0.6060169,-0.76349336,0.22320671,0.7843702,-0.5268913,0.32733595
1356784469152,-0.20000106,0.41558984,0.8872906,-0.6342829,-0.74513996,0.20603773,0.7467829,-0.52158546,0.41263038
1356784469192,-0.24755228,0.44142962,0.8624719,-0.65063596,-0.73533726,0.18960993,0.71790713,-0.51421684,0.4692444
1356784469232,-0.27030885,0.44683337,0.852803,-0.6543149,-0.73503894,0.17773484,0.7062613,-0.5099584,0.49105734
1356784469272,-0.2686451,0.43307948,0.8603906,-0.6491673,-0.74130344,0.17044318,0.711626,-0.5127487,0.48028868
1356784469312,-0.2452299,0.40382025,0.88135785,-0.639592,-0.7505896,0.1659442,0.72854966,-0.5230149,0.4423471
1356784469352,-0.20409626,0.36382815,0.90883094,-0.62865376,-0.76036483,0.1632165,0.7504259,-0.5380281,0.38390967
1356784469392,-0.1504423,0.31862742,0.9358653,-0.6180385,-0.7691654,0.16252132,0.77161884,-0.5539506,0.31263894
1356784469432,-0.090137005,0.27377728,0.95756006,-0.6083025,-0.7764232,0.16472746,0.7885705,-0.56763816,0.23652384
1356784469472,-0.028941333,0.23419718,0.97175825,-0.59911454,-0.7822586,0.17068401,0.80014,-0.57725465,0.1629506
1356784469512,0.028194249,0.20382719,0.97860074,-0.5900832,-0.7868184,0.18088269,0.80684996,-0.5825558,0.098091304
1356784469552,0.07785565,0.18503216,0.97964364,-0.5818763,-0.7894657,0.19535564,0.8095421,-0.58524096,0.046201464
1356784469592,0.11868656,0.17801483,0.976844,-0.576421,-0.7886978,0.21376325,0.8084877,-0.58844423,0.009003606
1356784469632,0.15123785,0.18080503,0.9718213,-0.57571006,-0.78307104,0.2352823,0.80354536,-0.5950709,-0.0143387355
1356784469672,0.17727256,0.18986203,0.9656743,-0.5803637,-0.7722814,0.2583785,0.79482853,-0.6062457,-0.026715279
1356784469712,0.19855332,0.20151334,0.95915014,-0.58900476,-0.7576609,0.28111097,0.78335816,-0.6207595,-0.03174382
1356784469772,0.21561575,0.21381322,0.95278215,-0.5979794,-0.7424643,0.3019394,0.7719654,-0.6348469,-0.032231092
1356784469794,0.22774625,0.2265125,0.9470078,-0.6030193,-0.73080945,0.31982088,0.76452565,-0.643902,-0.029847745
1356784469835,0.23444813,0.239195,0.9422419,-0.60180783,-0.72548634,0.33391154,0.7634536,-0.64533347,-0.026139494
1356784469873,0.23631513,0.25004017,0.93895423,-0.5952527,-0.7265201,0.34328237,0.76800346,-0.6400379,-0.022850662
1356784469914,0.23389727,0.2575186,0.9375373,-0.5853542,-0.7326405,0.34727284,0.776307,-0.63001764,-0.020623058
1356784469953,0.22672534,0.261137,0.938298,-0.5741781,-0.7423341,0.34533978,0.7867116,-0.6170474,-0.018366814
1356784469992,0.21341866,0.26192832,0.9411939,-0.562888,-0.754445,0.33759388,0.79850453,-0.6018356,-0.013576271
1356784470032,0.19212484,0.26184255,0.9457941,-0.55224514,-0.76782835,0.32475367,0.81124187,-0.58470345,-0.0029176474
1356784470072,0.16065454,0.26400942,0.95104635,-0.5436105,-0.7805798,0.30851698,0.8238189,-0.5665635,0.018114595
1356784470112,0.116202176,0.27313673,0.9549311,-0.54028475,-0.7893697,0.2915269,0.83342034,-0.5498108,0.05584508
1356784470152,0.055993974,0.2949677,0.9538652,-0.5472199,-0.7900249,0.27642572,0.83511376,-0.53745216,0.11717552
1356784470192,-0.019184768,0.33194658,0.9431031,-0.56732976,-0.780326,0.26311278,0.8232672,-0.5300027,0.2032935
1356784470232,-0.10029197,0.37819272,0.9202781,-0.59668475,-0.76301754,0.24853899,0.79618394,-0.5241895,0.30218634
1356784470272,-0.17112893,0.4205925,0.8909639,-0.62519616,-0.74527115,0.23173362,0.7614752,-0.5173709,0.3904904
1356784470312,-0.21771246,0.44760644,0.8673233,-0.64424443,-0.7334484,0.21680059,0.73317826,-0.511568,0.4480489
1356784470352,-0.23498857,0.455065,0.85889244,-0.6518235,-0.7292735,0.20805377,0.7210455,-0.51095605,0.46799296
1356784470392,-0.22455859,0.4439239,0.8674705,-0.65040463,-0.7311751,0.20580776,0.72563577,-0.51799095,0.45292172
1356784470433,-0.19060701,0.41676885,0.88880414,-0.6432503,-0.7369677,0.20762408,0.7415511,-0.5321489,0.40855783
1356784470472,-0.13991213,0.37844345,0.9149891,-0.63332033,-0.7445405,0.21110338,0.7611371,-0.54994535,0.34384626
1356784470512,-0.079930425,0.33396965,0.9391887,-0.6226546,-0.752497,0.21459173,0.77840376,-0.56763774,0.26809508
1356784470552,-0.018387377,0.2893002,0.95706177,-0.6127827,-0.7596312,0.217848,0.7900375,-0.5824653,0.1912458
1356784470592,0.038323283,0.24967729,0.9675704,-0.6042934,-0.7653729,0.2214358,0.79583967,-0.5931826,0.121546745
1356784470632,0.08622515,0.21870606,0.9719737,-0.5971579,-0.76958615,0.22614107,0.7974759,-0.59992087,0.0642443
1356784470672,0.12380856,0.19803803,0.97234374,-0.59167403,-0.7719073,0.23255284,0.79661363,-0.6041026,0.021605283
1356784470712,0.15142447,0.18750252,0.9705223,-0.58878803,-0.7715462,0.24092571,0.7939769,-0.6079139,-0.0064317286
1356784470776,0.17028672,0.18581793,0.9677159,-0.58969676,-0.76757956,0.2511559,0.7894682,-0.6134275,-0.021132383
1356784470793,0.18288743,0.1900907,0.96458155,-0.5944539,-0.760078,0.26249924,0.78305596,-0.62140715,-0.026008517
1356784470834,0.19130003,0.19712672,0.96153283,-0.6030072,-0.7493511,0.2735969,0.7744589,-0.6321503,-0.024482075
1356784470873,0.19726342,0.20450729,0.95878255,-0.61315364,-0.73736626,0.2834319,0.76493776,-0.64379174,-0.020061016
1356784470913,0.20090431,0.21138903,0.9565312,-0.6214106,-0.7273369,0.29125562,0.75728875,-0.6529132,-0.014765676
1356784470952,0.20189887,0.21721818,0.9550147,-0.6247378,-0.7223979,0.29638478,0.7542808,-0.6564735,-0.01014692
1356784470992,0.20031995,0.22062124,0.95456696,-0.62236184,-0.7238252,0.29789704,0.75666213,-0.6537608,-0.007690344
1356784471032,0.19601321,0.22027928,0.9555396,-0.6155045,-0.73093724,0.2947626,0.76336956,-0.6459163,-0.007690523
1356784471072,0.18792099,0.21594435,0.9581512,-0.6058777,-0.7423214,0.2861315,0.7730446,-0.63429254,-0.008661922
1356784471112,0.17437321,0.20847835,0.96235687,-0.59468365,-0.7566673,0.27167222,0.7848218,-0.6196703,-0.00796378
1356784471152,0.1534875,0.19979475,0.96774155,-0.5827232,-0.77263314,0.25193587,0.7980446,-0.6025945,-0.0021644793
1356784471192,0.12295538,0.19346444,0.9733722,-0.57124585,-0.78823644,0.22882664,0.81151724,-0.58417034,0.013597753
1356784471232,0.07966989,0.19536902,0.97748846,-0.5628706,-0.8004961,0.20587043,0.8226964,-0.56660116,0.046192084
1356784471272,0.020514905,0.21263868,0.9769155,-0.5614774,-0.8060313,0.1872343,0.8272377,-0.55235714,0.10285616
1356784471312,-0.054468095,0.24953587,0.9668325,-0.5702912,-0.80258185,0.1750151,0.8196348,-0.54184335,0.18602324
1356784471352,-0.13762075,0.30157843,0.9434568,-0.58882666,-0.79083914,0.16690244,0.7964569,-0.5325633,0.28641343
1356784471392,-0.21342993,0.3544043,0.9104094,-0.6111095,-0.7754903,0.15861881,0.7622288,-0.5225059,0.3820927
1356784471432,-0.26708192,0.39249462,0.8801223,-0.6291812,-0.76279616,0.14924113,0.7299303,-0.51389676,0.45067936
1356784471472,-0.29266542,0.4083472,0.8646383,-0.6389175,-0.7562614,0.14090067,0.7114291,-0.5111958,0.48223183
1356784471512,-0.2919439,0.40213618,0.86778754,-0.64096004,-0.75568855,0.13455519,0.7098866,-0.5169345,0.47837186
1356784471570,-0.26936173,0.3771107,0.886133,-0.6378157,-0.759268,0.12924121,0.72155064,-0.530377,0.44504482
1356784471592,-0.22990644,0.33747804,0.9128262,-0.6318693,-0.7651351,0.12373166,0.74019206,-0.54834014,0.38915142
1356784471632,-0.1790126,0.28830534,0.9406564,-0.6250668,-0.77166814,0.11755748,0.75976706,-0.56692886,0.3183484
1356784471670,-0.123126626,0.23616476,0.9638807,-0.6190456,-0.777414,0.111400515,0.77564317,-0.5829698,0.24191707
1356784471712,-0.06796199,0.18687469,0.9800302,-0.61454254,-0.78167087,0.106434435,0.7859509,-0.59503675,0.16796625
1356784471774,-0.018302739,0.14557862,0.9891774,-0.6115669,-0.7843128,0.10411261,0.790981,-0.6030426,0.103386134
1356784471794,0.023324251,0.11458787,0.9931392,-0.61008084,-0.78535867,0.1049422,0.7919957,-0.60834295,0.051590078
1356784471833,0.05627799,0.09419757,0.9939616,-0.61057717,-0.7844322,0.108911306,0.78995466,-0.6130196,0.013368614
1356784471873,0.080947995,0.08337289,0.9932252,-0.6135923,-0.7811187,0.11557621,0.78546274,-0.61879104,-0.012072951
1356784471914,0.09828907,0.08028579,0.99191403,-0.6193131,-0.7752714,0.12411857,0.7789676,-0.62650484,-0.026478618
1356784471954,0.10959315,0.0825859,0.99053967,-0.6277337,-0.7669136,0.1333935,0.7706748,-0.6364142,-0.032206476
1356784471994,0.116354644,0.08768931,0.9893291,-0.63719356,-0.7574941,0.1420807,0.76187,-0.6469259,-0.032262832
1356784472034,0.11909759,0.09416211,0.98840743,-0.64498615,-0.7495039,0.14911985,0.75485665,-0.6552689,-0.028530873
1356784472074,0.118591845,0.10048562,0.9878455,-0.64815193,-0.7458429,0.1536799,0.7522201,-0.6584991,-0.023320936
1356784472113,0.11595178,0.10488394,0.98770165,-0.6457894,-0.74757594,0.1551978,0.7546598,-0.65584266,-0.018949829
1356784472152,0.11179286,0.1062634,0.98803365,-0.6388993,-0.7538478,0.15336606,0.76112413,-0.64839923,-0.016383171
1356784472192,0.10568327,0.1048367,0.9888581,-0.6288136,-0.763316,0.14812908,0.77034056,-0.63746226,-0.014747024
1356784472232,0.09644407,0.101852864,0.9901134,-0.61628234,-0.7750251,0.139757,0.7815975,-0.6236682,-0.011976428
1356784472272,0.082455814,0.09935796,0.9916295,-0.6018005,-0.7881575,0.12901159,0.7943785,-0.6074009,-0.005194545
1356784472312,0.061372697,0.100692704,0.99302286,-0.5864565,-0.8014116,0.117508605,0.8076523,-0.5895765,0.009867042
1356784472352,0.029420376,0.111111775,0.9933724,-0.57316023,-0.812317,0.10783528,0.81891507,-0.5725341,0.039786194
1356784472392,-0.018035412,0.13691035,0.9904192,-0.5670167,-0.8172849,0.102651864,0.8235088,-0.5597329,0.09237057
1356784472432,-0.08355266,0.1822168,0.979702,-0.5730053,-0.8131331,0.102368236,0.8152814,-0.55282134,0.1723507
1356784472472,-0.16008806,0.24164425,0.95706844,-0.5901968,-0.80060744,0.10341868,0.7912266,-0.54830265,0.27078536
1356784472512,-0.23228669,0.30202004,0.9245684,-0.6114752,-0.78457516,0.10266398,0.7564,-0.54150325,0.3669241
1356784472552,-0.28320628,0.34880736,0.8933798,-0.6284369,-0.7711609,0.101870775,0.724473,-0.53258246,0.4376012
1356784472592,-0.3043599,0.37484306,0.87570417,-0.63760954,-0.7631619,0.10506192,0.7076858,-0.52638066,0.47127938
1356784472632,-0.295888,0.38003987,0.87636757,-0.6400128,-0.7599406,0.11346342,0.7091079,-0.52731395,0.46808764
1356784472672,-0.26204646,0.36704272,0.89253086,-0.637855,-0.759907,0.12522899,0.72420484,-0.5364894,0.43325102
1356784472712,-0.20921654,0.33953047,0.9170319,-0.6327665,-0.76198936,0.1377633,0.7455435,-0.55144465,0.3742643
1356784472776,-0.14505094,0.30192113,0.9422335,-0.62584984,-0.7655845,0.14897163,0.766337,-0.5680882,0.3000059
1356784472793,-0.078178525,0.26007545,0.96241826,-0.6185442,-0.76974875,0.15776496,0.7818511,-0.58296436,0.22104606
1356784472834,-0.01562643,0.21931103,0.97552985,-0.61218786,-0.7734997,0.16408591,0.7905579,-0.5946435,0.14634657
1356784472873,0.037930906,0.18406959,0.9821811,-0.6073007,-0.77630246,0.16893944,0.7935661,-0.6028873,0.082339674
1356784472914,0.080259085,0.15724558,0.98429286,-0.60374856,-0.778059,0.1735283,0.79312444,-0.60819256,0.032490376
1356784472953,0.11099607,0.14025252,0.98387456,-0.60168356,-0.7784536,0.1788486,0.79098463,-0.6118326,-0.0020176508
1356784472993,0.13100201,0.13316832,0.9823974,-0.6018651,-0.77674305,0.18554929,0.7877796,-0.61557806,-0.021605525
1356784473033,0.14223832,0.13457017,0.9806422,-0.60516745,-0.7721643,0.19373864,0.78328836,-0.6210098,-0.028393865
1356784473074,0.14774805,0.14127022,0.9788836,-0.6121301,-0.76433605,0.20269921,0.7768315,-0.62915254,-0.02645335
1356784473113,0.15076125,0.14936924,0.97722054,-0.6221047,-0.7539069,0.21121106,0.7682817,-0.6397759,-0.020736638
1356784473153,0.15312457,0.15621077,0.9757823,-0.63250667,-0.7431764,0.2182295,0.75926816,-0.6506051,-0.014994204
1356784473192,0.15525264,0.16053332,0.9747439,-0.6398901,-0.7353893,0.22303204,0.7526203,-0.65835524,-0.011447433
1356784473232,0.15706807,0.16133036,0.97432137,-0.6421379,-0.73286676,0.2248673,0.7503257,-0.6609681,-0.01151365
1356784473272,0.15795225,0.1578844,0.9747428,-0.63929164,-0.7359784,0.22280446,0.7525671,-0.6583375,-0.015315201
1356784473312,0.1563707,0.15035819,0.9761868,-0.63258326,-0.74379313,0.21589403,0.7585425,-0.6512789,-0.021193419
1356784473352,0.15028572,0.13966751,0.97872734,-0.62319934,-0.7551352,0.20345387,0.7674873,-0.6405184,-0.026445363
1356784473392,0.13767207,0.12735583,0.982256,-0.611918,-0.76887107,0.18545493,0.77884704,-0.62659204,-0.027920697
1356784473432,0.11636305,0.1162765,0.98637694,-0.59940684,-0.7836535,0.16309114,0.79194134,-0.6102189,-0.021491408
1356784473472,0.08346975,0.11150855,0.99025184,-0.58705837,-0.7974725,0.13928439,0.80522996,-0.59296167,-0.0011028089
1356784473512,0.035031557,0.121071085,0.9920255,-0.57788014,-0.8074072,0.11894624,0.8153695,-0.5774387,0.0416798
1356784473552,-0.032407403,0.15347986,0.98762023,-0.57653236,-0.8100425,0.1069655,0.8164314,-0.5659286,0.11473748
1356784473592,-0.11611825,0.21033761,0.9707084,-0.58646154,-0.8032849,0.10390572,0.8016106,-0.5572177,0.21663088
1356784473632,-0.20185584,0.27885592,0.9388789,-0.60495216,-0.78938895,0.10439327,0.7702513,-0.54690444,0.32803726
1356784473671,-0.26998723,0.3375191,0.9017693,-0.6231201,-0.7752346,0.103598565,0.7340492,-0.5339403,0.41961837
1356784473712,-0.30253142,0.37999642,0.87411517,-0.6368568,-0.7629149,0.111239046,0.70914596,-0.5230329,0.47280914
1356784473776,-0.31361175,0.3858199,0.8676351,-0.63781726,-0.7625031,0.108527064,0.7034463,-0.51935726,0.4852126
1356784473794,-0.29956806,0.3682318,0.8801502,-0.6322415,-0.7674983,0.105911404,0.71451366,-0.52473974,0.46272928
1356784473833,-0.26438892,0.33271438,0.90520704,-0.6240098,-0.77466804,0.1024759,0.7353301,-0.53776455,0.41243058
1356784473873,-0.21399522,0.28566253,0.9341322,-0.6161781,-0.7815072,0.09783213,0.75797796,-0.5546562,0.34325773
1356784473913,-0.15565366,0.23389277,0.9597218,-0.6105952,-0.7865047,0.09264806,0.77649546,-0.5715805,0.26523626
1356784473944,-0.100271106,0.1887523,0.9768922,-0.60764515,-0.78908205,0.09009367,0.7878534,-0.58457,0.19381654
1356784473984,-0.049021482,0.14668444,0.98796797,-0.6069808,-0.78992224,0.087163,0.79320323,-0.59540474,0.12775767
1356784474023,-0.0044864416,0.11368187,0.9935071,-0.6080333,-0.7890701,0.08754346,0.7938989,-0.60369265,0.07266247
1356784474063,0.031196237,0.0910556,0.99535704,-0.61068964,-0.7866124,0.09109965,0.79125535,-0.6106962,0.031067371
1356784474103,0.05775243,0.079003185,0.99520004,-0.61573505,-0.7818603,0.09779909,0.78583395,-0.61842763,0.0034908056
1356784474144,0.0762344,0.07603064,0.9941869,-0.62384725,-0.7741811,0.10704234,0.7778193,-0.62838113,-0.011587687
1356784474183,0.08863026,0.079417974,0.99289346,-0.6347678,-0.7636791,0.117746234,0.76760316,-0.64069265,-0.017273098
1356784474223,0.09716892,0.08610898,0.99153596,-0.6468013,-0.75172645,0.12866846,0.7564432,-0.65382934,-0.017349094
1356784474263,0.103417695,0.09382069,0.9902032,-0.65667427,-0.741288,0.1388199,0.74705,-0.6645974,-0.015052646
1356784474303,0.10808146,0.101192504,0.98897856,-0.66069293,-0.7360193,0.14751416,0.7428346,-0.6693547,-0.012692869
1356784474342,0.111317456,0.10711223,0.9879956,-0.6571207,-0.7378793,0.15403396,0.7455205,-0.66637903,-0.011753134
1356784474382,0.112858176,0.11046901,0.98745114,-0.64720416,-0.745887,0.15741509,0.7539163,-0.6568481,-0.012683481
1356784474422,0.11187607,0.11058369,0.98754996,-0.6337031,-0.75755566,0.15661944,0.7654436,-0.6433355,-0.014675111
1356784474462,0.10700351,0.10764843,0.98841393,-0.6188027,-0.7709068,0.15094988,0.7782246,-0.6277854,-0.015876591
1356784474521,0.09653354,0.102988034,0.9899872,-0.60338986,-0.7849722,0.14049685,0.7915819,-0.6109109,-0.013634205
1356784474542,0.078406274,0.09934965,0.9919587,-0.58800316,-0.79890686,0.12649143,0.8050495,-0.5931926,-0.0042214096
1356784474582,0.04994291,0.101787224,0.9935518,-0.57399845,-0.81116694,0.11195549,0.81733197,-0.5758885,0.017913673
1356784474620,0.00789386,0.11748609,0.9930432,-0.5643505,-0.8192824,0.10141471,0.8254976,-0.56122494,0.05983597
1356784474663,-0.05088532,0.15516314,0.9865776,-0.5635675,-0.8200074,0.09989849,0.82450134,-0.55091965,0.12917116
1356784474702,-0.12369108,0.21609777,0.96850526,-0.5747462,-0.81122667,0.10760221,0.8089298,-0.5433352,0.2245428
1356784474777,-0.20529598,0.29930186,0.93181115,-0.6002694,-0.790491,0.12165828,0.7730008,-0.5343618,0.3419463
1356784474783,-0.2651707,0.36765447,0.8913555,-0.62423944,-0.7700177,0.1319007,0.7348534,-0.521443,0.4336906
1356784474809,-0.30211616,0.4150073,0.85819274,-0.6415476,-0.7543913,0.1389618,0.7050833,-0.5085889,0.49416077
1356784474851,-0.3136716,0.4346521,0.8442083,-0.6469196,-0.7486309,0.14507519,0.6950577,-0.50062895,0.5160092
1356784474892,-0.30106187,0.43296233,0.8496502,-0.64395094,-0.749462,0.15373352,0.7033413,-0.5008497,0.5044409
1356784474932,-0.269603,0.41335937,0.86974037,-0.6362166,-0.75444984,0.16135044,0.7228712,-0.50984263,0.466388
1356784474972,-0.2243436,0.379302,0.89766353,-0.6270411,-0.76131546,0.16497917,0.7459821,-0.52585995,0.40863425
1356784475012,-0.17065394,0.33560243,0.92641693,-0.61916935,-0.7679139,0.16412707,0.7664898,-0.5456,0.3388422
1356784475052,-0.11376238,0.28738832,0.95103425,-0.61417747,-0.77276754,0.1600511,0.7809252,-0.565896,0.26441932
1356784475092,-0.05819738,0.23976575,0.9690848,-0.61220753,-0.7753429,0.15506572,0.78855246,-0.58425665,0.19190928
1356784475132,-0.007398486,0.19719803,0.9803357,-0.6121365,-0.7761041,0.15149638,0.7907175,-0.5989784,0.12645423
1356784475172,0.03641361,0.16305521,0.9859447,-0.61272967,-0.77574784,0.15092269,0.7894532,-0.6096132,0.071660995
1356784475212,0.07211304,0.13946132,0.98759824,-0.61380064,-0.7742643,0.15415475,0.78616065,-0.61730504,0.029766858
1356784475252,0.09957397,0.12709604,0.98687977,-0.61613804,-0.7709137,0.16144964,0.7813187,-0.62413037,0.0015457645
1356784475292,0.11973745,0.12478849,0.9849318,-0.62066734,-0.7648938,0.17236426,0.7748773,-0.6319535,-0.014134228
1356784475332,0.134453,0.12954988,0.98241496,-0.62762165,-0.75607157,0.18559833,0.7668203,-0.64153916,-0.020347752
1356784475372,0.14554131,0.13807787,0.97966945,-0.63557345,-0.7458088,0.19953859,0.7581979,-0.651693,-0.020787328
1356784475412,0.15383548,0.14834511,0.97689724,-0.6414117,-0.73705614,0.21292979,0.7516153,-0.65934956,-0.018235028
1356784475452,0.15949869,0.15898927,0.97431135,-0.6422474,-0.7328159,0.22472024,0.7497189,-0.6615915,-0.014772739
1356784475492,0.16259587,0.16816525,0.97225666,-0.63752687,-0.7341597,0.23360024,0.7530751,-0.6578222,-0.012161493
1356784475532,0.16283673,0.17403448,0.9711828,-0.6288352,-0.7401928,0.23807724,0.7602962,-0.6494817,-0.011091504
1356784475572,0.15923303,0.17563474,0.9714923,-0.61817926,-0.74951166,0.23682623,0.76973975,-0.6382669,-0.010773275
1356784475612,0.1502676,0.17307922,0.97337717,-0.6067436,-0.7611919,0.22901751,0.7805651,-0.6250043,-0.009367738
1356784475652,0.13424242,0.16760086,0.9766724,-0.5948918,-0.77460384,0.21469223,0.7925167,-0.6098352,-0.004280355
1356784475692,0.10933244,0.16216293,0.98068833,-0.58296907,-0.7886482,0.1954004,0.80510473,-0.5930745,0.008311067
1356784475732,0.07337135,0.16252516,0.9839726,-0.5724294,-0.80106205,0.1749974,0.81666464,-0.57609475,0.0342592
1356784475776,0.022321701,0.18068197,0.9832882,-0.5672618,-0.8075918,0.16127472,0.823235,-0.56138176,0.08446717
1356784475813,-0.04162866,0.21709055,0.9752634,-0.5707027,-0.8063693,0.1551351,0.82010084,-0.5501274,0.1574623
1356784475853,-0.11428797,0.2779879,0.9537616,-0.58718956,-0.7933052,0.1608584,0.8013406,-0.54165465,0.25389674
