1356783557842,0.21807086,0.36822304,-0.9038014,-0.48233828,-0.7644121,-0.4278131,-0.8484073,0.52923155,0.010912001
1356783558002,0.106987,0.16074146,0.98118097,0.5192358,0.8325513,-0.19300929,-0.8479081,0.5301137,0.0056094527
1356783558042,0.10974532,0.1722757,0.9789163,0.51929903,0.82982415,-0.20425564,-0.84751666,0.53076637,0.0016067028
1356783558082,0.11154583,0.18178254,0.97699165,0.5195305,0.82740885,-0.21326688,-0.8471397,0.531366,-0.0021475554
1356783558122,0.11353776,0.19098492,0.9750046,0.51970375,0.8249686,-0.22211441,-0.8467687,0.5319319,-0.0055904984
1356783558164,0.11639917,0.1999407,0.9728694,0.5196278,0.82251346,-0.23121104,-0.8464267,0.5324428,-0.008154869
1356783558202,0.120378196,0.20814869,0.97066116,0.519204,0.8201814,-0.24026978,-0.84613013,0.5328945,-0.00933969
1356783558242,0.12536144,0.21499567,0.9685357,0.5184345,0.818148,-0.24871564,-0.8458783,0.5333017,-0.008896947
1356783558281,0.13107675,0.21978642,0.96670204,0.5173945,0.81661516,-0.25581753,-0.8456488,0.533698,-0.0066770315
1356783558324,0.13725176,0.22175346,0.965395,0.5162211,0.8157876,-0.2607803,-0.84538615,0.53414977,-0.0025055408
1356783558362,0.14360175,0.22042319,0.96477574,0.51510596,0.81576407,-0.26304916,-0.84501153,0.53473604,0.0036038756
1356783558402,0.14977658,0.21594155,0.9648504,0.5142343,0.8164715,-0.26255926,-0.8444704,0.53548443,0.011243761
1356783558444,0.1534811,0.20617671,0.96640307,0.5142851,0.81843084,-0.25628486,-0.843774,0.53634155,0.019580066
1356783558482,0.15889996,0.19985998,0.96685404,0.5139389,0.8194078,-0.25384563,-0.8429814,0.53723997,0.027488053
1356783558522,0.16293293,0.19411704,0.96735275,0.5140058,0.8201926,-0.25116158,-0.84217036,0.53814745,0.033859074
1356783558563,0.16542792,0.19019824,0.96770763,0.5143823,0.8205523,-0.24920826,-0.8414537,0.5389977,0.03790766
1356783558602,0.16640574,0.188663,0.9678406,0.51484525,0.82048905,-0.24845949,-0.8409777,0.5396333,0.03940183
1356783558642,0.1660189,0.18944304,0.96775466,0.5151735,0.82014173,-0.24892536,-0.84085315,0.5398879,0.038563013
1356783558682,0.16450217,0.19190137,0.96752936,0.515275,0.8196936,-0.250188,-0.84108907,0.53970015,0.035959423
1356783558722,0.16204873,0.19540639,0.9672418,0.51519465,0.8192439,-0.2518214,-0.8416144,0.53912514,0.03208512
1356783558762,0.15888053,0.1992408,0.96698505,0.5150848,0.8188421,-0.253348,-0.84228534,0.5383314,0.027472138
1356783558802,0.15533072,0.20269702,0.9668435,0.51514494,0.81849134,-0.2543572,-0.8429105,0.53757405,0.02271849
1356783558842,0.15178859,0.2052286,0.966872,0.51556814,0.81814957,-0.25459945,-0.843297,0.53713363,0.01837647
1356783558883,0.14858934,0.20673083,0.9670489,0.51647794,0.8177109,-0.25416416,-0.84331,0.53722554,0.014731169
1356783558921,0.1459463,0.2071777,0.9673557,0.51775515,0.8172214,-0.25313798,-0.84298825,0.5377979,0.012003124
1356783558962,0.14400735,0.20658031,0.967774,0.51939416,0.81665325,-0.25160944,-0.84231323,0.5388897,0.010307491
1356783559002,0.1426439,0.20475213,0.96836424,0.52136654,0.81608796,-0.24935402,-0.8413261,0.5404416,0.009659052
1356783559042,0.1415605,0.20160833,0.9691825,0.5236163,0.81562155,-0.24614511,-0.840111,0.54232424,0.009894371
1356783559081,0.14038992,0.1972925,0.9702403,0.5260302,0.8153359,-0.2419081,-0.83879846,0.54433715,0.010683119
1356783559122,0.13883361,0.19222292,0.97148114,0.5284233,0.81527865,-0.23683237,-0.83755237,0.5462336,0.011613011
1356783559162,0.13678285,0.1870614,0.9727787,0.53057384,0.81543905,-0.23140983,-0.8365296,0.54778385,0.012288213
1356783559203,0.13430667,0.18255997,0.9739783,0.53225577,0.81577635,-0.2263024,-0.83586216,0.54879946,0.01239562
1356783559242,0.13166156,0.17925327,0.97495306,0.53330636,0.81624675,-0.22209358,-0.83561325,0.54918987,0.011871457
1356783559282,0.12926477,0.17713614,0.97566044,0.53365946,0.81684965,-0.21900748,-0.835762,0.54898036,0.011059523
1356783559321,0.12760207,0.17556179,0.9761638,0.53309816,0.8178129,-0.21676804,-0.83637553,0.5480512,0.0107629895
1356783559362,0.12791106,0.17470913,0.9762763,0.53071064,0.8195171,-0.21618967,-0.83784544,0.54577327,0.012105286
1356783559402,0.12881973,0.17113888,0.97678906,0.5258199,0.82334006,-0.21359926,-0.8407846,0.54113096,0.01607424
1356783559442,0.13108185,0.16565019,0.97743416,0.51763266,0.82943475,-0.20998676,-0.84550214,0.5334773,0.022977889
1356783559483,0.13462755,0.15861355,0.97811913,0.50635433,0.8374809,-0.20550156,-0.85175145,0.52294105,0.03243333
1356783559522,0.13906634,0.15116072,0.97867835,0.49344903,0.8462721,-0.20082732,-0.85858536,0.51085615,0.043097854
1356783559562,0.14387658,0.1446309,0.97896963,0.480537,0.85458946,-0.19687852,-0.86509174,0.49875733,0.053454936
1356783559602,0.14854074,0.14059205,0.97886133,0.46892995,0.8614654,-0.19489011,-0.8706552,0.4879665,0.062034905
1356783559642,0.15271467,0.14018643,0.9782771,0.45905542,0.8665539,-0.19583778,-0.8751836,0.47899067,0.06798214
1356783559682,0.15639275,0.14365503,0.97719216,0.45040634,0.8701343,-0.20000109,-0.8790196,0.47141227,0.07137954
1356783559722,0.15998319,0.1502797,0.97561336,0.4419647,0.87284017,-0.20692323,-0.88265085,0.46429086,0.073221445
1356783559762,0.1640794,0.15884255,0.9735743,0.4329273,0.87522674,-0.21575926,-0.88637006,0.45688856,0.07483941
1356783559802,0.16907912,0.16847037,0.9710973,0.42318845,0.87742794,-0.22590208,-0.8901257,0.44915247,0.077060044
1356783559842,0.17502695,0.17906544,0.96814317,0.41297123,0.8792883,-0.23729059,-0.89376754,0.4413475,0.07995027
1356783559885,0.18178621,0.19065058,0.96467936,0.4017836,0.8809979,-0.24982548,-0.8975098,0.43300712,0.083553016
1356783559921,0.18928558,0.20390336,0.96051776,0.3901611,0.8820477,-0.2641329,-0.90108,0.42475322,0.087403774
1356783559962,0.19661117,0.21705449,0.95615447,0.3797688,0.8822086,-0.27835894,-0.90394676,0.41784608,0.09102154
1356783560002,0.20347625,0.23010409,0.9516562,0.37442738,0.8798167,-0.29279116,-0.90465546,0.41590217,0.09286451
1356783560061,0.20941621,0.24093984,0.94767755,0.3777783,0.87398005,-0.30568358,-0.9019026,0.42202714,0.09200376
1356783560082,0.2140168,0.24618775,0.945298,0.3912295,0.8651122,-0.31387955,-0.89506215,0.43700397,0.08883262
1356783560123,0.2163564,0.24337727,0.9454932,0.41280133,0.85480326,-0.3144939,-0.8847513,0.45834363,0.084475696
1356783560160,0.21506986,0.23199746,0.9486422,0.439189,0.8446285,-0.30613014,-0.8722717,0.48247257,0.07976341
1356783560203,0.20886272,0.21293081,0.9544825,0.46777737,0.83536035,-0.2887169,-0.8588136,0.5067875,0.07487142
1356783560242,0.19653252,0.18796532,0.96231186,0.4964912,0.82724667,-0.26298165,-0.8455007,0.5294638,0.069257736
1356783560282,0.17767653,0.16113289,0.9708075,0.5239539,0.81956315,-0.2319233,-0.8330086,0.5498657,0.061190903
1356783560322,0.15129259,0.13725072,0.97891414,0.5484444,0.81224906,-0.19864602,-0.8223864,0.56693363,0.047612846
1356783560362,0.11617637,0.12371126,0.98549414,0.566638,0.8066459,-0.16805899,-0.8157356,0.5779429,0.023613691
1356783560402,0.07027191,0.12923567,0.9891208,0.57371324,0.8059279,-0.14605953,-0.81603605,0.5777356,-0.017510116
1356783560443,0.011358444,0.16027592,0.98700696,0.56606144,0.81264913,-0.13847691,-0.82428485,0.5602794,-0.08149558
1356783560482,-0.060198247,0.2156495,0.9746135,0.5461818,0.8243681,-0.14866962,-0.8355008,0.5233665,-0.16740936
1356783560522,-0.13818619,0.28283474,0.9491623,0.52427375,0.83396125,-0.17217901,-0.84026283,0.4738281,-0.26352477
1356783560562,-0.21147314,0.34249848,0.9154091,0.5105349,0.8373703,-0.19535923,-0.8334466,0.42603505,-0.35193872
1356783560602,-0.26959288,0.3779593,0.8857011,0.5061719,0.838065,-0.20356095,-0.81921285,0.39343846,-0.41724873
1356783560642,-0.3076411,0.3827904,0.8711076,0.5048362,0.8416886,-0.19157444,-0.8065342,0.38083047,-0.45218444
1356783560682,-0.32486075,0.3583129,0.87525845,0.5014263,0.8499301,-0.16183472,-0.801896,0.38630384,-0.45577645
1356783560722,-0.32230538,0.30958566,0.89458144,0.49567285,0.86029917,-0.11913754,-0.8064909,0.40502107,-0.43073225
1356783560762,-0.30216116,0.24456212,0.9213512,0.4909598,0.8684059,-0.069495976,-0.8171029,0.43134743,-0.3824687
1356783560802,-0.26721674,0.17168044,0.94822,0.49015015,0.87141657,-0.019646123,-0.82966745,0.4595204,-0.3170063
1356783560842,-0.22153622,0.09991276,0.9700202,0.49328506,0.86956114,0.023092568,-0.8411846,0.4836123,-0.24192476
1356783560883,-0.16890094,0.035295427,0.98500085,0.49779785,0.8655889,0.054342285,-0.85068774,0.4995098,-0.16376877
1356783560921,-0.11638531,-0.011459008,0.993138,0.50189143,0.86219275,0.06876452,-0.8570644,0.50645065,-0.09459543
1356783560962,-0.06874476,-0.040760696,0.99680126,0.50216395,0.8619445,0.06987813,-0.86203563,0.50536144,-0.038785636
1356783561002,-0.027082175,-0.05160342,0.9983003,0.49752468,0.8654928,0.05823545,-0.8670269,0.4982562,0.0022345185
1356783561042,0.008559138,-0.04667446,0.99887353,0.4878417,0.8721657,0.03657356,-0.8728902,0.4869791,0.030234754
1356783561082,0.038683802,-0.028982699,0.9988311,0.47410357,0.88043976,0.007185787,-0.8796188,0.47327143,0.047799528
1356783561122,0.06372681,-0.0011520982,0.9979668,0.45750105,0.88876224,-0.028188497,-0.88692266,0.4583672,0.057165086
1356783561162,0.08411425,0.034491956,0.9958589,0.4392796,0.89576334,-0.06812842,-0.8944038,0.4431911,0.06019485
1356783561202,0.10027397,0.075616986,0.9920822,0.42204067,0.89972687,-0.11123502,-0.90101427,0.42985302,0.05830574
1356783561242,0.11322588,0.1187413,0.9864484,0.40990654,0.8988194,-0.15524283,-0.9050727,0.42192915,0.05309677
1356783561282,0.12472123,0.15887937,0.97938854,0.40608832,0.8924592,-0.19649118,-0.9052828,0.42222488,0.046789527
1356783561322,0.13606566,0.1915802,0.9719996,0.41079172,0.88189495,-0.23132543,-0.9015189,0.4307648,0.041296065
1356783561362,0.1472283,0.2146227,0.9655366,0.42199877,0.86923945,-0.2575653,-0.8945619,0.4453762,0.037406147
1356783561402,0.15709564,0.22779235,0.9609535,0.43760976,0.8562372,-0.27450955,-0.8853353,0.4636469,0.034826934
1356783561442,0.16395295,0.23220788,0.95874864,0.456398,0.84376943,-0.28240743,-0.87454003,0.4838725,0.032359242
1356783561482,0.16572452,0.23027083,0.9589112,0.47797713,0.8317573,-0.2823431,-0.86259675,0.5051288,0.027778387
1356783561522,0.15937972,0.2265889,0.960862,0.50148576,0.81979114,-0.2765041,-0.8503589,0.5259277,0.01702696
1356783561562,0.14053318,0.22926103,0.96316653,0.52450925,0.80785215,-0.26882157,-0.8397264,0.54296815,-0.00671947
1356783561602,0.10431895,0.24806575,0.9631101,0.54340005,0.7968484,-0.2641004,-0.83296704,0.55090475,-0.05167252
1356783561642,0.048480004,0.28897476,0.95610845,0.55579066,0.78754616,-0.2662101,-0.82990754,0.544302,-0.12242925
1356783561682,-0.022033334,0.34699798,0.937607,0.5632012,0.779172,-0.27512795,-0.8260259,0.5219994,-0.21259743
1356783561723,-0.09395838,0.40610522,0.9089831,0.5693523,0.770903,-0.2855634,-0.81670666,0.4907006,-0.30364978
1356783561762,-0.15210474,0.44841915,0.88078624,0.5749443,0.7650044,-0.29018497,-0.80392987,0.46226454,-0.37417686
1356783561802,-0.18831044,0.46521124,0.86493796,0.57653487,0.76533824,-0.2861204,-0.79507655,0.44478744,-0.4123317
1356783561842,-0.20187435,0.45613825,0.8667091,0.5709207,0.77383447,-0.2742803,-0.79579914,0.439452,-0.4166361
1356783561886,-0.19540608,0.42437038,0.8841528,0.5582354,0.7893629,-0.2554984,-0.8063434,0.44363952,-0.39114487
1356783561923,-0.17274523,0.37529254,0.91066706,0.5416235,0.8084256,-0.23041701,-0.82268035,0.45343524,-0.34291893
1356783561964,-0.13772523,0.3152277,0.93896925,0.5246208,0.8273177,-0.20079452,-0.84012187,0.4649483,-0.2793175
1356783562004,-0.09484103,0.25257725,0.96291745,0.50998276,0.8430363,-0.17090195,-0.8549403,0.47486275,-0.20876443
1356783562042,-0.04884246,0.19620281,0.97934616,0.49893755,0.85420865,-0.14624944,-0.8652605,0.4814894,-0.13961464
1356783562082,-0.003823042,0.15340751,0.98815566,0.4912361,0.8610021,-0.13176689,-0.8710181,0.48491398,-0.07865095
1356783562122,0.03753295,0.12832487,0.9910217,0.48551214,0.86446136,-0.13032466,-0.8734239,0.48604453,-0.029857457
1356783562162,0.07402617,0.12179598,0.98979074,0.47962335,0.8658404,-0.14241447,-0.8743463,0.4852692,0.0056786537
1356783562202,0.10531315,0.13264465,0.9855529,0.47135305,0.8660042,-0.16692205,-0.8756343,0.48212248,0.028679192
1356783562242,0.13118088,0.15898283,0.9785275,0.45919693,0.8650389,-0.20210382,-0.8785953,0.47584894,0.04047215
1356783562282,0.15157878,0.19831951,0.9683456,0.44257498,0.86236006,-0.2458913,-0.8838276,0.4658374,0.042944252
1356783562322,0.16673833,0.24697474,0.9545689,0.42250463,0.8568404,-0.2954901,-0.89089173,0.45257932,0.038520157
1356783562362,0.17753428,0.2994672,0.93744385,0.40293258,0.8469523,-0.3468675,-0.89784575,0.43930757,0.029697955
1356783562402,0.18605042,0.34799558,0.91884947,0.38954896,0.8324114,-0.39413553,-0.9020182,0.43126595,0.019309163
1356783562442,0.19476402,0.38492152,0.90216535,0.38541237,0.8157638,-0.4312618,-0.9019558,0.43169996,0.010527909
1356783562482,0.2044648,0.40620407,0.89061356,0.38972446,0.8008351,-0.4547286,-0.8979472,0.44006985,0.0054349303
1356783562522,0.21370724,0.4125894,0.88549376,0.39948395,0.79027104,-0.4646335,-0.89148295,0.4530361,0.004063785
1356783562562,0.22020742,0.4061229,0.88688934,0.41337475,0.7846772,-0.46195558,-0.88353264,0.4683437,0.0049108267
1356783562602,0.22181615,0.38907924,0.89410007,0.4316174,0.7830418,-0.44783026,-0.87435925,0.48524517,0.005757928
1356783562642,0.2163598,0.36489177,0.9055619,0.4543771,0.7833246,-0.42419806,-0.86413527,0.503246,0.003681481
1356783562682,0.20120361,0.33990496,0.9186848,0.48023397,0.78319156,-0.39495105,-0.85375196,0.5206492,-0.005652964
1356783562722,0.17318311,0.32383657,0.9301277,0.50541294,0.78134453,-0.36613998,-0.8453197,0.5335078,-0.028355539
1356783562762,0.12944564,0.3274998,0.93594223,0.52482617,0.7782075,-0.34489232,-0.84130937,0.5358518,-0.07114488
1356783562802,0.069226205,0.35728762,0.9314254,0.5352872,0.77457285,-0.33690426,-0.8418285,0.5219027,-0.13763076
1356783562842,-0.002957106,0.4084432,0.9127789,0.5391163,0.76942414,-0.34254938,-0.8422261,0.49108106,-0.22247368
1356783562904,-0.07744852,0.46755397,0.88056517,0.5428591,0.76058817,-0.35610354,-0.83624506,0.4504431,-0.31272233
1356783562922,-0.14018434,0.5128776,0.84693855,0.55025923,0.75148094,-0.36399335,-0.82314223,0.41500962,-0.3875615
1356783562963,-0.18428922,0.5361814,0.82373965,0.55921215,0.7464211,-0.3607455,-0.80828166,0.39416373,-0.43739653
1356783563000,-0.20896363,0.53459644,0.81886554,0.5638386,0.7500208,-0.34576696,-0.79901195,0.38945532,-0.4581532
1356783563043,-0.2157034,0.5085643,0.83356726,0.56032246,0.76359427,-0.32087785,-0.7996942,0.39785206,-0.44966984
1356783563082,-0.20731133,0.46135688,0.8626539,0.5493758,0.7845373,-0.2875543,-0.8094494,0.41430792,-0.41610175
1356783563122,-0.18584216,0.3966606,0.8989566,0.53414494,0.80868644,-0.24640499,-0.8247132,0.4343807,-0.3621623
1356783563162,-0.15401691,0.3213857,0.93433934,0.518415,0.831295,-0.20048566,-0.84114486,0.45349735,-0.29464465
1356783563202,-0.11530855,0.2446123,0.9627402,0.50491154,0.8490923,-0.15526284,-0.8554344,0.46819556,-0.22141516
1356783563242,-0.07357913,0.17582735,0.9816674,0.4949253,0.8610064,-0.11711943,-0.8658147,0.47723448,-0.15037352
1356783563282,-0.0321607,0.122896686,0.99189824,0.488267,0.8678634,-0.091697454,-0.8721015,0.4813621,-0.08791751
1356783563322,0.0069068074,0.09104927,0.9958225,0.4833234,0.8714952,-0.0830341,-0.87541467,0.48187774,-0.037986994
1356783563362,0.043135315,0.082798705,0.9956323,0.4775315,0.8736423,-0.0933426,-0.87755513,0.47947216,-0.0018541217
1356783563402,0.07726595,0.098663986,0.9921166,0.46853215,0.874774,-0.12348372,-0.88006115,0.4743796,0.02136302
1356783563442,0.11065441,0.13781095,0.98425794,0.45470536,0.873592,-0.17343593,-0.88374126,0.46673882,0.034003437
1356783563482,0.1447193,0.19796842,0.9694662,0.43485767,0.86736315,-0.24203297,-0.8887942,0.45660666,0.039436102
1356783563522,0.1798498,0.27502683,0.9444651,0.40910056,0.8522397,-0.32607394,-0.8945897,0.44502556,0.04076153
1356783563562,0.21528763,0.3616831,0.9071034,0.38059625,0.82435954,-0.4190201,-0.8993318,0.43545,0.03981918
1356783563602,0.25010103,0.44587758,0.8594432,0.3544753,0.78385794,-0.5098176,-0.90099764,0.43215728,0.037991107
1356783563642,0.28355893,0.5150832,0.808878,0.33431947,0.73748016,-0.58681643,-0.8987908,0.43682072,0.036916733
1356783563682,0.31423444,0.5626051,0.7646779,0.321267,0.69493556,-0.6433133,-0.8933332,0.44781697,0.037626207
1356783563722,0.33989313,0.5876088,0.73429465,0.31625605,0.6638947,-0.6776622,-0.8856946,0.46255785,0.039818406
1356783563762,0.3581347,0.5915738,0.7223434,0.32124656,0.64835,-0.6902484,-0.8766642,0.47925228,0.042155564
1356783563802,0.36662966,0.5762389,0.73043233,0.338578,0.64862937,-0.6816486,-0.8665723,0.49722087,0.04270494
1356783563842,0.36215052,0.54413027,0.75681525,0.36939514,0.6616709,-0.6524866,-0.85580033,0.5158623,0.03862536
1356783563886,0.34034076,0.50195897,0.7951134,0.4114321,0.6808554,-0.6059369,-0.8455127,0.5333601,0.025200844
1356783563923,0.29662314,0.46264166,0.8354505,0.4576137,0.6989895,-0.54954845,-0.83821505,0.54532236,-0.004374683
1356783563964,0.22890633,0.4431224,0.8667436,0.49777865,0.71188563,-0.4954143,-0.8365515,0.54484993,-0.057621717
1356783564004,0.14023668,0.4527507,0.8805399,0.52506775,0.7199703,-0.45381343,-0.8394269,0.5259844,-0.13675857
1356783564044,0.04111013,0.48583293,0.87308437,0.5406523,0.7240268,-0.42834613,-0.84024113,0.48964438,-0.23290181
1356783564084,-0.052477807,0.5232264,0.8505764,0.5510073,0.72552896,-0.41230893,-0.8328488,0.44703668,-0.32637572
1356783564123,-0.12701494,0.54607266,0.828053,0.5591034,0.7289724,-0.39497155,-0.8193109,0.4128,-0.39790154
1356783564164,-0.1775491,0.54505426,0.81938523,0.561863,0.73971605,-0.37031072,-0.80795187,0.3946339,-0.43758178
1356783564204,-0.20531392,0.5186964,0.82993984,0.55563414,0.75986814,-0.3374479,-0.8056779,0.39186016,-0.44421697
1356783564244,-0.21302575,0.4688701,0.85719365,0.54099077,0.7871716,-0.29612476,-0.8136025,0.40065163,-0.4213422
1356783564283,-0.20309186,0.40012786,0.89367294,0.52270156,0.8160718,-0.24659652,-0.82797146,0.41704255,-0.37488502
1356783564324,-0.17782259,0.32032633,0.9304677,0.5063786,0.8405296,-0.19258937,-0.8437772,0.43692216,-0.31167156
1356783564363,-0.1401659,0.24092056,0.9603701,0.49564564,0.85674095,-0.14258452,-0.85714,0.4560178,-0.23949707
1356783564402,-0.09369269,0.175197,0.9800651,0.4910795,0.86444604,-0.107582435,-0.86606157,0.47121018,-0.16702795
1356783564442,-0.041441437,0.13471316,0.9900177,0.49034458,0.8660776,-0.09732297,-0.8705428,0.4814166,-0.10194737
1356783564482,0.015182588,0.12717101,0.99176455,0.48913118,0.86415094,-0.118295416,-0.87207806,0.48689902,-0.049083292
1356783564522,0.07577947,0.15524222,0.9849656,0.48229635,0.8588617,-0.17247276,-0.87272424,0.4881152,-0.009788692
1356783564562,0.13927126,0.21727446,0.9661239,0.46509466,0.84697586,-0.2575245,-0.8742371,0.48520482,0.016906202
1356783564602,0.20248234,0.30745745,0.9297693,0.4341907,0.8228279,-0.3666507,-0.8777696,0.47793746,0.033112943
1356783564642,0.25985453,0.41527513,0.87179255,0.3891923,0.7811936,-0.48812494,-0.88374484,0.46613643,0.041374803
1356783564682,0.3055076,0.52619374,0.7935901,0.33520353,0.720653,-0.6068754,-0.8912372,0.45141923,0.04378295
1356783564722,0.33722427,0.6235106,0.70534706,0.2830709,0.647406,-0.7076274,-0.897859,0.43829238,0.041823328
1356783564762,0.35884655,0.6945554,0.623556,0.2433663,0.5753218,-0.78088266,-0.9011116,0.43196958,0.03742087
1356783564802,0.3763794,0.7367389,0.5617423,0.21989077,0.5179653,-0.826656,-0.8999926,0.4346583,0.032949388
1356783564842,0.39289626,0.75478697,0.5252897,0.21098009,0.48200056,-0.85038984,-0.8950531,0.4449407,0.03013122
1356783564887,0.4080006,0.7538718,0.51498806,0.21475914,0.46899742,-0.85669124,-0.88736355,0.4601289,0.029450357
1356783564923,0.41941476,0.7362062,0.531123,0.23180112,0.4788217,-0.84675735,-0.8777012,0.47825748,0.030171454
1356783564964,0.4234941,0.701103,0.57367873,0.2646708,0.50988144,-0.8185171,-0.86637294,0.49847317,0.030370295
1356783565004,0.41416454,0.64786255,0.6393292,0.31512585,0.5569015,-0.7684767,-0.8539107,0.519745,0.026490629
1356783565043,0.38395548,0.5822517,0.71663177,0.3791074,0.6082787,-0.697334,-0.84193575,0.5394257,0.012816012
1356783565083,0.32837373,0.5214761,0.78754896,0.44468147,0.65025306,-0.61597836,-0.83332413,0.5524795,-0.018364727
1356783565122,0.24977046,0.48730174,0.83675075,0.4985191,0.6761029,-0.5425528,-0.8301165,0.55264986,-0.07405871
1356783565162,0.15616456,0.48900002,0.85819083,0.5358382,0.68794465,-0.4894993,-0.829753,0.53629386,-0.15459234
1356783565202,0.05856055,0.5137593,0.8559334,0.5612132,0.69214505,-0.45384476,-0.82559705,0.5069386,-0.24779606
1356783565242,-0.03119433,0.5357224,0.8438178,0.5787871,0.6979634,-0.42172575,-0.81488186,0.47523534,-0.33184165
1356783565282,-0.10488197,0.53434306,0.8387356,0.5862209,0.7144976,-0.38188773,-0.80333364,0.4516312,-0.38818097
1356783565322,-0.159801,0.50195897,0.85000056,0.5798645,0.7445814,-0.33068976,-0.7988873,0.44004056,-0.41005307
1356783565362,-0.19590384,0.43939316,0.87667286,0.5605382,0.7837197,-0.26754507,-0.80462325,0.4389955,-0.39983034
1356783565402,-0.2134456,0.35282204,0.91102004,0.5339247,0.8230554,-0.19366004,-0.8181474,0.44508028,-0.36405796
1356783565443,-0.21297604,0.25286397,0.9437695,0.50742424,0.8540787,-0.11432508,-0.8349622,0.45454302,-0.3102076
1356783565482,-0.19634286,0.15331373,0.9684753,0.4868659,0.87258637,-0.039429873,-0.8511234,0.46377584,-0.2459693
1356783565522,-0.16688034,0.06740865,0.9836702,0.4747096,0.87990975,0.020236626,-0.8641769,0.47033477,-0.1788392
1356783565562,-0.12862664,0.005679801,0.9916768,0.4702263,0.8807708,0.055946693,-0.8731222,0.47350872,-0.11596137
1356783565602,-0.085050285,-0.02591087,0.99603975,0.47037983,0.8802079,0.06306262,-0.8783561,0.47388047,-0.062673986
1356783565642,-0.038212366,-0.025806472,0.9989363,0.4711647,0.8811018,0.04078582,-0.8812171,0.47222206,-0.021509886
1356783565682,0.010799944,0.0042485,0.99993265,0.46865958,0.8833349,-0.008814931,-0.8833128,0.4687232,0.0075488687
1356783565740,0.060768366,0.060424134,0.9963212,0.4597298,0.88429546,-0.081670225,-0.88597715,0.46300155,0.025958419
1356783565762,0.109487444,0.13698305,0.984504,0.44228518,0.8802916,-0.17166989,-0.8901664,0.4542272,0.03579527
1356783565803,0.15405607,0.226475,0.9617567,0.41610909,0.86797905,-0.27104542,-0.89616966,0.4419519,0.039479136
1356783565840,0.1914846,0.31904113,0.92819524,0.38481885,0.8455725,-0.37002915,-0.90291095,0.42804193,0.03914106
1356783565882,0.22054529,0.4027241,0.8883542,0.35581177,0.8147984,-0.45771337,-0.90816176,0.41703337,0.03640598
1356783565912,0.24258214,0.46773422,0.8499286,0.33411622,0.78221834,-0.5258335,-0.9107801,0.41153276,0.033474624
1356783565952,0.26062343,0.5086156,0.8206006,0.32597104,0.7537023,-0.57068,-0.9087454,0.41622463,0.030638516
1356783565992,0.2754627,0.5264041,0.80437493,0.32957685,0.7343207,-0.5934242,-0.90305007,0.42856956,0.028787374
1356783566032,0.28653884,0.5249479,0.80145204,0.34205282,0.7253446,-0.5973903,-0.8949276,0.44531444,0.028279483
1356783566072,0.29235128,0.5076566,0.81044155,0.3616701,0.725829,-0.5851213,-0.8852827,0.46417344,0.028592825
1356783566112,0.2909831,0.47812012,0.8286918,0.38783082,0.7328651,-0.5590134,-0.87459487,0.4840557,0.02782166
1356783566152,0.27969503,0.44222784,0.85217685,0.41953844,0.7420767,-0.52279043,-0.863573,0.5037428,0.022023618
1356783566192,0.2544621,0.4097034,0.87600917,0.45386502,0.7492802,-0.48227122,-0.8539645,0.5203096,0.0047133565
1356783566232,0.2106792,0.39261732,0.8952463,0.48602256,0.7525224,-0.44440082,-0.84817237,0.52873594,-0.032280028
1356783566272,0.14528346,0.39949447,0.9051502,0.51183826,0.75257564,-0.41430852,-0.84670794,0.5234827,-0.09513974
1356783566312,0.06057006,0.42873827,0.90139604,0.53082335,0.75093395,-0.3928419,-0.8453152,0.50227654,-0.18210018
1356783566352,-0.03246802,0.46719313,0.8835589,0.54604816,0.7487209,-0.37583026,-0.8371244,0.47026333,-0.27941948
1356783566392,-0.11727741,0.4980036,0.859208,0.55927026,0.74805987,-0.35724384,-0.8206477,0.43863285,-0.3662492
1356783566432,-0.18053845,0.51014334,0.8409278,0.56790525,0.75212646,-0.33434924,-0.8030501,0.4172044,-0.4255008
1356783566472,-0.21740964,0.5015725,0.83735186,0.5685127,0.76240873,-0.30907333,-0.79342705,0.4088496,-0.45090532
1356783566512,-0.22866422,0.47468224,0.84993494,0.56058633,0.7779892,-0.28368247,-0.7958993,0.41159385,-0.4439987
1356783566552,-0.21731687,0.43344608,0.8745844,0.54675436,0.7962965,-0.2587888,-0.8085994,0.42194363,-0.41003716
1356783566592,-0.18729499,0.38285682,0.90462214,0.53076625,0.8143548,-0.23476252,-0.8265638,0.43617305,-0.35573208
1356783566632,-0.1433549,0.32925695,0.9332948,0.5153961,0.8299008,-0.2136153,-0.8448764,0.45039374,-0.2886681
1356783566673,-0.090860665,0.28008378,0.95566595,0.50161904,0.84187883,-0.19904354,-0.86030376,0.46129498,-0.21698904
1356783566712,-0.03499645,0.24284816,0.9694328,0.48904592,0.8501122,-0.19530316,-0.8715556,0.46726227,-0.1485148
1356783566752,0.02030608,0.22352122,0.9744875,0.47657675,0.8546648,-0.20596786,-0.8788983,0.4686005,-0.0891701
1356783566792,0.07291058,0.22553098,0.971504,0.46266925,0.85528934,-0.23327515,-0.88352776,0.46649322,-0.041986585
1356783566832,0.12187767,0.24933274,0.960718,0.44550794,0.85120827,-0.27742958,-0.8869434,0.46181995,-0.0073364377
1356783566888,0.16575897,0.29586023,0.9407394,0.42266744,0.8405634,-0.33882943,-0.8909973,0.45378396,0.014280438
1356783566923,0.20981583,0.3700816,0.90499556,0.3932445,0.81549346,-0.4246519,-0.8951738,0.4449832,0.02557087
1356783566964,0.24451739,0.45029426,0.85874695,0.36108404,0.77964807,-0.5116319,-0.89990526,0.43518272,0.028043449
1356783567004,0.27038884,0.5297646,0.8038901,0.32882506,0.7339631,-0.594283,-0.9048557,0.42502666,0.024255574
1356783567044,0.28930232,0.59909666,0.74658376,0.30128533,0.68330795,-0.66506946,-0.9085875,0.41734087,0.017183542
1356783567084,0.3046444,0.64999586,0.69620186,0.2829141,0.6362037,-0.7177774,-0.9094786,0.41563225,0.009922862
1356783567122,0.3188783,0.6790983,0.66116726,0.27506024,0.60125566,-0.7502223,-0.9070052,0.42109048,0.00493443
1356783567162,0.33180225,0.68720585,0.6462625,0.27715266,0.58382565,-0.76310813,-0.90171707,0.4323144,0.003253758
1356783567202,0.34115052,0.6755275,0.6536658,0.28946096,0.58609784,-0.7567705,-0.89433146,0.4473834,0.004408717
1356783567242,0.34340286,0.64349276,0.6840991,0.3139261,0.6078546,-0.7293581,-0.8851694,0.4652202,0.006729841
1356783567282,0.33365178,0.58958554,0.73557144,0.35251442,0.64564425,-0.67740464,-0.8743054,0.48531675,0.0075829625
1356783567322,0.30583796,0.5153444,0.8005519,0.40392625,0.6911854,-0.5992547,-0.86215234,0.50663877,0.003229618
1356783567362,0.25519773,0.43096778,0.8655293,0.46065918,0.7328482,-0.5007262,-0.8500984,0.5264982,-0.011508048
1356783567402,0.18171462,0.3561238,0.9166,0.51009,0.7627693,-0.39748102,-0.8407068,0.5397766,-0.04304886
1356783567442,0.09043342,0.30998015,0.94643235,0.54064745,0.7828181,-0.30805233,-0.8363744,0.53954446,-0.09679705
1356783567482,-0.010954082,0.29792088,0.9545277,0.54834545,0.8000426,-0.24341124,-0.83618015,0.52074456,-0.1721273
1356783567522,-0.11318892,0.30953485,0.9441273,0.53856105,0.8176428,-0.2034999,-0.83494925,0.48543632,-0.25925153
1356783567562,-0.20635158,0.3253518,0.92280287,0.5213212,0.8346541,-0.17769857,-0.8280358,0.4444083,-0.34184498
1356783567602,-0.28259745,0.3254576,0.90233916,0.50263333,0.8514426,-0.14968379,-0.8170057,0.41124552,-0.40420133
1356783567642,-0.33843005,0.29711035,0.89285517,0.48144385,0.8699222,-0.10699135,-0.8085028,0.3936506,-0.43744975
1356783567682,-0.37346375,0.23640898,0.89701486,0.4551296,0.8892932,-0.044884995,-0.8083204,0.3914951,-0.4397155
1356783567722,-0.38807398,0.14713283,0.909808,0.42545056,0.90429556,0.035232395,-0.81755155,0.40075108,-0.41353136
1356783567762,-0.38335413,0.03972648,0.9227466,0.39899004,0.9081651,0.12666132,-0.8329745,0.4167229,-0.3639993
1356783567802,-0.36246634,-0.07083744,0.9293009,0.38284034,0.89778304,0.21775874,-0.8497361,0.4347041,-0.2982967
1356783567842,-0.33036703,-0.17115878,0.92820376,0.37996536,0.87609553,0.2967877,-0.863993,0.45073417,-0.22439867
1356783567888,-0.2927096,-0.2517838,0.9224565,0.38868535,0.85008204,0.355365,-0.87363887,0.46256408,-0.15096247
1356783567923,-0.25417852,-0.3083247,0.9166946,0.40454853,0.82702875,0.39033818,-0.8784837,0.4700631,-0.08548069
1356783567964,-0.21725851,-0.34064284,0.9147465,0.42256632,0.8119436,0.40272236,-0.879907,0.47403592,-0.03245747
1356783568004,-0.18205732,-0.35052642,0.9186872,0.4385638,0.80727553,0.39492783,-0.8800664,0.47480252,0.006757796
1356783568044,-0.14743786,-0.34083468,0.92849,0.44966346,0.8130261,0.3698531,-0.8809454,0.47203842,0.033390105
1356783568083,-0.11217809,-0.3138983,0.94280636,0.454474,0.82753855,0.32959574,-0.8836682,0.4654544,0.04982692
1356783568123,-0.075764045,-0.27141082,0.9594769,0.45268857,0.8480005,0.27562317,-0.888444,0.45522657,0.05861664
1356783568164,-0.038810432,-0.21445042,0.9759634,0.4452144,0.8706859,0.20902209,-0.89458245,0.44262522,0.061684728
1356783568202,-0.0029543862,-0.14425665,0.98953587,0.4351815,0.89073896,0.1311531,-0.9003379,0.4310152,0.060146213
1356783568242,0.029807355,-0.06640422,0.9973475,0.42753103,0.90276086,0.047329098,-0.90350914,0.42498624,0.055298805
1356783568282,0.057596717,0.006821215,0.99831676,0.4264365,0.9039937,-0.030779526,-0.90268195,0.42749143,0.049158275
1356783568322,0.07850048,0.061884522,0.9949915,0.43312114,0.89683604,-0.08995102,-0.8979108,0.43801302,0.043598592
1356783568362,0.0906834,0.0915878,0.99165934,0.44647682,0.886344,-0.122689635,-0.89018816,0.4538788,0.03948486
1356783568402,0.092868775,0.09660664,0.99098057,0.46472284,0.87601626,-0.12895027,-0.8805725,0.4725068,0.036459267
1356783568442,0.08471972,0.08299364,0.9929424,0.4863389,0.8663141,-0.11390491,-0.8696534,0.4925565,0.033030868
1356783568482,0.066441506,0.059438735,0.9960183,0.5098351,0.856053,-0.08509569,-0.8577025,0.513459,0.02657348
1356783568522,0.03776422,0.035782382,0.9986458,0.5326922,0.8448061,-0.05041413,-0.845466,0.5338747,0.012842417
1356783568581,-0.003064245,0.021899462,0.9997555,0.55022573,0.8348509,-0.016600788,-0.8350103,0.5500403,-0.014607787
1356783568602,-0.059512563,0.02446255,0.9979278,0.5555396,0.8313923,0.01275003,-0.8293576,0.55514723,-0.06306821
1356783568643,-0.13388997,0.043896303,0.9900235,0.54241526,0.83933276,0.03614092,-0.82937276,0.5418428,-0.13618827
1356783568680,-0.22171468,0.072127506,0.97244036,0.5111365,0.85786957,0.052908614,-0.83041084,0.50878036,-0.22706926
1356783568723,-0.3105147,0.097596705,0.9455451,0.4701745,0.880283,0.06354359,-0.82614565,0.4643024,-0.3192283
1356783568762,-0.38421384,0.10919067,0.91676456,0.43156418,0.89905953,0.07378557,-0.8161692,0.42399216,-0.39255393
1356783568802,-0.43230855,0.10358828,0.89575595,0.4024449,0.9111211,0.0888623,-0.80693704,0.39890835,-0.435574
1356783568842,-0.45137566,0.08317521,0.88844913,0.38472477,0.91649437,0.10965824,-0.8051378,0.39130545,-0.44568282
1356783568889,-0.44233334,0.053218782,0.8952703,0.37857655,0.91602325,0.1325939,-0.813032,0.39757904,-0.42533505
1356783568924,-0.40837997,0.020333603,0.9125856,0.38371235,0.91095495,0.15141308,-0.82824564,0.4120044,-0.37981802
1356783568963,-0.3539338,-0.008974269,0.9352274,0.39822823,0.9033346,0.15937644,-0.8462535,0.42884266,-0.31614685
1356783569004,-0.28432766,-0.029173404,0.95828325,0.41798759,0.89576674,0.15128928,-0.86281186,0.4435662,-0.24249709
1356783569043,-0.20638248,-0.035517424,0.9778266,0.4377426,0.89040613,0.124733075,-0.875093,0.45377904,-0.1682167
1356783569083,-0.12727997,-0.025384322,0.99154204,0.45306534,0.8878002,0.08088647,-0.8823444,0.4595285,-0.101498425
1356783569122,-0.052676503,0.0015101135,0.9986105,0.46155813,0.8868116,0.023006022,-0.88554466,0.46212867,-0.047411144
1356783569162,0.014264613,0.043477163,0.9989525,0.46237034,0.885537,-0.04514344,-0.8865721,0.46253002,-0.0074706674
1356783569202,0.07221544,0.0974333,0.99261856,0.45536396,0.8822185,-0.11972548,-0.88737166,0.46064878,0.019342184
1356783569242,0.120743215,0.15985116,0.9797288,0.44092748,0.8756104,-0.19720387,-0.88938403,0.4558004,0.035241246
1356783569282,0.1598764,0.22718203,0.9606393,0.4200958,0.8649761,-0.27447394,-0.8932856,0.44744244,0.04285109
1356783569322,0.19012243,0.2961284,0.9360349,0.39542025,0.8495753,-0.3490912,-0.89860797,0.43649724,0.04442817
1356783569362,0.21325457,0.36322543,0.90696734,0.37171182,0.82834375,-0.41913834,-0.90352243,0.42651364,0.04163289
1356783569402,0.23297715,0.42433116,0.8750227,0.35396108,0.8010641,-0.48270893,-0.90577763,0.4221841,0.036432922
1356783569442,0.25326282,0.47591615,0.8422361,0.34381264,0.76950103,-0.53820163,-0.9042404,0.42587793,0.031260014
1356783569482,0.27593267,0.51638526,0.8106833,0.33967286,0.73661774,-0.58482194,-0.8991571,0.4367386,0.02785486
1356783569522,0.30038664,0.5458398,0.78219366,0.33942634,0.70521075,-0.622469,-0.8913797,0.4524785,0.026563525
1356783569562,0.32484934,0.5648142,0.7585893,0.34261653,0.6773292,-0.6510292,-0.8815252,0.47139165,0.026515245
1356783569602,0.34706074,0.57390076,0.74174577,0.3505336,0.6542038,-0.6701818,-0.8698707,0.49260065,0.02587694
1356783569642,0.36377877,0.5743702,0.7333238,0.36535424,0.63619655,-0.6795367,-0.8568437,0.51512396,0.02158618
1356783569682,0.36956412,0.5696598,0.7341049,0.38874125,0.62278897,-0.6789802,-0.8439802,0.5363036,0.008710146
1356783569722,0.35634026,0.56669134,0.7428879,0.42036533,0.6128369,-0.6691217,-0.8344546,0.5507193,-0.01983893
1356783569762,0.3155103,0.5742592,0.7554334,0.45689997,0.60580313,-0.6513409,-0.8316824,0.5506622,-0.071241856
1356783569802,0.24341917,0.59774643,0.76383656,0.49308187,0.6019026,-0.62815887,-0.83523494,0.5295399,-0.14822328
1356783569842,0.14971673,0.63155025,0.76074255,0.52467567,0.6013983,-0.60252434,-0.8380337,0.48935106,-0.2413196
1356783569890,0.05662626,0.662526,0.7468953,0.5499538,0.6036713,-0.5771756,-0.8332732,0.44344124,-0.3301751
1356783569924,-0.014854193,0.68024075,0.7328383,0.5679554,0.60894436,-0.5537269,-0.8229253,0.4079943,-0.39539176
1356783569962,-0.056419432,0.6818028,0.72935706,0.576973,0.6184521,-0.53349704,-0.8148121,0.39071977,-0.42827457
1356783570002,-0.069799304,0.6681234,0.7407693,0.5757031,0.6334193,-0.51705515,-0.8146742,0.39037308,-0.42885292
1356783570042,-0.060174167,0.6410137,0.765167,0.564725,0.6539463,-0.5034282,-0.82308245,0.40181553,-0.4013471
1356783570082,-0.033064395,0.6032896,0.79683644,0.54649556,0.67844284,-0.49097648,-0.836809,0.4192337,-0.35212743
1356783570122,0.0065851808,0.5593964,0.8288742,0.52397895,0.70405716,-0.47932196,-0.85170573,0.43746907,-0.28847563
1356783570162,0.054068953,0.51597077,0.85489815,0.49978957,0.727206,-0.47051236,-0.86445767,0.45270923,-0.21855748
1356783570202,0.1051828,0.4805766,0.87062204,0.47551402,0.7446004,-0.4684621,-0.87339735,0.46326715,-0.15020174
1356783570242,0.15659034,0.45985395,0.87407887,0.45131356,0.7538819,-0.4774706,-0.87851894,0.46925095,-0.08948773
1356783570282,0.20572305,0.458177,0.8647264,0.42593387,0.75361896,-0.5006384,-0.88105524,0.47130916,-0.04011631
1356783570322,0.25039846,0.47662675,0.84269065,0.39719677,0.7432177,-0.53838843,-0.88291293,0.46952564,-0.0032140613
1356783570362,0.28869668,0.51304686,0.8083546,0.36342886,0.72238827,-0.5882811,-0.8857616,0.4636142,0.022095084
1356783570402,0.31884572,0.562401,0.7629171,0.32463923,0.69143844,-0.6453853,-0.8904756,0.4534512,0.037884712
1356783570442,0.3397648,0.61803806,0.708935,0.28277755,0.65177053,-0.70372725,-0.89699316,0.4395727,0.046681404
1356783570482,0.3521054,0.67257637,0.6508938,0.24233323,0.6062043,-0.7574899,-0.9040444,0.42444947,0.05046016
1356783570522,0.35904178,0.7185809,0.5955926,0.20975047,0.5596949,-0.80171466,-0.90944695,0.41277492,0.05023116
1356783570562,0.36572626,0.75050926,0.5504365,0.18982282,0.518829,-0.833537,-0.9111595,0.4093318,0.047285616
1356783570602,0.37560764,0.76656073,0.5208681,0.18307507,0.489575,-0.8525256,-0.9085166,0.41557312,0.043549955
1356783570642,0.38836992,0.76812667,0.50906795,0.18735135,0.4750765,-0.8597684,-0.90225726,0.42928275,0.04059583
1356783570682,0.40132946,0.7571918,0.5153593,0.20098686,0.47614402,-0.85609055,-0.89361,0.44715476,0.038905025
1356783570722,0.41135138,0.73465437,0.53951186,0.22415465,0.49219477,-0.84112966,-0.8834844,0.46693397,0.03778881
1356783570762,0.41505986,0.7004472,0.5806023,0.25824305,0.52121615,-0.8134151,-0.8723737,0.48755246,0.03545028
1356783570802,0.40810877,0.6554198,0.63550925,0.30409262,0.5587712,-0.77155846,-0.86079895,0.5081335,0.028731108
1356783570842,0.3846642,0.604743,0.697366,0.3596785,0.59758127,-0.7166087,-0.85009694,0.52648133,0.01235503
1356783570891,0.3381918,0.5600269,0.75630426,0.41847107,0.63033855,-0.6538771,-0.8429165,0.5376273,-0.021179736
1356783570924,0.26473445,0.53473854,0.80247766,0.4708867,0.65452456,-0.5914924,-0.84153515,0.5344645,-0.07852608
1356783570963,0.16670656,0.53439784,0.82863015,0.50977504,0.67264384,-0.5363579,-0.8440015,0.5118294,-0.16028851
1356783571004,0.055267543,0.5492847,0.8338056,0.534824,0.68889487,-0.48927206,-0.843154,0.47298008,-0.25569713
1356783571043,-0.051398873,0.5603367,0.8266686,0.5494796,0.7070727,-0.4451072,-0.83392465,0.4313595,-0.3442363
1356783571084,-0.1371898,0.55233854,0.8222536,0.5549169,0.7304693,-0.39809778,-0.82051575,0.4016675,-0.40671492
1356783571122,-0.1951158,0.51991457,0.8316362,0.5501607,0.75998497,-0.3460434,-0.811944,0.390015,-0.43432164
1356783571162,-0.22521177,0.46460068,0.8564028,0.5363629,0.79292375,-0.28911355,-0.8133846,0.39423093,-0.42777038
1356783571202,-0.2300784,0.39142972,0.8909808,0.51851505,0.8240721,-0.22813874,-0.82353276,0.40949714,-0.3925634
1356783571242,-0.2135843,0.30857983,0.92690897,0.50292355,0.8481479,-0.16647239,-0.83752596,0.43060845,-0.3363431
1356783571282,-0.18058217,0.22612524,0.95721334,0.49310654,0.8628824,-0.11081463,-0.8510205,0.45199704,-0.26732504
1356783571322,-0.13644925,0.1536852,0.9786534,0.4882875,0.8699871,-0.06854077,-0.8619495,0.46851194,-0.19375163
1356783571362,-0.086642236,0.09899256,0.99130905,0.48518482,0.87326324,-0.04479842,-0.8701085,0.47708666,-0.1236912
1356783571421,-0.035953462,0.0670279,0.99710315,0.4805121,0.8760027,-0.041560963,-0.8762508,0.4776259,-0.06370306
1356783571442,0.012408432,0.059885263,0.9981282,0.4724486,0.8794056,-0.058635518,-0.8812709,0.47229177,-0.017380655
1356783571482,0.057091415,0.07645908,0.99543697,0.46049657,0.8826483,-0.09420675,-0.88582367,0.46377367,0.015182495
1356783571520,0.09787354,0.11339012,0.988718,0.44511834,0.883589,-0.1453959,-0.89010686,0.45432696,0.03600794
1356783571563,0.13416952,0.16584927,0.9769814,0.42713773,0.8799293,-0.20803314,-0.8941767,0.4452173,0.047219217
1356783571602,0.16558397,0.22845405,0.95936996,0.40694475,0.8702883,-0.2774784,-0.89831954,0.43635654,0.051137626
1356783571642,0.19109225,0.29476607,0.9362674,0.38473797,0.8550272,-0.3477142,-0.9030285,0.4266631,0.049981356
1356783571682,0.2104908,0.35913587,0.9092388,0.36239088,0.8351475,-0.4137652,-0.90794635,0.4165936,0.04564333
1356783571722,0.22462109,0.41525373,0.8815383,0.34421703,0.8125209,-0.47045124,-0.9116249,0.40911376,0.03957194
1356783571762,0.23559666,0.45675594,0.8578276,0.3342226,0.7907561,-0.5128353,-0.91257304,0.40752766,0.03364134
1356783571802,0.24509528,0.47968763,0.842513,0.33339489,0.7743173,-0.53784806,-0.9103715,0.4127136,0.029856145
1356783571842,0.2528448,0.48358464,0.83798295,0.34055996,0.76621,-0.54492307,-0.9055874,0.42316443,0.029042661
1356783571890,0.2570914,0.4700673,0.84435815,0.35463056,0.76688045,-0.53491265,-0.8989667,0.43695664,0.030458152
1356783571924,0.25558665,0.44119877,0.86024356,0.3751648,0.77480793,-0.5088458,-0.89102566,0.45278734,0.032508314
1356783571964,0.24638149,0.39967206,0.882926,0.40186378,0.7868736,-0.46833268,-0.8819306,0.4702045,0.033257365
1356783572004,0.2270033,0.34980083,0.90890527,0.43395758,0.79916626,-0.41594958,-0.871866,0.48884827,0.029614687
1356783572044,0.19366768,0.29957724,0.9342089,0.46845317,0.80843145,-0.35635698,-0.8620003,0.50664794,0.016229153
1356783572084,0.14119545,0.25940195,0.9553923,0.49938563,0.8146161,-0.29498243,-0.85479695,0.51875937,-0.014521539
