1356784227007,0.42769408,0.50362235,-0.75062793,-0.53391415,-0.5293246,-0.6593567,-0.7293926,0.6827738,0.042502075
1356784227045,0.27877828,0.23991236,0.9299057,0.62471247,0.6901206,-0.36533237,-0.72939485,0.6827705,0.042514384
1356784227083,0.2787922,0.23984852,0.929918,0.6246717,0.6901788,-0.3652923,-0.72942454,0.68273413,0.042589903
1356784227133,0.2787812,0.2396112,0.92998254,0.62457216,0.6903692,-0.3651027,-0.729514,0.682625,0.04280746
1356784227169,0.27874213,0.23869546,0.9302296,0.62433666,0.6909629,-0.3643816,-0.7297304,0.682345,0.043574154
1356784227210,0.27922332,0.2373903,0.9304194,0.6238563,0.69174665,-0.36371678,-0.7299574,0.6820062,0.045054376
1356784227254,0.27773142,0.23229976,0.93214923,0.62434816,0.69380295,-0.35892475,-0.73010594,0.6816703,0.047654986
1356784227293,0.27692497,0.22604503,0.9339252,0.62475437,0.69609994,-0.35373285,-0.7300648,0.6814313,0.051544845
1356784227333,0.27636772,0.21907426,0.9357496,0.62537515,0.69833267,-0.34819168,-0.7297444,0.6814235,0.05599302
1356784227372,0.2758868,0.2123925,0.93743044,0.6264363,0.69997215,-0.34295273,-0.72901577,0.68185663,0.060062706
1356784227412,0.27520716,0.20715865,0.93880045,0.628206,0.70044696,-0.33871996,-0.72774875,0.6829783,0.0626297
1356784227452,0.27405268,0.2042174,0.9397821,0.63091767,0.6993416,-0.33595276,-0.7258361,0.68499386,0.06281209
1356784227493,0.27213365,0.20389979,0.9404085,0.63475424,0.69646823,-0.33469257,-0.72320837,0.6880094,0.060106218
1356784227533,0.2694685,0.20518617,0.94089603,0.63939005,0.6924853,-0.33413243,-0.720116,0.69163775,0.055408955
1356784227575,0.26625055,0.20696849,0.9414216,0.6448851,0.6876479,-0.33356202,-0.71640337,0.6959199,0.04961574
1356784227622,0.26298428,0.20674373,0.94238853,0.6512075,0.6826719,-0.33149326,-0.7118764,0.700868,0.044898868
1356784227667,0.26022312,0.2020628,0.94416875,0.65728116,0.67924005,-0.3265189,-0.7072945,0.7055521,0.043941915
1356784227717,0.25965795,0.1903175,0.9467613,0.6617463,0.6789583,-0.31797388,-0.7033275,0.70908034,0.050355017
1356784227754,0.2610979,0.17222716,0.94982404,0.6636779,0.68248034,-0.30618998,-0.7009705,0.71032274,0.063890815
1356784227794,0.26572156,0.14705265,0.9527684,0.6620031,0.6906107,-0.29121938,-0.7008167,0.7081189,0.08616084
1356784227833,0.2734908,0.116047174,0.9548485,0.6567638,0.7027433,-0.27352,-0.7027546,0.70191514,0.11597824
1356784227874,0.2839361,0.082502276,0.95528716,0.64905226,0.71679676,-0.2548205,-0.7057701,0.6923841,0.1499762
1356784227922,0.29675636,0.049597383,0.95366436,0.64053786,0.73034155,-0.23730229,-0.7082704,0.6812791,0.18496448
1356784227954,0.3119676,0.019473195,0.9498932,0.63296676,0.74134254,-0.2230792,-0.70854026,0.67084426,0.21894896
1356784227994,0.32974076,-0.007105738,0.94404477,0.62758064,0.74868596,-0.21356933,-0.7052755,0.66288674,0.2513317
1356784228023,0.34921646,-0.027796358,0.9366298,0.6235038,0.7530552,-0.2101211,-0.6994933,0.65737,0.2803104
1356784228052,0.35929877,-0.058109105,0.9314116,0.62742645,0.7538635,-0.19500203,-0.6908258,0.6544563,0.30732143
1356784228092,0.38744044,-0.07251942,0.919038,0.6267861,0.7517639,-0.20491514,-0.6760393,0.6554327,0.3367179
1356784228132,0.41604722,-0.09117201,0.90476096,0.6295996,0.74679035,-0.21426299,-0.656132,0.6587806,0.3681019
1356784228172,0.44461402,-0.11249423,0.8886301,0.63382316,0.74051976,-0.2233803,-0.63291913,0.66255236,0.40054688
1356784228212,0.47186577,-0.1344797,0.87135404,0.63718605,0.7350863,-0.23160742,-0.609374,0.66450226,0.43255067
1356784228253,0.49623743,-0.15561083,0.85412747,0.6381415,0.7324331,-0.23731253,-0.5886628,0.6628175,0.46276245
1356784228292,0.51610744,-0.17412911,0.8386371,0.6360297,0.7336937,-0.2390811,-0.5736718,0.65678966,0.48941606
1356784228332,0.5297982,-0.18729551,0.8271845,0.6309805,0.7387565,-0.2368596,-0.5667252,0.64742506,0.5095717
1356784228372,0.53586507,-0.1914412,0.8223132,0.623689,0.7462319,-0.23270158,-0.5690876,0.6375643,0.51927936
1356784228412,0.53340554,-0.18354338,0.825706,0.61549747,0.7538177,-0.23004737,-0.58020806,0.6309285,0.515061
1356784228453,0.52196914,-0.16187441,0.8374634,0.6081826,0.75903046,-0.23235033,-0.59804857,0.63061035,0.49463966
1356784228492,0.5017863,-0.12882967,0.85534406,0.6043514,0.7596715,-0.24012208,-0.6188457,0.6374183,0.4590511
1356784228532,0.47342244,-0.08583218,0.87664366,0.6053532,0.7546693,-0.2530251,-0.63985837,0.65046674,0.40923616
1356784228572,0.4378055,-0.03723237,0.8982984,0.6120025,0.7442694,-0.26742464,-0.65861917,0.6668409,0.3486316
1356784228612,0.39697373,0.012008399,0.9177514,0.6239686,0.72977585,-0.27944663,-0.6731085,0.683581,0.28220898
1356784228652,0.35370773,0.057195634,0.93360573,0.64012945,0.7129685,-0.2861995,-0.68200094,0.69885945,0.21556985
1356784228692,0.3108222,0.09492698,0.94571584,0.658507,0.69599396,-0.28628814,-0.685389,0.7117452,0.15382028
1356784228732,0.2703345,0.123795986,0.9547742,0.6765498,0.6811391,-0.2798746,-0.6849814,0.7216121,0.100381255
1356784228772,0.23316342,0.14397159,0.9617209,0.6920717,0.67018664,-0.26811695,-0.68313366,0.7280949,0.056624353
1356784228812,0.1995922,0.15591049,0.96739596,0.7041744,0.6637076,-0.25225112,-0.68139666,0.73156285,0.022682667
1356784228852,0.16988468,0.15973487,0.972432,0.7133932,0.66083056,-0.23318058,-0.6798599,0.73334014,-0.0016887784
1356784228923,0.14499381,0.15442997,0.9773066,0.7211239,0.65981424,-0.2112475,-0.67746377,0.7353887,-0.015694201
1356784228936,0.121763356,0.1422036,0.9823196,0.7282622,0.6596409,-0.18576333,-0.67439437,0.7380054,-0.0232414
1356784228974,0.10494834,0.12528121,0.98655486,0.7356678,0.6577375,-0.1617845,-0.66916275,0.74275565,-0.023136914
1356784229014,0.09231857,0.1050798,0.9901694,0.7438555,0.6537826,-0.13873488,-0.6619338,0.7493508,-0.0178079
1356784229054,0.08270419,0.085555464,0.9928948,0.7515942,0.64889103,-0.1185182,-0.65442044,0.75605595,-0.010636985
1356784229092,0.07503547,0.07064259,0.99467546,0.75660586,0.64571804,-0.10293552,-0.6495516,0.7603011,-0.004996836
1356784229132,0.06932913,0.06226048,0.99564904,0.757264,0.6464315,-0.09315288,-0.64941865,0.7604275,-0.002331078
1356784229172,0.06703904,0.05986163,0.99595296,0.7535106,0.65126514,-0.089864105,-0.65400887,0.75648546,-0.0014461875
1356784229212,0.07023741,0.062135905,0.99559313,0.7462038,0.65907943,-0.09377715,-0.6620019,0.74950206,-7.402897E-5
1356784229252,0.080441564,0.06860426,0.99439555,0.73595834,0.6687292,-0.105671525,-0.6722309,0.74033415,0.0033037066
1356784229292,0.098281406,0.07956344,0.9919729,0.7227981,0.67945504,-0.12610966,-0.6840348,0.72939044,0.009269476
1356784229332,0.1237643,0.094828516,0.9877702,0.70663166,0.6904358,-0.1548222,-0.6966735,0.71715117,0.018442452
1356784229372,0.15686893,0.11162239,0.9812913,0.6879756,0.7005123,-0.18966326,-0.7085773,0.70485675,0.03309512
1356784229412,0.19853926,0.12296271,0.97234887,0.66872734,0.70829093,-0.2261143,-0.7165095,0.6951288,0.058395028
1356784229452,0.25010008,0.11728454,0.96109015,0.6521995,0.71324,-0.25675756,-0.7156016,0.6910376,0.10188848
1356784229492,0.31035691,0.08374819,0.94692385,0.64202535,0.7161407,-0.27376273,-0.7010578,0.6929133,0.16849077
1356784229532,0.3714608,0.022863537,0.9281671,0.6402893,0.71763057,-0.27392694,-0.6723441,0.6960486,0.25193232
1356784229572,0.42125055,-0.049189687,0.90560937,0.64562273,0.71754587,-0.26134124,-0.636961,0.6947721,0.33402455
1356784229612,0.4513441,-0.10890296,0.88567984,0.65284026,0.7169399,-0.24453388,-0.60834885,0.6885763,0.3946828
1356784229652,0.4613831,-0.14064047,0.8759828,0.656826,0.7178854,-0.23069485,-0.5964102,0.68180704,0.4235965
1356784229692,0.4550535,-0.141099,0.87921405,0.6562234,0.7205504,-0.22400437,-0.6019112,0.6788948,0.4204815
1356784229732,0.43596298,-0.114442945,0.8926584,0.6532004,0.7225519,-0.22638027,-0.6190844,0.68177825,0.38976005
1356784229772,0.40705904,-0.068835795,0.9108043,0.6513197,0.7209735,-0.23660049,-0.6403792,0.68953514,0.33831292
1356784229812,0.37144983,-0.013928413,0.9283486,0.6532199,0.7144791,-0.25064605,-0.6597946,0.69951814,0.27449143
1356784229852,0.33245,0.041526377,0.94220626,0.6598304,0.7035767,-0.2638251,-0.6738701,0.70940495,0.20650369
1356784229925,0.29162937,0.09576556,0.9517254,0.6713408,0.6882545,-0.27496776,-0.68136173,0.71912086,0.13642389
1356784229934,0.2517516,0.13407862,0.9584592,0.68477607,0.6751551,-0.2743125,-0.683888,0.7253885,0.078157544
1356784229971,0.21796668,0.16162631,0.9624799,0.69713104,0.66438603,-0.26944315,-0.6830073,0.72970414,0.0321393
1356784230012,0.1887117,0.1766296,0.96601754,0.70826477,0.65692633,-0.25847408,-0.68025655,0.7329732,-0.0011308193
1356784230052,0.16420454,0.17994577,0.9698744,0.7183076,0.6520604,-0.24259312,-0.67607033,0.73650306,-0.022185147
1356784230094,0.14430231,0.17273775,0.97434,0.72793686,0.6484453,-0.22277024,-0.6702871,0.7414043,-0.032170057
1356784230134,0.12875801,0.15652516,0.9792452,0.7378335,0.64465356,-0.20005864,-0.6625881,0.74827915,-0.032485187
1356784230170,0.1169888,0.13413215,0.9840336,0.7481411,0.63973254,-0.17614526,-0.6531451,0.75680304,-0.025508225
1356784230212,0.10837415,0.10951689,0.9880593,0.75797176,0.633991,-0.15340903,-0.6432215,0.76554656,-0.014302433
1356784230252,0.10191485,0.088091254,0.9908851,0.7649909,0.62980354,-0.13467166,-0.6359263,0.7717432,-0.0032026768
1356784230292,0.097486734,0.07367131,0.9925063,0.7670553,0.6298563,-0.12209499,-0.63413125,0.7732099,0.0048926473
1356784230332,0.09628226,0.06706184,0.99309236,0.7636164,0.6349969,-0.11691439,-0.63845104,0.76959836,0.009929419
1356784230372,0.10035391,0.06734216,0.9926702,0.7554892,0.64406484,-0.12006912,-0.6474297,0.76200104,0.0137581825
1356784230412,0.111723706,0.07403907,0.99097735,0.7436602,0.6552365,-0.13279578,-0.6591566,0.7517868,0.018145502
1356784230452,0.13190112,0.08774719,0.9873715,0.7285813,0.66681993,-0.15658978,-0.67213935,0.7400348,0.024023294
1356784230492,0.16146293,0.10853672,0.9808922,0.7100188,0.6775458,-0.19184607,-0.6854217,0.72742796,0.0323354
1356784230532,0.20062375,0.13355878,0.9705215,0.68771875,0.68633574,-0.23661384,-0.69770545,0.7149162,0.045844376
1356784230572,0.24942103,0.15413815,0.95604944,0.6624059,0.6930038,-0.28454202,-0.7064047,0.70426357,0.07074767
1356784230612,0.30734053,0.15634507,0.9386682,0.6363966,0.6996013,-0.3248961,-0.7074893,0.697219,0.11551839
1356784230652,0.37107608,0.12968592,0.91950214,0.6132325,0.70934725,-0.34752315,-0.6973152,0.6928261,0.18369418
1356784230692,0.43228877,0.079236984,0.8982471,0.59594136,0.7224817,-0.35053384,-0.67674243,0.68683445,0.26510012
1356784230732,0.48115394,0.027843952,0.8761939,0.5837163,0.73552495,-0.3439163,-0.6540384,0.6769253,0.33764774
1356784230773,0.51312935,-4.5710802E-4,0.8583112,0.57226455,0.7454787,-0.34172332,-0.6396965,0.6665293,0.38278857
1356784230812,0.52913386,0.0036303997,0.8485306,0.55939305,0.7504306,-0.35204166,-0.6380413,0.6609393,0.3950474
1356784230852,0.53125405,0.03475809,0.8464992,0.5480261,0.74786997,-0.37464374,-0.64609325,0.6629347,0.37826064
1356784230920,0.5192291,0.09285523,0.8495758,0.54263,0.73218095,-0.41165978,-0.660268,0.6747511,0.32978365
1356784230934,0.4962911,0.13657822,0.8573456,0.55073595,0.7138704,-0.4325262,-0.6711073,0.6868299,0.279069
1356784230973,0.46955967,0.1778613,0.8648,0.5654063,0.69172156,-0.4492628,-0.67810726,0.69991904,0.22424066
1356784231012,0.43786052,0.21119124,0.8738858,0.5864183,0.669687,-0.45566756,-0.68146294,0.7119815,0.16938311
1356784231052,0.4025025,0.23618032,0.8844267,0.6100217,0.6511626,-0.45150948,-0.6825433,0.72125316,0.11801946
1356784231092,0.3651388,0.25299835,0.895916,0.6329945,0.63819706,-0.43820366,-0.6826358,0.72711504,0.07288396
1356784231132,0.32756868,0.2604482,0.9082212,0.65396583,0.6312876,-0.41689903,-0.6819293,0.7305086,0.036465824
1356784231172,0.29160765,0.25680935,0.9214195,0.6731822,0.6292475,-0.38842425,-0.67955184,0.73355067,0.010613918
1356784231212,0.25864527,0.24127479,0.935355,0.6916196,0.629736,-0.35368764,-0.6743626,0.7383895,-0.0039921403
1356784231252,0.22940862,0.2152522,0.9492302,0.7098767,0.6302228,-0.31447446,-0.6659179,0.74597967,-0.0082240105
1356784231292,0.20380041,0.18347666,0.9616661,0.72699046,0.62953365,-0.27417594,-0.65570605,0.7549992,-0.005086541
1356784231332,0.1813418,0.15312347,0.97142595,0.7402681,0.6290246,-0.23734179,-0.6473934,0.76215565,7.160306E-4
1356784231372,0.1619932,0.130211,0.9781633,0.7470445,0.631469,-0.20777753,-0.6447347,0.76439,0.0050203204
1356784231412,0.14701837,0.116467506,0.98225296,0.7466656,0.6382466,-0.18743497,-0.6487497,0.76097083,0.0068717003
1356784231452,0.1386447,0.11057997,0.9841493,0.7403177,0.64849377,-0.1771597,-0.657805,0.75314534,0.008045912
1356784231492,0.13905898,0.111451566,0.98399246,0.72945917,0.660486,-0.17789778,-0.6697402,0.7425206,0.0105471015
1356784231532,0.14958155,0.119372964,0.98151684,0.7147332,0.6728796,-0.19076037,-0.6832143,0.73005694,0.015330553
1356784231572,0.17042115,0.1349214,0.97609055,0.69600534,0.68472517,-0.21616653,-0.6975193,0.7162037,0.022785604
1356784231612,0.20090914,0.15675578,0.9669866,0.673102,0.69509876,-0.25252995,-0.71173674,0.70161617,0.034139037
1356784231652,0.24041939,0.17895225,0.95403075,0.64696324,0.7031728,-0.29493484,-0.7236277,0.68813086,0.05328083
1356784231692,0.28913862,0.18931405,0.93838114,0.6204441,0.7094317,-0.3342989,-0.7290048,0.6788718,0.08766532
1356784231732,0.34721795,0.17320803,0.92164993,0.5978211,0.71632683,-0.35984135,-0.72253,0.67592514,0.14517415
1356784231772,0.4103862,0.1251755,0.90327966,0.5830711,0.72558224,-0.36545652,-0.70114994,0.67665464,0.2247827
1356784231812,0.46796942,0.057421952,0.88187724,0.57760906,0.73537356,-0.35439172,-0.66885906,0.6752248,0.31096485
1356784231852,0.50918007,-0.0051074624,0.8606448,0.57818246,0.74275887,-0.33766,-0.637527,0.6695395,0.3811511
1356784231923,0.52899224,-0.036464512,0.8478429,0.5781033,0.7468849,-0.32857192,-0.62125987,0.66395277,0.41617653
1356784231936,0.53003496,-0.050133944,0.8464924,0.5817273,0.74780864,-0.31996173,-0.6169734,0.6620187,0.42552903
1356784231973,0.5174099,-0.026132315,0.8553385,0.5812422,0.74431586,-0.32886374,-0.6280481,0.6673162,0.40030566
1356784232014,0.4896982,0.019985467,0.8716629,0.5836816,0.7351543,-0.3447666,-0.64769703,0.67760515,0.34833854
1356784232053,0.45002186,0.076363266,0.88974655,0.59162956,0.7208183,-0.36110315,-0.66892064,0.68890464,0.2792052
1356784232093,0.40276894,0.13254625,0.90565366,0.6055235,0.70340544,-0.3722391,-0.68638057,0.698321,0.20305002
1356784232133,0.35287634,0.18103537,0.9179894,0.624022,0.6855101,-0.37506336,-0.69719076,0.70519656,0.12893027
1356784232173,0.30476812,0.21737942,0.9272877,0.64455104,0.6697102,-0.36883894,-0.701192,0.7100947,0.06399417
1356784232212,0.26167765,0.23974533,0.9349048,0.66432405,0.65794146,-0.35466415,-0.7001418,0.7138874,0.012899995
1356784232252,0.22544107,0.24777381,0.9422232,0.6816702,0.65084696,-0.33425128,-0.69606185,0.71763945,-0.022172391
1356784232292,0.19672367,0.24196306,0.9501335,0.6963669,0.6476992,-0.30912617,-0.69019777,0.72245395,-0.041077316
1356784232332,0.17537698,0.22337762,0.95882505,0.7091068,0.6469409,-0.2804194,-0.68294257,0.7290885,-0.044940054
1356784232372,0.16067109,0.19403774,0.9677469,0.7210879,0.64642584,-0.24933064,-0.6739562,0.73789084,-0.03605634
1356784232412,0.15124011,0.15801331,0.975786,0.73327553,0.64405435,-0.21794721,-0.6628977,0.74848235,-0.018460453
1356784232452,0.14499125,0.122095436,0.9818707,0.7449237,0.6396578,-0.18954292,-0.6512036,0.7589009,0.0017930269
1356784232492,0.14012966,0.09331572,0.98572606,0.75354654,0.63574815,-0.16730765,-0.642286,0.76623523,0.018769443
1356784232532,0.13661896,0.07513556,0.9877702,0.7570809,0.63514704,-0.15302524,-0.6388769,0.76872814,0.029889405
1356784232572,0.13631715,0.06723571,0.9883809,0.7552647,0.6385825,-0.14760607,-0.6410872,0.7666105,0.03626901
1356784232612,0.14169398,0.06845471,0.9875408,0.7488365,0.6450517,-0.15215823,-0.64743084,0.76106656,0.040138543
1356784232652,0.15451121,0.07851204,0.98486656,0.73819804,0.6533562,-0.16789708,-0.6566506,0.75296855,0.042993426
1356784232692,0.1753251,0.09739575,0.97968113,0.72305715,0.6626135,-0.19527352,-0.6681688,0.74260175,0.04575008
1356784232732,0.20365882,0.1234937,0.97122216,0.70295525,0.67203563,-0.23285632,-0.68145216,0.7301489,0.050055444
1356784232772,0.23905474,0.15125594,0.95915306,0.67819893,0.6809141,-0.27640948,-0.69490945,0.7165736,0.060194135
1356784232812,0.2821533,0.16964608,0.9442508,0.65056854,0.68953454,-0.31828076,-0.7050886,0.7041039,0.084188044
1356784232852,0.33393398,0.16501419,0.92804,0.6231671,0.70004714,-0.34870732,-0.7072134,0.69476926,0.13093811
1356784232924,0.39787,0.11540133,0.91015494,0.6009953,0.71677643,-0.35360453,-0.693184,0.6876874,0.21582818
1356784232944,0.45441508,0.058252007,0.88888335,0.5846293,0.73337877,-0.34693545,-0.6720978,0.67731994,0.29920256
1356784232983,0.49256855,0.013423026,0.8701701,0.57387054,0.7466809,-0.3363633,-0.65425444,0.66504693,0.36008844
1356784233042,0.51015526,-0.0037526488,0.8600741,0.5656401,0.75477326,-0.3322177,-0.64791423,0.65597504,0.38717422
1356784233062,0.5095309,0.0077311397,0.8604176,0.5598598,0.7563619,-0.33833963,-0.6534028,0.65410775,0.38106138
1356784233102,0.49408448,0.03925386,0.86852735,0.55952513,0.7502536,-0.3522089,-0.66544133,0.6599838,0.3487251
1356784233140,0.4675407,0.07937537,0.88040066,0.5670137,0.737146,-0.36757493,-0.6781602,0.67105544,0.29963884
1356784233183,0.43343857,0.120394185,0.89310485,0.5820023,0.719249,-0.379413,-0.6880439,0.6842413,0.24168056
1356784233221,0.39515907,0.15675013,0.90514016,0.6021755,0.6998946,-0.3840993,-0.6937103,0.69683355,0.18217862
1356784233263,0.35549247,0.18706547,0.91576827,0.6243079,0.6816371,-0.3815894,-0.69560385,0.7073735,0.12553042
1356784233302,0.31654537,0.21019214,0.92499644,0.6455301,0.66677684,-0.37242398,-0.6950467,0.71500206,0.07537979
1356784233342,0.280432,0.22498855,0.93313336,0.6640613,0.65647864,-0.35785252,-0.69309485,0.72001106,0.034691453
1356784233382,0.24906254,0.23007403,0.94076234,0.6798264,0.6503082,-0.33902115,-0.6897854,0.7239925,0.0055570006
1356784233422,0.22385177,0.22464272,0.94838077,0.69396424,0.6465018,-0.31693712,-0.68432754,0.72908926,-0.011173427
1356784233462,0.205336,0.20940165,0.95602727,0.707703,0.64296657,-0.29283184,-0.676013,0.7367123,-0.016169965
1356784233502,0.19295728,0.18757784,0.9631106,0.72100776,0.6386503,-0.26883757,-0.6655188,0.74628437,-0.012012839
1356784233542,0.18504903,0.16509533,0.9687623,0.73177314,0.6348382,-0.24796873,-0.6559458,0.7548006,-0.0033361316
1356784233582,0.17994994,0.14811358,0.972461,0.7370368,0.6344147,-0.23301208,-0.65145576,0.7586701,0.0049976707
1356784233622,0.17751163,0.13937911,0.9741987,0.7354075,0.6390293,-0.22542703,-0.6539613,0.7564489,0.0109347105
1356784233662,0.17913407,0.13797083,0.97410214,0.7277911,0.64764076,-0.22556949,-0.6619903,0.74935,0.015600562
1356784233702,0.18638429,0.14229286,0.97211814,0.7158801,0.6579977,-0.23356956,-0.67288685,0.73945373,0.020775795
1356784233742,0.19998619,0.1519503,0.96794456,0.7005852,0.6684598,-0.24968378,-0.6849715,0.7280609,0.027228594
1356784233782,0.21973145,0.16711336,0.9611406,0.68192583,0.6782317,-0.27382267,-0.6976355,0.71559405,0.035069942
1356784233822,0.24495468,0.18642509,0.9514425,0.65985906,0.6869328,-0.30448195,-0.71034014,0.70240223,0.045253098
1356784233862,0.27594322,0.20508102,0.93904066,0.63528705,0.6942358,-0.33830035,-0.72129464,0.68991196,0.061284363
1356784233925,0.31480035,0.213236,0.92489517,0.61034274,0.7007823,-0.3693047,-0.72689915,0.6807604,0.090459466
1356784233944,0.36425486,0.19949669,0.909681,0.587585,0.70859945,-0.39067984,-0.7225389,0.67682195,0.14088953
1356784233983,0.42295593,0.15792781,0.892282,0.56955606,0.7195369,-0.39733183,-0.7047795,0.67625844,0.21438366
1356784234023,0.4814815,0.097028285,0.87106895,0.55827117,0.7322032,-0.39014322,-0.6756544,0.67413944,0.29837418
1356784234063,0.5268555,0.03763944,0.84912103,0.5534434,0.74301726,-0.37633204,-0.64507645,0.668213,0.3706315
1356784234102,0.5515196,-9.176731E-4,0.83416146,0.55212945,0.74999577,-0.36422437,-0.6252833,0.661442,0.41414404
1356784234142,0.5549858,-0.011247516,0.8317838,0.5521465,0.75286734,-0.35822484,-0.6221937,0.65807617,0.42404097
1356784234182,0.53983784,0.003468424,0.8417619,0.5542908,0.7511243,-0.35857219,-0.6335115,0.66015166,0.40356284
1356784234222,0.5092657,0.03556955,0.85987395,0.5607353,0.7442381,-0.36288515,-0.65285856,0.6669667,0.35906982
1356784234262,0.46694857,0.07658251,0.880962,0.57273626,0.732855,-0.3672828,-0.6737449,0.6760611,0.29834402
1356784234302,0.41710773,0.1193611,0.90098506,0.58974826,0.7187462,-0.36824018,-0.69153315,0.6849502,0.22940159
1356784234342,0.3640737,0.15882398,0.91772836,0.60978967,0.70414937,-0.36377236,-0.7039936,0.6920612,0.15951306
1356784234382,0.31178185,0.1918159,0.9305905,0.6302728,0.6911607,-0.35362846,-0.71101916,0.69678086,0.094595015
1356784234422,0.26387787,0.21566276,0.9401372,0.6491336,0.6812231,-0.33846804,-0.7134381,0.6995889,0.039765775
1356784234462,0.22354627,0.22831838,0.94757473,0.6657495,0.6742974,-0.31953183,-0.71190214,0.70227754,-0.0012661815
1356784234503,0.19275331,0.22880933,0.9541973,0.6807306,0.66918975,-0.29797816,-0.7067193,0.7069875,-0.026768982
1356784234542,0.1718908,0.21793433,0.9607071,0.69494855,0.66437376,-0.27505273,-0.6982121,0.71492106,-0.03725344
1356784234582,0.15992454,0.19813034,0.9670411,0.708969,0.6586094,-0.25218374,-0.68686754,0.7259326,-0.035140455
1356784234622,0.15461338,0.17351648,0.97261846,0.722481,0.65162396,-0.23110062,-0.6738813,0.7384296,-0.024612546
1356784234662,0.15274674,0.14988455,0.97683316,0.73355246,0.6451619,-0.21369821,-0.6622456,0.74920005,-0.0114017725
1356784234702,0.1515145,0.132765,0.97949827,0.73945016,0.64236355,-0.20145091,-0.6559397,0.75481284,-8.457303E-4
1356784234742,0.15044543,0.12441656,0.9807582,0.7388998,0.6449339,-0.19515976,-0.6568053,0.754043,0.0050960183
1356784234782,0.15147305,0.12359664,0.9807037,0.73274076,0.6518724,-0.19532886,-0.6634357,0.7481886,0.008176804
1356784234823,0.15716544,0.12849626,0.97917706,0.7223401,0.66116226,-0.20270467,-0.6734417,0.739157,0.011093855
1356784234862,0.1694805,0.13881865,0.97570777,0.7087749,0.670729,-0.21854207,-0.6847732,0.72859585,0.0152843
1356784234926,0.18816379,0.1537396,0.9700301,0.69170535,0.6804209,-0.24201463,-0.697236,0.71651345,0.021688044
1356784234944,0.21384329,0.17273153,0.96147525,0.6708117,0.6895243,-0.2730711,-0.71012855,0.70336336,0.031579792
1356784234983,0.24660012,0.1909777,0.9501136,0.6467947,0.69765794,-0.30810708,-0.72169584,0.6905077,0.048519194
1356784235023,0.2878992,0.19908705,0.93673813,0.6215831,0.7052664,-0.34093058,-0.7285248,0.6804143,0.07929647
1356784235063,0.33920383,0.1849109,0.9223605,0.59810007,0.7144082,-0.3631766,-0.7260973,0.67485476,0.13173479
1356784235104,0.39791432,0.14143994,0.9064541,0.57980454,0.72693795,-0.36795092,-0.71097887,0.67197907,0.20725149
1356784235142,0.4540104,0.07742897,0.88762563,0.56942,0.74101424,-0.3558917,-0.6852996,0.6670103,0.29233855
1356784235182,0.49566722,0.015439898,0.8683753,0.5660597,0.7525643,-0.33648676,-0.65870357,0.6583377,0.36428154
1356784235222,0.5174485,-0.023052484,0.8554038,0.5653106,0.75964826,-0.32149416,-0.6423948,0.6499255,0.40611067
1356784235262,0.52074844,-0.030192733,0.8531762,0.56445944,0.76193154,-0.31756234,-0.6404738,0.6469534,0.4138172
1356784235302,0.5089964,-0.010175556,0.8607085,0.5649693,0.75834936,-0.32513994,-0.6494093,0.6517689,0.391746
1356784235342,0.48532942,0.027767897,0.87389034,0.56985927,0.74799174,-0.34024823,-0.6631107,0.66312695,0.3471986
1356784235382,0.4527745,0.07375869,0.888569,0.5807991,0.7317411,-0.35668957,-0.6765114,0.67758,0.2884747
1356784235422,0.41444713,0.120249,0.90209407,0.59717774,0.7120491,-0.3692761,-0.68674034,0.69175595,0.2232967
1356784235462,0.3732776,0.16263808,0.9133524,0.61667013,0.6920277,-0.37525403,-0.6930958,0.7033111,0.15802437
1356784235502,0.3320452,0.19789262,0.9222713,0.63627625,0.67481196,-0.37387335,-0.69634646,0.7109622,0.09815371
1356784235542,0.29350808,0.22364596,0.92942744,0.6537919,0.66235477,-0.36584473,-0.6974303,0.71503055,0.048188567
1356784235582,0.26007038,0.23771243,0.9358719,0.66888374,0.65465826,-0.35216063,-0.69638926,0.7175761,0.011255264
1356784235622,0.23322865,0.2388073,0.9426428,0.6826848,0.65011305,-0.33360827,-0.6924925,0.72133493,-0.01140517
1356784235662,0.21326429,0.22721139,0.950207,0.69646823,0.6467135,-0.3109559,-0.68516445,0.7281048,-0.020324647
1356784235702,0.19930816,0.20534638,0.95818007,0.7104511,0.6431808,-0.28561807,-0.6749337,0.73766613,-0.017697394
1356784235743,0.189479,0.17851582,0.9655205,0.72307026,0.6398911,-0.2602092,-0.66427934,0.7474433,-0.00783354
1356784235782,0.18171355,0.15387928,0.971237,0.7315046,0.63891697,-0.23808855,-0.6571767,0.7537283,0.0035364628
1356784235822,0.17527762,0.13689134,0.9749557,0.73369324,0.6421679,-0.22206882,-0.6564846,0.75424206,0.012121439
1356784235862,0.17154714,0.12884107,0.9767147,0.7296386,0.6495403,-0.21383414,-0.66196615,0.74933136,0.017419338
1356784235927,0.17309019,0.12865284,0.97646725,0.7206336,0.6592674,-0.21460143,-0.67136216,0.7408205,0.021401167
1356784235943,0.1821439,0.13584757,0.97384244,0.70766926,0.66950685,-0.22575366,-0.6826623,0.730278,0.025811434
1356784236002,0.1996325,0.15098923,0.9681679,0.69052035,0.67934835,-0.24832946,-0.6952183,0.71811426,0.031358898
1356784236022,0.22552726,0.17450348,0.95848113,0.66816914,0.68827915,-0.28252771,-0.7090046,0.7041452,0.038627863
1356784236062,0.25908345,0.20379412,0.94411004,0.6398433,0.6960153,-0.32582712,-0.7235167,0.68849885,0.049929738
1356784236100,0.30002242,0.23092517,0.9255594,0.60635245,0.70286334,-0.37191367,-0.736426,0.6727977,0.0708527
1356784236143,0.34889427,0.2414703,0.90551907,0.5708915,0.7115003,-0.40969533,-0.7432063,0.65989345,0.110385
1356784236182,0.40495774,0.22369625,0.88654906,0.5384749,0.72527957,-0.42896885,-0.7389547,0.65109867,0.17325276
1356784236222,0.46219778,0.17636237,0.8690625,0.51506126,0.74437743,-0.4249872,-0.72186226,0.6440486,0.25321215
1356784236262,0.5095823,0.117772564,0.8523236,0.50319254,0.7627364,-0.40623945,-0.6979421,0.6358953,0.32941467
1356784236302,0.5390277,0.07222949,0.83918536,0.49972403,0.7745967,-0.38765422,-0.67803025,0.6283174,0.38143423
1356784236342,0.5496435,0.05274342,0.8337326,0.50062305,0.7781602,-0.37926668,-0.6687814,0.6258473,0.40130615
1356784236382,0.54422057,0.05806814,0.8369302,0.5059135,0.77308416,-0.38261265,-0.66923505,0.6316399,0.39135084
1356784236422,0.5260025,0.08020432,0.8466927,0.5176943,0.75966537,-0.39357483,-0.6747695,0.6453494,0.3580646
1356784236462,0.49801493,0.1102947,0.8601257,0.53658676,0.73998916,-0.40557456,-0.6812164,0.66351426,0.30934298
1356784236502,0.463174,0.1415307,0.87489367,0.5609359,0.71746755,-0.41302687,-0.6861638,0.68206257,0.25292265
1356784236542,0.4241698,0.16983302,0.8895149,0.5879493,0.6954334,-0.4131441,-0.68876386,0.6982329,0.19512868
1356784236582,0.38325757,0.19335419,0.90317655,0.61464757,0.6765034,-0.40564954,-0.6894361,0.7106035,0.14043039
1356784236622,0.34227335,0.21132769,0.9155269,0.6385146,0.66251063,-0.39163604,-0.6893099,0.7186239,0.091823936
1356784236663,0.3028966,0.2224819,0.92669064,0.6582327,0.6543422,-0.37224478,-0.68919045,0.72272974,0.051753163
1356784236702,0.2666805,0.22426201,0.93733037,0.67421126,0.6515645,-0.34771115,-0.6887095,0.72468644,0.022559583
1356784236742,0.23489815,0.21456271,0.9480431,0.688033,0.652248,-0.31809288,-0.6866101,0.72700435,0.005585611
1356784236782,0.20769021,0.19295123,0.9589758,0.70164025,0.65370923,-0.28348762,-0.6815907,0.7317336,3.8665533E-4
1356784236822,0.18434772,0.16237351,0.9693558,0.7156862,0.6538063,-0.24562283,-0.6736536,0.7390346,0.004319191
1356784236862,0.1636805,0.12935191,0.97799635,0.72835135,0.6527946,-0.2082392,-0.6653669,0.74640965,0.012636125
1356784236928,0.14490753,0.10135177,0.98424053,0.7362813,0.6534694,-0.17569172,-0.6609777,0.75013703,0.020069242
1356784236943,0.12867281,0.082502335,0.9882493,0.7374524,0.65830857,-0.15097612,-0.66302896,0.7482133,0.023864865
1356784236983,0.117152445,0.07255843,0.9904598,0.7324668,0.66717964,-0.13551265,-0.67064726,0.7413546,0.025015056
1356784237024,0.1130702,0.069977045,0.99111974,0.723266,0.67814755,-0.13039252,-0.68125,0.7315867,0.026066244
1356784237063,0.11868284,0.07464287,0.9901226,0.71116817,0.6894992,-0.13722506,-0.6929316,0.72043,0.028748095
1356784237103,0.13527384,0.08753273,0.98693407,0.6961429,0.700405,-0.15753663,-0.7050432,0.7083578,0.033811152
1356784237142,0.1632266,0.10889804,0.9805602,0.6773671,0.71024656,-0.19163415,-0.71730804,0.69547904,0.042167187
1356784237182,0.20214504,0.1354585,0.96994245,0.6542578,0.71828663,-0.23666659,-0.72875524,0.68243337,0.05657333
1356784237222,0.25117406,0.15773708,0.95500296,0.62755466,0.72463673,-0.28473997,-0.73694426,0.67083585,0.08302134
1356784237262,0.30858782,0.16083916,0.937499,0.5999253,0.73193717,-0.32304442,-0.7381485,0.6621169,0.1293754
1356784237302,0.3701337,0.13345626,0.91934246,0.57565033,0.74378026,-0.3397317,-0.72912806,0.65496594,0.19847399
1356784237342,0.4275686,0.08121224,0.90032756,0.5587121,0.7592144,-0.33381772,-0.71065176,0.64575386,0.27924198
1356784237382,0.47232282,0.028993279,0.8809486,0.5484346,0.7727573,-0.31947714,-0.6900222,0.63403904,0.34909
1356784237422,0.50144786,0.0025927424,0.865184,0.53933764,0.7809817,-0.31493253,-0.67650944,0.6245485,0.39022323
1356784237462,0.51646996,0.010935456,0.8562355,0.52850175,0.7826805,-0.32878125,-0.6737542,0.62232757,0.39845154
1356784237502,0.51895034,0.04672964,0.85352606,0.51932037,0.7758727,-0.35822892,-0.6789674,0.62915653,0.3783718
1356784237542,0.50981474,0.09595023,0.85491663,0.51760995,0.7595469,-0.39391422,-0.6871454,0.64333665,0.3375634
1356784237582,0.49045867,0.14610463,0.8591297,0.52655673,0.7358554,-0.4257404,-0.69439787,0.66118854,0.28397426
1356784237622,0.4628425,0.19003938,0.8658301,0.5452612,0.70907164,-0.44711035,-0.6989041,0.67904526,0.22456735
1356784237662,0.4289333,0.22550234,0.874737,0.570091,0.6835722,-0.45576903,-0.7007228,0.6941742,0.16465002
1356784237702,0.39049923,0.25229037,0.88535863,0.5966875,0.6629979,-0.45210376,-0.70105237,0.7048286,0.10836166
1356784237742,0.34938642,0.26963285,0.8973446,0.621701,0.6498027,-0.43731487,-0.7010114,0.7106719,0.059401214
1356784237782,0.3075758,0.27543968,0.91078544,0.64375854,0.6446272,-0.41234794,-0.70069396,0.7131542,0.020955086
1356784237822,0.26681328,0.26757002,0.9258601,0.66323435,0.64603645,-0.37783217,-0.699236,0.71487284,-0.0050905347
1356784237862,0.22826448,0.24546222,0.94214845,0.68118733,0.6511317,-0.33468097,-0.6956142,0.71817535,-0.01857555
1356784237930,0.19248989,0.21136157,0.95826614,0.6980421,0.65685344,-0.2850979,-0.6896992,0.72378856,-0.021101654
1356784237943,0.15966243,0.1711976,0.9722136,0.7125207,0.6616499,-0.23352449,-0.6832439,0.7300074,-0.01634121
1356784237983,0.13015255,0.13299116,0.98253435,0.72204864,0.6664126,-0.18584949,-0.67948955,0.73362637,-0.009290814
1356784238023,0.104925655,0.10292059,0.98914,0.72465825,0.67326355,-0.14692345,-0.68107337,0.73220456,-0.0039396286
1356784238062,0.08586967,0.08291662,0.99285,0.7205619,0.6830395,-0.11936316,-0.68805295,0.7256596,-0.0010941625
1356784238102,0.075377196,0.0724656,0.99451846,0.7115716,0.69479036,-0.10455775,-0.6985586,0.71555233,8.069277E-4
1356784238142,0.07569358,0.0714519,0.9945678,0.69958997,0.706931,-0.104031146,-0.710524,0.7036642,0.0035231113
1356784238182,0.088380784,0.08052856,0.9928262,0.6854476,0.7182857,-0.11927855,-0.72273815,0.6910723,0.008284569
1356784238222,0.11412227,0.09963751,0.9884576,0.66883767,0.7279937,-0.15060306,-0.73459667,0.67830485,0.016438961
1356784238263,0.15272424,0.1254794,0.98027045,0.6491844,0.7351458,-0.19524391,-0.74514085,0.6661948,0.030815303
1356784238302,0.20316967,0.14806332,0.96788394,0.6270945,0.73949015,-0.24475864,-0.7519804,0.65668225,0.0573923
1356784238342,0.26334548,0.15029177,0.95292264,0.6057862,0.74298686,-0.28459382,-0.7507811,0.6522139,0.104617536
1356784238382,0.32845452,0.11686601,0.93726194,0.5912143,0.7484391,-0.3005073,-0.73660254,0.6528256,0.17673534
1356784238422,0.38950872,0.04864514,0.9197372,0.5888749,0.7546721,-0.2893033,-0.7081733,0.65429634,0.26530546
1356784238462,0.4368508,-0.030165434,0.8990281,0.59667325,0.7576378,-0.26451087,-0.6731586,0.6519778,0.34897357
1356784238502,0.46745944,-0.08785051,0.8796385,0.6044311,0.75788134,-0.24551764,-0.6450928,0.6464504,0.4073784
1356784238542,0.48506233,-0.10547005,0.868096,0.6030984,0.75918937,-0.24475236,-0.6332352,0.64226747,0.431863
1356784238582,0.49345028,-0.08160049,0.8659377,0.59173006,0.76117224,-0.2654663,-0.6374656,0.6433958,0.42388612
1356784238622,0.49332565,-0.026482224,0.8694415,0.5764046,0.7585325,-0.30395094,-0.6514504,0.6510968,0.389468
1356784238662,0.48409867,0.044251412,0.87389374,0.5651915,0.7466121,-0.3508975,-0.66798735,0.66378635,0.3364234
1356784238702,0.46623784,0.11561717,0.8770718,0.5633214,0.72564334,-0.39510852,-0.68212265,0.6782878,0.27319273
1356784238742,0.44161552,0.17817934,0.87933373,0.571298,0.69986457,-0.42872852,-0.6918051,0.6916948,0.20727754
1356784238782,0.412499,0.2286439,0.8817974,0.58611363,0.6744076,-0.44904926,-0.6973632,0.7020658,0.14418119
1356784238822,0.3807795,0.26703355,0.88526833,0.6037729,0.6533161,-0.45676735,-0.70033216,0.70842874,0.08754176
1356784238862,0.34770828,0.2929048,0.89067715,0.6216171,0.63914865,-0.45285898,-0.7019196,0.71112293,0.040162683
1356784238930,0.31404305,0.3044207,0.89928025,0.63894874,0.6328249,-0.43735242,-0.7022261,0.7119415,0.0042250156
1356784238963,0.27989653,0.29903468,0.91226983,0.65628564,0.63393956,-0.40915745,-0.7006762,0.7132314,-0.018814683
1356784238982,0.244773,0.27585799,0.9295099,0.6740752,0.6406714,-0.36764508,-0.69692814,0.7165491,-0.029129982
1356784239022,0.20881921,0.23642586,0.94894546,0.69223666,0.6496842,-0.31419563,-0.6907988,0.72250485,-0.027996123
1356784239060,0.1722664,0.18676788,0.9671826,0.709583,0.6574992,-0.2533514,-0.68323964,0.7299402,-0.019262254
1356784239103,0.13739717,0.13683784,0.9810186,0.72335845,0.6627313,-0.19375181,-0.6766643,0.736249,-0.007925391
1356784239142,0.10815365,0.09676069,0.989414,0.73087007,0.6669116,-0.1451132,-0.67389286,0.7388276,0.001409471
1356784239182,0.08958238,0.07248384,0.9933384,0.7313535,0.67223144,-0.11500847,-0.6760896,0.7367842,0.0072087646
1356784239222,0.08719165,0.067086905,0.99393004,0.72569036,0.6792507,-0.10950765,-0.6824742,0.73083365,0.010540664
1356784239262,0.105732895,0.083390296,0.9908918,0.7143425,0.6868419,-0.13402617,-0.69176245,0.7220071,0.013052523
1356784239302,0.14829025,0.12479195,0.9810387,0.6954305,0.69214505,-0.19316229,-0.7031262,0.71088827,0.01585424
1356784239342,0.21483415,0.19331515,0.95732725,0.6640777,0.6898328,-0.2883253,-0.71613336,0.69768184,0.019823372
1356784239382,0.29982784,0.28475657,0.9105036,0.6141138,0.6727567,-0.412629,-0.73004615,0.6828705,0.026838243
1356784239422,0.3916008,0.38301897,0.8366273,0.5432029,0.6376604,-0.5461866,-0.74268395,0.6683455,0.04165131
1356784239462,0.47833103,0.4624744,0.7465365,0.4574936,0.59439665,-0.66135633,-0.7495992,0.6578829,0.07273924
1356784239503,0.5569208,0.5033747,0.660646,0.36772552,0.5637723,-0.73955303,-0.74472624,0.65480894,0.12887281
1356784239542,0.62925124,0.5051881,0.5906166,0.2827377,0.5590609,-0.77942955,-0.7239492,0.6574466,0.20895404
1356784239582,0.6919005,0.4848793,0.53494453,0.20949315,0.57422346,-0.79144174,-0.69093144,0.6596661,0.2957266
1356784239622,0.73698854,0.4668749,0.48874906,0.15129578,0.590804,-0.79250246,-0.65875447,0.6580109,0.3647796
1356784239662,0.7602043,0.4673363,0.45131612,0.10794489,0.5941577,-0.79707247,-0.64065385,0.65465516,0.40123463
1356784239702,0.7635757,0.48625374,0.42486405,0.08162327,0.5800086,-0.81051075,-0.6405387,0.65356505,0.40319085
1356784239742,0.7528187,0.51390135,0.41130212,0.07749346,0.55132097,-0.83068645,-0.6536504,0.65722954,0.37522072
1356784239782,0.7340166,0.54054654,0.41113144,0.097976774,0.51475936,-0.8517179,-0.67202693,0.66545635,0.32488093
1356784239827,0.7106364,0.5620425,0.42320704,0.14044908,0.47608826,-0.86810946,-0.6893983,0.6763493,0.25938728
1356784239861,0.68491745,0.5751585,0.447304,0.1969064,0.44495174,-0.8736394,-0.70150983,0.6864479,0.19150284
1356784239930,0.6568785,0.58210826,0.47922927,0.25925362,0.42246163,-0.8685124,-0.7080242,0.694749,0.12659225
1356784239944,0.6255262,0.58302665,0.5184561,0.32266375,0.4117073,-0.8522823,-0.7103555,0.7004119,0.06941214
1356784239983,0.5905301,0.57818544,0.56300604,0.38273227,0.41354215,-0.8261349,-0.71048594,0.70333815,0.02291888
1356784240023,0.5530842,0.566891,0.6105181,0.43657246,0.42692626,-0.7919207,-0.709579,0.70453423,-0.011362851
1356784240063,0.5151171,0.54677427,0.66006994,0.48365188,0.45036286,-0.7505026,-0.70762646,0.7058407,-0.032458812
1356784240102,0.4787778,0.51568544,0.7105211,0.52448666,0.4810073,-0.70252806,-0.70404935,0.70901364,-0.040174544
1356784240142,0.4453479,0.47281572,0.7603358,0.5604311,0.5150675,-0.6485541,-0.6982708,0.71494806,-0.03559643
1356784240182,0.4147199,0.42034012,0.807045,0.5928027,0.54807425,-0.59008443,-0.69035673,0.7231382,-0.021881461
1356784240222,0.38557908,0.36477906,0.84750515,0.62131953,0.57640815,-0.53076893,-0.6821223,0.73122495,-0.0043933988
1356784240262,0.3568244,0.31489465,0.87949854,0.6438453,0.5992527,-0.47577244,-0.67686003,0.73602825,0.011084557
1356784240302,0.32959482,0.27648976,0.9027296,0.6583139,0.618073,-0.42966104,-0.67674965,0.7358935,0.021696568
1356784240342,0.30711198,0.25084966,0.9180178,0.6643632,0.6341672,-0.39554194,-0.68139833,0.73137295,0.02810502
1356784240382,0.2928962,0.23764528,0.92614067,0.66274613,0.64772063,-0.3757999,-0.6891875,0.72386646,0.03221643
1356784240422,0.28934154,0.23682606,0.9274669,0.6541058,0.65849006,-0.3722048,-0.6988756,0.7143558,0.0356192
1356784240462,0.2972023,0.2481451,0.9220059,0.6385222,0.66629624,-0.38514766,-0.7099016,0.70318794,0.039578617
1356784240502,0.3160205,0.26981342,0.90957785,0.61587,0.67092377,-0.41299576,-0.7216892,0.6906968,0.0458557
1356784240542,0.34556016,0.29654092,0.8903099,0.58632416,0.67253375,-0.45157766,-0.73267466,0.67805743,0.05853176
1356784240582,0.38779035,0.3189047,0.86482286,0.5502345,0.6726432,-0.4947658,-0.7395003,0.66772074,0.08537215
1356784240622,0.4454112,0.32595426,0.83388406,0.5079456,0.67498136,-0.53515553,-0.73729235,0.661932,0.13507724
1356784240662,0.51560545,0.31172678,0.79810864,0.46145394,0.683818,-0.5652019,-0.72194964,0.6597116,0.20873272
1356784240702,0.5861303,0.28062716,0.76006556,0.41714683,0.6996886,-0.580021,-0.6945789,0.6570269,0.29304597
1356784240742,0.6411652,0.24613824,0.72685844,0.38394132,0.7172108,-0.58154774,-0.6644519,0.65193915,0.36534798
1356784240782,0.67134637,0.22113624,0.70738447,0.36749247,0.7295316,-0.57683,-0.6436174,0.6472112,0.40850246
1356784240822,0.67572016,0.21005717,0.70659626,0.3691869,0.7332301,-0.5710294,-0.6380465,0.6467222,0.417908
1356784240862,0.6569067,0.20974094,0.72421145,0.3891381,0.7283948,-0.5639259,-0.6457902,0.652265,0.39686924
1356784240928,0.61781543,0.21397579,0.75664955,0.42636454,0.7173653,-0.5509994,-0.66069466,0.6630244,0.3519677
1356784240943,0.56127733,0.21657887,0.7987874,0.47702476,0.7040509,-0.52607954,-0.67632467,0.67631793,0.29185435
1356784240983,0.49028164,0.2137623,0.8449436,0.5344643,0.69204336,-0.48520502,-0.6884561,0.6894793,0.22504786
1356784241023,0.4083498,0.20386297,0.88976985,0.59105337,0.6837684,-0.42792147,-0.6956338,0.7006431,0.15872282
1356784241063,0.32006553,0.18688533,0.9287798,0.63981164,0.6803787,-0.3573877,-0.6987125,0.70863163,0.09819436
1356784241102,0.23135039,0.16333786,0.95906085,0.6762657,0.6816853,-0.27923083,-0.69938666,0.7131801,0.047248363
1356784241142,0.14867538,0.13363588,0.9798148,0.69976676,0.68588275,-0.19972819,-0.698729,0.7153365,0.008459926
1356784241182,0.07735004,0.09846535,0.9921298,0.7130408,0.6900563,-0.12407687,-0.6968427,0.71702635,-0.016833901
1356784241222,0.020086572,0.059167176,0.998046,0.7203512,0.6913867,-0.05548522,-0.69331867,0.7200581,-0.028733552
1356784241262,-0.02277872,0.018159509,0.9995755,0.7255641,0.6881428,0.0040328503,-0.6877774,0.72534806,-0.028850853
