1356783703604,0.07369107,-0.05456665,-0.99578714,-0.7561219,-0.65412176,-0.020110905,-0.6502687,0.75441843,-0.08946198
1356783703642,-0.19543779,-0.27991956,-0.9399197,-0.73413175,-0.5937197,0.32946527,-0.6502726,0.7544149,-0.08946261
1356783703682,-0.19546843,-0.2799332,-0.9399093,-0.7341019,-0.5937371,0.32950044,-0.6502972,0.7543961,-0.08944261
1356783703722,-0.19575208,-0.28000182,-0.9398298,-0.73396045,-0.5937618,0.3297711,-0.65037155,0.7543513,-0.0892801
1356783703762,-0.1967566,-0.28015304,-0.93957496,-0.7335645,-0.59375846,0.33065683,-0.6505151,0.7542978,-0.08868441
1356783703802,-0.19897944,-0.28034276,-0.9390501,-0.7327979,-0.5936705,0.33250943,-0.65070295,0.75429654,-0.08730635
1356783703843,-0.2026149,-0.28047043,-0.9382343,-0.7316697,-0.5934337,0.33540422,-0.6508508,0.7544355,-0.084973246
1356783703882,-0.20754981,-0.28040576,-0.9371743,-0.7302896,-0.59299904,0.3391597,-0.65084577,0.75480115,-0.08170059
1356783703922,-0.21338308,-0.28003392,-0.9359747,-0.7288115,-0.5923831,0.34338897,-0.65061617,0.75542253,-0.07768735
1356783703962,-0.21964198,-0.2792431,-0.93476236,-0.72735155,-0.59168506,0.34766153,-0.650167,0.75626194,-0.073149025
1356783704003,-0.22570866,-0.27804035,-0.93367505,-0.7260222,-0.5910395,0.3515167,-0.64957464,0.7572092,-0.0684607
1356783704042,-0.23074639,-0.27664655,-0.9328573,-0.7249957,-0.590541,0.35446078,-0.6489508,0.7581081,-0.064302325
1356783704082,-0.23424774,-0.27542537,-0.93234587,-0.7243999,-0.5901429,0.356337,-0.64836156,0.75886244,-0.061278462
1356783704123,-0.23639035,-0.2747159,-0.93201435,-0.7241893,-0.58970034,0.35749602,-0.64781904,0.7594634,-0.05954683
1356783704162,-0.2381739,-0.27470237,-0.93156415,-0.72410506,-0.58900005,0.3588187,-0.64725965,0.7600116,-0.058628947
1356783704202,-0.24076223,-0.2753771,-0.93069917,-0.7238645,-0.5878456,0.3611892,-0.64657074,0.7606608,-0.057804644
1356783704242,-0.24468791,-0.27663174,-0.92930233,-0.7233969,-0.58610153,0.36494124,-0.64561975,0.761551,-0.056702614
1356783704282,-0.24937242,-0.27834266,-0.9275445,-0.7229795,-0.58372813,0.36954302,-0.6442934,0.7627495,-0.05567035
1356783704322,-0.25348753,-0.28041878,-0.9258021,-0.723045,-0.5808592,0.37391,-0.642612,0.764178,-0.055514872
1356783704362,-0.2559541,-0.28268903,-0.9244319,-0.72378916,-0.577857,0.37710798,-0.6407938,0.7656162,-0.056702286
1356783704402,-0.25672072,-0.28475785,-0.923584,-0.72500956,-0.5751739,0.3788614,-0.6391052,0.7668688,-0.058793068
1356783704442,-0.25657362,-0.28608304,-0.92321527,-0.72626406,-0.5731947,0.37945804,-0.6377386,0.76785696,-0.060705215
1356783704482,-0.25629663,-0.28614506,-0.92327297,-0.7271266,-0.5722666,0.37920678,-0.63686645,0.76852584,-0.061393708
1356783704544,-0.256334,-0.28455272,-0.92375463,-0.7271645,-0.5728554,0.37824392,-0.6368082,0.7686783,-0.06007433
1356783704564,-0.25714535,-0.2810887,-0.92458934,-0.72572434,-0.5756068,0.37683022,-0.6381226,0.7678971,-0.055978358
1356783704604,-0.25979173,-0.27591574,-0.92540735,-0.7217487,-0.5811853,0.37590206,-0.6415505,0.7655678,-0.048154622
1356783704634,-0.26352763,-0.2701561,-0.9260502,-0.7162412,-0.5882582,0.37543416,-0.6461824,0.7622125,-0.03847462
1356783704664,-0.26970685,-0.26472676,-0.92583907,-0.7085309,-0.5965512,0.3769756,-0.6521059,0.7576584,-0.026673079
1356783704704,-0.28065115,-0.25952715,-0.92405665,-0.696626,-0.6072073,0.3821147,-0.66026306,0.7509628,-0.01037997
1356783704734,-0.2935874,-0.2562834,-0.92093706,-0.68395627,-0.6167352,0.38966826,-0.6678399,0.7442825,0.0057790875
1356783704774,-0.30898213,-0.25372952,-0.91659784,-0.67025405,-0.62566113,0.39913386,-0.6747515,0.7376786,0.023254752
1356783704804,-0.32486117,-0.25319096,-0.9112407,-0.65730286,-0.6323235,0.4100243,-0.6800133,0.7321621,0.038994193
1356783704842,-0.34080994,-0.25291425,-0.9054738,-0.6458086,-0.6369478,0.42098528,-0.6832129,0.72823876,0.053744048
1356783704882,-0.35600454,-0.25349534,-0.89944476,-0.6362863,-0.63916314,0.431984,-0.6843979,0.72609264,0.06624943
1356783704922,-0.36882067,-0.25445274,-0.893994,-0.6293645,-0.639417,0.44164056,-0.6840116,0.72553414,0.07568663
1356783704962,-0.37796462,-0.2555824,-0.8898429,-0.6251135,-0.63851947,0.44891647,-0.6829172,0.72592735,0.08156982
1356783705002,-0.38263047,-0.2568067,-0.88749325,-0.6232195,-0.6373937,0.45312995,-0.6820494,0.72648436,0.08383933
1356783705042,-0.38268292,-0.25804123,-0.8871124,-0.623193,-0.6367621,0.4540532,-0.682044,0.72660077,0.082868546
1356783705082,-0.37833226,-0.25914532,-0.8886554,-0.62460274,-0.6370603,0.45169204,-0.6831809,0.72594625,0.07915756
1356783705122,-0.36984718,-0.25989288,-0.8920027,-0.62699693,-0.638679,0.4460538,-0.6856296,0.72425467,0.07326159
1356783705162,-0.35767967,-0.259964,-0.8969304,-0.62969834,-0.64211893,0.43722242,-0.689598,0.7211811,0.06597394
1356783705202,-0.3425789,-0.25903523,-0.90307283,-0.6319448,-0.6477458,0.42552483,-0.69518745,0.716468,0.05820802
1356783705242,-0.32566106,-0.25684854,-0.90993065,-0.6332656,-0.65538317,0.41164035,-0.70208234,0.710283,0.050779372
1356783705282,-0.30831718,-0.2533455,-0.91692775,-0.6336157,-0.66426533,0.39658874,-0.70955735,0.703255,0.044280797
1356783705322,-0.29208285,-0.24850589,-0.92354345,-0.63381803,-0.67285204,0.38150352,-0.71621394,0.6967891,0.039020956
1356783705362,-0.2781219,-0.24247089,-0.9294386,-0.6358657,-0.6787697,0.3673508,-0.7199466,0.6931664,0.03460172
1356783705402,-0.26697046,-0.23562723,-0.9344552,-0.64212656,-0.6795491,0.35480475,-0.71860987,0.6947609,0.030117095
1356783705442,-0.2590856,-0.22856294,-0.9384208,-0.6536189,-0.67383254,0.3445751,-0.7110956,0.70264405,0.025187314
1356783705482,-0.25522614,-0.22214466,-0.94101614,-0.669127,-0.66196126,0.33775178,-0.697946,0.7158624,0.020306885
1356783705545,-0.2560445,-0.21762092,-0.94185054,-0.685924,-0.64563763,0.3356492,-0.6811384,0.73197895,0.016040564
1356783705583,-0.26172382,-0.21658981,-0.9405261,-0.70119685,-0.6269462,0.33950162,-0.6631919,0.74834967,0.01221472
1356783705602,-0.27198982,-0.22053154,-0.9366896,-0.7134531,-0.60698617,0.35007495,-0.6457602,0.76350087,0.0077551603
1356783705643,-0.28621227,-0.2307016,-0.92997825,-0.7223035,-0.58578,0.36761343,-0.62957156,0.7769419,0.001020819
1356783705680,-0.30316007,-0.24780093,-0.92015696,-0.72791046,-0.5629648,0.39142954,-0.6150125,0.78845763,-0.009708434
1356783705723,-0.31995958,-0.27210653,-0.9075153,-0.7307917,-0.5387288,0.41918352,-0.60296714,0.79732645,-0.026481748
1356783705762,-0.3326019,-0.3040194,-0.8927195,-0.73125905,-0.5146118,0.44769958,-0.59551334,0.801715,-0.051156104
1356783705802,-0.33316076,-0.343804,-0.8779537,-0.7307768,-0.49423164,0.4708506,-0.59579283,0.79845715,-0.08658534
1356783705842,-0.31416225,-0.3911757,-0.86503386,-0.73085076,-0.4819023,0.48335007,-0.60593665,0.7840611,-0.13449556
1356783705882,-0.27126348,-0.442564,-0.85472405,-0.732636,-0.48098117,0.48156166,-0.624228,0.75683165,-0.1937657
1356783705922,-0.20676392,-0.4911292,-0.84619194,-0.73591614,-0.491862,0.46529478,-0.64472955,0.71893245,-0.25973058
1356783705962,-0.13203305,-0.5289266,-0.8383341,-0.7393683,-0.5107617,0.4386993,-0.6602286,0.6777604,-0.32363418
1356783706002,-0.06326562,-0.55116266,-0.83199596,-0.74224263,-0.53130114,0.4084055,-0.6671382,0.6433809,-0.37548336
1356783706043,-0.015417397,-0.55781794,-0.8298202,-0.7451103,-0.54701555,0.38155577,-0.6667631,0.6241901,-0.40720233
1356783706083,0.002555132,-0.5517724,-0.8339909,-0.74856204,-0.55404484,0.36426532,-0.6630599,0.62336314,-0.4144515
1356783706122,-0.009857237,-0.5358714,-0.8442421,-0.7511494,-0.55333537,0.35999244,-0.6600586,0.6377005,-0.39706516
1356783706162,-0.050164998,-0.5119063,-0.85757536,-0.74983174,-0.5478864,0.37090823,-0.65972406,0.66164374,-0.35635895
1356783706202,-0.1093328,-0.4807728,-0.87000215,-0.7422015,-0.5427181,0.39318424,-0.66119826,0.6887049,-0.2974934
1356783706242,-0.17544216,-0.44423637,-0.87856364,-0.7284843,-0.5416962,0.41937542,-0.6622164,0.713596,-0.22858292
1356783706282,-0.2375539,-0.40498734,-0.88292325,-0.7111844,-0.54661506,0.44207335,-0.66165316,0.73293746,-0.15817013
1356783706322,-0.28783417,-0.36581746,-0.8850589,-0.69382393,-0.55736715,0.45601583,-0.6601212,0.7453319,-0.09338364
1356783706362,-0.32287365,-0.32872888,-0.887519,-0.67958486,-0.5721447,0.45914572,-0.6587237,0.7513905,-0.038668722
1356783706402,-0.34243244,-0.29456827,-0.8921713,-0.67077684,-0.5882541,0.4516809,-0.6578743,0.75311804,0.0038476586
1356783706442,-0.34773314,-0.263403,-0.8998336,-0.6685053,-0.6032714,0.4349303,-0.6574058,0.7527832,0.03369108
1356783706483,-0.34011304,-0.23503265,-0.91053987,-0.6723081,-0.6162342,0.4101917,-0.6575142,0.75167483,0.051574945
1356783706543,-0.3209468,-0.20901601,-0.9237454,-0.6802118,-0.6278024,0.37838626,-0.6590183,0.74978435,0.05931601
1356783706564,-0.29228038,-0.18508065,-0.93825233,-0.68947273,-0.6390993,0.340851,-0.6627213,0.74652344,0.059188128
1356783706604,-0.25693423,-0.16310492,-0.9525657,-0.69741416,-0.65104526,0.29958904,-0.66902786,0.7413075,0.053524137
1356783706644,-0.21916837,-0.14301509,-0.9651486,-0.70209646,-0.66377974,0.2577923,-0.6775144,0.73412734,0.045069188
1356783706684,-0.18333834,-0.12534064,-0.97502655,-0.70356923,-0.675977,0.21919265,-0.6865693,0.7261851,0.035746723
1356783706724,-0.15256482,-0.11083639,-0.9820587,-0.7045314,-0.68466794,0.18672287,-0.69307977,0.7203785,0.026368454
1356783706764,-0.12921882,-0.10050619,-0.98650956,-0.7080428,-0.6871589,0.16275173,-0.6942463,0.7195215,0.017631128
1356783706803,-0.11609292,-0.09531033,-0.9886549,-0.7151508,-0.6827306,0.14979464,-0.68926185,0.72442734,0.0110988915
1356783706844,-0.1154899,-0.09638187,-0.98862153,-0.72460055,-0.672598,0.15021956,-0.6794234,0.73370457,0.007839993
1356783706883,-0.12810338,-0.10510492,-0.9861757,-0.73414785,-0.6584993,0.16554686,-0.6667958,0.7452059,0.0071933717
1356783706922,-0.15331972,-0.122905046,-0.9805037,-0.74169326,-0.64135015,0.19636986,-0.65298104,0.7573403,0.0071737766
1356783706962,-0.18979841,-0.15067458,-0.97019255,-0.7456802,-0.6206966,0.24227378,-0.63869977,0.7694366,0.0054522753
1356783707002,-0.23517448,-0.1882298,-0.95355254,-0.7450288,-0.5951425,0.3012266,-0.62419945,0.7812649,-2.7427077E-4
1356783707042,-0.28437853,-0.23438132,-0.92962044,-0.7393246,-0.56370366,0.3682897,-0.61035067,0.79202497,-0.012978673
1356783707082,-0.3267365,-0.2874261,-0.9003497,-0.73039925,-0.5277803,0.43354923,-0.59980017,0.79927105,-0.037490755
1356783707122,-0.34600228,-0.34569445,-0.87222576,-0.7242522,-0.4925716,0.48252666,-0.59644043,0.7986667,-0.07993907
1356783707162,-0.32655305,-0.406548,-0.8532771,-0.7287713,-0.46656966,0.50120354,-0.6018765,0.7855134,-0.14392072
1356783707202,-0.2654028,-0.4639108,-0.8451912,-0.74496853,-0.45780855,0.4852146,-0.612032,0.7584182,-0.22409528
1356783707242,-0.18072194,-0.50865436,-0.84179,-0.763667,-0.46678704,0.4460075,-0.61980027,0.72345054,-0.30408394
1356783707283,-0.105181575,-0.5359682,-0.8376604,-0.7758844,-0.48266262,0.40625122,-0.6220451,0.6926578,-0.36508206
1356783707322,-0.06720853,-0.5492846,-0.83292824,-0.78059816,-0.49099004,0.38677537,-0.62140924,0.6761769,-0.39577174
1356783707362,-0.07744479,-0.55428535,-0.8287159,-0.7787296,-0.48540956,0.39743897,-0.6225612,0.67612517,-0.394046
1356783707402,-0.12904888,-0.5528039,-0.8232583,-0.7672007,-0.47034752,0.43609202,-0.6282909,0.6878816,-0.36341363
1356783707442,-0.20384818,-0.5434975,-0.8142828,-0.7426912,-0.45605987,0.4903256,-0.63785243,0.7047126,-0.31068385
1356783707482,-0.28103292,-0.525807,-0.80283713,-0.7076906,-0.45150304,0.5434326,-0.6482241,0.7208828,-0.2452215
1356783707540,-0.34645712,-0.5015645,-0.79271716,-0.66962874,-0.45956534,0.5834355,-0.6569359,0.7329616,-0.17664236
1356783707564,-0.39346248,-0.47343796,-0.7880634,-0.63690275,-0.47779685,0.6050332,-0.66297984,0.73997754,-0.11353886
1356783707604,-0.422418,-0.44366997,-0.79039234,-0.61446756,-0.500875,0.6095522,-0.6663278,0.74315625,-0.06104222
1356783707643,-0.43607283,-0.41344255,-0.79931575,-0.60383815,-0.5241468,0.6005411,-0.6672481,0.744537,-0.021086186
1356783707684,-0.43677437,-0.3833273,-0.81381094,-0.6042118,-0.5452145,0.5810931,-0.6664504,0.74552083,0.006524861
1356783707723,-0.42555702,-0.3535666,-0.83300173,-0.6132831,-0.56419575,0.55278116,-0.665421,0.74610585,0.02326104
1356783707762,-0.4030317,-0.32415208,-0.8558569,-0.6277175,-0.58261806,0.5162626,-0.6659852,0.74530643,0.03133759
1356783707802,-0.37083495,-0.2947795,-0.8806738,-0.64374006,-0.601917,0.4725405,-0.6693879,0.7421596,0.033450514
1356783707842,-0.3324675,-0.2653153,-0.9050266,-0.65808177,-0.6221261,0.4241315,-0.67556924,0.73659146,0.03223747
1356783707882,-0.29238862,-0.23625551,-0.9266565,-0.6696332,-0.64120257,0.37476748,-0.6827154,0.7300977,0.029275715
1356783707922,-0.25456375,-0.2088344,-0.94423795,-0.6797822,-0.65582454,0.3283141,-0.6878178,0.72545314,0.02498731
1356783707962,-0.22264934,-0.18476948,-0.9572291,-0.6903987,-0.6633569,0.2886299,-0.6883145,0.72513294,0.02013135
1356783708002,-0.20037037,-0.1661025,-0.965537,-0.7019205,-0.6632005,0.25975522,-0.6834906,0.72977746,0.016294926
1356783708042,-0.19060135,-0.15500155,-0.9693532,-0.7133812,-0.65646374,0.24524012,-0.6743579,0.73826134,0.014547706
1356783708082,-0.19485736,-0.1536099,-0.9687283,-0.72318673,-0.6447068,0.24769753,-0.66259456,0.7488371,0.014537275
1356783708122,-0.21361625,-0.16375053,-0.9630959,-0.729711,-0.62872505,0.26875013,-0.64953053,0.76019114,0.0148153305
1356783708162,-0.24637598,-0.18641245,-0.951078,-0.73146456,-0.60802126,0.3086582,-0.6358133,0.7717258,0.013447672
1356783708202,-0.29087877,-0.22115394,-0.9308493,-0.727267,-0.58105946,0.36531168,-0.62166893,0.7832374,0.008179873
1356783708242,-0.34167945,-0.26589304,-0.9014189,-0.7169609,-0.54638696,0.43293002,-0.6076366,0.7942054,-0.0039457083
1356783708282,-0.38775384,-0.31710514,-0.8655006,-0.70352495,-0.50486696,0.5001619,-0.5955666,0.80284095,-0.02732727
1356783708322,-0.41153723,-0.37126583,-0.83234537,-0.69548255,-0.46229953,0.55007565,-0.58901715,0.8052583,-0.067955494
1356783708362,-0.39361924,-0.42566133,-0.8147861,-0.7042458,-0.4300499,0.5648849,-0.5908483,0.79615927,-0.1304943
1356783708421,-0.32373166,-0.47558454,-0.81793475,-0.7323718,-0.42136496,0.5348674,-0.5990237,0.7721858,-0.21189553
1356783708442,-0.21128386,-0.5119379,-0.8326335,-0.7659022,-0.44252855,0.46643564,-0.6072502,0.73626626,-0.2985952
1356783708483,-0.088045776,-0.52767795,-0.84486914,-0.7866389,-0.48350322,0.38395804,-0.6111032,0.69841284,-0.37252158
1356783708521,0.0071446896,-0.52654976,-0.8501143,-0.7913818,-0.5226621,0.3170791,-0.6112805,0.67049956,-0.4204361
1356783708549,0.069218576,-0.51558685,-0.8540369,-0.78880763,-0.5523838,0.26954538,-0.6107302,0.65501326,-0.44493407
1356783708593,0.059237838,-0.5128112,-0.85645515,-0.78783226,-0.55090237,0.2753669,-0.6130344,0.6584309,-0.43664345
1356783708632,0.005546212,-0.5093385,-0.86054844,-0.78479683,-0.5355396,0.3119154,-0.61972827,0.67362577,-0.40269747
1356783708672,-0.077186644,-0.5029315,-0.860873,-0.77260566,-0.51558167,0.37048095,-0.6301768,0.69371146,-0.3487717
1356783708712,-0.16681373,-0.48970267,-0.8557829,-0.7486769,-0.501881,0.43312627,-0.64160424,0.71295637,-0.28290844
1356783708752,-0.24670428,-0.46927464,-0.84789044,-0.71729124,-0.49989945,0.4853799,-0.65163654,0.7279297,-0.21327925
1356783708792,-0.30785835,-0.44320217,-0.84189963,-0.6858101,-0.5099571,0.5192381,-0.6594602,0.73723507,-0.14695796
1356783708832,-0.34742773,-0.41320688,-0.8417565,-0.66084176,-0.5289743,0.5324231,-0.6652685,0.7412464,-0.08928406
1356783708872,-0.36621124,-0.3803407,-0.8492528,-0.6463764,-0.55255705,0.52619225,-0.66939294,0.7416344,-0.043490678
1356783708912,-0.36653692,-0.34501642,-0.8640685,-0.6433853,-0.57687145,0.503264,-0.67209077,0.7403938,-0.01053381
1356783708952,-0.3508315,-0.30730194,-0.8845806,-0.6502768,-0.5997791,0.4662672,-0.6738378,0.7388034,0.010590106
1356783708992,-0.32128388,-0.26724136,-0.9084926,-0.66386163,-0.62058794,0.4173229,-0.67532545,0.7371925,0.02197358
1356783709032,-0.28000635,-0.22499914,-0.93325883,-0.68048847,-0.63920015,0.35827202,-0.67714995,0.73539025,0.02587068
1356783709072,-0.22976822,-0.18123972,-0.95622104,-0.69643027,-0.65569866,0.29162318,-0.6798466,0.73294705,0.024437934
1356783709112,-0.17503476,-0.1375143,-0.9749116,-0.7084017,-0.6700855,0.22170344,-0.6837616,0.72943485,0.019872963
1356783709152,-0.12134248,-0.09618828,-0.9879391,-0.7153958,-0.6814876,0.15421903,-0.68810236,0.72548085,0.0138807
1356783709192,-0.073593676,-0.059986472,-0.9954826,-0.71950704,-0.68800515,0.09464979,-0.6905748,0.7232224,0.0074721277
1356783709232,-0.0362795,-0.031654805,-0.9988403,-0.7239624,-0.6881602,0.048104346,-0.6888848,0.724868,0.002049148
1356783709272,-0.013699055,-0.013821155,-0.9998107,-0.73068726,-0.68243533,0.01944542,-0.68257487,0.7308153,-7.5022876E-4
1356783709312,-0.008897543,-0.008727342,-0.99992234,-0.7396128,-0.6729174,0.01245445,-0.6729738,0.73966616,-4.6758354E-4
1356783709352,-0.023488104,-0.018255591,-0.9995574,-0.74941343,-0.66143614,0.029690415,-0.66168547,0.7497791,0.0018550009
1356783709392,-0.058321536,-0.04399854,-0.9973278,-0.75811845,-0.6480269,0.07292172,-0.6495037,0.76034546,0.004437819
1356783709432,-0.113554716,-0.08706227,-0.98970973,-0.76282954,-0.6305897,0.14299497,-0.6365504,0.7712176,0.005192861
1356783709472,-0.18647915,-0.14683062,-0.97142494,-0.75966084,-0.6054615,0.23734325,-0.62300956,0.78221303,0.0013644099
1356783709543,-0.25944084,-0.21844849,-0.9407288,-0.7489283,-0.5694983,0.33878908,-0.60975146,0.7924341,-0.01585108
1356783709556,-0.34537464,-0.30674785,-0.88691723,-0.7218736,-0.5170658,0.45993656,-0.5996791,0.7990925,-0.042851806
1356783709593,-0.36905158,-0.37816966,-0.8489927,-0.71186066,-0.4722821,0.5198114,-0.597541,0.7962017,-0.09490758
1356783709634,-0.3251534,-0.43790168,-0.8381631,-0.7293379,-0.44805413,0.5170239,-0.6019481,0.7794162,-0.17369187
1356783709673,-0.21742612,-0.48007235,-0.8498567,-0.7649882,-0.45696437,0.4538464,-0.6062333,0.74880844,-0.26789373
1356783709714,-0.086087465,-0.5005441,-0.8614201,-0.791909,-0.49027288,0.3640229,-0.6045404,0.71350414,-0.354179
1356783709753,0.008238077,-0.5086895,-0.8609106,-0.80134296,-0.5183457,0.29860884,-0.5981485,0.68742466,-0.41190493
1356783709794,0.02979678,-0.5198576,-0.8537331,-0.8047214,-0.51910806,0.28801066,-0.59290427,0.67843556,-0.4338083
1356783709834,-0.022570074,-0.5378173,-0.84275925,-0.8043315,-0.49087662,0.33479995,-0.593752,0.68541425,-0.42150423
1356783709872,-0.113440335,-0.5502521,-0.8272568,-0.7909566,-0.45386857,0.4103545,-0.60126436,0.70087504,-0.38373852
1356783709912,-0.21415216,-0.5497397,-0.8074188,-0.7601204,-0.42535388,0.4912139,-0.61347854,0.71893007,-0.32677788
1356783709952,-0.29778767,-0.5336685,-0.7915304,-0.7201381,-0.4187203,0.5532398,-0.62667656,0.7347592,-0.25962526
1356783709992,-0.35661072,-0.5059122,-0.78541815,-0.6823356,-0.43321097,0.58885175,-0.63815904,0.74590963,-0.1907143
1356783710032,-0.39199042,-0.4703788,-0.7906246,-0.6543399,-0.46154296,0.59901375,-0.6466706,0.7521449,-0.12686718
1356783710072,-0.40777987,-0.42970335,-0.80564916,-0.6392815,-0.49564004,0.5879287,-0.6519469,0.75478214,-0.07258946
1356783710112,-0.40660644,-0.3854745,-0.8282999,-0.63745266,-0.52976763,0.5594644,-0.6544657,0.7554838,-0.030314833
1356783710152,-0.38883573,-0.33848494,-0.8568749,-0.6472735,-0.5614911,0.51552373,-0.6556247,0.7550865,-7.644892E-4
1356783710192,-0.35410672,-0.28898114,-0.8894371,-0.6652029,-0.5906691,0.45674402,-0.6573534,0.7533923,0.016928792
1356783710232,-0.30356514,-0.23726153,-0.92279744,-0.68623513,-0.6174484,0.38449806,-0.66100645,0.7499762,0.024618655
1356783710272,-0.24124402,-0.18414313,-0.95283407,-0.7052429,-0.6412031,0.3024752,-0.6666588,0.7449497,0.024820685
1356783710312,-0.17371505,-0.13172969,-0.97594595,-0.71879935,-0.66045415,0.21708956,-0.6731646,0.739221,0.020043552
1356783710352,-0.107617855,-0.08283642,-0.99073535,-0.7269815,-0.6732042,0.1352551,-0.6781712,0.7348022,0.0122282505
1356783710392,-0.04870844,-0.04055941,-0.99798924,-0.73252445,-0.6777915,0.063298196,-0.6789959,0.7341347,0.0033034086
1356783710432,-0.0025193691,-0.007818252,-0.99996626,-0.7383746,-0.6743532,0.007132709,-0.67438614,0.7383676,-0.004073918
1356783710472,0.026213467,0.012920797,-0.9995729,-0.74589896,-0.6654635,-0.028162956,-0.6655431,0.74631864,-0.0078065395
1356783710544,0.033371985,0.019714057,-0.9992486,-0.7574481,-0.65177965,-0.038155466,-0.65204203,0.75815225,-0.006818846
1356783710563,0.012159646,0.003578812,-0.99991965,-0.76934886,-0.6387228,-0.01164183,-0.6387131,0.7694286,-0.005013287
1356783710604,-0.027761519,-0.028392375,-0.9992113,-0.77986383,-0.62470686,0.03941816,-0.6253333,0.78034306,-0.004799396
1356783710643,-0.08921528,-0.07978135,-0.9928119,-0.7862219,-0.6063044,0.119372904,-0.61147,0.7912204,-0.008634195
1356783710684,-0.17057526,-0.15107512,-0.9736942,-0.7835783,-0.5783378,0.2270031,-0.59741867,0.80168676,-0.019729018
1356783710724,-0.26090837,-0.2383599,-0.9354739,-0.76772,-0.53625864,0.35076028,-0.58526313,0.8096983,-0.043079346
1356783710762,-0.33596206,-0.33284307,-0.88110447,-0.7429948,-0.48128211,0.4651088,-0.57886803,0.81091493,-0.085608095
1356783710802,-0.372191,-0.42711896,-0.8240408,-0.72384125,-0.4221546,0.5457466,-0.58097136,0.7995967,-0.15204418
1356783710842,-0.36745548,-0.51732916,-0.7728822,-0.719853,-0.36798644,0.5885555,-0.5888871,0.77262956,-0.23718226
1356783710882,-0.34493214,-0.59773064,-0.72369874,-0.725248,-0.31972736,0.6097457,-0.59585,0.735182,-0.3232187
1356783710922,-0.33547902,-0.6604164,-0.6717916,-0.7277846,-0.27109826,0.6299487,-0.59814996,0.70025414,-0.38969314
1356783710962,-0.35647148,-0.7001598,-0.6186311,-0.7180879,-0.21828526,0.66083384,-0.5977273,0.6797999,-0.42496383
1356783711003,-0.40388316,-0.716285,-0.5690466,-0.69167185,-0.16800928,0.70239794,-0.59872234,0.6772803,-0.42757803
1356783711042,-0.4626646,-0.71260715,-0.5273826,-0.64906657,-0.13292634,0.7490281,-0.60386586,0.6888553,-0.4010291
1356783711082,-0.51928174,-0.6957941,-0.49620256,-0.59575105,-0.121560276,0.79391676,-0.6127211,0.7078797,-0.35139602
1356783711122,-0.5669614,-0.67229193,-0.47600237,-0.5395743,-0.1335342,0.831281,-0.62242615,0.7281429,-0.28704274
1356783711162,-0.6036807,-0.6467643,-0.46611768,-0.48785374,-0.16272664,0.85762393,-0.6305303,0.74512815,-0.21729141
1356783711202,-0.62939477,-0.6221308,-0.46563447,-0.44575137,-0.20178169,0.872118,-0.636528,0.75646377,-0.15031534
1356783711260,-0.6450004,-0.59981173,-0.47349793,-0.4159642,-0.2442047,0.87597823,-0.6410524,0.76196456,-0.09198809
1356783711282,-0.65211654,-0.57995284,-0.48826084,-0.39889026,-0.28520507,0.87151855,-0.6446941,0.7630941,-0.04535061
1356783711323,-0.65215254,-0.56197715,-0.5088013,-0.39395288,-0.32219094,0.86081016,-0.6476868,0.7618233,-0.011274874
1356783711360,-0.64551085,-0.5450903,-0.53496957,-0.4005038,-0.35483015,0.84480315,-0.6503173,0.7595869,0.010735929
1356783711403,-0.63128126,-0.5284389,-0.56765854,-0.4180734,-0.3846159,0.82297343,-0.6532217,0.75685066,0.021874547
1356783711442,-0.6079315,-0.51039803,-0.60820484,-0.44568667,-0.4145838,0.79340005,-0.65710175,0.75340164,0.024560928
1356783711482,-0.5742793,-0.48903668,-0.6565412,-0.4809568,-0.44743705,0.7539765,-0.6624831,0.7487611,0.021748304
1356783711545,-0.531187,-0.46249062,-0.70988935,-0.5201394,-0.4833845,0.7041268,-0.6688015,0.7432644,0.016207874
1356783711564,-0.48327124,-0.43091398,-0.7620774,-0.5590592,-0.51798016,0.6474174,-0.6737222,0.7389246,0.009418517
1356783711604,-0.4391042,-0.3983934,-0.8052766,-0.5933686,-0.54441816,0.5928935,-0.674612,0.73816776,0.0026621222
1356783711644,-0.40994722,-0.37258703,-0.8325396,-0.6185838,-0.55720776,0.55396175,-0.6702965,0.7420906,-0.0020504892
1356783711684,-0.4064548,-0.3623138,-0.8387629,-0.63005143,-0.55368656,0.54448724,-0.661687,0.74977326,-0.0032277703
1356783711724,-0.43467873,-0.37373868,-0.81937397,-0.6227739,-0.5324736,0.5732578,-0.6505437,0.7594677,-0.0012997091
1356783711764,-0.493473,-0.40734518,-0.7684753,-0.59092563,-0.4912882,0.6398772,-0.6381937,0.76987386,0.0017268062
1356783711804,-0.5725741,-0.45565963,-0.6815669,-0.53046286,-0.42796457,0.73174834,-0.6251146,0.7805259,0.0033308864
1356783711844,-0.6540187,-0.5045847,-0.563608,-0.44551793,-0.34520817,0.8260419,-0.61137015,0.7913442,9.7101927E-4
1356783711884,-0.7203636,-0.5411928,-0.43380484,-0.3523416,-0.253201,0.90096873,-0.5974376,0.80187255,-0.008288026
1356783711924,-0.76357067,-0.56263125,-0.31686884,-0.2729522,-0.16348916,0.948034,-0.58519816,0.810381,-0.028735936
1356783711964,-0.7844977,-0.5765884,-0.22827448,-0.22381108,-0.08004475,0.97134,-0.5783356,0.81310433,-0.06625193
1356783712004,-0.7865621,-0.59364146,-0.17002948,-0.21165366,5.0759315E-4,0.97734463,-0.58010596,0.8047296,-0.1260457
1356783712044,-0.77405345,-0.6186007,-0.13481246,-0.23261811,0.079836726,0.9692858,-0.58883786,0.7816388,-0.20569563
1356783712083,-0.7534326,-0.6475979,-0.11382516,-0.2736064,0.15136933,0.9498562,-0.5978953,0.74679595,-0.29123348
1356783712124,-0.7331681,-0.6723772,-0.10184997,-0.3162798,0.20455402,0.9263503,-0.602023,0.7113835,-0.36263186
1356783712164,-0.71988374,-0.6871433,-0.09798738,-0.34588003,0.23274231,0.9089543,-0.6017761,0.6882333,-0.40521663
1356783712202,-0.71489936,-0.69152254,-0.10351542,-0.3574956,0.23425025,0.9040595,-0.600929,0.6833179,-0.41468167
1356783712243,-0.71566194,-0.688184,-0.11929268,-0.3534123,0.20948368,0.9117106,-0.6024348,0.6946361,-0.3931322
1356783712282,-0.71857375,-0.6800302,-0.1456388,-0.3396428,0.16041058,0.9267746,-0.6068727,0.7154211,-0.3462342
1356783712322,-0.72112536,-0.6684417,-0.18210971,-0.3229704,0.09180242,0.9419461,-0.61291796,0.7380772,-0.28208798
1356783712362,-0.7217164,-0.6536143,-0.22784603,-0.30969077,0.010522544,0.9507791,-0.61904526,0.75675464,-0.21001261
1356783712402,-0.71888393,-0.6354047,-0.28189847,-0.3050897,-0.07598096,0.9492878,-0.62460077,0.768432,-0.13923395
1356783712442,-0.71116,-0.61349654,-0.3433271,-0.3128485,-0.16117221,0.9360285,-0.629585,0.77307534,-0.07731223
1356783712482,-0.6970867,-0.5873682,-0.4111797,-0.3346104,-0.24068993,0.91110057,-0.6341183,0.7727011,-0.028757751
1356783712546,-0.6749413,-0.55640733,-0.48462886,-0.370296,-0.3126837,0.87470555,-0.6382281,0.76983106,0.005007744
1356783712564,-0.6426176,-0.5203087,-0.5624248,-0.41787148,-0.37726766,0.82646996,-0.64220417,0.7661254,0.025016606
1356783712604,-0.59795463,-0.47939003,-0.64236706,-0.47331035,-0.4355908,0.76566184,-0.6468598,0.76187,0.033563197
1356783712643,-0.53959495,-0.43374145,-0.72159934,-0.53139985,-0.48933166,0.69149745,-0.65303254,0.7565863,0.03355074
1356783712683,-0.468504,-0.38339227,-0.7959361,-0.58603084,-0.5393196,0.6047331,-0.661114,0.749763,0.027993798
1356783712724,-0.38879555,-0.32853848,-0.86075586,-0.63200474,-0.5846864,0.50863737,-0.6703791,0.7417577,0.019685566
1356783712763,-0.30709434,-0.27075034,-0.9123526,-0.6672271,-0.6223382,0.4092715,-0.6786023,0.7344314,0.010464579
1356783712803,-0.23052436,-0.21353146,-0.9493486,-0.69345117,-0.64837515,0.3142216,-0.68263024,0.7307626,0.0013925731
1356783712844,-0.16503394,-0.16115019,-0.97303367,-0.7140987,-0.6609792,0.23058543,-0.6803138,0.73289645,-0.0059931576
1356783712884,-0.11483836,-0.117516905,-0.9864086,-0.73170316,-0.6615985,0.1640057,-0.6718799,0.7405924,-0.010010555
1356783712924,-0.0823589,-0.085788846,-0.9929034,-0.7473741,-0.65375423,0.11847854,-0.65927905,0.75182813,-0.010273844
1356783712964,-0.068662465,-0.06828067,-0.9953006,-0.7615278,-0.64090765,0.09650347,-0.64448506,0.76457524,-0.007991388
1356783713004,-0.07377148,-0.06631869,-0.99506766,-0.7743674,-0.6249339,0.09905958,-0.628421,0.7778557,-0.0052527487
1356783713044,-0.09656125,-0.080126345,-0.9920966,-0.78567183,-0.6058013,0.1253972,-0.61106104,0.7915709,-0.0044560432
1356783713082,-0.13430637,-0.109061986,-0.98491997,-0.794353,-0.5823586,0.17280576,-0.59242314,0.805583,-0.008419305
1356783713122,-0.18172443,-0.15266931,-0.97142595,-0.79839903,-0.5537862,0.23638937,-0.5740517,0.8185432,-0.0212546
1356783713162,-0.23025638,-0.2125135,-0.94964206,-0.79561895,-0.5207952,0.30945587,-0.56033254,0.8268074,-0.0491634
1356783713202,-0.26827455,-0.29184654,-0.91807103,-0.7859262,-0.48480576,0.38377523,-0.55708957,0.82449317,-0.09930879
1356783713242,-0.28561682,-0.38787192,-0.8763437,-0.7736314,-0.4463802,0.44970995,-0.56561244,0.8064118,-0.17257619
1356783713282,-0.27888262,-0.48627594,-0.82810634,-0.7655275,-0.40807533,0.49743557,-0.5798208,0.7726643,-0.25845242
1356783713322,-0.25526702,-0.5662531,-0.78370667,-0.7649247,-0.37749928,0.5219047,-0.5913788,0.73270166,-0.33677787
1356783713362,-0.22664762,-0.61376595,-0.75625545,-0.76947105,-0.3631873,0.5253659,-0.597114,0.70098954,-0.3899597
1356783713402,-0.20021498,-0.62541974,-0.75416446,-0.77504444,-0.36978143,0.5124136,-0.5993496,0.68710387,-0.41069227
1356783713442,-0.1755094,-0.60292345,-0.7782543,-0.7787234,-0.3986318,0.4844403,-0.60231733,0.69106865,-0.39954704
1356783713483,-0.1480807,-0.54792607,-0.8233159,-0.77935386,-0.44784904,0.43822235,-0.6088347,0.7065467,-0.3607105
1356783713548,-0.11432582,-0.46182108,-0.8795743,-0.7773689,-0.5096954,0.36865723,-0.61856866,0.72590077,-0.30073398
1356783713564,-0.073807955,-0.3501937,-0.9337649,-0.7739562,-0.57036895,0.2750839,-0.6289231,0.74299645,-0.22893685
1356783713604,-0.030332923,-0.2255893,-0.9737502,-0.76980805,-0.6161179,0.1667164,-0.63755435,0.7546577,-0.15497178
1356783713644,0.011654437,-0.10412252,-0.99449617,-0.76557416,-0.64071774,0.058110684,-0.64324206,0.7606834,-0.087180674
1356783713683,0.049555182,0.001363188,-0.9987704,-0.7619089,-0.6465278,-0.03868544,-0.6457856,0.76288915,-0.031000182
1356783713724,0.083604276,0.085017174,-0.9928657,-0.7588383,-0.6403649,-0.11873117,-0.6458906,0.76335096,0.010977104
1356783713764,0.11555189,0.14702633,-0.9823599,-0.7552724,-0.6293355,-0.18303075,-0.64514434,0.76309896,0.03832408
1356783713804,0.14679426,0.19113156,-0.97052574,-0.74951243,-0.6187886,-0.23522735,-0.6455096,0.7619511,0.052420825
1356783713843,0.17743278,0.22221339,-0.9587173,-0.7402473,-0.61180216,-0.27880454,-0.6484994,0.75915694,0.055939138
1356783713882,0.2064296,0.24482928,-0.9473359,-0.7272203,-0.6093656,-0.3159495,-0.6546276,0.7541433,0.052253753
1356783713922,0.23238462,0.26184198,-0.9367156,-0.7117498,-0.61059505,-0.34725493,-0.6628798,0.7474038,0.044473056
1356783713962,0.2545681,0.27352852,-0.9275652,-0.6970175,-0.61297774,-0.37205505,-0.6703445,0.7412425,0.034609556
1356783714002,0.2727313,0.27884442,-0.92079496,-0.6870895,-0.6134824,-0.3892907,-0.6734431,0.73884034,0.02427524
1356783714042,0.28605276,0.27785718,-0.9170437,-0.684798,-0.61013824,-0.39847577,-0.6702428,0.74197483,0.015744355
1356783714100,0.29306644,0.27171868,-0.9166684,-0.6903762,-0.6031409,-0.39950186,-0.6614324,0.7499266,0.010827776
1356783714122,0.2924409,0.2608531,-0.92001843,-0.7022413,-0.59445626,-0.3917637,-0.6491035,0.76064265,0.009338558
1356783714163,0.28330255,0.24403809,-0.9274616,-0.7186278,-0.58638275,-0.3738039,-0.63506985,0.77239937,0.009248823
1356783714200,0.26493979,0.21891633,-0.93908596,-0.73830247,-0.58039093,-0.34359235,-0.620255,0.7843608,0.007857829
1356783714243,0.2369538,0.1829904,-0.9541317,-0.7603252,-0.5764368,-0.29937622,-0.6047796,0.79638875,0.0025433302
1356783714282,0.19824243,0.13361844,-0.97100264,-0.7832513,-0.57397467,-0.23889458,-0.5892516,0.80789804,-0.009129345
1356783714322,0.15028965,0.0684264,-0.98627114,-0.80388415,-0.5722427,-0.16219875,-0.5754852,0.8172246,-0.030995205
1356783714362,0.09727734,-0.015928209,-0.9951298,-0.81786215,-0.57104075,-0.07080865,-0.5671319,0.8207671,-0.06857638
1356783714402,0.050426662,-0.12046224,-0.9914363,-0.8217493,-0.56919175,0.027362376,-0.56761354,0.8133323,-0.1276922
1356783714442,0.023407698,-0.2379041,-0.9710065,-0.8173555,-0.56382823,0.1184386,-0.57565796,0.79088515,-0.20765015
1356783714482,0.021538258,-0.3503139,-0.9363847,-0.8109776,-0.55386186,0.1885534,-0.5846807,0.75532585,-0.29602587
1356783714549,0.033211112,-0.43864712,-0.8980454,-0.8076284,-0.5410917,0.234427,-0.5887557,0.7175015,-0.3722341
1356783714564,0.03818363,-0.495095,-0.86799943,-0.80804706,-0.52632207,0.26466054,-0.5878793,0.69127864,-0.42015696
1356783714604,0.021326661,-0.5226939,-0.8522537,-0.8101469,-0.5085457,0.291622,-0.5858389,0.6842313,-0.43430445
1356783714644,-0.020787597,-0.52679044,-0.849741,-0.8098212,-0.48955363,0.32330608,-0.58630836,0.694859,-0.41642946
1356783714683,-0.081158936,-0.5106325,-0.85596013,-0.8027247,-0.47556818,0.3598168,-0.5908015,0.71630263,-0.37130076
1356783714724,-0.14635426,-0.47624755,-0.867046,-0.78789675,-0.4738679,0.39327842,-0.5981631,0.74070066,-0.30588132
1356783714764,-0.20210499,-0.42650682,-0.8816154,-0.76935834,-0.48787272,0.41239315,-0.6060045,0.76162475,-0.22953507
1356783714804,-0.23868841,-0.3654937,-0.89969003,-0.75318044,-0.5151354,0.40909004,-0.61298203,0.77527404,-0.15232584
1356783714842,-0.25193375,-0.2975424,-0.92086804,-0.743761,-0.54926634,0.38095415,-0.61915183,0.7808809,-0.082921684
1356783714882,-0.24224555,-0.22652757,-0.9433993,-0.74210835,-0.5830941,0.3305698,-0.6249738,0.7801836,-0.026856035
1356783714922,-0.21227723,-0.15574437,-0.9647187,-0.7463361,-0.6114313,0.26293382,-0.63080966,0.7758192,0.013555288
1356783714962,-0.16527516,-0.08786455,-0.9823258,-0.75281453,-0.6322219,0.18320954,-0.6371454,0.76978916,0.038344845
1356783715002,-0.10517311,-0.024783462,-0.99414504,-0.7573627,-0.64586574,0.0962244,-0.644469,0.76304865,0.049157664
1356783715042,-0.036928058,0.03249556,-0.99878937,-0.7566311,-0.6538076,0.0067032278,-0.65279835,0.7559626,0.04873106
1356783715082,0.033447027,0.083729446,-0.99592704,-0.7489165,-0.65776265,-0.0804508,-0.66181976,0.7485571,0.040706158
1356783715122,0.09986383,0.12919837,-0.9865774,-0.7348263,-0.6589492,-0.16067436,-0.6708633,0.74100864,0.02913317
1356783715162,0.15811193,0.16895533,-0.972859,-0.7178157,-0.65688556,-0.2307421,-0.6780422,0.73481655,0.017417364
1356783715202,0.2062723,0.20259196,-0.95729214,-0.7030834,-0.6497328,-0.28899983,-0.68053323,0.7326689,0.008417189
1356783715242,0.24344528,0.22953165,-0.94236386,-0.6948018,-0.6366477,-0.33455968,-0.6767458,0.7362031,0.004490111
1356783715282,0.26926434,0.24904339,-0.93030864,-0.69416,-0.6193974,-0.36672705,-0.6675617,0.74452955,0.006094333
1356783715322,0.28383088,0.25991094,-0.92297685,-0.7003509,-0.6012688,-0.3846874,-0.6549417,0.7555938,0.011370242
1356783715362,0.28741616,0.26052582,-0.92169315,-0.71243745,-0.5850265,-0.3875265,-0.64017564,0.76803005,0.017462313
1356783715402,0.2798975,0.24890572,-0.9272019,-0.7299344,-0.5721566,-0.3739422,-0.623581,0.781462,0.021539576
1356783715442,0.2602536,0.22253016,-0.93954694,-0.75229895,-0.5632304,-0.34178632,-0.60523915,0.7957713,0.020826422
1356783715482,0.22668928,0.17775261,-0.9576095,-0.77782047,-0.5587004,-0.28783548,-0.58618027,0.81009746,0.011608221
1356783715548,0.17856556,0.108914524,-0.9778814,-0.80232334,-0.5591821,-0.20878848,-0.5695538,0.8218595,-0.012466058
1356783715564,0.11985427,0.009665817,-0.99274445,-0.81974757,-0.5631197,-0.10445109,-0.5600436,0.82631874,-0.059568778
1356783715604,0.06349808,-0.11948547,-0.99080336,-0.82615256,-0.56324744,0.014978498,-0.55985713,0.8176036,-0.13447836
1356783715644,0.023848832,-0.26138023,-0.9649412,-0.82477987,-0.5505988,0.12875974,-0.56495076,0.79279333,-0.22871229
1356783715683,0.002668202,-0.3863721,-0.9223392,-0.822577,-0.52533764,0.21768671,-0.5686475,0.7581141,-0.31922248
1356783715724,-0.012865365,-0.4740631,-0.88039684,-0.82230216,-0.49592954,0.27905732,-0.5689056,0.72754246,-0.38344276
1356783715764,-0.03554207,-0.52202576,-0.8521889,-0.82163066,-0.47016925,0.3222794,-0.56891114,0.711639,-0.41220155
1356783715802,-0.06741142,-0.5360478,-0.8414918,-0.81672406,-0.45479363,0.35514033,-0.5730773,0.71120703,-0.40714484
1356783715842,-0.10049981,-0.52148294,-0.84732246,-0.8057684,-0.45691788,0.3767804,-0.5836413,0.72061193,-0.3742743
1356783715882,-0.12596893,-0.4819703,-0.867085,-0.79037344,-0.47946942,0.38133818,-0.5995344,0.7333577,-0.32053828
1356783715922,-0.13749027,-0.42044473,-0.8968404,-0.77466416,-0.5185928,0.3618797,-0.6172454,0.74450505,-0.25440198
1356783715963,-0.13422292,-0.341259,-0.9303367,-0.7623285,-0.56426096,0.31696174,-0.63311875,0.7517657,-0.18441468
1356783716002,-0.11744982,-0.25035366,-0.96100396,-0.75555694,-0.60547215,0.25007415,-0.6444681,0.75546443,-0.11804387
1356783716042,-0.08841795,-0.15502152,-0.98394644,-0.7546723,-0.6342948,0.1677489,-0.6501168,0.7573892,-0.060907364
1356783716082,-0.047835708,-0.06287262,-0.9968745,-0.7577858,-0.6479172,0.07722682,-0.6507476,0.7591116,-0.016650394
1356783716122,0.0037578344,0.020196468,-0.99978894,-0.76101303,-0.64854,-0.01596132,-0.64872557,0.7609124,0.0129327625
1356783716162,0.06324756,0.09081176,-0.9938576,-0.75971615,-0.64139867,-0.10695365,-0.6471716,0.76181424,0.028424248
1356783716202,0.12471956,0.14847568,-0.98101985,-0.750945,-0.6320983,-0.19113654,-0.6484802,0.7605305,0.0326621
1356783716242,0.18212336,0.1943965,-0.9638678,-0.7354908,-0.6236652,-0.26475453,-0.65259814,0.75713384,0.029392868
1356783716282,0.23220718,0.2293014,-0.9452517,-0.71774524,-0.6154769,-0.3256226,-0.6564462,0.7540618,0.021661788
1356783716322,0.27410442,0.25324658,-0.92775697,-0.7033472,-0.60513294,-0.3729839,-0.6558731,0.7547717,0.012250606
1356783716362,0.30666435,0.26686272,-0.91364175,-0.69624865,-0.59160644,-0.40649664,-0.6489952,0.76077986,0.0043782555
1356783716402,0.32808733,0.27168524,-0.9047352,-0.6973358,-0.5764275,-0.42597425,-0.6372452,0.770661,3.3730268E-4
1356783716442,0.3371814,0.26879328,-0.9022521,-0.70548356,-0.5624516,-0.43120885,-0.62337923,0.7819196,-1.892075E-5
1356783716482,0.33398825,0.2578182,-0.906632,-0.719419,-0.55174214,-0.42192048,-0.60900587,0.7931648,0.0012038983
1356783716549,0.31892818,0.2369681,-0.9176769,-0.7382582,-0.5450754,-0.39732587,-0.59435666,0.8042009,0.0011036694
1356783716564,0.29233205,0.20396516,-0.9343127,-0.76099074,-0.5420736,-0.35643965,-0.5791675,0.81520206,-0.0032498837
1356783716603,0.25446498,0.15655819,-0.95432544,-0.7857512,-0.54180515,-0.29839945,-0.5637753,0.8257946,-0.01485467
1356783716644,0.20733458,0.09259763,-0.9738779,-0.808833,-0.54374564,-0.22389731,-0.55027413,0.8341261,-0.037841275
1356783716684,0.1574676,0.010267198,-0.9874708,-0.82472295,-0.54863733,-0.13721934,-0.5431722,0.83599746,-0.07792503
1356783716724,0.120058835,-0.088977605,-0.98877144,-0.82867146,-0.55745673,-0.050454736,-0.54670787,0.8254242,-0.14066084
1356783716764,0.11159909,-0.195384,-0.9743566,-0.8215865,-0.5697279,0.020143956,-0.55905396,0.7982701,-0.22410595
1356783716804,0.1348607,-0.2905092,-0.94732094,-0.80906177,-0.5842303,0.063984275,-0.57204163,0.7578122,-0.3138296
1356783716844,0.172755,-0.3578892,-0.91764426,-0.79672384,-0.59855425,0.083450735,-0.579126,0.7166925,-0.3885421
1356783716882,0.20230043,-0.3931765,-0.8969318,-0.78845364,-0.6086267,0.088962376,-0.5808746,0.68919206,-0.4331269
1356783716940,0.20925337,-0.40153325,-0.8916188,-0.785898,-0.6116239,0.090997994,-0.5818741,0.6816798,-0.4435485
1356783716962,0.19002178,-0.38943046,-0.90124106,-0.7876591,-0.6084528,0.09684163,-0.5860758,0.6914688,-0.42235777
1356783717003,0.14858031,-0.36099935,-0.92065376,-0.79026425,-0.60300994,0.10891011,-0.59447986,0.71137786,-0.37488028
1356783717040,0.09506446,-0.31902957,-0.9429649,-0.79054105,-0.5998773,0.12325618,-0.6049856,0.7337352,-0.30923298
1356783717083,0.039309382,-0.26682138,-0.962944,-0.78758025,-0.601359,0.1344794,-0.61495703,0.75310934,-0.23378226
1356783717122,-0.0076913238,-0.20817533,-0.9780613,-0.7824198,-0.60782564,0.13552544,-0.6227038,0.766297,-0.15820548
1356783717162,-0.040791094,-0.1477257,-0.98818684,-0.7771522,-0.6169142,0.1243034,-0.6279893,0.773042,-0.08964074
1356783717203,-0.0571298,-0.08885354,-0.99440503,-0.77368027,-0.6255793,0.100346595,-0.6309953,0.77508426,-0.033005014
1356783717242,-0.0566445,-0.034136593,-0.99781066,-0.77270454,-0.63138103,0.06546596,-0.63223344,0.77472115,0.009386718
1356783717282,-0.04081607,0.014894605,-0.9990557,-0.77326053,-0.63370174,0.022143602,-0.63277346,0.7734341,0.037382558
