1356784351422,-0.7258018,0.6867199,0.04034424,-0.11464584,-0.062925875,-0.99141145,-0.6782833,-0.72419345,0.12440127
1356784351562,0.73138684,-0.68133545,0.029246211,0.0681642,0.11570762,0.9909417,-0.6785477,-0.7227681,0.13106972
1356784351604,0.73065364,-0.6822499,0.026083648,0.074056625,0.11717348,0.99034643,-0.67872006,-0.7216685,0.13613836
1356784351641,0.72998875,-0.6830541,0.023529172,0.07943174,0.11898242,0.989714,-0.67882776,-0.7206111,0.141112
1356784351682,0.7292972,-0.6839065,0.019936413,0.08567506,0.12019281,0.98904675,-0.67881167,-0.719601,0.14625004
1356784351724,0.72849023,-0.68492275,0.0135187805,0.0937407,0.11921294,0.98843354,-0.67861223,-0.7187969,0.15105063
1356784351762,0.72741264,-0.68619484,0.0027485788,0.104221344,0.11443882,0.9879483,-0.67823946,-0.7183596,0.15476036
1356784351802,0.72582394,-0.6877468,-0.013562202,0.11757469,0.10461019,0.98753875,-0.6777579,-0.71837384,0.1567902
1356784351842,0.7234482,-0.6894342,-0.036100537,0.13420373,0.08914624,0.9869359,-0.677209,-0.71884185,0.15701729
1356784351882,0.71995,-0.6909714,-0.06504208,0.15446419,0.06816228,0.9856443,-0.6766186,-0.7196613,0.1558038
1356784351922,0.7151049,-0.6919541,-0.09911907,0.17775005,0.042866826,0.9831416,-0.6760399,-0.7206678,0.15364915
1356784351962,0.7091386,-0.6920192,-0.13502565,0.2017767,0.015687719,0.979306,-0.67558026,-0.72170866,0.15075809
1356784352004,0.7028508,-0.6912105,-0.16801429,0.22323313,-0.009933844,0.9747144,-0.67540187,-0.7225852,0.14731908
1356784352042,0.69747055,-0.6900215,-0.19340411,0.23892455,-0.030531123,0.9705581,-0.6756108,-0.7231447,0.14356849
1356784352082,0.69398266,-0.68902856,-0.20887245,0.24740756,-0.04422377,0.9679017,-0.6761491,-0.72338367,0.13978034
1356784352122,0.6926372,-0.6884966,-0.21500273,0.24928918,-0.05120814,0.9670743,-0.6768372,-0.72342944,0.1361661
1356784352162,0.693079,-0.68837786,-0.21395668,0.24638596,-0.05271648,0.967737,-0.6774478,-0.72343415,0.13306996
1356784352202,0.69455606,-0.6884545,-0.2088598,0.24111529,-0.050768927,0.9691677,-0.6778314,-0.7235006,0.13073501
1356784352242,0.6964911,-0.68850785,-0.20213157,0.23520817,-0.04707262,0.9708045,-0.67792135,-0.7236996,0.12915698
1356784352282,0.6983271,-0.6883664,-0.1961909,0.23024935,-0.043493435,0.9721592,-0.6777348,-0.724058,0.12812328
1356784352321,0.6995714,-0.6879586,-0.19316536,0.22758058,-0.04173924,0.97286433,-0.67735296,-0.72454876,0.12736642
1356784352362,0.69954187,-0.687217,-0.1958928,0.22909135,-0.04398787,0.9724105,-0.6768739,-0.7251192,0.1266641
1356784352402,0.69788986,-0.6860874,-0.20550866,0.23551615,-0.051140368,0.970524,-0.6763741,-0.7257195,0.12589431
1356784352463,0.69537777,-0.6846957,-0.21826944,0.24410985,-0.06061639,0.9678513,-0.6759143,-0.72630394,0.12498969
1356784352484,0.69176316,-0.68298507,-0.23451027,0.25511453,-0.07266691,0.9641764,-0.6755593,-0.72680867,0.123971134
1356784352524,0.68780077,-0.6812422,-0.25067747,0.2660903,-0.08468166,0.9602213,-0.67537105,-0.72714376,0.12302783
1356784352564,0.6849307,-0.68010473,-0.26139528,0.27333245,-0.09271622,0.9574409,-0.67539567,-0.72722846,0.12239051
1356784352594,0.6845781,-0.68006396,-0.26242304,0.27379256,-0.09375745,0.95720804,-0.6755668,-0.72713315,0.12201214
1356784352634,0.6861683,-0.6811874,-0.2552582,0.26847985,-0.08898106,0.9591667,-0.67608553,-0.7266814,0.12182915
1356784352664,0.69103503,-0.6835129,-0.23511836,0.25381997,-0.07510248,0.9643314,-0.67679095,-0.72606456,0.12159079
1356784352704,0.6962125,-0.68629134,-0.21045741,0.23556337,-0.05851978,0.9700955,-0.67808414,-0.7249687,0.12092292
1356784352734,0.7023276,-0.6892068,-0.17812893,0.21156715,-0.0368302,0.9766693,-0.6796876,-0.72362804,0.11994663
1356784352782,0.70695215,-0.6918024,-0.14706486,0.18816921,-0.01646547,0.98199856,-0.6817705,-0.72189903,0.118535616
1356784352802,0.7098309,-0.6949029,-0.11510888,0.1634548,0.0035475194,0.9865445,-0.6851443,-0.7190949,0.11610332
1356784352844,0.7113062,-0.69827664,-0.08033225,0.13632765,0.024938092,0.9903498,-0.6895348,-0.7153935,0.11293304
1356784352880,0.71104056,-0.70160073,-0.046666384,0.11004394,0.045483634,0.9928855,-0.6944866,-0.71111715,0.10954762
1356784352923,0.709523,-0.70449066,-0.016430944,0.086998105,0.064433515,0.99412256,-0.69929135,-0.7067823,0.10700643
1356784352962,0.7078279,-0.70632994,0.008813113,0.06930587,0.08185814,0.9942314,-0.7029768,-0.703134,0.10689427
1356784353002,0.7071944,-0.70646703,0.027934313,0.058849216,0.0981908,0.99342597,-0.70456564,-0.7009014,0.11101505
1356784353042,0.70875263,-0.7042726,0.0408628,0.05636868,0.114275604,0.9918486,-0.7032015,-0.7006719,0.12069206
1356784353082,0.7130311,-0.6994544,0.048478216,0.061433047,0.13120294,0.9894502,-0.6984358,-0.7025306,0.1365214
1356784353122,0.71958023,-0.6923821,0.05302182,0.07204214,0.15037882,0.98600006,-0.69066215,-0.70568633,0.15809031
1356784353162,0.72714746,-0.6841119,0.05698639,0.085743845,0.1728719,0.98120505,-0.6811054,-0.7085945,0.18436176
1356784353202,0.73411155,-0.6762041,0.061873138,0.1008912,0.19873026,0.9748473,-0.6714918,-0.70940423,0.21411319
1356784353242,0.7388461,-0.67054844,0.066866934,0.117999345,0.22643234,0.96685296,-0.6634626,-0.7064653,0.24642292
1356784353282,0.73974824,-0.6694388,0.068002164,0.14062077,0.2526321,0.9572893,-0.6580261,-0.6985906,0.28102115
1356784353322,0.73466045,-0.67600596,0.057358444,0.17566818,0.2712075,0.9463547,-0.65529746,-0.68517333,0.31799817
1356784353362,0.71914583,-0.6944972,0.022423148,0.23310986,0.27153182,0.9337721,-0.6545907,-0.66629124,0.35716516
1356784353402,0.6827016,-0.7287545,-0.053248584,0.32415688,0.23674923,0.9158997,-0.6548594,-0.6425471,0.39785987
1356784353465,0.6016974,-0.775827,-0.18987569,0.45711964,0.13954502,0.87838995,-0.6549823,-0.6153208,0.4386096
1356784353484,0.43780255,-0.8084071,-0.39345503,0.61691314,-0.048234522,0.7855518,-0.65402377,-0.5866442,0.4775998
1356784353524,0.17965573,-0.77104807,-0.6109082,0.7372061,-0.30565763,0.60257834,-0.65134555,-0.55862194,0.51350814
1356784353564,-0.09928203,-0.65024096,-0.753213,0.75646514,-0.5410868,0.3674039,-0.64645463,-0.5333028,0.5456048
1356784353742,-0.29134983,-0.5791395,-0.7613888,0.7486266,-0.633536,0.19542378,-0.5955448,-0.5130592,0.6181397
1356784353782,-0.74515986,-0.015780732,-0.6666991,0.35153568,-0.8588414,-0.37257758,-0.5667092,-0.5119984,0.64552164
1356784353822,-0.78374934,0.07822648,-0.6161311,0.2783859,-0.8425516,-0.4610944,-0.55519205,-0.5329047,0.6385721
1356784353862,-0.79260236,0.14721403,-0.59170055,0.24796996,-0.8087185,-0.53337157,-0.557039,-0.56947553,0.60448754
1356784353902,-0.7895776,0.21878447,-0.57332414,0.23144351,-0.7591132,-0.6084251,-0.5683319,-0.61309093,0.54874253
1356784353942,-0.77884567,0.2909933,-0.5556279,0.22535834,-0.69687843,-0.6808627,-0.5853316,-0.6555024,0.477183
1356784353982,-0.76269096,0.3593493,-0.5377457,0.22860022,-0.6279948,-0.7438847,-0.605016,-0.69028294,0.3968187
1356784354022,-0.7428359,0.42118034,-0.5203864,0.23898044,-0.55927217,-0.7937902,-0.6253665,-0.714018,0.31479362
1356784354062,-0.72083426,0.47484508,-0.5048962,0.2540001,-0.49680012,-0.82986367,-0.6448892,-0.7264378,0.23749977
1356784354103,-0.6980037,0.51929593,-0.4930745,0.27169248,-0.44502854,-0.85330695,-0.66255105,-0.72957605,0.16954285
1356784354142,-0.67497015,0.55347687,-0.487933,0.29145145,-0.40752256,-0.8654371,-0.67784315,-0.726353,0.113753915
1356784354182,-0.65046585,0.57596284,-0.4951374,0.31487888,-0.38874924,-0.86586684,-0.6911914,-0.7191251,0.0715096
1356784354222,-0.61795294,0.5814241,-0.5292259,0.35023066,-0.39908135,-0.8473916,-0.70389813,-0.7089993,0.04298091
1356784354262,-0.5367061,0.5270191,-0.65893656,0.4446776,-0.48702168,-0.7517125,-0.7170833,-0.69646305,0.027033925
1356784354302,0.5008249,-0.55692023,-0.66258156,0.46373588,-0.47371417,0.74869496,-0.7308376,-0.6822279,0.021015942
1356784354342,0.664604,-0.7366312,0.12520346,-0.06813198,0.107122324,0.99190867,-0.74408305,-0.6677568,0.021005794
1356784354382,0.6423713,-0.73099613,0.23022532,-0.13427243,0.188409,0.9728683,-0.75453955,-0.65585566,0.022875905
1356784354422,0.631903,-0.728736,0.26389867,-0.15385151,0.21577632,0.96424603,-0.7596238,-0.64991117,0.024232566
1356784354464,0.63148975,-0.72372556,0.2782839,-0.1636295,0.22643054,0.96018463,-0.75792223,-0.65188223,0.024565697
1356784354489,0.6351884,-0.7162106,0.28909856,-0.1724576,0.23333734,0.9569807,-0.75285727,-0.6577203,0.024697214
1356784354519,0.64231634,-0.70658773,0.29692334,-0.18004262,0.23746318,0.9545658,-0.7449929,-0.66659206,0.025310576
1356784354563,0.6548755,-0.6931603,0.30110934,-0.18490532,0.23936135,0.9531611,-0.73276746,-0.6798786,0.028582871
1356784354602,0.6696939,-0.67811096,0.30277988,-0.185621,0.2419231,0.95237494,-0.7190653,-0.69400203,0.036142766
1356784354642,0.68707865,-0.66387,0.29529572,-0.17537214,0.24287766,0.95407283,-0.705101,-0.7073097,0.050451785
1356784354682,0.70771766,-0.65413654,0.26691028,-0.14340946,0.23691857,0.9608868,-0.6917871,-0.718314,0.073862076
1356784354722,0.72964454,-0.65474916,0.19728778,-0.071493745,0.21388415,0.97423935,-0.6800791,-0.7249532,0.10924891
1356784354762,0.73762655,-0.673535,0.047514856,0.073856145,0.15043193,0.9858577,-0.6711574,-0.7236855,0.16070731
1356784354802,0.66576755,-0.7046998,-0.24525839,0.33749694,-0.008746654,0.94128597,-0.6654693,-0.7094517,0.23201078
1356784354842,0.3817311,-0.6719719,-0.63461417,0.6463324,-0.2967438,0.70299196,-0.6607086,-0.67852557,0.32104084
1356784354882,0.0021814704,-0.5497457,-0.8353292,0.757563,-0.5443622,0.3602333,-0.65275836,-0.6336003,0.41527957
1356784354922,-0.2482332,-0.45059842,-0.85752046,0.72648317,-0.6721624,0.14289817,-0.6407827,-0.5875021,0.49420524
1356784354962,-0.38721383,-0.38071817,-0.83971363,0.67361516,-0.7386829,0.024290323,-0.6295299,-0.5562383,0.5424859
1356784355002,-0.46550524,-0.31130168,-0.82849026,0.6270751,-0.77660346,-0.06053032,-0.62456524,-0.5477028,0.5567225
1356784355042,-0.5084034,-0.2301666,-0.82978874,0.5888727,-0.7960081,-0.13999997,-0.62829524,-0.55981636,0.54023206
1356784355082,-0.5273897,-0.13647562,-0.83859086,0.55901134,-0.7990197,-0.22152649,-0.6398176,-0.58561254,0.4976861
1356784355122,-0.528475,-0.035821825,-0.8481927,0.53891194,-0.7861446,-0.30257317,-0.6559634,-0.61700356,0.43476266
1356784355162,-0.5160528,0.06334171,-0.8542116,0.5296304,-0.7601746,-0.3763329,-0.67318743,-0.6466241,0.35874236
1356784355202,-0.49375457,0.15234926,-0.8561519,0.53036034,-0.7274728,-0.4353174,-0.68914753,-0.669009,0.2783931
1356784355242,-0.46416688,0.22469199,-0.8567746,0.5388044,-0.6961151,-0.47446153,-0.70302135,-0.6818632,0.20204845
1356784355282,-0.42779624,0.2750222,-0.8610187,0.55323154,-0.6736411,-0.49004355,-0.7147904,-0.68598145,0.13603017
1356784355323,-0.38165772,0.2967975,-0.87535626,0.57357067,-0.66659665,-0.4760941,-0.72481316,-0.68378365,0.084177405
1356784355362,-0.31681943,0.2790693,-0.90650195,0.6009264,-0.680385,-0.41948032,-0.73383445,-0.67764044,0.047859073
1356784355402,-0.21289194,0.19864856,-0.9566691,0.6351342,-0.7158972,-0.2899925,-0.7424834,-0.6693504,0.026240245
1356784355461,-0.033436596,0.012821406,-0.9993586,0.6596632,-0.75089234,-0.031704694,-0.75081724,-0.66030014,0.016649485
1356784355484,0.23075515,-0.28988674,-0.928826,0.6095184,-0.70101905,0.3702154,-0.75844526,-0.6515657,0.014927596
1356784355523,0.45728904,-0.5604758,-0.69047344,0.45439896,-0.520152,0.7231621,-0.76446605,-0.6444445,0.016819865
1356784355564,0.5645546,-0.6888594,-0.45469856,0.30484784,-0.33791724,0.89043784,-0.76703703,-0.6413146,0.019224614
1356784355604,0.6077447,-0.7308812,-0.3105787,0.21540377,-0.22471264,0.9503187,-0.764361,-0.6444509,0.020866632
1356784355644,0.6312003,-0.738176,-0.23808074,0.17201152,-0.16608644,0.970993,-0.75630563,-0.6538437,0.022140957
1356784355684,0.6484991,-0.731567,-0.21037742,0.15829214,-0.14072824,0.97731215,-0.7445754,-0.66708714,0.024539173
1356784355724,0.6608702,-0.71899736,-0.215159,0.16806263,-0.13762748,0.9761218,-0.7314407,-0.68125,0.029882677
1356784355762,0.66509867,-0.7026047,-0.25296324,0.20361388,-0.15528733,0.9666578,-0.71846026,-0.6944297,0.03977865
1356784355802,0.65286195,-0.6798199,-0.3340901,0.27363253,-0.19961023,0.9408937,-0.706326,-0.70569164,0.05570292
1356784355861,0.6038829,-0.6413152,-0.4733287,0.3892561,-0.28092393,0.87724644,-0.69556093,-0.7140003,0.079990745
1356784355882,0.47663152,-0.56624895,-0.67244667,0.5483032,-0.406425,0.73087776,-0.6871579,-0.717064,0.11676112
1356784355923,0.23071134,-0.4314549,-0.8721347,0.69390786,-0.5553741,0.45831367,-0.6821027,-0.71091926,0.17125887
1356784355960,-0.08010113,-0.26385456,-0.96123075,0.72915125,-0.6730281,0.12398237,-0.67964864,-0.6909515,0.24630019
1356784356003,-0.33667707,-0.13373497,-0.93207484,0.6550219,-0.74437815,-0.12979805,-0.6764576,-0.6542295,0.33821434
1356784356042,-0.50404376,-0.05611591,-0.8618533,0.5464563,-0.7934748,-0.26792413,-0.668824,-0.6060106,0.43061084
1356784356082,-0.6022095,-0.01105082,-0.7982616,0.4524297,-0.8285594,-0.32984334,-0.6577621,-0.55979204,0.50396615
1356784356122,-0.6549908,0.023975104,-0.7552565,0.387554,-0.84736717,-0.36300254,-0.64868253,-0.53046596,0.54572606
1356784356162,-0.67766756,0.060417175,-0.7328823,0.3508289,-0.8493271,-0.39441434,-0.6462862,-0.5243981,0.5543652
1356784356202,-0.6794009,0.10244156,-0.72658104,0.33708605,-0.83596134,-0.43306074,-0.65175706,-0.5391422,0.5334213
1356784356242,-0.6655184,0.15024063,-0.731104,0.34206772,-0.80920863,-0.47767258,-0.66338146,-0.56798697,0.48715076
1356784356282,-0.6396621,0.20060918,-0.7420165,0.36254987,-0.77247477,-0.52138317,-0.6777832,-0.602527,0.4213919
1356784356322,-0.60438347,0.24949406,-0.7566197,0.39502615,-0.73089075,-0.5565546,-0.6918634,-0.63525695,0.3431816
1356784356362,-0.561136,0.29148188,-0.7747029,0.43592486,-0.6915575,-0.5759493,-0.70363045,-0.6608982,0.26099363
1356784356402,-0.50978327,0.31999063,-0.7985781,0.48243153,-0.6622369,-0.57332546,-0.7123067,-0.67753094,0.18322372
1356784356464,-0.44695902,0.32633978,-0.8329045,0.53357023,-0.65006787,-0.5410309,-0.7180044,-0.68623173,0.116428584
1356784356484,-0.36293113,0.29742545,-0.8830737,0.5896302,-0.66052765,-0.46480036,-0.72153807,-0.6893774,0.064355075
1356784356523,-0.23754472,0.2112414,-0.9481294,0.6473583,-0.69329447,-0.31665412,-0.7242234,-0.68899906,0.027939677
1356784356564,-0.040116847,0.033543855,-0.99863183,0.68534315,-0.72636634,-0.05193001,-0.72711444,-0.68648875,0.0061504543
1356784356603,0.22605455,-0.23723711,-0.94478464,0.64423823,-0.69107634,0.32767463,-0.73065484,-0.68273866,-0.0033837855
1356784356644,0.4560501,-0.48973227,-0.7430885,0.5016683,-0.54820454,0.6691791,-0.7350831,-0.67796314,-0.0043255687
1356784356684,0.57706106,-0.6345063,-0.5142007,0.3449723,-0.38131073,0.8576692,-0.7402667,-0.67231244,-0.0011525135
1356784356722,0.62622535,-0.7003151,-0.3426376,0.2302902,-0.2537177,0.93946457,-0.7448545,-0.6672226,0.0023913123
1356784356762,0.6468606,-0.7275516,-0.2285606,0.15520659,-0.16783854,0.9735199,-0.74664736,-0.66520584,0.004352689
1356784356802,0.6592368,-0.735999,-0.15398833,0.10619208,-0.11160931,0.988062,-0.7443992,-0.6677191,0.0045802966
1356784356842,0.6698382,-0.7349925,-0.10536957,0.07419357,-0.07494545,0.99442375,-0.738791,-0.67392075,0.0043303967
1356784356882,0.6796342,-0.7295549,-0.0764654,0.05619225,-0.05215533,0.99705684,-0.7313957,-0.68193066,0.00554879
1356784356922,0.6880446,-0.72250646,-0.06766823,0.054171264,-0.041850463,0.99765426,-0.72364354,-0.6900963,0.010344118
1356784356962,0.69367033,-0.7151939,-0.08555204,0.0747754,-0.046630383,0.9961096,-0.7164008,-0.69736886,0.021132775
1356784357002,0.69176066,-0.7075676,-0.14427495,0.13066444,-0.07384755,0.9886725,-0.710207,-0.7027763,0.04136911
1356784357042,0.66577137,-0.69566345,-0.26981655,0.24315087,-0.13959566,0.959891,-0.70542634,-0.70467407,0.07621238
1356784357082,0.56342494,-0.6586417,-0.4987419,0.4362071,-0.27551696,0.85662925,-0.7016236,-0.70020103,0.13207108
1356784357122,0.27826655,-0.5315827,-0.79999226,0.6614766,-0.4978419,0.56089413,-0.6964312,-0.6852542,0.21309671
1356784357162,-0.14171237,-0.30342174,-0.94225943,0.7139077,-0.69072294,0.1150541,-0.6857501,-0.6563817,0.3144992
1356784357202,-0.44304627,-0.12147044,-0.88823134,0.59862524,-0.777617,-0.19224858,-0.6673513,-0.61689276,0.41723567
1356784357242,-0.60119534,-0.01571758,-0.7989476,0.47121435,-0.81445384,-0.3385587,-0.64538455,-0.5800154,0.4970522
1356784357282,-0.68049926,0.05803837,-0.7304466,0.37754726,-0.8265767,-0.41740736,-0.62799585,-0.5598235,0.5405727
1356784357322,-0.7177024,0.12482202,-0.6850713,0.3159452,-0.81834215,-0.48009858,-0.6205496,-0.5610129,0.5478893
1356784357362,-0.73009264,0.19250564,-0.6556724,0.27926952,-0.7916603,-0.543399,-0.6236772,-0.5798409,0.5242244
1356784357402,-0.72658527,0.261616,-0.6353195,0.26245475,-0.7488701,-0.6085319,-0.6349734,-0.608893,0.47545567
1356784357465,-0.71273446,0.32989472,-0.61901456,0.2614298,-0.69397855,-0.67085636,-0.6508948,-0.63997126,0.4083781
1356784357483,-0.69285905,0.3936668,-0.6041297,0.27216077,-0.6330795,-0.7246646,-0.66773856,-0.6665109,0.3314942
1356784357523,-0.6705525,0.4499094,-0.5898651,0.2903055,-0.5725722,-0.7667358,-0.68270195,-0.6853777,0.2533286
1356784357563,-0.64880633,0.49575523,-0.5773015,0.3123704,-0.5182738,-0.79612625,-0.693884,-0.69686365,0.18140012
1356784357602,-0.6294389,0.5296986,-0.56852967,0.33567068,-0.4745115,-0.8137346,-0.700808,-0.70303494,0.12087166
1356784357642,-0.61251944,0.5518568,-0.5659277,0.35818976,-0.44444788,-0.8210763,-0.7046419,-0.7056346,0.07456344
1356784357682,-0.5964016,0.56373954,-0.5714043,0.3786682,-0.43007517,-0.81953996,-0.70775384,-0.70514756,0.04302728
1356784357722,-0.5781633,0.5665016,-0.5871995,0.39793295,-0.43250334,-0.8090676,-0.7123038,-0.70143914,0.024627864
1356784357762,-0.55302304,0.5576217,-0.6190507,0.4215197,-0.45364678,-0.7851916,-0.7186702,-0.69517106,0.01582855
1356784357803,-0.50753945,0.5216575,-0.68576765,0.4657919,-0.5034606,-0.7277125,-0.72487366,-0.6887678,0.012542129
1356784357842,-0.3727237,0.38070133,-0.8462527,0.5760133,-0.6200743,-0.5326505,-0.7275202,-0.68598425,0.01182735
1356784357882,0.22811943,-0.25641578,-0.9392617,0.6508356,-0.677332,0.34297884,-0.7241372,-0.68954504,0.012371901
1356784357922,0.65945065,-0.68073624,-0.3189404,0.23253803,-0.21873826,0.9476706,-0.7148782,-0.69910777,0.014049977
1356784357962,0.7083088,-0.7005995,-0.08636561,0.07370943,-0.04827389,0.9961107,-0.7020439,-0.7119199,0.017447978
1356784358002,0.7242198,-0.688615,-0.0362626,0.042591214,-0.007817373,0.999062,-0.68825257,-0.72508496,0.023667462
1356784358042,0.7307593,-0.6744555,-0.1053589,0.10078004,-0.04605806,0.99384207,-0.6751549,-0.7368774,0.034314327
1356784358082,0.6614616,-0.617352,-0.42584625,0.34964514,-0.24848464,0.90332913,-0.6634884,-0.74641263,0.05149108
1356784358122,-7.941723E-4,-0.102669686,-0.99471515,0.7567562,-0.65030414,0.066517025,-0.6536967,-0.752704,0.07821241
1356784358162,-0.5072353,0.30799702,-0.80489147,0.5698471,-0.5807793,-0.5813515,-0.6465188,-0.7535471,0.11908057
1356784358202,-0.64066267,0.3939266,-0.65906996,0.4200994,-0.5386543,-0.73032045,-0.6427036,-0.744764,0.17960742
1356784358242,-0.7008978,0.41088217,-0.58302504,0.31258315,-0.55778533,-0.7688741,-0.6411194,-0.7211459,0.2625156
1356784358282,-0.73882985,0.40783465,-0.5364711,0.2181642,-0.60845315,-0.7630132,-0.6376008,-0.6807757,0.36056843
1356784358322,-0.76524454,0.39912507,-0.50507426,0.13758656,-0.66505784,-0.7340082,-0.62886465,-0.6311872,0.45401764
1356784358362,-0.7824224,0.39281124,-0.48323327,0.079843536,-0.7062888,-0.70340675,-0.61760837,-0.58894426,0.52125275
1356784358402,-0.79072785,0.3944229,-0.4681668,0.04819046,-0.7222894,-0.68991005,-0.6102682,-0.5680922,0.5521268
1356784358466,-0.79051447,0.40684184,-0.45778438,0.038815975,-0.71268713,-0.7004073,-0.611212,-0.5714515,0.5475975
1356784358483,-0.78256613,0.4301914,-0.45002827,0.046208784,-0.6807288,-0.7310766,-0.6208501,-0.5929111,0.51283675
1356784358524,-0.7681141,0.4622553,-0.44308102,0.06706147,-0.6300942,-0.77361757,-0.6367916,-0.62394017,0.4529847
1356784358563,-0.74934614,0.49843788,-0.43593574,0.099114165,-0.5664928,-0.81808454,-0.65471876,-0.6562359,0.37509692
1356784358602,-0.72881854,0.53359514,-0.42906848,0.13953091,-0.49775374,-0.8560212,-0.6703392,-0.6837525,0.28831914
1356784358642,-0.70847094,0.5635998,-0.42476362,0.18480648,-0.43271136,-0.8823874,-0.6811134,-0.7036449,0.20240653
1356784358682,-0.68875295,0.5857244,-0.42725432,0.23217507,-0.38008583,-0.89533764,-0.6868144,-0.71586424,0.12579471
1356784358722,-0.66762644,0.5979528,-0.4435395,0.2814693,-0.34881508,-0.89392555,-0.68923855,-0.7216512,0.06457287
1356784358762,-0.63846403,0.59663916,-0.4861949,0.33838582,-0.34977055,-0.8735878,-0.6912733,-0.7222758,0.021421611
1356784358820,-0.5810585,0.56538606,-0.58541405,0.4232308,-0.4044792,-0.81072325,-0.69515944,-0.7188429,-0.004262626
1356784358842,-0.40044576,0.41208863,-0.8184291,0.58965945,-0.56777835,-0.574395,-0.7013879,-0.7126085,-0.015627593
1356784358882,0.24404615,-0.22213104,-0.9439806,0.6617166,-0.67344785,0.32954392,-0.7089236,-0.70507145,-0.017364565
1356784358920,0.6214081,-0.626781,-0.47010386,0.31935942,-0.34527418,0.88249385,-0.71544504,-0.6985209,-0.014387786
1356784358963,0.6776583,-0.6954593,-0.23898861,0.15939188,-0.17835367,0.9709707,-0.71789515,-0.6960792,-0.010012269
1356784359002,0.694363,-0.707706,-0.13043123,0.08726463,-0.09710467,0.99144113,-0.7143143,-0.69980204,-0.0056681633
1356784359043,0.707928,-0.70354736,-0.06212172,0.043364495,-0.04449272,0.9980681,-0.7049521,-0.70925426,-9.886622E-4
1356784359082,0.7215894,-0.69224775,-0.010095,0.010891408,-0.0032289773,0.9999355,-0.69223565,-0.72165275,0.0052095503
1356784359122,0.7341331,-0.6783542,0.02973333,-0.012039483,0.0307782,0.9994537,-0.6788988,-0.73409015,0.014428273
1356784359162,0.744952,-0.66493404,0.053937167,-0.021233499,0.05717677,0.99813825,-0.66678,-0.7447104,0.028475061
1356784359202,0.7540911,-0.6544193,0.055515677,-0.009060353,0.07415458,0.9972057,-0.6567074,-0.7524869,0.04999003
1356784359242,0.75955874,-0.65012884,0.020073235,0.03885457,0.07615734,0.9963384,-0.64927715,-0.7559976,0.08310646
1356784359282,0.74668956,-0.6578359,-0.098522514,0.16209604,0.0363034,0.986107,-0.6451198,-0.75228596,0.13373995
1356784359322,0.55793345,-0.63659114,-0.53241146,0.5241446,-0.22708842,0.8207942,-0.64341486,-0.73700917,0.20696557
1356784359362,-0.49258214,0.077417284,-0.8668156,0.58972406,-0.7027878,-0.39788792,-0.63999087,-0.70717454,0.3005259
1356784359402,-0.7382841,0.35499883,-0.573509,0.24131817,-0.6549781,-0.7160792,-0.629843,-0.66706795,0.39789218
1356784359467,-0.7834057,0.41436362,-0.46322602,0.09509295,-0.65663373,-0.7481908,-0.6141929,-0.6301865,0.47500747
1356784359483,-0.7991272,0.4379508,-0.4118189,0.024601102,-0.6606405,-0.7502993,-0.60065836,-0.60971576,0.5171617
1356784359522,-0.8031646,0.45657447,-0.38270915,-0.0055401623,-0.64808744,-0.7615457,-0.5957314,-0.60952634,0.5230504
1356784359562,-0.79917026,0.47972906,-0.3621974,-0.012338579,-0.61551774,-0.7880265,-0.6009781,-0.6252983,0.4978226
1356784359602,-0.7890888,0.5094476,-0.34322286,-0.005051583,-0.56410366,-0.8256884,-0.6142582,-0.64980775,0.44770157
1356784359642,-0.775123,0.54346025,-0.3222348,0.010877043,-0.49846447,-0.8668419,-0.63171667,-0.6754141,0.38046002
1356784359682,-0.7594086,0.57840973,-0.2978937,0.031160116,-0.42500573,-0.90465415,-0.6498673,-0.69628453,0.30472976
1356784359722,-0.7439175,0.61102045,-0.27062994,0.052053034,-0.3507586,-0.93501806,-0.666241,-0.7096635,0.22913015
1356784359762,-0.73027635,0.6387678,-0.2422233,0.070854485,-0.2818339,-0.9568434,-0.67946744,-0.7159227,0.16055703
1356784359802,-0.7193539,0.6597312,-0.21745063,0.08749449,-0.22449297,-0.9705399,-0.6891116,-0.7171874,0.10376698
1356784359842,-0.7043479,0.66332126,-0.2527823,0.14048478,-0.2188037,-0.9656029,-0.69581467,-0.71563244,0.06092739
1356784359881,0.7091143,-0.6907342,0.14157367,-0.07867271,0.12202337,0.98940426,-0.7006907,-0.7127387,0.032186612
1356784359922,0.70497197,-0.69745994,0.12870175,-0.08021167,0.10189546,0.9915561,-0.70468473,-0.70934266,0.015889004
1356784359962,0.7018558,-0.70308745,0.114308536,-0.074415475,0.08722356,0.99340546,-0.70842135,-0.7057338,0.008897752
1356784360002,0.69909775,-0.70769167,0.10215086,-0.066503465,0.07788876,0.99474156,-0.7119267,-0.7022151,0.0073878914
1356784360042,0.6978356,-0.7103474,0.0918259,-0.05852446,0.071224935,0.99574184,-0.71386296,-0.7002382,0.00813061
1356784360082,0.7003505,-0.7089945,0.08267921,-0.051508278,0.06533017,0.9965334,-0.7119382,-0.70218146,0.00923492
1356784360122,0.7079066,-0.7023699,0.07446313,-0.045601517,0.05975601,0.99717087,-0.70483243,-0.7092995,0.010272533
1356784360162,0.71946114,-0.6913552,0.06636006,-0.039460927,0.054701783,0.9977227,-0.69341075,-0.7204413,0.012074307
1356784360202,0.732576,-0.6783959,0.055779517,-0.029915392,0.049779303,0.9983122,-0.68002754,-0.7330082,0.016172633
1356784360242,0.7449311,-0.66607404,0.03772375,-0.011795193,0.043387048,0.99898875,-0.6670371,-0.7446227,0.024463892
1356784360283,0.75450486,-0.6562803,0.00432536,0.02251932,0.032475278,0.9992189,-0.655908,-0.7538181,0.039281726
1356784360322,0.75757796,-0.6502719,-0.056763113,0.084542304,0.011520222,0.9963532,-0.6472466,-0.75961417,0.06370296
1356784360362,0.74256945,-0.64836586,-0.1679652,0.19381627,-0.03203486,0.9805147,-0.64111304,-0.7606546,0.10187575
1356784360402,0.6692784,-0.6433873,-0.37164396,0.38259137,-0.13036194,0.9146747,-0.6369383,-0.7543598,0.15890592
1356784360468,0.41421676,-0.5817025,-0.70003337,0.6543921,-0.34423393,0.67325634,-0.63261,-0.73697037,0.238074
1356784360484,-0.086592436,-0.36301625,-0.92775047,0.77657485,-0.60792845,0.16539189,-0.62404585,-0.706146,0.33455136
1356784360524,-0.45997852,-0.14782658,-0.8755381,0.6467986,-0.7313373,-0.2163268,-0.6083349,-0.6658025,0.43201357
1356784360562,-0.62890494,-0.03928466,-0.7764891,0.5078796,-0.7769451,-0.37204126,-0.5886739,-0.62834156,0.5085765
1356784360602,-0.70402074,0.020103231,-0.70989484,0.41953325,-0.7947639,-0.43856832,-0.5730154,-0.6065856,0.5510963
1356784360642,-0.73680717,0.070674405,-0.672399,0.36732584,-0.79309535,-0.485872,-0.5676152,-0.60498345,0.5583977
1356784360682,-0.74626017,0.12683389,-0.65345913,0.3373462,-0.7742149,-0.5355266,-0.5738408,-0.6200841,0.5349789
1356784360722,-0.7402977,0.18895984,-0.6451772,0.32420987,-0.74036837,-0.58884865,-0.58893746,-0.6450961,0.48683032
1356784360762,-0.7231064,0.2508778,-0.6435662,0.32734972,-0.69597065,-0.6391142,-0.6082428,-0.67281884,0.42113605
1356784360802,-0.6972488,0.3061629,-0.6481577,0.34632206,-0.64779544,-0.67854404,-0.6276187,-0.69758534,0.34564367
1356784360842,-0.6636268,0.34915864,-0.6615798,0.38010758,-0.60432196,-0.7002237,-0.64429635,-0.7161586,0.2683264
1356784360882,-0.62086844,0.3748501,-0.6884837,0.4276595,-0.57409376,-0.6982291,-0.6569854,-0.72794497,0.19612843
1356784360922,-0.56365585,0.3767915,-0.73506486,0.48898044,-0.5650091,-0.6645772,-0.66572535,-0.73402506,0.13422704
1356784360962,-0.48049092,0.345241,-0.80618674,0.5636988,-0.58263487,-0.5854743,-0.6718423,-0.7357616,0.08533889
1356784361002,-0.35120523,0.26289427,-0.8986331,0.64657235,-0.62607974,-0.43585354,-0.67719936,-0.7341054,0.04990235
1356784361042,-0.15353787,0.10786927,-0.9822374,0.7138946,-0.67517066,-0.18573925,-0.6832134,-0.72973204,0.02665697
1356784361082,0.09854895,-0.11189166,-0.9888217,0.7167747,-0.6813023,0.14852974,-0.69030577,-0.7233999,0.013059534
1356784361122,0.32532758,-0.32411385,-0.88831985,0.6383874,-0.61774504,0.4591868,-0.69758403,-0.71647835,0.0059407353
1356784361162,0.47074485,-0.46763864,-0.7481399,0.5336514,-0.52434427,0.6635355,-0.70257765,-0.71160185,0.002723664
1356784361202,0.5507556,-0.5450609,-0.6321209,0.4511745,-0.44274452,0.774867,-0.70221776,-0.7119592,0.0020734963
1356784361242,0.59648085,-0.57961076,-0.55521345,0.40123266,-0.38378066,0.8316999,-0.6951424,-0.71886283,0.0036409497
1356784361282,0.6250465,-0.5895014,-0.51166886,0.37836,-0.34454003,0.8591483,-0.6827596,-0.7306027,0.007690221
1356784361322,0.6413614,-0.58586997,-0.49539065,0.3772604,-0.32141554,0.8685428,-0.6680794,-0.74394107,0.014882027
1356784361362,0.6437604,-0.5738222,-0.5062614,0.3980157,-0.31396544,0.8619798,-0.6535718,-0.7564084,0.02627176
1356784361402,0.62484634,-0.55278516,-0.5513579,0.44677156,-0.32598144,0.8331453,-0.6402829,-0.76691884,0.043280423
1356784361469,0.56605506,-0.51549107,-0.6433123,0.5336905,-0.36560982,0.76256406,-0.6282962,-0.7749829,0.068157375
1356784361484,0.42452002,-0.4425144,-0.7899137,0.66189104,-0.44362026,0.60423607,-0.61780494,-0.7793471,0.10457069
1356784361524,0.13952482,-0.30104953,-0.94334614,0.78033215,-0.5530551,0.29191053,-0.609602,-0.77685213,0.15775374
1356784361563,-0.24385142,-0.09972066,-0.96467215,0.7588261,-0.63903666,-0.12575847,-0.60392016,-0.7626847,0.23150063
1356784361603,-0.53609383,0.06760946,-0.84144664,0.59515977,-0.67662454,-0.4335482,-0.59865534,-0.7332177,0.32249582
1356784361642,-0.6917238,0.1685521,-0.70221674,0.41548783,-0.7024381,-0.5778846,-0.5906675,-0.69149905,0.41586185
1356784361682,-0.7670135,0.23393758,-0.59746426,0.27355862,-0.72306424,-0.6343057,-0.580393,-0.64996254,0.4906044
1356784361722,-0.8014824,0.28804252,-0.52407795,0.17225568,-0.7280175,-0.66356516,-0.5726728,-0.6221111,0.53387606
1356784361780,-0.8137417,0.34151754,-0.4703086,0.10255191,-0.7121077,-0.69453984,-0.572108,-0.6134071,0.54444855
1356784361802,-0.8126694,0.39669406,-0.42685175,0.056677982,-0.67522734,-0.735429,-0.57996225,-0.62185365,0.5262527
1356784361842,-0.80374825,0.45073813,-0.38836062,0.030974612,-0.62015504,-0.7838676,-0.5941628,-0.6420615,0.484487
1356784361880,-0.791239,0.49911028,-0.35331252,0.023303688,-0.55274296,-0.83302593,-0.61106277,-0.66735613,0.42572066
1356784361923,-0.7776916,0.53972256,-0.3223278,0.03064543,-0.47957534,-0.87696534,-0.6278985,-0.6918865,0.35642177
1356784361962,-0.7645962,0.57147545,-0.29800728,0.049223363,-0.4092502,-0.9110934,-0.6426271,-0.71128756,0.28478128
1356784362002,-0.7523993,0.59447324,-0.2837198,0.07656336,-0.34887737,-0.9340357,-0.65424263,-0.72449034,0.21698016
1356784362042,-0.7406723,0.6081638,-0.28555453,0.11322792,-0.30594927,-0.9452907,-0.6622567,-0.7324834,0.15774703
1356784362082,-0.7268161,0.6123636,-0.3110453,0.16196041,-0.28729206,-0.94405097,-0.66746324,-0.73652846,0.10962987
1356784362122,-0.7044846,0.6053425,-0.37048876,0.22875889,-0.30048442,-0.92594737,-0.6718414,-0.73706824,0.07320917
1356784362162,-0.6604317,0.57822704,-0.47904438,0.32439548,-0.35565346,-0.8765148,-0.67719835,-0.73427796,0.04731059
1356784362202,-0.5652661,0.5038601,-0.6531457,0.46140355,-0.46321476,-0.756663,-0.683799,-0.72907966,0.029356658
1356784362242,-0.3646372,0.32799965,-0.8714676,0.6253782,-0.6071428,-0.4901832,-0.68988526,-0.7237359,0.016263068
1356784362282,-0.047447324,0.03764102,-0.99816424,0.72031736,-0.6910188,-0.060298473,-0.69202,-0.721856,0.0056735277
1356784362322,0.24528778,-0.22770539,-0.9423291,0.68401945,-0.64816046,0.33467206,-0.6869871,-0.7266624,-0.0032309256
1356784362362,0.42901307,-0.380685,-0.8191622,0.60126346,-0.55642194,0.57347786,-0.6741143,-0.73856175,-0.009820313
1356784362402,0.5364863,-0.45357597,-0.7116539,0.5314247,-0.4735058,0.70241016,-0.65556866,-0.7550239,-0.012987882
1356784362471,0.6026692,-0.48537415,-0.63340497,0.48363763,-0.40919095,0.77372956,-0.6347319,-0.7726414,-0.0118615925
1356784362485,0.6439725,-0.49745312,-0.5812399,0.45604894,-0.36039758,0.8137155,-0.61426276,-0.78908426,-0.005223155
1356784362523,0.6666868,-0.50045925,-0.5523308,0.44711357,-0.3243689,0.8335913,-0.5963374,-0.8026989,0.007509649
1356784362562,0.6721616,-0.501212,-0.5449636,0.45789057,-0.29700738,0.8379277,-0.58183765,-0.81275654,0.029863298
1356784362602,0.6563076,-0.5048804,-0.5606747,0.49214956,-0.27678505,0.8253356,-0.5718822,-0.8176098,0.06682053
1356784362642,0.60991144,-0.5177948,-0.59991384,0.55303854,-0.26408818,0.7901935,-0.5675882,-0.8137235,0.12529007
1356784362682,0.51887107,-0.54462665,-0.6589041,0.6388572,-0.26510033,0.7222071,-0.568009,-0.79567796,0.21038586
1356784362722,0.37355483,-0.58097064,-0.7231389,0.73327386,-0.29251337,0.6137958,-0.5681251,-0.75954527,0.31674084
1356784362763,0.1922223,-0.60888,-0.7696205,0.80437416,-0.35149944,0.47898883,-0.56216794,-0.7111352,0.42220134
1356784362802,0.02530104,-0.6128169,-0.78981984,0.8340581,-0.42260522,0.35461527,-0.5510962,-0.66772777,0.5004325
1356784362842,-0.08795136,-0.5944407,-0.79931533,0.83580637,-0.48059118,0.26544303,-0.541934,-0.64472675,0.53910583
1356784362882,-0.14122796,-0.5632473,-0.8141297,0.82937646,-0.5163465,0.2133562,-0.54054534,-0.64508814,0.54006666
1356784362922,-0.14133179,-0.5273574,-0.83780634,0.8241089,-0.5315915,0.19558923,-0.54851615,-0.66280067,0.50973064
1356784362962,-0.09232736,-0.49532107,-0.86378974,0.8206831,-0.5291109,0.21568707,-0.5638749,-0.6889838,0.45535302
1356784363002,0.006316185,-0.47791046,-0.8783858,0.8125313,-0.50956416,0.28308535,-0.58288336,-0.715504,0.3850987
1356784363042,0.15182704,-0.48399425,-0.86179924,0.7839993,-0.47199327,0.4031963,-0.6019082,-0.7368661,0.30778992
1356784363082,0.3224718,-0.51131165,-0.79660046,0.7166263,-0.41794503,0.5583626,-0.6184325,-0.750921,0.23164386
1356784363122,0.47635216,-0.5450507,-0.68993354,0.6120843,-0.3577624,0.70523655,-0.6312221,-0.75823843,0.1631962
1356784363162,0.5838122,-0.5724065,-0.5757726,0.4990531,-0.30637467,0.810605,-0.6403977,-0.76058215,0.106796
1356784363202,0.6461961,-0.5916247,-0.48208997,0.40439904,-0.27027014,0.8737365,-0.64721864,-0.7595619,0.06460494
1356784363242,0.678158,-0.6059366,-0.41586366,0.33671135,-0.2468028,0.90868795,-0.65324366,-0.75626004,0.036654413
1356784363282,0.6923071,-0.61793363,-0.37265107,0.29293042,-0.23129365,0.92773646,-0.6594714,-0.7514394,0.020885348
1356784363322,0.6967181,-0.62866384,-0.34549344,0.26619136,-0.2206648,0.93832266,-0.6661277,-0.7457137,0.013603717
1356784363380,0.6967019,-0.6380693,-0.32783243,0.25003704,-0.21234438,0.94466466,-0.67237484,-0.7401199,0.01160023
1356784363403,0.69830394,-0.6442234,-0.31200612,0.23671924,-0.2035181,0.9500233,-0.67552614,-0.73726285,0.010382589
1356784363473,0.7054851,-0.6442004,-0.2954601,0.22445004,-0.19234844,0.9553137,-0.6722448,-0.7402756,0.008891854
1356784363485,0.71965516,-0.6388607,-0.27194366,0.20831427,-0.17495708,0.9622864,-0.6623455,-0.74916416,0.0071750544
1356784363523,0.7372426,-0.6312959,-0.24070466,0.18719165,-0.15146087,0.9705765,-0.6491784,-0.7606083,0.00650993
1356784363562,0.75510436,-0.62283444,-0.20468208,0.16362926,-0.12328054,0.97878873,-0.6348566,-0.77257955,0.008824263
1356784363602,0.7710066,-0.6149251,-0.16557743,0.13959093,-0.09049019,0.9860658,-0.6213398,-0.7833764,0.016069438
1356784363642,0.7838859,-0.60794264,-0.12620866,0.11853899,-0.05299698,0.991534,-0.6094845,-0.7922102,0.030521333
1356784363682,0.79349345,-0.602202,-0.08786845,0.103668675,-0.00852102,0.9945754,-0.59968406,-0.79829824,0.055668116
1356784363722,0.7998102,-0.5982822,-0.048600644,0.097052544,0.04899198,0.99407274,-0.592355,-0.79978627,0.09724909
1356784363762,0.8033343,-0.5955275,-0.0010025203,0.097495645,0.12985525,0.9867281,-0.58749354,-0.79277027,0.16237852
1356784363802,0.806742,-0.5867135,0.0702467,0.095242396,0.24643505,0.964468,-0.5831777,-0.7713864,0.2546895
1356784363842,0.8155946,-0.5469539,0.18880358,0.061248988,0.40607226,0.91178614,-0.57537293,-0.73208386,0.36469072
1356784363882,0.82501775,-0.42655563,0.3706696,-0.053933874,0.59349966,0.80302507,-0.5625272,-0.6825016,0.46664196
1356784363922,0.7931379,-0.1991513,0.5755615,-0.2623101,0.74118614,0.6179292,-0.5496596,-0.6410787,0.53562343
1356784363962,0.69080895,0.05049719,0.7212718,-0.4767797,0.7817601,0.4019109,-0.54356617,-0.62153137,0.56412286
1356784364003,0.5562883,0.22516397,0.7999028,-0.6254401,0.7472424,0.22461843,-0.54714537,-0.6252439,0.5565088
1356784364042,0.42420235,0.31530333,0.84890294,-0.71228075,0.69505155,0.09777212,-0.5592034,-0.6461324,0.51942706
1356784364082,0.30758598,0.34186992,0.88798404,-0.75721407,0.6530764,0.010857463,-0.57620966,-0.6757337,0.4597459
1356784364122,0.21650434,0.3207037,0.9221035,-0.77470917,0.6311969,-0.037630588,-0.59409714,-0.7062149,0.385109
1356784364162,0.16162542,0.26039422,0.9518782,-0.776175,0.62922585,-0.040338308,-0.6094502,-0.73230433,0.30381036
1356784364202,0.15252542,0.16467643,0.97448325,-0.76946604,0.6385649,0.0125261545,-0.620208,-0.75174236,0.2241103
1356784364242,0.19510771,0.03650126,0.98010236,-0.7547171,0.6437851,0.12626454,-0.62636656,-0.7643353,0.15315557
1356784364282,0.28334427,-0.11323133,0.9523102,-0.7231504,0.6269931,0.28971213,-0.6298965,-0.7707518,0.09577161
1356784364322,0.39168683,-0.25964302,0.8827043,-0.6675272,0.5800673,0.46682906,-0.6332368,-0.77207994,0.053885937
1356784364362,0.48738638,-0.37671322,0.78774464,-0.5962588,0.515486,0.61542636,-0.6379106,-0.76965016,0.026622236
1356784364402,0.5543008,-0.45730788,0.695428,-0.5268738,0.45402542,0.71851575,-0.6443249,-0.7646767,0.010723114
1356784364470,0.5946997,-0.50906885,0.6222389,-0.47105557,0.40656096,0.78282493,-0.65148985,-0.7586548,0.0019819438
1356784364484,0.6193466,-0.54092544,0.5690425,-0.43095726,0.37161005,0.82230276,-0.6562664,-0.75452346,-0.0029602945
1356784364523,0.63837874,-0.5575582,0.5306614,-0.4041581,0.3439348,0.8475643,-0.6550793,-0.75553805,-0.0057810247
1356784364564,0.65689534,-0.56170094,0.50297165,-0.3874802,0.32076126,0.864275,-0.6467979,-0.76262975,-0.006941408
1356784364602,0.6751562,-0.5565688,0.48414388,-0.37798718,0.30258554,0.8749672,-0.6334744,-0.7737397,-0.006083399
1356784364642,0.6919277,-0.54552656,0.47290254,-0.37291634,0.29081807,0.8811119,-0.6181985,-0.7860188,-0.0022106767
1356784364682,0.7063916,-0.53071886,0.46834648,-0.37027377,0.28685045,0.8835237,-0.6032481,-0.7975302,0.006117463
1356784364740,0.7183187,-0.51230365,0.4707051,-0.36925626,0.29267153,0.8820393,-0.5896339,-0.80739605,0.02106011
1356784364762,0.7272268,-0.48814005,0.48255616,-0.3706326,0.31246936,0.8746395,-0.5777306,-0.8149123,0.04631546
1356784364802,0.732146,-0.45303956,0.5086426,-0.37627992,0.35345352,0.8564368,-0.56778127,-0.8184288,0.088309884
1356784364839,0.7316064,-0.39765754,0.5537333,-0.38961574,0.42263287,0.81827927,-0.5594209,-0.8144015,0.15426728
1356784364883,0.7275842,-0.3117864,0.6110732,-0.4091738,0.5177335,0.7513513,-0.5506342,-0.7967065,0.24911991
1356784364922,0.72043365,-0.19360553,0.6659522,-0.4377315,0.6178685,0.6531689,-0.537928,-0.76207316,0.36038598
1356784364962,0.7087491,-0.062218234,0.7027117,-0.4754781,0.6937254,0.5409859,-0.5211481,-0.71754724,0.4620938
1356784365002,0.6780391,0.06504023,0.73214257,-0.5326752,0.7298391,0.42847627,-0.5064781,-0.68051785,0.5295048
1356784365042,0.6144707,0.17907514,0.76834744,-0.6093717,0.7262952,0.31805873,-0.5010906,-0.663647,0.55541044
1356784365082,0.5155527,0.27110434,0.8128394,-0.6906476,0.6929538,0.206932,-0.50715995,-0.6680699,0.5444918
1356784365122,0.39359355,0.3303057,0.85789406,-0.75666964,0.646367,0.09828904,-0.52204907,-0.6878283,0.5043382
1356784365162,0.27000323,0.35101205,0.8965984,-0.7962344,0.60498106,0.0029335022,-0.54139537,-0.7146946,0.44283473
1356784365202,0.16434133,0.33616287,0.9273546,-0.8111244,0.58103716,-0.066880435,-0.5613102,-0.7412087,0.36815834
1356784365243,0.088611424,0.29320768,0.9519335,-0.81062496,0.57658905,-0.102139175,-0.5788224,-0.76261026,0.28877378
1356784365282,0.048368752,0.22906461,0.97220874,-0.8044821,0.58583564,-0.09800613,-0.5920043,-0.7773841,0.21261454
1356784365322,0.04729809,0.14735502,0.98795205,-0.7982816,0.60009664,-0.05128801,-0.60042423,-0.7862382,0.14601427
1356784365362,0.09027901,0.048071295,0.9947556,-0.79083776,0.6105646,0.042267054,-0.6053307,-0.79050624,0.0931378
1356784365402,0.17862259,-0.06868392,0.98151743,-0.7727291,0.6077371,0.18315378,-0.60908425,-0.7911625,0.055481493
1356784365467,0.2996568,-0.19566002,0.93376815,-0.7302152,0.5828541,0.3564645,-0.6139965,-0.78866863,0.03178227
1356784365484,0.42313695,-0.31547064,0.84937245,-0.65961814,0.5354235,0.52747095,-0.6211756,-0.78345394,0.018467307
1356784365524,0.5218418,-0.4122753,0.74679995,-0.575509,0.47605038,0.66495526,-0.62965906,-0.7767916,0.01115486
