1356783225624,0.9235841,-0.0045174807,-0.38336927,0.3804739,-0.11241755,0.9179334,-0.04724419,-0.99365073,-0.10210827
1356783225670,0.7743617,0.028159618,-0.63211614,0.63097817,-0.108929425,0.76811504,-0.04722625,-0.99365044,-0.10211888
1356783225710,0.77427185,0.028317094,-0.63221943,0.6310967,-0.108928174,0.76801807,-0.047118396,-0.9936463,-0.10221085
1356783225755,0.7740752,0.028777122,-0.63243926,0.63135886,-0.10899108,0.7677935,-0.046835393,-0.99362606,-0.10253597
1356783225791,0.77387524,0.029662251,-0.63264304,0.63164043,-0.109235585,0.7675271,-0.046340585,-0.9935732,-0.10327058
1356783225829,0.77398366,0.03086853,-0.6324527,0.63155144,-0.10978115,0.7675225,-0.045739114,-0.99347633,-0.104463875
1356783225868,0.77304673,0.03233573,-0.6335244,0.6327305,-0.110604204,0.7664325,-0.04528734,-0.99333835,-0.10596201
1356783225910,0.7761113,0.03288862,-0.62973773,0.62896967,-0.11204953,0.7693128,-0.04526013,-0.9931583,-0.10764885
1356783225951,0.77566755,0.03358978,-0.63024724,0.62947637,-0.11366629,0.76866084,-0.045818716,-0.992951,-0.10931123
1356783225992,0.7797585,0.03286615,-0.6252171,0.62431765,-0.11570257,0.7725544,-0.046948344,-0.9927399,-0.110738985
1356783226035,0.7827697,0.03183785,-0.62149656,0.6204221,-0.11768785,0.7753875,-0.048455954,-0.9925401,-0.111875385
1356783226073,0.78462064,0.03081268,-0.61921,0.6179486,-0.11957693,0.77707195,-0.05009958,-0.99234664,-0.112863176
1356783226108,0.7852402,0.030147046,-0.61845696,0.61703897,-0.12130681,0.77752656,-0.051582932,-0.99215716,-0.11385688
1356783226148,0.78461105,0.030154526,-0.6192545,0.6177628,-0.122577965,0.77675205,-0.052484334,-0.99200064,-0.11480439
1356783226194,0.78284967,0.031028777,-0.6214367,0.62001014,-0.12283027,0.77491945,-0.052286446,-0.99194247,-0.11539579
1356783226232,0.78009295,0.032756478,-0.62480557,0.62361836,-0.12138777,0.7722468,-0.05054766,-0.99206454,-0.1151213
1356783226276,0.7763777,0.03536436,-0.6292751,0.6285391,-0.117343634,0.7688752,-0.04665062,-0.9924615,-0.11333088
1356783226316,0.7715834,0.038769364,-0.6349457,0.63483,-0.11066526,0.76468563,-0.04062009,-0.99310124,-0.109999426
1356783226354,0.7653781,0.043546677,-0.642106,0.6428343,-0.099772714,0.75947976,-0.030991852,-0.99405694,-0.10435715
1356783226392,0.7576878,0.049093783,-0.650768,0.6523451,-0.08576255,0.75305414,-0.018841267,-0.99510527,-0.097007334
1356783226433,0.749218,0.054715753,-0.6600596,0.66230935,-0.06840821,0.746101,-0.0043299794,-0.996156,-0.08749142
1356783226475,0.74053633,0.05921799,-0.6694021,0.6719272,-0.049026072,0.73899275,0.010943502,-0.99704045,-0.07609576
1356783226515,0.73222935,0.061807245,-0.67824775,0.68058884,-0.029443853,0.73207366,0.025277197,-0.9976537,-0.06362496
1356783226581,0.72446257,0.06231329,-0.68649185,0.68830884,-0.011626191,0.72532475,0.037216067,-0.99798894,-0.05131352
1356783226589,0.71700186,0.061115175,-0.69438696,0.6955745,0.0025145411,0.7184494,0.045654207,-0.9981275,-0.040707216
1356783226625,0.7096881,0.058867633,-0.70205224,0.70273,0.011761464,0.71135944,0.0501332,-0.99819654,-0.033021078
1356783226668,0.7023921,0.05640179,-0.7095521,0.70993114,0.016490042,0.7040781,0.051411808,-0.99827194,-0.028458908
1356783226710,0.69597375,0.054019064,-0.71603245,0.7163125,0.017438501,0.6975616,0.050168157,-0.9983876,-0.026557788
1356783226749,0.6908574,0.05206141,-0.72111416,0.7213807,0.016896576,0.69233257,0.048228145,-0.9985009,-0.025882944
1356783226794,0.6870426,0.05122271,-0.72480947,0.72506833,0.016765222,0.6884728,0.047417045,-0.99854654,-0.025621548
1356783226833,0.683871,0.05258143,-0.7277057,0.72790736,0.018787995,0.68541795,0.04971239,-0.99843985,-0.025425851
1356783226875,0.6809776,0.056340247,-0.73013365,0.73017466,0.023741454,0.68284774,0.05580619,-0.99812925,-0.024970815
1356783226910,0.6785035,0.06152022,-0.73201656,0.73171014,0.03165932,0.68088025,0.06506303,-0.9976036,-0.023533985
1356783226949,0.6783067,0.06517729,-0.73188245,0.7311058,0.039603204,0.6811137,0.07337806,-0.9970875,-0.020788386
1356783226999,0.6818873,0.064169765,-0.72863704,0.7274324,0.044864222,0.6847111,0.07662749,-0.99693,-0.016086832
1356783227032,0.68944454,0.05738774,-0.7220615,0.72071147,0.04528345,0.6917546,0.07239565,-0.99732447,-0.010139555
1356783227072,0.7013734,0.043728024,-0.7114515,0.71037734,0.039239243,0.70272636,0.058645666,-0.99827266,-0.0035420507
1356783227112,0.71490896,0.026827872,-0.6987027,0.6981214,0.028543368,0.7154102,0.03913626,-0.9992325,0.0016767979
1356783227154,0.7288853,0.0093385875,-0.6845721,0.6844467,0.013565123,0.7289368,0.016093582,-0.99986446,0.0034956485
1356783227188,0.74227065,-0.0051095784,-0.6700807,0.6700671,-0.0042765737,0.7422882,-0.006658435,-0.99997777,2.4938583E-4
1356783227228,0.7545807,-0.013632804,-0.6560657,0.65569055,-0.024005964,0.75464803,-0.026037425,-0.9996188,-0.009175539
1356783227270,0.76561666,-0.014116019,-0.6431422,0.64205694,-0.045279697,0.7653186,-0.039924532,-0.9988746,-0.025603592
1356783227312,0.775318,-0.005521208,-0.6315469,0.6298145,-0.06776738,0.77378374,-0.047070503,-0.99768585,-0.04906393
1356783227349,0.7820815,0.013942033,-0.6230202,0.6214615,-0.091561556,0.7780758,-0.04619676,-0.9957018,-0.080273025
1356783227390,0.7840466,0.04616475,-0.61898285,0.61965644,-0.1160719,0.77624303,-0.036011457,-0.9921674,-0.119612075
1356783227429,0.7781283,0.09330267,-0.6211368,0.6279228,-0.13939685,0.76569027,-0.015143603,-0.9858312,-0.16705549
1356783227466,0.7610083,0.15577507,-0.6297622,0.6485261,-0.15762258,0.7446939,0.016739994,-0.97513545,-0.22097628
1356783227506,0.72967315,0.23115686,-0.6435399,0.6813307,-0.16593045,0.7129205,0.058013618,-0.95866245,-0.27856928
1356783227573,0.6838348,0.31233507,-0.6594064,0.7222375,-0.16137898,0.67255473,0.10364807,-0.9361644,-0.33593667
1356783227586,0.6276864,0.38886493,-0.67438406,0.7646678,-0.14560392,0.62776,0.14592087,-0.9097162,-0.3887461
1356783227624,0.57328784,0.4464737,-0.68702424,0.800421,-0.12595999,0.5860548,0.1751205,-0.8858868,-0.42957827
1356783227668,0.5319113,0.47905415,-0.69826746,0.8258509,-0.11118686,0.55281806,0.18719164,-0.870715,-0.45476884
1356783227714,0.5076461,0.48640013,-0.7111332,0.84170496,-0.10378349,0.5298696,0.1839248,-0.86755055,-0.46209064
1356783227749,0.49871832,0.47200218,-0.7269759,0.84972966,-0.10077893,0.517497,0.17099589,-0.8758182,-0.45133454
1356783227795,0.50496733,0.43652877,-0.74461436,0.84956026,-0.09895131,0.5181273,0.1524969,-0.8942323,-0.4208247
1356783227838,0.5222919,0.38108236,-0.762881,0.8425669,-0.09265897,0.5305614,0.13149983,-0.9198862,-0.3694824
1356783227882,0.53047997,0.3220849,-0.78412515,0.8401841,-0.076887846,0.536823,0.11261284,-0.9435833,-0.31139806
1356783227917,0.533221,0.26323262,-0.80398,0.84040284,-0.05591607,0.53907,0.096945435,-0.96311057,-0.2510371
1356783227963,0.52683866,0.20842642,-0.8240142,0.84572,-0.03177099,0.5326802,0.08484489,-0.97752184,-0.19300857
1356783227998,0.5084464,0.16032305,-0.84603703,0.85772383,-0.0074570626,0.5140566,0.0761061,-0.9870364,-0.14130437
1356783228038,0.47604948,0.120386064,-0.8711395,0.8766061,0.014199063,0.480999,0.07027489,-0.9926256,-0.09877169
1356783228078,0.4307884,0.08892059,-0.8980615,0.89993405,0.03197205,0.43485227,0.06738019,-0.9955255,-0.06624949
1356783228119,0.37276858,0.06565431,-0.9255988,0.925439,0.046654224,0.3760135,0.06787002,-0.9967512,-0.043367833
1356783228162,0.3053747,0.05018577,-0.9509089,0.94945025,0.060231954,0.30808517,0.07273662,-0.996922,-0.029255569
1356783228198,0.23246408,0.039771736,-0.97179145,0.96927196,0.07317388,0.23485607,0.080450356,-0.9965258,-0.02153936
1356783228237,0.162788,0.033043265,-0.9861076,0.9826536,0.084557086,0.16505122,0.08883619,-0.9958706,-0.01870516
1356783228277,0.10093567,0.027766526,-0.9945054,0.99053305,0.09067497,0.10306412,0.09303847,-0.99549335,-0.018351316
1356783228317,0.052488208,0.02411294,-0.9983304,0.9946693,0.087592006,0.05441138,0.08875781,-0.9958645,-0.019386888
1356783228358,0.019064665,0.023165673,-0.99954987,0.99702084,0.0742926,0.020738274,0.074739575,-0.99696743,-0.021680295
1356783228399,7.4860454E-4,0.026227295,-0.9996557,0.9985953,0.052942306,0.0021368265,0.052980095,-0.9982531,-0.026150763
1356783228437,-0.0031440556,0.033777356,-0.99942446,0.99961615,0.027615815,-0.0022113323,0.027525216,-0.99904776,-0.033851206
1356783228481,0.0063631535,0.045036227,-0.9989651,0.9999753,0.0027019382,0.0064914227,0.0029914975,-0.9989817,-0.045017898
1356783228523,0.024987996,0.060757875,-0.9978397,0.9995259,-0.0194785,0.023844153,-0.017987728,-0.9979625,-0.06121576
1356783228593,0.052436084,0.08034125,-0.9953872,0.9980767,-0.037222296,0.04957342,-0.033067793,-0.9960722,-0.08213854
1356783228602,0.07607004,0.10998547,-0.99101794,0.99632394,-0.04765281,0.07118869,-0.039395064,-0.9927902,-0.11320609
1356783228630,0.09175885,0.15328166,-0.9839132,0.9951519,-0.049241483,0.08513576,-0.035399556,-0.986955,-0.15705687
1356783228673,0.08516753,0.21835041,-0.97214687,0.99621606,-0.035624564,0.079274654,-0.01732263,-0.97521996,-0.22055823
1356783228717,0.05475995,0.29910925,-0.9526463,0.9984305,-0.005179435,0.05576542,0.011745751,-0.9542048,-0.29892337
1356783228757,0.0046332777,0.38234997,-0.924006,0.9989916,0.039495558,0.02135244,0.044658273,-0.9231732,-0.38178146
1356783228796,-0.04901427,0.44910562,-0.89213324,0.9962834,0.08532518,-0.011783123,0.07082954,-0.8893951,-0.45161867
1356783228836,-0.09117812,0.48941556,-0.86727095,0.9921738,0.11925256,-0.037013263,0.085309386,-0.86385834,-0.49645847
1356783228875,-0.11383945,0.5027365,-0.85691106,0.9894056,0.13558602,-0.051894933,0.09009567,-0.8537402,-0.51284534
1356783228920,-0.11671752,0.49347067,-0.86189544,0.9890727,0.13645577,-0.055813253,0.0900684,-0.85899156,-0.50400513
1356783228958,-0.09769404,0.46270397,-0.8811135,0.99128366,0.123873234,-0.044858932,0.08838999,-0.8778158,-0.4707725
1356783228999,-0.06493148,0.4167562,-0.9066963,0.994093,0.10620001,-0.02237621,0.08696574,-0.9027934,-0.42119014
1356783229037,-0.025047868,0.36187717,-0.9318892,0.99595964,0.08944759,0.0079648495,0.08623752,-0.9279246,-0.36265558
1356783229076,0.016533524,0.30282724,-0.952902,0.9961462,0.077112705,0.0417898,0.086135924,-0.94992065,-0.30038524
1356783229115,0.055714965,0.24266654,-0.9685086,0.99469477,0.0705238,0.07489163,0.08647668,-0.96754295,-0.23744994
1356783229155,0.085065395,0.18773338,-0.9785296,0.99259245,0.06953135,0.0996277,0.086741924,-0.9797559,-0.18042803
1356783229197,0.103907734,0.1405055,-0.9846122,0.9908034,0.07164475,0.1147849,0.08667013,-0.9874843,-0.13176888
1356783229244,0.11185306,0.102499306,-0.9884244,0.9899556,0.07505739,0.119809836,0.086469024,-0.99189734,-0.09307438
1356783229273,0.1111463,0.07392916,-0.9910505,0.98999405,0.079001695,0.11692119,0.08693853,-0.9941294,-0.06440872
1356783229310,0.104985684,0.05405307,-0.9930037,0.99048567,0.08365169,0.10927299,0.088973075,-0.995028,-0.04475659
1356783229352,0.09690076,0.0413346,-0.99443537,0.99096024,0.08913106,0.10026696,0.09277958,-0.9951619,-0.032324076
1356783229394,0.09021059,0.03361845,-0.9953551,0.9911885,0.09430197,0.093017966,0.09699097,-0.9949758,-0.024815083
1356783229433,0.08777416,0.028520525,-0.99573207,0.9912639,0.09628588,0.0901382,0.09844577,-0.99494505,-0.019820035
1356783229474,0.09065962,0.024515152,-0.9955802,0.9914986,0.0914706,0.09254041,0.09333503,-0.99550605,-0.0160141
1356783229514,0.099974275,0.021682173,-0.9947538,0.99161875,0.08005971,0.10140431,0.08183843,-0.99655426,-0.013496548
1356783229572,0.1143347,0.020837814,-0.99322367,0.99132097,0.06290734,0.11543539,0.06488645,-0.9978018,-0.013464451
1356783229596,0.13534042,0.022961825,-0.9905331,0.9896858,0.04424855,0.13625047,0.046958238,-0.99875665,-0.016736388
1356783229636,0.1622957,0.028602064,-0.9863275,0.9862557,0.026682198,0.16305763,0.030981153,-0.99923474,-0.023878515
1356783229675,0.19580197,0.038245738,-0.9798974,0.9804602,0.0116817355,0.19637036,0.018957257,-0.9992001,-0.035211176
1356783229716,0.2336303,0.05371046,-0.9708409,0.972247,-2.1660328E-4,0.23395666,0.012355626,-0.9985565,-0.052270412
1356783229758,0.27059823,0.07932171,-0.9594189,0.96260595,-0.00894779,0.27075735,0.012892216,-0.9968089,-0.07877681
1356783229795,0.2992517,0.12042442,-0.9465444,0.95392084,-0.014899284,0.29968816,0.021986872,-0.99261063,-0.11933392
1356783229833,0.3093641,0.18226701,-0.93331265,0.9500826,-0.017486244,0.31150785,0.040457428,-0.9830935,-0.17857832
1356783229874,0.29533333,0.26143548,-0.9189285,0.9531493,-0.01472874,0.3021411,0.065455705,-0.9651085,-0.25353694
1356783229915,0.25606886,0.3487338,-0.90156174,0.96230924,-0.003590554,0.27193403,0.0915955,-0.937215,-0.33650923
1356783229952,0.20885259,0.42042416,-0.8829633,0.9717255,0.0124672055,0.23578435,0.11013755,-0.9072421,-0.40593302
1356783229994,0.16213465,0.4657056,-0.8699602,0.979769,0.02884674,0.19804198,0.1173248,-0.88446945,-0.45160687
1356783230041,0.14399545,0.47966704,-0.8655547,0.9828838,0.032243416,0.18138301,0.114911884,-0.876858,-0.46681404
1356783230077,0.14189602,0.47414517,-0.8689372,0.9837613,0.02991654,0.17697087,0.10990548,-0.87993824,-0.46220064
1356783230114,0.1646359,0.4448997,-0.8803177,0.9809693,0.019279778,0.19320336,0.10292846,-0.89537287,-0.43325883
1356783230156,0.2023295,0.39707616,-0.89520574,0.9746926,0.0070848316,0.22343725,0.095064014,-0.9177583,-0.38559377
1356783230194,0.24567224,0.33708262,-0.90885663,0.96542096,-7.2066486E-4,0.26069477,0.08722067,-0.9414748,-0.32560366
1356783230235,0.28627497,0.272127,-0.9186912,0.9547672,-5.4985285E-4,0.29735377,0.080412865,-0.9622612,-0.25997534
1356783230275,0.31853724,0.2085962,-0.9246738,0.94491553,0.0076051503,0.3272259,0.07529038,-0.97797227,-0.19468325
1356783230315,0.3382867,0.15261465,-0.9285854,0.9383022,0.020555913,0.34520498,0.071771264,-0.98807204,-0.1362449
1356783230354,0.34621796,0.10667971,-0.93206894,0.935568,0.03445819,0.3514616,0.06961128,-0.99369615,-0.08787611
1356783230395,0.34285477,0.07199505,-0.9366255,0.9368621,0.046868056,0.34654394,0.06884721,-0.9963032,-0.051380455
1356783230436,0.3301013,0.048896194,-0.9426782,0.9413352,0.05716473,0.33259615,0.070150614,-0.99716663,-0.027157515
1356783230475,0.31011218,0.03570929,-0.95002913,0.94784784,0.065734506,0.31187093,0.073586375,-0.997198,-0.013461888
1356783230516,0.28587964,0.031597108,-0.9577445,0.9549422,0.07377252,0.28747702,0.07973865,-0.99677444,-0.009083331
1356783230573,0.2608506,0.032004774,-0.9648485,0.9614735,0.08119881,0.2626315,0.08674994,-0.9961839,-0.009590954
1356783230596,0.23865157,0.034111947,-0.97050595,0.96672845,0.08643144,0.2407606,0.09209511,-0.99567366,-0.012349993
1356783230634,0.2213136,0.035414517,-0.97455955,0.97086126,0.08619112,0.22360593,0.091917306,-0.99564904,-0.015307367
1356783230675,0.20967633,0.03512484,-0.97713983,0.97415715,0.07833588,0.2118522,0.0839864,-0.9963081,-0.017791957
1356783230714,0.20350951,0.033967137,-0.97848356,0.9766437,0.06331551,0.20532483,0.06892753,-0.99741536,-0.020288527
1356783230756,0.20246923,0.033451945,-0.97871715,0.9779848,0.044649243,0.20384386,0.050517976,-0.99844253,-0.023675412
1356783230794,0.2062982,0.034769624,-0.9778712,0.9779706,0.025203854,0.20721537,0.031850904,-0.9990775,-0.028804213
1356783230835,0.215345,0.03870997,-0.9757705,0.9764197,0.0070182383,0.21576661,0.015200496,-0.9992258,-0.036285847
1356783230875,0.22872132,0.046733856,-0.97236955,0.97348976,-0.008853555,0.2285594,0.0020725727,-0.9988682,-0.047519952
1356783230915,0.24497178,0.060528398,-0.9676389,0.96951115,-0.021547884,0.24409792,-0.00607574,-0.99793386,-0.063961595
1356783230956,0.2559744,0.08644906,-0.9628102,0.9666625,-0.029452741,0.25435403,-0.0063687563,-0.99582076,-0.091106206
1356783230995,0.25775197,0.12613568,-0.95794237,0.9662087,-0.03145358,0.25583458,0.0021391213,-0.9915142,-0.12998053
1356783231036,0.23907065,0.18419537,-0.9533716,0.9707526,-0.023078978,0.23897025,0.02201438,-0.9826187,-0.18432564
1356783231074,0.19684398,0.25507042,-0.946674,0.9791161,-0.001078546,0.2032992,0.050834566,-0.9669219,-0.24995583
1356783231116,0.13664335,0.32483867,-0.9358464,0.98728395,0.03281343,0.15554357,0.08123487,-0.9452001,-0.31622428
1356783231155,0.073077455,0.37768707,-0.92304504,0.9919517,0.068429604,0.106532484,0.103399515,-0.92340124,-0.36964667
1356783231196,0.02094473,0.40487915,-0.91413033,0.993545,0.09353109,0.06419036,0.11148894,-0.90957403,-0.40030664
1356783231235,-0.009611487,0.40583614,-0.9138953,0.9943484,0.10051453,0.034178168,0.105730474,-0.90840185,-0.4045086
1356783231274,-0.016429722,0.38365304,-0.92333114,0.995723,0.0902468,0.019780636,0.090916604,-0.9190571,-0.3834949
1356783231315,-0.0018180609,0.34302115,-0.939326,0.9973662,0.06873083,0.023168594,0.07250804,-0.9368098,-0.34224272
1356783231358,0.03619188,0.28415036,-0.9580964,0.9979211,0.040881872,0.04982096,0.053325415,-0.95790774,-0.2820801
1356783231395,0.076572955,0.22176585,-0.97208875,0.99636745,0.019416451,0.08291501,0.03726226,-0.9749066,-0.21947354
1356783231436,0.12216461,0.15689465,-0.98003054,0.9921862,0.0059093237,0.12462586,0.025344491,-0.98759764,-0.1549468
1356783231474,0.15845674,0.098891854,-0.9824011,0.9872031,0.0022011995,0.15945289,0.017931044,-0.99509573,-0.09727758
1356783231516,0.18319133,0.051107317,-0.98174787,0.9829631,0.0056996047,0.18371484,0.014984757,-0.9986769,-0.04919246
1356783231582,0.19313681,0.015453905,-0.98105013,0.98105156,0.012609482,0.19333568,0.015358299,-0.99980104,-0.012725711
1356783231597,0.18858194,-0.007939249,-0.9820254,0.9818913,0.019917905,0.1883952,0.018064171,-0.9997701,0.011551678
1356783231634,0.1723558,-0.021326095,-0.9848039,0.98478425,0.026277333,0.17178327,0.022214562,-0.99942714,0.025530666
1356783231676,0.14815834,-0.025903672,-0.98862445,0.98855627,0.0325692,0.14729479,0.028383285,-0.9991338,0.030432582
1356783231714,0.118831664,-0.023976415,-0.9926249,0.992223,0.040168554,0.11781329,0.037047595,-0.99890524,0.028563231
1356783231757,0.08867532,-0.018497616,-0.9958888,0.99492776,0.049316823,0.087673694,0.047492355,-0.9986119,0.022776932
1356783231796,0.06128925,-0.011469066,-0.99805415,0.99645,0.05852264,0.060518205,0.0577147,-0.99822015,0.015015125
1356783231835,0.040406466,-0.005003184,-0.99917084,0.9971248,0.06435925,0.04000151,0.06410581,-0.9979143,0.0075892806
1356783231876,0.027558088,4.067123E-4,-0.9996201,0.9975997,0.06353706,0.027528197,0.06352413,-0.9979794,0.0013452172
1356783231914,0.02451697,0.005043596,-0.9996867,0.9980606,0.05711153,0.024765253,0.05721858,-0.99835503,-0.0036336184
1356783231960,0.029040337,0.010043383,-0.9995278,0.99849856,0.04617268,0.029474378,0.04644692,-0.998883,-0.008687437
1356783231995,0.041666925,0.016885042,-0.99898887,0.9985442,0.033574343,0.042215824,0.03425321,-0.99929357,-0.015461504
1356783232036,0.06192404,0.026702046,-0.9977236,0.9978157,0.021381617,0.06250191,0.02300179,-0.9994147,-0.025319666
1356783232074,0.08914101,0.040688455,-0.9951875,0.99591655,0.010685146,0.08964318,0.014281064,-0.9991147,-0.039569765
1356783232115,0.12055969,0.061023325,-0.99082875,0.99266005,0.0022071004,0.12091854,0.0095658,-0.998134,-0.06030935
1356783232174,0.1493414,0.091554165,-0.9845379,0.9887279,-0.0030670166,0.14969173,0.010685265,-0.99579537,-0.09098014
1356783232192,0.16460392,0.13683361,-0.9768225,0.98616666,-0.0032342374,0.16572547,0.019517511,-0.9905888,-0.13547307
1356783232234,0.15304431,0.1999475,-0.9677801,0.98752046,0.0058802664,0.15738091,0.037158728,-0.9797889,-0.19655234
1356783232270,0.11472124,0.27265662,-0.9552473,0.99158615,0.026616037,0.12668237,0.05996564,-0.9617431,-0.26730907
1356783232314,0.056030005,0.3430787,-0.937634,0.9950329,0.058204502,0.08075687,0.08228049,-0.93750155,-0.33811343
1356783232352,0.00424093,0.39486352,-0.91873,0.9953016,0.087204516,0.042074323,0.09673107,-0.91459185,-0.39263844
1356783232392,-0.021670029,0.42305553,-0.90584457,0.9946885,0.100315526,0.023054838,0.10062373,-0.9005336,-0.42298234
1356783232432,-0.011620596,0.42862308,-0.90340877,0.9952967,0.09185462,0.03077799,0.09617445,-0.89880204,-0.42767453
1356783232472,0.034221277,0.414123,-0.9095774,0.9955581,0.065747544,0.0673905,0.08771044,-0.9078433,-0.41003352
1356783232513,0.112414,0.37985542,-0.91819006,0.99055624,0.030156553,0.1337496,0.078494966,-0.9245542,-0.37287813
1356783232590,0.22601266,0.31957865,-0.9202107,0.97159517,-0.0059265345,0.23657492,0.070150614,-0.94754124,-0.31184053
1356783232600,0.3182397,0.25467697,-0.91316104,0.94585896,-0.02044256,0.3239337,0.06383112,-0.9668101,-0.24739414
1356783232640,0.38668764,0.19375649,-0.90162694,0.9203135,-0.018394008,0.39074904,0.05912566,-0.9808772,-0.18542948
1356783232684,0.43230742,0.14006218,-0.8907821,0.90002286,-0.0063314885,0.4357966,0.055398613,-0.99012244,-0.12879631
1356783232734,0.45953998,0.09263924,-0.8833125,0.88664186,0.010219842,0.4623439,0.051858544,-0.9956473,-0.077441394
1356783232779,0.45646352,0.05594346,-0.88798165,0.8884045,0.026048169,0.45832193,0.048770398,-0.9980941,-0.037810385
1356783232816,0.436787,0.029520184,-0.8990805,0.8983457,0.037704945,0.43766803,0.046819836,-0.9988528,-0.010050297
1356783232855,0.40272048,0.012277573,-0.9152407,0.9141252,0.04574284,0.4028433,0.04681164,-0.9988778,0.0071983635
1356783232895,0.35559613,0.0036426187,-0.93463266,0.9333223,0.05169201,0.35529914,0.049607277,-0.9986565,0.014981717
1356783232939,0.29798764,3.2752752E-4,-0.9545697,0.95301193,0.05700463,0.29752097,0.054512292,-0.99837387,0.016674548
1356783232976,0.23744905,-6.2578917E-4,-0.9713998,0.96954304,0.06195569,0.23695526,0.060035467,-0.9980787,0.015318036
1356783233015,0.18022215,-0.002103597,-0.9836237,0.9815942,0.06462461,0.17971212,0.063188255,-0.99790746,0.013711631
1356783233063,0.1320672,-0.0048886538,-0.99122864,0.98938763,0.061767995,0.13151723,0.060583174,-0.9980785,0.012994349
1356783233105,0.094885826,-0.008505613,-0.9954518,0.99438524,0.04786837,0.09437513,0.04684791,-0.99881744,0.012999922
1356783233145,0.069606185,-0.009860754,-0.9975258,0.99714625,0.02998674,0.06928334,0.029229373,-0.9995017,0.011919856
1356783233186,0.05601883,-0.0071976483,-0.9984038,0.9983839,0.009992123,0.055945635,0.009573549,-0.9999242,0.007745713
1356783233225,0.05773604,-2.9149652E-4,-0.9983318,0.9982941,-0.008678019,0.057736337,-0.008680433,-0.9999623,-2.0998716E-4
1356783233266,0.069876134,0.012154132,-0.9974816,0.997265,-0.024990141,0.069556475,-0.024081826,-0.99961376,-0.01386711
1356783233305,0.09735435,0.029022574,-0.9948265,0.99463296,-0.03802389,0.09622607,-0.035034478,-0.99885523,-0.032568574
1356783233346,0.12708613,0.05398822,-0.9904214,0.99111056,-0.046533138,0.12463805,-0.039358407,-0.9974568,-0.059422046
1356783233384,0.16253766,0.08580068,-0.98296475,0.9860215,-0.051124603,0.15858057,-0.03664744,-0.99499977,-0.092911005
1356783233425,0.18010107,0.12995932,-0.97502524,0.9833547,-0.047996968,0.17524219,-0.02402389,-0.9903569,-0.13644043
1356783233464,0.17312646,0.18690851,-0.9670018,0.9848993,-0.03360772,0.1698348,-7.5516105E-4,-0.9818023,-0.18990445
1356783233509,0.13756275,0.25207156,-0.9578813,0.9899997,-0.004471481,0.14099872,0.031258643,-0.96769834,-0.25016588
1356783233583,0.08087227,0.3157966,-0.9453741,0.9944776,0.038084775,0.0977948,0.06688756,-0.9480623,-0.31097263
1356783233584,0.022479117,0.36703283,-0.9299364,0.9948955,0.08331609,0.056933045,0.09837499,-0.92646927,-0.36328644
1356783233622,-0.016669959,0.3994595,-0.9165993,0.99276924,0.11560401,0.032325655,0.118875295,-0.90943265,-0.39849824
1356783233663,-0.025364622,0.4133588,-0.9102149,0.9916564,0.12551911,0.029368252,0.126389,-0.9018755,-0.41309363
1356783233704,0.0031809956,0.40893444,-0.91255826,0.9924611,0.11051597,0.05298385,0.122519195,-0.9058471,-0.40549994
1356783233742,0.060817674,0.38829416,-0.91952646,0.9917653,0.08051355,0.0995945,0.11270633,-0.91801155,-0.38020003
1356783233787,0.15698287,0.34660748,-0.92478085,0.9826206,0.039108425,0.1814591,0.09906185,-0.9371947,-0.33444434
1356783233824,0.25428647,0.29364944,-0.9214709,0.9633031,0.0077617317,0.2683039,0.08593956,-0.9558817,-0.2808997
1356783233866,0.351097,0.23281884,-0.90693235,0.9333736,-0.009995237,0.3587672,0.07446277,-0.9724688,-0.22081622
1356783233904,0.43034306,0.17264748,-0.88600093,0.90028083,-0.010794431,0.4351756,0.06556809,-0.9849245,-0.16007653
1356783233945,0.48593205,0.11961338,-0.8657729,0.8719646,0.0011601895,0.48956755,0.05956328,-0.9928199,-0.10373485
1356783233984,0.51829827,0.076465994,-0.8517745,0.85334706,0.01928538,0.52098644,0.05626452,-0.99688566,-0.055256426
1356783234025,0.52956295,0.04369542,-0.84714454,0.8464855,0.03753528,0.5310869,0.05500388,-0.99833953,-0.017110258
1356783234069,0.52312994,0.02106303,-0.8519926,0.85041803,0.052664414,0.5234651,0.055895478,-0.99839014,0.009637922
1356783234119,0.49820408,0.008402884,-0.8670191,0.8650037,0.06400666,0.4976664,0.059676886,-0.9979142,0.024619818
1356783234156,0.46058482,0.0020204186,-0.8876134,0.8852176,0.072412565,0.45950645,0.06520274,-0.9973727,0.03156361
1356783234196,0.41793588,0.0012265146,-0.90847564,0.90557694,0.07926974,0.4167093,0.07252568,-0.9968524,0.03201899
1356783234236,0.37580806,0.0028075576,-0.9266933,0.92325354,0.084998965,0.37467065,0.07981995,-0.9963771,0.029351175
1356783234274,0.33964175,0.004558295,-0.9405439,0.9367366,0.088374674,0.33869523,0.084664136,-0.9960769,0.02574578
1356783234315,0.3134108,0.004488915,-0.949607,0.9458995,0.086928815,0.31259802,0.08395144,-0.9962044,0.022998393
1356783234356,0.2991048,0.00187549,-0.9542184,0.9512303,0.07851565,0.2983225,0.07548055,-0.9969111,0.021700412
1356783234395,0.29624167,-0.002276361,-0.9551103,0.95322543,0.063542694,0.29550558,0.060017616,-0.9979765,0.020993888
1356783234436,0.30317652,-0.005823642,-0.9529166,0.9521029,0.043616593,0.30265102,0.039800435,-0.9990313,0.018768251
1356783234475,0.32007602,-0.0064866543,-0.9473696,0.9471887,0.022898465,0.31985804,0.019618422,-0.99971664,0.0134733915
1356783234516,0.3435331,-0.0024739802,-0.93913734,0.93913996,0.002067864,0.34352872,0.0010921657,-0.9999949,0.0030337572
1356783234583,0.37909555,0.0056815445,-0.92534006,0.9252535,-0.017321348,0.3789537,-0.013875127,-0.9998338,-0.011823297
1356783234599,0.41786095,0.020222962,-0.90828586,0.90819436,-0.035690516,0.41702417,-0.023983747,-0.99915826,-0.033280075
1356783234645,0.45282564,0.04801631,-0.8903053,0.89121914,-0.053525418,0.4504037,-0.026027232,-0.9974114,-0.06703076
1356783234685,0.49043512,0.0847933,-0.8673428,0.8712406,-0.070921436,0.4857057,-0.020328611,-0.99387133,-0.10865772
1356783234724,0.5015669,0.13726285,-0.8541602,0.8651085,-0.084426746,0.49442852,-0.004247278,-0.98693013,-0.1610929
1356783234765,0.48227924,0.2050727,-0.851676,0.8757537,-0.08900364,0.47448274,0.021501184,-0.9746915,-0.22251776
1356783234806,0.43170196,0.28279138,-0.856541,0.90040994,-0.078455925,0.4279096,0.05380845,-0.9559674,-0.28849775
1356783234852,0.3625648,0.3560694,-0.86125565,0.92800206,-0.05287148,0.3688045,0.08578411,-0.9329626,-0.34960243
1356783234896,0.30938476,0.40203035,-0.86177295,0.9449736,-0.028647944,0.32588986,0.10632956,-0.91517806,-0.3887713
1356783234947,0.30551046,0.4094696,-0.8596499,0.9457357,-0.025559008,0.32393008,0.110667676,-0.91196567,-0.3950585
1356783234983,0.31955278,0.39550322,-0.8610826,0.94142884,-0.029233947,0.33594227,0.107693434,-0.91799927,-0.3816799
1356783235027,0.36607364,0.35825673,-0.85886097,0.92520976,-0.04105404,0.37722865,0.09988496,-0.93272007,-0.34649143
1356783235082,0.42211437,0.30845225,-0.85245335,0.90193725,-0.048232332,0.42916527,0.09126118,-0.95001626,-0.29856417
1356783235104,0.48409504,0.2490119,-0.83883554,0.87103987,-0.04585804,0.48906708,0.08331621,-0.96741414,-0.23909897
1356783235143,0.5354087,0.19066751,-0.82279,0.8410729,-0.031513736,0.54000306,0.07703188,-0.9811487,-0.17723802
1356783235180,0.5738301,0.13825008,-0.80722106,0.81575227,-0.009140432,0.57832927,0.07257572,-0.9903552,-0.11802283
1356783235223,0.59900194,0.09431538,-0.7951737,0.7977127,0.016090527,0.60282296,0.06965023,-0.9954123,-0.065598294
1356783235262,0.6114084,0.0603745,-0.78900874,0.7884292,0.038601503,0.61391324,0.06752166,-0.9974292,-0.023999736
1356783235303,0.6140846,0.03622082,-0.78840864,0.7864791,0.05540128,0.6151271,0.065959305,-0.997807,0.0055341274
1356783235343,0.60764873,0.020930052,-0.79393005,0.7915149,0.06626254,0.60754704,0.0653238,-0.9975827,0.023697928
1356783235384,0.5920304,0.014123201,-0.80579185,0.8031663,0.07217784,0.59136635,0.06651226,-0.99729174,0.03138821
1356783235423,0.5683869,0.012978613,-0.822659,0.8198151,0.0756084,0.5676148,0.06956673,-0.99705315,0.03233479
1356783235466,0.53856456,0.016818017,-0.8424163,0.83924663,0.07819316,0.5380992,0.07492092,-0.9967963,0.027997583
1356783235502,0.5072352,0.021291435,-0.8615446,0.8580636,0.0806071,0.5071778,0.0802452,-0.9965185,0.02261734
1356783235583,0.48119992,0.024651438,-0.8762642,0.8726535,0.08140524,0.48150724,0.08320236,-0.9963762,0.017660022
1356783235587,0.46626908,0.025014788,-0.8842892,0.88094044,0.07822974,0.46671623,0.08085251,-0.99662143,0.014439583
1356783235622,0.46546,0.022547394,-0.88478166,0.8820952,0.070060804,0.4658322,0.072491825,-0.99728787,0.012721539
1356783235662,0.47828367,0.018216163,-0.8780165,0.8762536,0.05671957,0.47850013,0.05851713,-0.9982239,0.011166096
1356783235704,0.5031553,0.014200866,-0.86407936,0.8631926,0.039910674,0.5032948,0.04163325,-0.99910235,0.007823169
1356783235743,0.5357851,0.012254655,-0.8442656,0.844001,0.021155506,0.5359243,0.024428457,-0.99970114,9.918511E-4
1356783235784,0.5716891,0.013514638,-0.820359,0.8204205,0.0015945584,0.5717583,0.00903514,-0.9999074,-0.010176048
1356783235824,0.60459006,0.020384073,-0.79627585,0.79653096,-0.019264966,0.6042906,-0.0030223727,-0.9996065,-0.027883917
1356783235864,0.6320752,0.034345508,-0.7741456,0.7748407,-0.041088432,0.63081974,-0.010142595,-0.998565,-0.052583292
1356783235904,0.64739025,0.061821252,-0.75964725,0.7620994,-0.06494495,0.6441946,-0.009510368,-0.99597204,-0.08915867
1356783235943,0.65028095,0.10369724,-0.75258327,0.7596937,-0.089318946,0.6441177,-4.2670965E-4,-0.9905902,-0.13686053
1356783235984,0.636601,0.16469112,-0.75340295,0.7709527,-0.111500114,0.6270564,0.019266158,-0.9800227,-0.19795015
1356783236022,0.608576,0.23635733,-0.75747633,0.7921982,-0.12641264,0.59702754,0.045357257,-0.963408,-0.26417357
1356783236064,0.56992996,0.31001824,-0.7609655,0.81841666,-0.13155046,0.5593645,0.07330781,-0.9415855,-0.3286986
1356783236104,0.5292197,0.371076,-0.76303935,0.84304976,-0.12834126,0.52229834,0.09588292,-0.9196907,-0.38075626
1356783236146,0.49591288,0.4091251,-0.76595503,0.86155343,-0.12148824,0.49291614,0.108609796,-0.9043547,-0.4127307
1356783236184,0.47434574,0.42163533,-0.7727999,0.8732217,-0.11395258,0.47381288,0.11171371,-0.89957684,-0.42223403
1356783236225,0.46388018,0.4112876,-0.7846385,0.8792507,-0.10544927,0.4645413,0.108320475,-0.9053855,-0.41054073
1356783236264,0.46184248,0.3813337,-0.8008034,0.88112044,-0.09380323,0.4634951,0.10162836,-0.91966593,-0.37932327
1356783236308,0.46502137,0.33368438,-0.820006,0.8803161,-0.076147854,0.46823615,0.09380138,-0.93960434,-0.32915813
1356783236345,0.4637633,0.2795748,-0.84069115,0.88171536,-0.05287905,0.468809,0.086612284,-0.9586667,-0.2710288
1356783236385,0.4584189,0.22250664,-0.8604318,0.88510215,-0.02683866,0.46462226,0.08028868,-0.9745617,-0.20924443
1356783236425,0.44776112,0.16524068,-0.87875223,0.8910377,-4.890561E-4,0.45392907,0.07457775,-0.98625314,-0.14745462
1356783236465,0.4298314,0.11309922,-0.8957977,0.9002509,0.022392437,0.43479532,0.06923413,-0.9933314,-0.09219271
1356783236505,0.40769416,0.06815687,-0.91057134,0.91087615,0.039486766,0.4107863,0.06395343,-0.9968929,-0.04598397
1356783236584,0.38220608,0.03236276,-0.9235102,0.9221947,0.050397992,0.38342768,0.058951825,-0.99820465,-0.010582328
1356783236585,0.3546259,0.006844282,-0.93498313,0.93337643,0.056461006,0.35442972,0.055215865,-0.99838126,0.0136342645
1356783236623,0.326986,-0.008450061,-0.94499147,0.9435023,0.059740484,0.3259366,0.05370006,-0.99817824,0.027506948
1356783236666,0.30068508,-0.014129937,-0.95361876,0.9521389,0.06206104,0.29929885,0.054953456,-0.99797225,0.032114565
1356783236705,0.2769539,-0.011976957,-0.9608085,0.95907235,0.06480405,0.27564555,0.058962822,-0.99782604,0.029434562
1356783236745,0.2571597,-0.004657924,-0.9663577,0.96417654,0.06855726,0.25624886,0.06505728,-0.9976363,0.02212122
1356783236785,0.24266842,0.0035014153,-0.970103,0.9675593,0.07158461,0.2422905,0.07029286,-0.9974284,0.013983488
1356783236826,0.23359063,0.009693176,-0.9722868,0.9698005,0.06983122,0.23368952,0.07016125,-0.99751174,0.0069114566
1356783236865,0.22955456,0.012714326,-0.9732127,0.9713057,0.060916394,0.22990054,0.06220761,-0.99806184,0.0016342103
1356783236906,0.22900733,0.013230592,-0.9733348,0.9723567,0.04371783,0.22937152,0.045586824,-0.9989563,-0.0028531551
1356783236944,0.23110023,0.013714373,-0.9728333,0.97263175,0.021496505,0.2313554,0.024085402,-0.9996748,-0.008371174
1356783236986,0.23531055,0.016455293,-0.9717809,0.9719181,-0.0019356608,0.23531097,0.0019910038,-0.9998626,-0.016448647
1356783237024,0.241644,0.02284652,-0.970096,0.97020304,-0.023950368,0.24110666,-0.017725706,-0.9994521,-0.027953237
1356783237065,0.25015393,0.03343433,-0.9676287,0.967637,-0.042895824,0.24867392,-0.033192903,-0.99852,-0.043082923
1356783237104,0.25984183,0.0496791,-0.9643725,0.9646953,-0.057780713,0.25695226,-0.042956978,-0.9970925,-0.06293908
1356783237145,0.26906174,0.0738399,-0.9602882,0.96205294,-0.06759155,0.26435882,-0.04538709,-0.99497694,-0.08922419
1356783237185,0.27442744,0.11001149,-0.9552942,0.9608549,-0.0706757,0.2678859,-0.038045585,-0.9914143,-0.12510046
1356783237225,0.27276182,0.1576932,-0.94907,0.9618524,-0.06622827,0.26543123,-0.020998597,-0.9852647,-0.1697421
1356783237265,0.2594898,0.21866694,-0.9406645,0.9657204,-0.051686972,0.25438657,0.0070058107,-0.9744297,-0.22458336
1356783237304,0.23427856,0.28392556,-0.9297848,0.97133994,-0.028861225,0.23593593,0.040153474,-0.9584118,-0.2825498
1356783237346,0.19984834,0.34565428,-0.9168335,0.9770824,-3.1746924E-4,0.21286145,0.07328543,-0.9383619,-0.33779615
1356783237384,0.16261226,0.39292407,-0.905079,0.9816555,0.028120339,0.18857846,0.09954813,-0.9191408,-0.38114333
1356783237426,0.13014348,0.41885725,-0.89867747,0.9848139,0.050437406,0.16612539,0.11490977,-0.9066502,-0.4059323
1356783237464,0.10738413,0.42193303,-0.9002451,0.987025,0.063476905,0.14748633,0.11937407,-0.90440214,-0.40964204
1356783237505,0.0963238,0.40383697,-0.9097458,0.9886099,0.06737025,0.1345796,0.11563802,-0.9123469,-0.39274788
1356783237583,0.09790188,0.36572933,-0.92555785,0.98946524,0.06389296,0.12990868,0.10664806,-0.92852557,-0.35562116
1356783237585,0.10871512,0.31335673,-0.94339204,0.9894484,0.057323277,0.13306305,0.09577453,-0.94790375,-0.30381846
1356783237622,0.1247206,0.2539246,-0.9591491,0.9885342,0.051128656,0.14207745,0.08511698,-0.9658717,-0.24463642
1356783237664,0.14300245,0.1924451,-0.9708322,0.9868347,0.047151864,0.15470636,0.07554901,-0.9801743,-0.18316865
1356783237704,0.16066134,0.13348392,-0.97794163,0.98469746,0.046102285,0.16806388,0.06751916,-0.9899781,-0.124034405
1356783237742,0.17488408,0.08226922,-0.981146,0.98268604,0.04734254,0.17912829,0.06118667,-0.99548507,-0.07256532
1356783237785,0.18555644,0.04038474,-0.9818034,0.9810163,0.049688727,0.18745148,0.05635476,-0.99794793,-0.030398011
1356783237823,0.19227865,0.009087801,-0.9812983,0.9799252,0.051904887,0.19249028,0.052683502,-0.9986107,0.0010748506
1356783237864,0.19554818,-0.0117812455,-0.98062336,0.97941124,0.05347556,0.19466406,0.050146013,-0.9984997,0.021995723
1356783237922,0.19611883,-0.023612231,-0.9802958,0.9793581,0.05461085,0.19461584,0.048939466,-0.99822843,0.033835083
1356783237942,0.19471589,-0.027978987,-0.9804606,0.97961783,0.055832118,0.19295526,0.049342573,-0.99804807,0.03828007
1356783237983,0.19183749,-0.02599752,-0.9810823,0.98005974,0.057817936,0.19010544,0.051781893,-0.9979886,0.036570728
1356783238019,0.18843013,-0.019434005,-0.9818944,0.98046625,0.061132014,0.18694615,0.056392103,-0.99794054,0.030573487
1356783238063,0.18535322,-0.00982222,-0.98262286,0.98064935,0.06597191,0.1843215,0.063015014,-0.99777305,0.021860272
1356783238102,0.1847567,-3.4451485E-4,-0.98278415,0.98035765,0.07029331,0.18427584,0.069019556,-0.99752617,0.013324946
1356783238153,0.18777227,0.0067980886,-0.9821891,0.9797944,0.06883025,0.18779084,0.068880975,-0.9976052,0.006263703
1356783238192,0.19799995,0.010717064,-0.9801434,0.9782897,0.060269713,0.1982845,0.061197996,-0.9981246,0.0014489591
1356783238233,0.21191916,0.011916757,-0.9772145,0.9762179,0.04418072,0.2122418,0.045703232,-0.9989525,-0.0022705793
1356783238272,0.2293782,0.012511015,-0.97325695,0.9730009,0.023343414,0.22961792,0.02559191,-0.99964917,-0.0068187714
1356783238314,0.25014812,0.014828831,-0.96809405,0.9681927,0.0017223358,0.2502,0.0053775907,-0.99988854,-0.013926327
1356783238354,0.2735002,0.02100423,-0.9616426,0.9617952,-0.018599868,0.27313733,-0.012149423,-0.9996064,-0.02528882
1356783238392,0.30053246,0.03106463,-0.95326555,0.95344085,-0.036104202,0.2994112,-0.025115788,-0.9988651,-0.040468782
1356783238435,0.32711887,0.048136503,-0.9437564,0.9444449,-0.050357997,0.3247891,-0.031891406,-0.9975706,-0.061935335
1356783238473,0.35468596,0.071059406,-0.93228126,0.9344277,-0.06137699,0.3508244,-0.032291263,-0.995582,-0.088169426
1356783238513,0.37528923,0.10483906,-0.9209597,0.92660344,-0.06788859,0.3698609,-0.023746759,-0.99216926,-0.1226221
1356783238581,0.3873933,0.14999384,-0.9096309,0.9218939,-0.06963807,0.38113287,-0.006177366,-0.98623145,-0.1652557
1356783238595,0.38682088,0.20700726,-0.89861983,0.92192626,-0.06511763,0.3818528,0.020530283,-0.9761699,-0.2160343
1356783238632,0.35107845,0.27094862,-0.8962872,0.9348695,-0.047696814,0.35177243,0.052562177,-0.96141136,-0.27004692
1356783238677,0.33979082,0.3333584,-0.87943983,0.9365392,-0.034192085,0.34889165,0.08623606,-0.94218004,-0.32382134
1356783238714,0.3168378,0.38811532,-0.8654365,0.9414383,-0.017710045,0.33671993,0.11535925,-0.92144066,-0.37099785
1356783238755,0.28942227,0.4303228,-0.85501873,0.9474269,-0.0014566779,0.3199691,0.13644454,-0.90267396,-0.40812093
1356783238794,0.26459572,0.4562694,-0.84959245,0.9529803,0.0112273395,0.3028242,0.14770809,-0.8897708,-0.43184507
1356783238836,0.24808949,0.46437448,-0.85018116,0.9571262,0.017972052,0.28911334,0.14953637,-0.8854566,-0.44000626
1356783238875,0.24409509,0.45347857,-0.85719,0.9590945,0.017792225,0.28252625,0.14337096,-0.89108956,-0.43058586
1356783238915,0.25072616,0.4269278,-0.868832,0.9589071,0.013583764,0.28339475,0.13279116,-0.9041837,-0.40597838
1356783238955,0.26988533,0.38321072,-0.8833524,0.9555115,0.006786436,0.29487577,0.118994385,-0.9236361,-0.3643307
1356783238994,0.29455927,0.32934058,-0.8970895,0.94992125,0.0015766323,0.3124854,0.10432848,-0.9442099,-0.31238323
1356783239035,0.3221551,0.26860565,-0.9077814,0.9424315,-1.7753243E-4,0.3343992,0.08966035,-0.96325016,-0.2531996
1356783239074,0.3474903,0.20737383,-0.9144652,0.9345776,0.002716601,0.35574892,0.07625726,-0.978258,-0.19286296
1356783239115,0.3669613,0.1511248,-0.9178784,0.9279604,0.009507671,0.37255743,0.06502956,-0.988469,-0.13674888
1356783239154,0.37862882,0.10335946,-0.9197593,0.92384017,0.018147439,0.38234812,0.056210577,-0.9944785,-0.08861649
1356783239195,0.3819029,0.065617055,-0.9218701,0.92287254,0.026416808,0.38419846,0.04956284,-0.9974952,-0.05046755
1356783239234,0.37731922,0.037785053,-0.9253121,0.9249945,0.033058167,0.3785397,0.04489225,-0.998739,-0.022477478
1356783239276,0.36596048,0.018678874,-0.9304429,0.92967105,0.0380463,0.36642066,0.042244166,-0.9991014,-0.003441751
1356783239314,0.34913793,0.0068927407,-0.93704593,0.9361398,0.04200998,0.34910932,0.04177156,-0.9990934,0.008214742
1356783239355,0.32805339,0.0012218058,-0.9446584,0.94365275,0.04572633,0.32776326,0.043596238,-0.9989533,0.013847709
1356783239397,0.30415103,0.001121819,-0.9526231,0.9513952,0.05041364,0.30381837,0.04836604,-0.9987278,0.0142661035
1356783239435,0.2792914,0.0041612387,-0.9601973,0.95860445,0.056530893,0.27907303,0.055442065,-0.9983922,0.0117996335
1356783239476,0.25634032,0.008413374,-0.9665499,0.9644939,0.06353819,0.2563481,0.063569516,-0.9979439,0.00817284
