1356784289133,0.08713758,0.31623882,0.9446693,0.110379055,0.9393725,-0.3246472,-0.9900624,0.1325607,0.046948493
1356784289283,0.035560697,-0.08054849,0.99611616,0.13733318,0.98768413,0.07496396,-0.9898864,0.13413404,0.04618472
1356784289324,0.038101852,-0.05738815,0.99762464,0.13766992,0.98913103,0.05164159,-0.989745,0.13537526,0.045588374
1356784289363,0.040033072,-0.038964428,0.9984383,0.13819438,0.9898522,0.033088353,-0.9895957,0.13665393,0.04501146
1356784289402,0.042228132,-0.019305099,0.9989214,0.13864583,0.9902531,0.013276514,-0.9894413,0.13793565,0.04449314
1356784289443,0.04480681,0.0022940785,0.998993,0.13880673,0.990283,-0.0084998235,-0.9893053,0.1390478,0.04405296
1356784289484,0.047636896,0.025764637,0.9985324,0.13836893,0.9898591,-0.032142,-0.98923445,0.13969702,0.043588817
1356784289522,0.05039066,0.04968185,0.99749315,0.13726297,0.98893964,-0.056189988,-0.9892521,0.13975033,0.04301387
1356784289562,0.052666873,0.07116027,0.9960735,0.13563205,0.9877051,-0.07773389,-0.9893584,0.13919349,0.042367756
1356784289604,0.054555684,0.088843554,0.9945504,0.1337167,0.98641205,-0.095451534,-0.9895168,0.13819543,0.04193449
1356784289643,0.056431234,0.101629525,0.99322045,0.13164325,0.9853629,-0.10830501,-0.9896896,0.13686256,0.042226374
1356784289682,0.058766425,0.10904909,0.9922977,0.12951303,0.98478174,-0.115893215,-0.9898347,0.13532612,0.043748796
1356784289722,0.062029153,0.11154599,0.99182147,0.12737958,0.98472404,-0.11871417,-0.98991245,0.13370155,0.046872914
1356784289763,0.066218376,0.10973451,0.9917528,0.12544805,0.98513204,-0.117378004,-0.9898879,0.13218603,0.051467836
1356784289802,0.07087001,0.104632646,0.9919826,0.12404415,0.98583907,-0.11284669,-0.98974264,0.13104708,0.05688739
1356784289843,0.07578021,0.0976025,0.9923363,0.123444125,0.98662364,-0.106467515,-0.9894539,0.13056621,0.06271809
1356784289882,0.08003393,0.08939527,0.99277544,0.123775885,0.9873707,-0.09888695,-0.98907745,0.13079597,0.067958176
1356784289922,0.08289793,0.081177704,0.99324626,0.12517959,0.98793435,-0.091191255,-0.9886648,0.13189372,0.07173592
1356784289963,0.08341533,0.07328278,0.9938167,0.12804118,0.9882375,-0.08361843,-0.9882547,0.1342245,0.073050916
1356784290000,0.08083609,0.065997906,0.99454,0.13302997,0.98816395,-0.07638744,-0.98781,0.13847847,0.07109958
1356784290042,0.07461396,0.059510052,0.99543524,0.14093111,0.9875697,-0.06960347,-0.9872037,0.14548118,0.06529969
1356784290082,0.06477085,0.05379228,0.99644923,0.15178598,0.9863962,-0.06311591,-0.9862889,0.15533511,0.0557248
1356784290122,0.051650107,0.048752476,0.9974745,0.1649422,0.984674,-0.056667678,-0.9849499,0.16745254,0.042817175
1356784290174,0.03610438,0.044011645,0.99837846,0.17909941,0.98257023,-0.049791545,-0.9831683,0.18060668,0.027592659
1356784290204,0.019325137,0.038852148,0.9990582,0.19274607,0.9803557,-0.041853204,-0.9810584,0.19337335,0.011456907
1356784290244,0.0024594371,0.0321718,0.99947935,0.20453621,0.97833604,-0.03199452,-0.9788559,0.20450841,-0.0041741133
1356784290274,-0.013016821,0.02252382,0.99966156,0.2135325,0.97674674,-0.019227065,-0.9768492,0.21320996,-0.017523706
1356784290314,-0.026881307,0.011264317,0.9995751,0.21928468,0.97564757,-0.0050975084,-0.9752905,0.2190545,-0.028696775
1356784290343,-0.039518625,-0.0062621012,0.9991992,0.22234786,0.9748535,0.014903456,-0.9741662,0.22275877,-0.0371325
1356784290374,-0.04987386,-0.025918603,0.9984191,0.22310753,0.97411275,0.036432467,-0.9735171,0.22457185,-0.04280013
1356784290414,-0.057514817,-0.048376195,0.997172,0.22132298,0.97335386,0.059986137,-0.9735031,0.22414714,-0.04527551
1356784290454,-0.06485152,-0.07826751,0.9948207,0.21790695,0.97174984,0.09065758,-0.97381246,0.22265767,-0.04596442
1356784290494,-0.07236415,-0.11228417,0.99103767,0.21440606,0.9686608,0.1254045,-0.97406024,0.22155929,-0.04602194
1356784290534,-0.08021957,-0.14793497,0.98573834,0.21287432,0.9635677,0.16193146,-0.97378093,0.22282845,-0.045805454
1356784290574,-0.08836186,-0.18289338,0.97915393,0.21541218,0.9562288,0.19805074,-0.9725173,0.22842178,-0.045096695
1356784290603,-0.09661165,-0.21540545,0.9717338,0.22022988,0.9474756,0.2319238,-0.97065175,0.23641138,-0.044098496
1356784290644,-0.10480863,-0.24267404,0.9644296,0.22929592,0.93774515,0.26087812,-0.9676975,0.24848206,-0.042639613
1356784290684,-0.11267397,-0.26653785,0.9572158,0.23753037,0.9281944,0.28641653,-0.96482325,0.2596395,-0.04127252
1356784290724,-0.1188955,-0.28642774,0.95069605,0.24065906,0.920624,0.30746478,-0.96330005,0.2653498,-0.04052663
1356784290754,-0.12308061,-0.30182356,0.94538546,0.23922724,0.9155121,0.32343143,-0.96313107,0.2659701,-0.040477395
1356784290794,-0.12416535,-0.3130402,0.94158846,0.22953755,0.9141312,0.33418044,-0.96534735,0.25762352,-0.041648984
1356784290824,-0.12249285,-0.31835353,0.9400247,0.21747273,0.91552913,0.33839622,-0.96834964,0.24588087,-0.042912543
1356784290863,-0.11660754,-0.31959105,0.9403533,0.20107144,0.91960925,0.33747458,-0.9726114,0.22843027,-0.042972744
1356784290894,-0.10715303,-0.31225497,0.94393593,0.18626618,0.92628753,0.32756126,-0.97663873,0.21092248,-0.04109198
1356784290934,-0.09178364,-0.30099097,0.9491997,0.17262915,0.9339804,0.31285742,-0.9807012,0.19257477,-0.033764303
1356784290964,-0.072725624,-0.27903324,0.9575237,0.1622951,0.9439585,0.2874068,-0.98405874,0.17630321,-0.023364246
1356784291003,-0.047008723,-0.2546909,0.96587926,0.15535533,0.9533179,0.25893962,-0.9867396,0.1622269,-0.0052466393
1356784291044,-0.013894323,-0.22128487,0.97511023,0.1527535,0.9632877,0.22077852,-0.98816663,0.15201908,0.02041781
1356784291084,0.02681458,-0.18276174,0.9827915,0.15554778,0.9719327,0.17649844,-0.98746437,0.14813828,0.05449015
1356784291124,0.07658473,-0.14377245,0.98664296,0.16589788,0.9775929,0.12957643,-0.98316467,0.15375839,0.09872025
1356784291175,0.13024226,-0.1076765,0.98561805,0.17956537,0.98020804,0.08335721,-0.9750864,0.16612622,0.14699948
1356784291194,0.19624251,-0.08537262,0.97683185,0.2056809,0.977624,0.04412119,-0.958741,0.19225721,0.2094109
1356784291234,0.27032715,-0.07624261,0.95974493,0.23762374,0.9713034,0.010230377,-0.9329835,0.22529262,0.28068674
1356784291274,0.34188676,-0.08080891,0.9362603,0.26660565,0.9637014,-0.014176898,-0.9011298,0.25445917,0.35102087
1356784291314,0.3981124,-0.09445879,0.91246045,0.28567994,0.9579865,-0.025472313,-0.87171876,0.27081248,0.40837127
1356784291344,0.4332264,-0.11177461,0.89432734,0.2969877,0.95456535,-0.024562314,-0.8509484,0.27624524,0.4467386
1356784291384,0.44380105,-0.12180876,0.8878081,0.29399118,0.95567685,-0.015841007,-0.84652805,0.268038,0.4599411
1356784291423,0.431127,-0.12562913,0.89350265,0.28287527,0.9591553,-0.0016310215,-0.8568029,0.25345296,0.44905514
1356784291453,0.40690762,-0.12802942,0.9044527,0.2718135,0.9622492,0.013923585,-0.87209153,0.24017683,0.42634666
1356784291484,0.3731599,-0.122510664,0.9196428,0.25920993,0.9655364,0.023445778,-0.890821,0.22963151,0.39205545
1356784291524,0.32147676,-0.10091124,0.94152516,0.24378899,0.9696078,0.020681158,-0.91499704,0.22288494,0.3363074
1356784291564,0.25775155,-0.07404632,0.9633697,0.23162594,0.97272074,0.012793072,-0.93803704,0.21984398,0.26787132
1356784291604,0.18999118,-0.04702279,0.98065907,0.22531223,0.9742818,0.003065385,-0.95558244,0.22037208,0.19569975
1356784291644,0.12522656,-0.025152184,0.9918093,0.22531119,0.97427964,-0.0037403107,-0.96620554,0.22393411,0.12767273
1356784291673,0.069411755,-0.01319851,0.9975009,0.22835001,0.97357446,-0.0030079782,-0.97110164,0.22798811,0.07059139
1356784291714,0.02364865,-0.006719768,0.9996978,0.23329319,0.9724059,0.0010175705,-0.97211885,0.23319861,0.02456379
1356784291753,-0.012978077,-0.011192352,0.9998532,0.23843831,0.97105724,0.013964936,-0.97107095,0.23858453,-0.00993377
1356784291794,-0.040749103,-0.024876006,0.9988597,0.24347964,0.9693073,0.034072936,-0.96904963,0.24459043,-0.033441603
1356784291833,-0.060507536,-0.046003893,0.997107,0.24955426,0.96651655,0.059736274,-0.9664686,0.2524468,-0.047001064
1356784291874,-0.07341313,-0.07276336,0.9946436,0.25758925,0.9621103,0.089395665,-0.9634616,0.26277232,-0.051888466
1356784291915,-0.08073807,-0.10279957,0.99142003,0.2680658,0.9557801,0.12093449,-0.9600116,0.2755298,-0.049610794
1356784291953,-0.08402735,-0.13292713,0.98755753,0.28068018,0.94777644,0.1514545,-0.9561162,0.28991413,-0.042329133
1356784291994,-0.084912956,-0.15923691,0.9835819,0.29290074,0.93954283,0.1773934,-0.9523649,0.3031549,-0.033138752
1356784292032,-0.0843201,-0.17802693,0.9804063,0.3004712,0.93356836,0.19536397,-0.95005643,0.31105694,-0.025226653
1356784292072,-0.08180961,-0.18649557,0.97904366,0.30057317,0.9319817,0.20264699,-0.95024353,0.31085274,-0.020189524
1356784292112,-0.07570386,-0.18283354,0.98022485,0.29389074,0.9352863,0.19714904,-0.9528364,0.30300397,-0.017071724
1356784292176,-0.06412354,-0.16533954,0.98414993,0.28287345,0.9427199,0.17681018,-0.95701146,0.28972757,-0.013680398
1356784292194,-0.045863125,-0.13107507,0.990311,0.26969957,0.9529154,0.13861579,-0.9618517,0.2734438,-0.008352816
1356784292233,-0.020784082,-0.07737307,0.9967856,0.25474066,0.963685,0.08011533,-0.9667861,0.25558692,-3.1924248E-4
1356784292274,0.010912746,-0.0011403933,0.9999398,0.2373138,0.97143185,-0.0014820248,-0.97137177,0.2373157,0.010871589
1356784292314,0.04918793,0.09717874,0.99405074,0.21641605,0.97057426,-0.10559246,-0.9750614,0.2203224,0.026709497
1356784292353,0.09539786,0.20949093,0.97314584,0.1915088,0.9554796,-0.2244616,-0.9768437,0.20777915,0.05103135
1356784292392,0.15296969,0.31693208,0.93603116,0.1625665,0.9262047,-0.34017214,-0.97476786,0.20420334,0.0901587
1356784292432,0.22571507,0.3972448,0.88952184,0.12983058,0.89267457,-0.4315971,-0.96550333,0.21290511,0.14991558
1356784292472,0.3088252,0.4437107,0.8412775,0.094008416,0.8659424,-0.49122924,-0.94646156,0.23079115,0.2257123
1356784292512,0.3889048,0.46421388,0.7957754,0.05838099,0.8496194,-0.5241551,-0.9194263,0.25030458,0.3033198
1356784292552,0.4484922,0.47980362,0.75408447,0.024254262,0.83685195,-0.5468917,-0.89345765,0.26356643,0.3636843
1356784292592,0.47737414,0.50640064,0.7181033,-0.007962465,0.819693,-0.5727477,-0.878664,0.26769704,0.39533243
1356784292632,0.47543782,0.5464983,0.68941903,-0.033942014,0.7944651,-0.60636055,-0.87909436,0.2648865,0.396268
1356784292672,0.4493153,0.5920478,0.66902554,-0.045194685,0.76298046,-0.64483976,-0.8922293,0.25949997,0.36957625
1356784292731,0.40770656,0.63346255,0.6576477,-0.03533849,0.7306328,-0.68185544,-0.91242886,0.25475666,0.3202694
1356784292752,0.35916167,0.66367793,0.6561513,-0.0048010647,0.70436746,-0.7098193,-0.93326306,0.2517897,0.25616813
1356784292792,0.30945212,0.6806164,0.6640789,0.04030043,0.6883434,-0.7242646,-0.95006067,0.25088787,0.1855802
1356784292831,0.2624041,0.6842889,0.68036234,0.09158152,0.6842263,-0.7234966,-0.9606024,0.2521571,0.11687559
1356784292873,0.21973094,0.6768143,0.7025957,0.14151731,0.69046533,-0.7093874,-0.96524155,0.25530383,0.05593568
1356784292912,0.18230316,0.6600498,0.72876596,0.18435583,0.7050955,-0.6847285,-0.9658046,0.25918043,0.006857097
1356784292952,0.150992,0.6362932,0.7565266,0.21744852,0.72517705,-0.6533257,-0.9643223,0.26315254,-0.02886504
1356784292992,0.1265851,0.60620826,0.78516734,0.24110423,0.74899477,-0.61715126,-0.9622084,0.26742935,-0.051347792
1356784293032,0.109588176,0.57004946,0.814269,0.2570386,0.7750857,-0.5772117,-0.96016747,0.27255416,-0.061584473
1356784293072,0.0998714,0.52778673,0.8434849,0.2675254,0.8022636,-0.5336696,-0.958361,0.27895194,-0.061073184
1356784293112,0.0966956,0.47987452,0.8719922,0.275493,0.8289648,-0.48674524,-0.9564275,0.28729385,-0.05204481
1356784293172,0.09793216,0.4287746,0.89808774,0.28346908,0.85302484,-0.4381711,-0.9539678,0.29749113,-0.03800577
1356784293194,0.09986749,0.38025314,0.91947484,0.29114872,0.87248063,-0.39244112,-0.95145094,0.30689606,-0.02357775
1356784293234,0.099582165,0.3413666,0.93464017,0.29555523,0.88676816,-0.3553721,-0.9501213,0.31162652,-0.012586415
1356784293273,0.09713322,0.31685275,0.94348794,0.2941574,0.89648116,-0.33135024,-0.95080835,0.30971906,-0.0061264634
1356784293314,0.09533119,0.30803388,0.9465871,0.28681564,0.9020917,-0.32243976,-0.95323074,0.30223456,-0.0023514628
1356784293353,0.09716675,0.3144471,0.9442889,0.2747547,0.9034343,-0.3291146,-0.956592,0.2914268,0.0013879538
1356784293394,0.10387221,0.33516544,0.936416,0.25885183,0.8999531,-0.35082775,-0.96031576,0.27883422,0.006721914
1356784293433,0.11494145,0.36833155,0.9225619,0.23928048,0.8911058,-0.38558453,-0.96412313,0.26507068,0.014290452
1356784293472,0.12952936,0.41014045,0.9027774,0.21616334,0.8768703,-0.42938548,-0.967727,0.25076538,0.024923086
1356784293512,0.14842752,0.45441663,0.87833637,0.19007921,0.8585044,-0.4762773,-0.97048396,0.23764612,0.041050553
1356784293552,0.17559898,0.4932535,0.8519777,0.16187367,0.8391788,-0.519207,-0.9710623,0.229085,0.06751418
1356784293592,0.21740407,0.5186549,0.82688123,0.13225625,0.82367814,-0.55141866,-0.96708006,0.22924086,0.1104756
1356784293632,0.2775631,0.5249394,0.8046101,0.10238032,0.8165867,-0.5680709,-0.9552366,0.24005176,0.17291087
1356784293672,0.35049608,0.5114064,0.78461206,0.07528074,0.8196614,-0.56788033,-0.9335338,0.258106,0.24878907
1356784293712,0.42003098,0.48475635,0.7671931,0.055253908,0.8301539,-0.5547896,-0.9058261,0.27541924,0.32190567
1356784293752,0.46845978,0.45684022,0.75620264,0.04443896,0.8426639,-0.536603,-0.8823665,0.28498173,0.37445265
1356784293792,0.48694688,0.43711677,0.7561823,0.04204741,0.8530247,-0.52017385,-0.8724189,0.28509253,0.39699808
1356784293832,0.47589666,0.4280703,0.76829565,0.047613934,0.8597375,-0.5085118,-0.8782114,0.27858064,0.38876408
1356784293872,0.44048345,0.42668468,0.7898826,0.062171504,0.8632262,-0.5009743,-0.8956054,0.2697791,0.35370922
1356784293912,0.38773867,0.42794615,0.81640726,0.08608936,0.865012,-0.49431056,-0.9177404,0.26194727,0.29855698
1356784293952,0.3253337,0.42729133,0.84355205,0.11748646,0.8669044,-0.48443133,-0.9382723,0.2567078,0.23183227
1356784293992,0.2607255,0.42165166,0.86846536,0.15265375,0.8702559,-0.46834978,-0.9532675,0.2546852,0.1625312
1356784294031,0.19989863,0.40992415,0.8899453,0.18731628,0.87553704,-0.4453622,-0.96174484,0.25572854,0.09823316
1356784294073,0.14670247,0.3925164,0.90796983,0.21800813,0.8825012,-0.41673025,-0.96485794,0.25908014,0.043893337
1356784294112,0.103211135,0.370305,0.9231585,0.24298704,0.8906081,-0.38441455,-0.9645231,0.26399142,0.0019413829
1356784294175,0.07022813,0.3441774,0.9362745,0.2625055,0.8991333,-0.35021424,-0.96237147,0.2703721,-0.027204037
1356784294193,0.04741043,0.3148628,0.9479523,0.27782094,0.9074169,-0.31529373,-0.95946217,0.27830923,-0.044454455
1356784294232,0.03372994,0.2831286,0.9584887,0.29004523,0.91498727,-0.28048563,-0.9564184,0.28746587,-0.05125761
1356784294272,0.027584434,0.24979588,0.96790546,0.3002722,0.92148614,-0.24637349,-0.95345455,0.29743117,-0.049588084
1356784294312,0.02686724,0.21645729,0.97592235,0.30936086,0.9265474,-0.21402276,-0.9505651,0.30766237,-0.042069674
1356784294352,0.028721362,0.18576717,0.9821739,0.31660956,0.930298,-0.1852139,-0.94812095,0.31628522,-0.032096207
1356784294392,0.030496657,0.16111061,0.9864651,0.3196402,0.9335276,-0.16234651,-0.9470482,0.3202649,-0.023027956
1356784294432,0.03144321,0.14535484,0.98887986,0.31660423,0.93697345,-0.14779216,-0.9480365,0.3177306,-0.016558528
1356784294472,0.03324756,0.14033781,0.98954535,0.30800253,0.9404665,-0.14372598,-0.9508045,0.309561,-0.011956215
1356784294512,0.038184106,0.14699155,0.98840046,0.29508263,0.9433535,-0.15169202,-0.95470846,0.29745203,-0.0073535442
1356784294552,0.04781145,0.16672821,0.98484296,0.2789047,0.9445262,-0.17344287,-0.95912784,0.2829699,-0.0013421178
1356784294592,0.062260658,0.20019159,0.9777765,0.2596888,0.94268423,-0.20954263,-0.96368325,0.26696387,0.0067046285
1356784294632,0.08109406,0.24658808,0.96572155,0.23727587,0.9362807,-0.25899532,-0.9680516,0.2501454,0.01741743
1356784294672,0.10475567,0.30250022,0.9473753,0.21185687,0.9239621,-0.31845033,-0.97167015,0.23406744,0.03270352
1356784294712,0.136309,0.3610447,0.9225327,0.18431164,0.90572345,-0.38169917,-0.97336996,0.22206256,0.056913495
1356784294752,0.18190312,0.41227415,0.8927157,0.15570149,0.8843323,-0.44012886,-0.97091115,0.21905798,0.096671104
1356784294792,0.24655983,0.446446,0.86017114,0.12619545,0.86522543,-0.485242,-0.96087617,0.22819085,0.15699041
1356784294832,0.32573432,0.45942488,0.8263328,0.096349806,0.85331917,-0.5124091,-0.9405391,0.24652623,0.23368984
1356784294872,0.40262076,0.45671523,0.7932892,0.06934376,0.8489269,-0.5239414,-0.91273654,0.26595938,0.31012523
1356784294912,0.4579298,0.45102078,0.76608133,0.048591197,0.84775805,-0.52815264,-0.88765943,0.27908167,0.36629802
1356784294952,0.48233682,0.452851,0.74985135,0.035258085,0.84527874,-0.53316104,-0.87527597,0.28360152,0.3917424
1356784294992,0.47683135,0.46513292,0.74584395,0.030510634,0.83924955,-0.5428897,-0.8784651,0.28162304,0.385989
1356784295032,0.4472251,0.48479047,0.7516435,0.036809593,0.8296804,-0.5570238,-0.8936637,0.2767827,0.35320896
1356784295072,0.40083832,0.5064732,0.76342237,0.055775255,0.81825864,-0.572138,-0.91444945,0.27191496,0.29974073
1356784295112,0.34514815,0.52528775,0.7777825,0.08626589,0.80744475,-0.5836019,-0.93457526,0.26852524,0.23337364
1356784295176,0.28688473,0.5381031,0.7925542,0.124440715,0.79938775,-0.58778715,-0.94984823,0.26725316,0.1623702
1356784295193,0.23157832,0.5435835,0.8067767,0.16466704,0.7954502,-0.58321834,-0.95877856,0.26791027,0.09469873
1356784295233,0.18283269,0.54215974,0.82014334,0.20174123,0.7957637,-0.57101715,-0.9622228,0.26985732,0.036115646
1356784295274,0.1432577,0.5344821,0.8329503,0.23236778,0.79993963,-0.5532646,-0.96202,0.27281022,-0.009598911
1356784295314,0.1148023,0.52112,0.8457271,0.25583416,0.80712855,-0.5320643,-0.95987976,0.2774481,-0.040660083
1356784295354,0.09830108,0.50250924,0.8589653,0.2732563,0.8163388,-0.5088438,-0.95690536,0.28473762,-0.057066858
1356784295396,0.093108565,0.4792027,0.8727517,0.28643584,0.8266109,-0.48442623,-0.9535645,0.2950916,-0.060296297
1356784295434,0.096835166,0.45238,0.8865525,0.29712403,0.83698285,-0.45954004,-0.94991595,0.30791572,-0.05336362
1356784295475,0.10544804,0.424443,0.89929354,0.3059312,0.8466294,-0.4354593,-0.94619596,0.3210403,-0.040574968
1356784295514,0.11418012,0.39898548,0.90982056,0.31154808,0.85523194,-0.41414505,-0.9433454,0.33073997,-0.026652694
1356784295555,0.11980179,0.37975144,0.9172984,0.31205845,0.8627198,-0.39791223,-0.9424792,0.33392128,-0.015149295
1356784295595,0.122413605,0.36927786,0.9212213,0.30618593,0.868875,-0.38898107,-0.9440684,0.3296816,-0.006705582
1356784295635,0.12527704,0.36920533,0.9208655,0.29558483,0.8721369,-0.3898806,-0.9470667,0.32103693,1.2725592E-4
1356784295693,0.13024765,0.37898317,0.91619176,0.28068528,0.872167,-0.4006751,-0.95092136,0.30934855,0.007222712
1356784295712,0.13880342,0.4002977,0.905812,0.26220125,0.8671697,-0.4233997,-0.9549786,0.29627436,0.015407562
1356784295754,0.15051618,0.4311162,0.88965374,0.24002632,0.85704273,-0.4559222,-0.95902675,0.28216398,0.02551955
1356784295790,0.1653868,0.4696558,0.86722,0.21461308,0.8411183,-0.49644867,-0.96259457,0.26822278,0.038315594
1356784295836,0.18653077,0.5085898,0.840561,0.18522786,0.8220277,-0.5384804,-0.96483,0.25613844,0.059128463
1356784295882,0.22387728,0.54355454,0.8089669,0.14988516,0.80095917,-0.57965404,-0.96302307,0.25102347,0.09784579
1356784295922,0.2777635,0.5697596,0.77344775,0.10945669,0.78111607,-0.61471695,-0.9543934,0.25540495,0.15460151
1356784295962,0.34722605,0.580958,0.73615336,0.06597167,0.7679173,-0.6371427,-0.93545806,0.2697978,0.2283141
1356784296002,0.41903475,0.57818854,0.7000771,0.025740474,0.76316077,-0.64569587,-0.90760523,0.28858936,0.30490804
1356784296042,0.4744004,0.5670916,0.6733137,-0.0024804175,0.7657186,-0.643171,-0.8803057,0.30345047,0.36466387
1356784296082,0.50188875,0.55366117,0.6645052,-0.013389111,0.7731554,-0.6340753,-0.86482865,0.30933815,0.39545098
1356784296122,0.500527,0.5395143,0.67705023,-0.00584203,0.7841524,-0.62054086,-0.8657012,0.30664212,0.39564133
1356784296177,0.46283883,0.5257517,0.71369827,0.024933785,0.79708654,-0.60335004,-0.8860917,0.29704902,0.35581362
1356784296213,0.41168576,0.49423993,0.7656642,0.072254956,0.8198182,-0.5680469,-0.9084569,0.28917986,0.3017962
1356784296254,0.35055855,0.45437247,0.8189349,0.1252997,0.84380925,-0.5218102,-0.9281211,0.28553733,0.23887181
1356784296294,0.2831227,0.40579417,0.86900675,0.17799327,0.86810803,-0.4633648,-0.9424224,0.28586647,0.17355245
1356784296333,0.21284953,0.3503708,0.912105,0.22402373,0.891129,-0.39459157,-0.95105654,0.2883218,0.111185014
1356784296372,0.14360097,0.29104504,0.9458708,0.25886628,0.91145205,-0.31975514,-0.95517904,0.2907712,0.05554366
1356784296412,0.08009416,0.23108247,0.96963173,0.28122386,0.9280012,-0.24439089,-0.9562939,0.29225785,0.009341598
1356784296452,0.026986629,0.17335586,0.98448944,0.29363135,0.9400277,-0.17357568,-0.9555377,0.2937612,-0.02553451
1356784296492,-0.012883575,0.119788595,0.99271584,0.30079073,0.9472783,-0.11040206,-0.95360315,0.2971773,-0.048235655
1356784296532,-0.039261907,0.071216196,0.9966879,0.30681393,0.95013213,-0.055803522,-0.9509593,0.30360675,-0.059154153
1356784296573,-0.053956658,0.027907506,0.99815327,0.31390613,0.9494058,-0.009575903,-0.94791967,0.31280974,-0.05998707
1356784296614,-0.060245454,-0.010097623,0.9981326,0.3218637,0.94634175,0.029000774,-0.9448674,0.3230098,-0.053762734
1356784296652,-0.062018696,-0.042665243,0.99716264,0.3278033,0.9427923,0.060726687,-0.9427082,0.33063942,-0.044484913
1356784296692,-0.06194857,-0.069281995,0.9956718,0.3282823,0.9406675,0.08587964,-0.94254607,0.33218157,-0.035528958
1356784296732,-0.060376555,-0.08910808,0.99419034,0.32241452,0.94087815,0.103909805,-0.94467115,0.32681513,-0.028077245
1356784296772,-0.055773675,-0.10104684,0.99331707,0.31221512,0.9432094,0.11348009,-0.9483728,0.3164578,-0.021057904
1356784296812,-0.046727598,-0.104185395,0.9934595,0.30037302,0.94705117,0.11344659,-0.9526765,0.30370954,-0.012958944
1356784296852,-0.033036914,-0.09826383,0.99461186,0.28824356,0.951934,0.103621684,-0.956987,0.2901138,-0.003125012
1356784296892,-0.015190035,-0.083831675,0.9963641,0.27578932,0.9574734,0.08476404,-0.9610981,0.27607417,0.008575857
1356784296932,0.006883828,-0.06225896,0.9980362,0.2629124,0.9630589,0.058263615,-0.96479505,0.26199502,0.022998214
1356784296972,0.03525719,-0.035703003,0.9987403,0.25078335,0.96770096,0.025740348,-0.9674009,0.24955991,0.043072164
1356784297012,0.074607015,-0.00723888,0.9971868,0.2418951,0.97023946,-0.01105471,-0.9674299,0.24203934,0.07413775
1356784297052,0.13109052,0.018657476,0.9911948,0.2387169,0.96981007,-0.049826458,-0.96220034,0.24314673,0.122679055
1356784297092,0.20682636,0.036724046,0.9776882,0.24147461,0.9664646,-0.08738553,-0.9481101,0.2541605,0.19102246
1356784297132,0.29294345,0.04285595,0.95516884,0.24755967,0.96152866,-0.11906608,-0.923525,0.2713409,0.2710641
1356784297177,0.36920887,0.03755647,0.9285873,0.25366098,0.95717114,-0.13956884,-0.8940587,0.2870764,0.34386945
1356784297213,0.4167041,0.026024424,0.9086696,0.25798503,0.9551052,-0.14566293,-0.87166584,0.2951215,0.39128232
1356784297253,0.4286251,0.013995245,0.903374,0.2600733,0.9556474,-0.13820243,-0.8652412,0.2941805,0.4059747
1356784297293,0.40763396,0.004371777,0.913135,0.26074696,0.9577961,-0.12098604,-0.87512606,0.28741515,0.38929027
1356784297332,0.36015365,-0.0023313463,0.93289006,0.26149693,0.9601595,-0.09855459,-0.8954935,0.2794427,0.34641457
1356784297372,0.294299,-0.0069886744,0.9556878,0.26336545,0.9618485,-0.07406826,-0.9187092,0.27349335,0.28491163
1356784297412,0.21932244,-0.010973811,0.97559077,0.26653147,0.9625752,-0.04909151,-0.93854076,0.27079248,0.2140392
1356784297452,0.14414966,-0.015394643,0.9894362,0.2705286,0.9624017,-0.02443897,-0.9518588,0.27119365,0.14289457
1356784297492,0.07573983,-0.020803288,0.99691063,0.27449656,0.9615877,-7.8858435E-4,-0.9586007,0.27370828,0.07854092
1356784297532,0.018664392,-0.027361885,0.9994514,0.2777543,0.9604203,0.021106377,-0.9604709,0.27720797,0.02552557
1356784297572,-0.024693966,-0.03492631,0.9990847,0.28080904,0.95891035,0.04046254,-0.95944583,0.28155124,-0.01387167
1356784297611,-0.053732485,-0.043162934,0.997622,0.2854047,0.9567245,0.056765534,-0.95689964,0.2877762,-0.03908825
1356784297652,-0.06595439,-0.040870294,0.99698526,0.29394543,0.95402694,0.058554873,-0.95354396,0.29692125,-0.050908625
1356784297692,-0.07195827,-0.05551824,0.9958613,0.3048857,0.94943446,0.07496021,-0.9496666,0.30901787,-0.051392913
1356784297732,-0.06886104,-0.0665447,0.9954044,0.3185516,0.9440732,0.08515016,-0.945401,0.32295123,-0.043811977
1356784297772,-0.060908914,-0.07425457,0.99537754,0.33196318,0.9389546,0.09035888,-0.9413239,0.33593234,-0.032540917
1356784297812,-0.05220115,-0.07862061,0.9955369,0.34067327,0.93569344,0.091757834,-0.93873143,0.3439427,-0.022060335
1356784297853,-0.04486918,-0.079339474,0.99583733,0.34162396,0.9355246,0.089926764,-0.93876505,0.34423685,-0.014871955
1356784297892,-0.038301382,-0.07574719,0.99639124,0.33510017,0.93841076,0.08422072,-0.9414037,0.3371166,-0.010559499
1356784297932,-0.030511022,-0.066804245,0.9972995,0.32352024,0.94339406,0.073091045,-0.9457292,0.3248766,-0.0071713924
1356784297972,-0.019920196,-0.05115427,0.99849206,0.30937475,0.94935936,0.054809242,-0.95073146,0.31000006,-0.0030856133
1356784298012,-0.0058993995,-0.02768974,0.9995991,0.29394746,0.9554055,0.028200343,-0.9558033,0.29399604,0.0025029778
1356784298052,0.011998504,0.004093632,0.99991965,0.27772743,0.96063244,-0.007265374,-0.960585,0.27779227,0.010389268
1356784298092,0.03567013,0.04300759,0.99843776,0.2613236,0.9639105,-0.050856374,-0.964592,0.2627294,0.023143888
1356784298132,0.07019523,0.08594361,0.9938242,0.2461575,0.96397936,-0.10074917,-0.96668464,0.25170937,0.046511114
1356784298178,0.12336367,0.12676942,0.9842312,0.23347381,0.9602592,-0.15294547,-0.96450585,0.2486601,0.08886379
1356784298213,0.19947833,0.15779053,0.9671145,0.22255771,0.95386183,-0.20153332,-0.95429367,0.25544032,0.15515727
1356784298253,0.29167476,0.17303358,0.9407365,0.21145163,0.9475049,-0.23983893,-0.93285257,0.2688752,0.239775
1356784298292,0.3796637,0.17376515,0.9086589,0.19953156,0.943704,-0.26383686,-0.9033508,0.28147542,0.32361853
1356784298332,0.4429049,0.16800837,0.8806863,0.18867742,0.9428221,-0.27474952,-0.8764907,0.28785354,0.38588113
1356784298372,0.47205925,0.16444737,0.866093,0.18114346,0.9433894,-0.27785507,-0.8627555,0.28805116,0.41554713
1356784298412,0.46823138,0.1670915,0.86766344,0.17856471,0.943804,-0.2781162,-0.8653751,0.28515682,0.41208202
1356784298452,0.43690467,0.17508961,0.88230264,0.18230017,0.9432819,-0.27746338,-0.880841,0.28206897,0.3802054
1356784298492,0.38539135,0.1847133,0.90407664,0.19286561,0.9419958,-0.27467573,-0.90237266,0.28022295,0.3274122
1356784298532,0.3215853,0.1919216,0.9272265,0.20922612,0.9406357,-0.26726192,-0.9234757,0.27994752,0.2623396
1356784298572,0.25325924,0.19381517,0.94778454,0.22881833,0.9399232,-0.25335056,-0.93994784,0.2810338,0.19369578
1356784298612,0.18679243,0.18935105,0.9639786,0.2482912,0.9402929,-0.23281051,-0.9505052,0.28283465,0.1286254
1356784298670,0.12688684,0.1789421,0.9756431,0.26469952,0.9418161,-0.20716329,-0.9559466,0.28453854,0.07213819
1356784298692,0.07681739,0.16371724,0.98351204,0.27711174,0.94405615,-0.17879322,-0.9577621,0.28627715,0.027151942
1356784298732,0.038605392,0.14485693,0.9886992,0.28684923,0.9461865,-0.14982878,-0.95719755,0.28939182,-0.0050241947
1356784298770,0.012860775,0.12350486,0.9922606,0.2958647,0.9474378,-0.12176057,-0.9551432,0.29514083,-0.024355948
1356784298813,-7.8222156E-4,0.10065474,0.9949211,0.30560905,0.9473455,-0.09560133,-0.9521568,0.30398214,-0.03150201
1356784298852,-0.0045192232,0.07725016,0.99700147,0.31677535,0.9457757,-0.071845174,-0.94848984,0.31550083,-0.028745115
1356784298892,-0.0018281322,0.054724902,0.9984998,0.32901824,0.9429412,-0.0510775,-0.9443218,0.32843125,-0.019729316
1356784298932,0.0022077877,0.034736797,0.99939406,0.3393674,0.9400599,-0.033424184,-0.9406513,0.33923554,-0.009713113
1356784298972,0.0038243849,0.018935546,0.99981344,0.3440048,0.93877375,-0.019095391,-0.9389602,0.34401366,-0.0029236674
1356784299012,0.0028997958,0.008372366,0.9999608,0.34159154,0.9398067,-0.008859292,-0.939844,0.34160382,-1.347065E-4
1356784299052,0.0021328926,0.0036118627,0.99999124,0.33381328,0.94263023,-0.0041166693,-0.9426368,0.3338191,8.048415E-4
1356784299093,0.004159538,0.005124733,0.99997824,0.32310826,0.9463417,-0.0061938614,-0.9463529,0.32312697,0.0022804737
1356784299132,0.010096164,0.013438612,0.99985874,0.31096727,0.9502874,-0.015912354,-0.950367,0.311084,0.005415261
1356784299179,0.020078959,0.028654903,0.99938774,0.29760435,0.9541071,-0.03333585,-0.95447814,0.29809147,0.010629654
1356784299213,0.034747064,0.05013764,0.99813765,0.28301412,0.95736396,-0.057941765,-0.95848614,0.28450036,0.01907593
1356784299253,0.05706078,0.075340815,0.9955239,0.26794788,0.9594092,-0.08796575,-0.96174216,0.2717679,0.034557223
1356784299293,0.093048126,0.099475704,0.99067986,0.25431615,0.95961714,-0.12024289,-0.96263456,0.26313427,0.06399232
1356784299334,0.14930889,0.114706874,0.9821146,0.24430758,0.9581739,-0.14905226,-0.9581339,0.26219288,0.11504012
1356784299372,0.22599071,0.11298055,0.9675556,0.23959535,0.9562924,-0.16762738,-0.9442046,0.269704,0.18904358
1356784299412,0.31015575,0.09193561,0.94623,0.2409308,0.9552191,-0.17178139,-0.9196498,0.28125492,0.27411658
1356784299452,0.38072142,0.058830984,0.9228164,0.24714959,0.95519304,-0.16286021,-0.891049,0.29007804,0.3491224
1356784299492,0.4221127,0.026212044,0.90616435,0.25448066,0.9559636,-0.14619562,-0.8700922,0.29231232,0.39685392
1356784299532,0.43051308,0.0036777258,0.9025768,0.25894803,0.95745045,-0.12741491,-0.8646412,0.28857428,0.4112426
1356784299572,0.40908593,-0.004954964,0.9124824,0.25958583,0.9593001,-0.11116883,-0.87479365,0.28234512,0.39372241
1356784299612,0.36350316,-7.6544285E-4,0.9315926,0.25886637,0.9606999,-0.10021911,-0.89490426,0.27758798,0.3494156
1356784299652,0.3009568,0.0120283365,0.95356196,0.26004335,0.96099156,-0.09419518,-0.91749793,0.2763161,0.28608906
1356784299692,0.22997284,0.027649239,0.9728042,0.26479405,0.96010655,-0.08988619,-0.936481,0.27826414,0.21347708
1356784299732,0.15883017,0.04090894,0.98645806,0.27250203,0.95851415,-0.083625786,-0.94895506,0.2820941,0.1410932
1356784299772,0.093848735,0.048470706,0.9944059,0.28101864,0.9569093,-0.07316461,-0.9551026,0.286313,0.07618356
1356784299812,0.039097726,0.048598066,0.9980529,0.2882173,0.95581704,-0.057832107,-0.95676655,0.28991723,0.023363471
1356784299852,-0.0035699885,0.04114744,0.99914676,0.29337212,0.95523125,-0.03829068,-0.9559917,0.29298508,-0.015481651
1356784299892,-0.034049153,0.02680026,0.9990607,0.29712784,0.95471215,-0.015484139,-0.95423037,0.2963215,-0.040470243
1356784299932,-0.053335816,0.006903574,0.99855274,0.3008812,0.95361453,0.009478107,-0.952169,0.30095124,-0.05293894
1356784299972,-0.06334862,-0.0167927,0.9978501,0.3065611,0.9511899,0.035469517,-0.9497406,0.30814904,-0.055108547
1356784300012,-0.06684047,-0.041911468,0.9968831,0.31576145,0.946877,0.060980707,-0.9464815,0.31885323,-0.050055683
1356784300052,-0.06718591,-0.06548604,0.99558914,0.32740304,0.9411437,0.08399916,-0.9424932,0.33160245,-0.04179126
1356784300092,-0.06715983,-0.08455096,0.99415326,0.3373897,0.93578136,0.10237883,-0.9389663,0.34229285,-0.034320295
1356784300132,-0.06762123,-0.0969419,0.9929903,0.34166217,0.93284196,0.11433654,-0.93738705,0.34699878,-0.029958546
1356784300180,-0.06725159,-0.10147382,0.9925625,0.3389548,0.9333247,0.118383765,-0.9383959,0.3443953,-0.028372526
1356784300214,-0.06377697,-0.097203605,0.993219,0.33067983,0.9369617,0.1129316,-0.94158554,0.33563992,-0.027613342
1356784300253,-0.055562794,-0.08292376,0.9950058,0.31889305,0.9428769,0.09638686,-0.94616073,0.32265595,-0.025945067
1356784300294,-0.041900937,-0.057008065,0.99749404,0.30500382,0.949984,0.067104846,-0.95142895,0.30705124,-0.022417545
1356784300333,-0.02236235,-0.018115804,0.99958575,0.28963482,0.95684075,0.023820728,-0.9568759,0.29004756,-0.016150236
1356784300374,0.004442095,0.0330405,0.9994441,0.2732074,0.96138906,-0.032996736,-0.96194494,0.2732021,-0.0047563314
1356784300412,0.042444617,0.091790706,0.99487334,0.25665882,0.9613514,-0.09964779,-0.9655697,0.25957254,0.017245293
1356784300453,0.09877911,0.14706653,0.984182,0.24100092,0.95604026,-0.16704977,-0.965485,0.2536898,0.058993638
1356784300492,0.17718673,0.18636888,0.9663703,0.22570184,0.9480428,-0.22421743,-0.95794755,0.25783992,0.12591678
1356784300532,0.2727273,0.1992583,0.941231,0.21071339,0.94219446,-0.2605177,-0.938733,0.26938024,0.21497577
1356784300572,0.366238,0.19169006,0.9105628,0.19668245,0.9404956,-0.2770992,-0.90949756,0.280576,0.30674314
1356784300612,0.43682957,0.18015227,0.88132006,0.18382248,0.94118845,-0.28350237,-0.8805619,0.28584865,0.3780229
1356784300652,0.4750749,0.17886017,0.86157584,0.17155515,0.9415093,-0.29005,-0.8630601,0.28560326,0.41660303
1356784300692,0.48215437,0.19195461,0.85479856,0.16130528,0.9395696,-0.30197614,-0.8611084,0.2834826,0.4220543
1356784300732,0.46305436,0.21555164,0.8597198,0.15697706,0.93469834,-0.3189,-0.8723181,0.2826243,0.39897949
1356784300772,0.42357168,0.24205148,0.87292504,0.16200536,0.9278624,-0.33589524,-0.89125824,0.28369427,0.35380256
1356784300812,0.36987743,0.26372367,0.8908651,0.17686957,0.92134464,-0.34618092,-0.9120898,0.28561145,0.29413986
1356784300852,0.30838686,0.27474204,0.9107219,0.19902843,0.917559,-0.34419927,-0.93020713,0.28740606,0.22828168
1356784300892,0.244827,0.27260473,0.9304549,0.22403306,0.9177848,-0.3278416,-0.94332856,0.28871712,0.16362602
1356784300932,0.18366313,0.25759628,0.94863695,0.24711181,0.9219626,-0.29819572,-0.9514219,0.28918695,0.10567546
1356784300972,0.12829122,0.23144923,0.9643509,0.26506817,0.92900825,-0.25822982,-0.95565695,0.28874734,0.05783379
1356784301012,0.08137712,0.19617712,0.9771859,0.27790052,0.9370892,-0.21127014,-0.9571567,0.288753,0.0217399
1356784301052,0.044495016,0.15338604,0.9871641,0.28841788,0.94409376,-0.15969376,-0.9564702,0.2918213,-0.0022317767
1356784301092,0.01763457,0.105184,0.99429643,0.29997414,0.94808275,-0.105615444,-0.95378435,0.3001257,-0.01483345
1356784301132,-9.435117E-4,0.054444358,0.9985163,0.314291,0.94793475,-0.051389396,-0.94932616,0.31377622,-0.018005788
1356784301181,-0.013987839,0.0048611313,0.9998903,0.33026397,0.9438886,3.132224E-5,-0.94378495,0.3302282,-0.014808416
1356784301214,-0.024435937,-0.039665177,0.99891424,0.34367794,0.93797725,0.045652688,-0.9387697,0.3444203,-0.009288311
1356784301254,-0.034102287,-0.07584527,0.9965363,0.34941635,0.9332852,0.08298859,-0.9363468,0.35103616,-0.005325556
1356784301293,-0.04270551,-0.10175917,0.99389195,0.34491524,0.93213564,0.110256605,-0.93766177,0.34751704,-0.004709065
1356784301332,-0.04812151,-0.1165333,0.99202025,0.3316968,0.93494475,0.12591875,-0.94215786,0.33510938,-0.0063372254
1356784301372,-0.047898058,-0.11931212,0.99170077,0.3135119,0.9408716,0.12833911,-0.94837546,0.3170572,-0.0076601505
1356784301412,-0.04048497,-0.10861421,0.99325925,0.29376373,0.9488462,0.11573131,-0.95502037,0.2964689,-0.0065070987
1356784301452,-0.025301907,-0.08253247,0.99626714,0.27422768,0.9577839,0.08630893,-0.9613319,0.2753878,-0.0016010404
1356784301492,-0.001959294,-0.039631225,0.9992125,0.25519115,0.96611106,0.038818732,-0.96688867,0.25506622,0.008220613
1356784301532,0.031116992,0.019189522,0.9993315,0.23647054,0.97129035,-0.026014231,-0.97114027,0.23712194,0.025685906
1356784301573,0.077956855,0.0880145,0.99306405,0.21820636,0.9704372,-0.1031386,-0.97278404,0.22473326,0.05644691
1356784301631,0.14415136,0.15438722,0.9774379,0.20044388,0.96272266,-0.18162414,-0.9690421,0.22210282,0.107831776
1356784301652,0.23105118,0.20421036,0.95126945,0.18255498,0.9512608,-0.2485488,-0.9556616,0.23108646,0.18251032
1356784301692,0.3287559,0.23075055,0.91579133,0.1644917,0.94087946,-0.29612213,-0.9299796,0.24799198,0.27136314
1356784301730,0.41679835,0.241485,0.87633556,0.14670041,0.9335591,-0.32702652,-0.8970831,0.26486292,0.35367996
1356784301773,0.47745988,0.25126728,0.84196013,0.12881674,0.92786753,-0.34995434,-0.8691595,0.2755477,0.4106521
1356784301812,0.5044111,0.27045384,0.8200147,0.11109022,0.92146146,-0.3722469,-0.8562876,0.27886108,0.43475056
1356784301852,0.49980184,0.30016544,0.81246465,0.09741488,0.9125969,-0.39708585,-0.86064416,0.27761036,0.42687702
1356784301892,0.4699238,0.33343533,0.81730807,0.09479073,0.9014946,-0.4222821,-0.8776026,0.2759136,0.3920272
1356784301932,0.42224365,0.36177474,0.8311614,0.10765123,0.8904074,-0.44225094,-0.90006745,0.2762132,0.33702338
1356784301972,0.36388877,0.37883285,0.85092354,0.1349422,0.88247526,-0.45058644,-0.92161584,0.27878886,0.2700023
1356784302012,0.3012034,0.38125238,0.87402695,0.17098293,0.88014424,-0.44284415,-0.93810517,0.28282988,0.19991475
1356784302052,0.23856601,0.36963522,0.89802897,0.208517,0.8836642,-0.41911614,-0.9484761,0.28724116,0.13373703
1356784302092,0.17927897,0.34578267,0.92102844,0.24136642,0.89212364,-0.3819131,-0.95373017,0.29077432,0.07647866
1356784302132,0.12623468,0.31246486,0.94150436,0.26615062,0.9036313,-0.33558047,-0.95562994,0.2929439,0.030906916
1356784302182,0.08209148,0.27209413,0.95876265,0.28307295,0.9160233,-0.2842022,-0.9555787,0.29473034,-0.0018247962
1356784302214,0.048564404,0.22693016,0.97269946,0.29484826,0.9271934,-0.23103464,-0.95430917,0.2980188,-0.021881342
1356784302254,0.025857419,0.17931917,0.98345107,0.30480942,0.93551886,-0.17859358,-0.9520623,0.30438313,-0.030468047
1356784302294,0.012627245,0.13182569,0.99119246,0.31570634,0.94004095,-0.1290446,-0.9487729,0.31455523,-0.029748082
1356784302333,0.0060887337,0.08753099,0.99614316,0.32835814,0.94075066,-0.08467067,-0.94453365,0.32760727,-0.023013532
1356784302372,0.0027298052,0.04984902,0.9987531,0.34036875,0.9390763,-0.04780078,-0.94028807,0.3400748,-0.014403522
1356784302412,-2.3808889E-4,0.021651149,0.9997656,0.34743354,0.9374866,-0.020219669,-0.9377046,0.34734726,-0.007745564
1356784302452,-0.0029313546,0.004460737,0.99998575,0.34693027,0.9378856,-0.0031667203,-0.9378863,0.34691602,-0.0042968392
1356784302492,-0.002977997,-0.0012765378,0.9999948,0.33941036,0.9406358,0.002211526,-0.9406337,0.3394152,-0.0023679137
1356784302532,0.0021549165,0.005004257,0.9999852,0.32718328,0.94494534,-0.005433902,-0.94495845,0.32719016,3.989935E-4
1356784302572,0.013443232,0.02420947,0.9996166,0.31201538,0.9496877,-0.027196378,-0.94998205,0.31226134,0.0052131414
1356784302612,0.030634582,0.057021745,0.99790287,0.29422212,0.95362365,-0.06352386,-0.955246,0.2955511,0.012436807
1356784302652,0.05352652,0.102851465,0.9932556,0.27335495,0.955177,-0.11363956,-0.9604229,0.27759406,0.02301234
1356784302692,0.083833545,0.1589524,0.9837206,0.249559,0.9523866,-0.17515704,-0.964724,0.26018035,0.040173948
1356784302732,0.12671313,0.21941769,0.9673674,0.22350648,0.94383395,-0.24335644,-0.9664309,0.24704933,0.07055485
1356784302772,0.18889117,0.27600083,0.94241375,0.19474262,0.9301011,-0.31142777,-0.96249443,0.24235408,0.121938765
1356784302812,0.2709766,0.3208829,0.9075274,0.16154021,0.91427106,-0.37150127,-0.9489344,0.24727033,0.19591057
1356784302853,0.35968772,0.3510785,0.86450493,0.12439816,0.90019965,-0.41733167,-0.9247432,0.2576519,0.2801172
1356784302892,0.43279642,0.3708177,0.8216944,0.08867285,0.8895518,-0.4481458,-0.8971201,0.26681787,0.35211337
1356784302932,0.475201,0.3872978,0.7900534,0.06132786,0.8811502,-0.46884245,-0.87773734,0.27124667,0.3949713
1356784302972,0.48537225,0.4041071,0.7753137,0.047550336,0.873261,-0.48492703,-0.8730137,0.27223656,0.40464118
1356784303012,0.4690838,0.42021054,0.7767777,0.050466552,0.86535853,-0.4986058,-0.8817106,0.27308917,0.38471907
1356784303052,0.4338764,0.4324202,0.7904201,0.07003401,0.85845566,-0.5080838,-0.89824635,0.27580187,0.34217954
1356784303092,0.3863865,0.4382135,0.8115876,0.10253909,0.8540618,-0.5099649,-0.9166194,0.280263,0.28506392
