1356783405344,-0.80835176,-0.46851072,-0.356462,-0.33265385,-0.13605446,0.9331831,-0.48570448,0.8729186,-0.045872033
1356783405383,-0.21825159,-0.17188591,-0.960636,-0.84644073,-0.45657557,0.2740017,-0.48569992,0.87292266,-0.045842916
1356783405423,-0.21819067,-0.17159003,-0.96070266,-0.8464708,-0.45663702,0.27380624,-0.48567483,0.87294877,-0.045611978
1356783405462,-0.21804768,-0.17062747,-0.96090657,-0.8465433,-0.45685375,0.2732197,-0.48561257,0.873024,-0.04482764
1356783405504,-0.21788579,-0.16848359,-0.9613215,-0.84665287,-0.4573474,0.27205175,-0.48549423,0.8731819,-0.04299751
1356783405543,-0.21807033,-0.16522017,-0.96184593,-0.8467233,-0.45804816,0.27065045,-0.48528868,0.8734382,-0.04000905
1356783405582,-0.21924841,-0.16189662,-0.9621433,-0.8466084,-0.458593,0.27008677,-0.4849583,0.87377465,-0.036517262
1356783405622,-0.22178489,-0.15935302,-0.96198654,-0.8462596,-0.4586507,0.27107963,-0.48441318,0.87421167,-0.033132255
1356783405663,-0.22627723,-0.15851423,-0.96107846,-0.84555256,-0.4578629,0.27459478,-0.48356944,0.87477696,-0.030428141
1356783405702,-0.23288995,-0.15989107,-0.95926905,-0.84447294,-0.4559542,0.28101835,-0.48231503,0.8755231,-0.028836548
1356783405742,-0.24155492,-0.16372803,-0.956475,-0.8430129,-0.45276374,0.2904038,-0.4806044,0.87646914,-0.028657556
1356783405783,-0.2515239,-0.1698044,-0.952839,-0.8413542,-0.44825488,0.30197787,-0.47839192,0.87762976,-0.030118793
1356783405822,-0.26204908,-0.1778228,-0.94853014,-0.8396596,-0.44248605,0.31492528,-0.47571224,0.87896824,-0.03335753
1356783405862,-0.27230954,-0.18733901,-0.9437964,-0.8380622,-0.43574488,0.32829577,-0.47275707,0.88035816,-0.038344264
1356783405902,-0.28165132,-0.19818664,-0.9388262,-0.8366587,-0.4282971,0.34141442,-0.4697603,0.88163686,-0.045184135
1356783405944,-0.2898909,-0.21034169,-0.93365926,-0.8353628,-0.4204589,0.354095,-0.46704632,0.88259315,-0.053824395
1356783405982,-0.2970913,-0.22377819,-0.92825645,-0.83404845,-0.41247076,0.36637563,-0.4648655,0.8830579,-0.064100415
1356783406022,-0.30336076,-0.23805967,-0.92265916,-0.83266175,-0.404566,0.37815455,-0.46329987,0.8829802,-0.07549372
1356783406062,-0.30863065,-0.2522789,-0.91711634,-0.8312843,-0.39707285,0.38897234,-0.46229154,0.88243324,-0.08716664
1356783406101,-0.3126049,-0.2654195,-0.9120475,-0.83009255,-0.39042878,0.39813542,-0.46176255,0.8815429,-0.0982728
1356783406142,-0.3138972,-0.2760506,-0.90844077,-0.8296503,-0.38550335,0.4038164,-0.4616807,0.88044494,-0.10801709
1356783406182,-0.31282157,-0.28335232,-0.90656173,-0.82986075,-0.38275868,0.4059888,-0.46203223,0.87932205,-0.115407825
1356783406222,-0.30963486,-0.2860987,-0.9067931,-0.8306103,-0.38281333,0.40440136,-0.46283123,0.8784085,-0.11910409
1356783406289,-0.3032844,-0.2820766,-0.9101931,-0.8320899,-0.3870921,0.39722288,-0.46437588,0.87783396,-0.1173141
1356783406304,-0.2940387,-0.2699265,-0.9168865,-0.8336752,-0.39675033,0.38415462,-0.46746856,0.8773419,-0.10837108
1356783406344,-0.2834072,-0.24948093,-0.9259803,-0.83411276,-0.41233426,0.36638266,-0.47321892,0.87620753,-0.09123668
1356783406384,-0.2736677,-0.22295189,-0.93562734,-0.83228624,-0.4326747,0.34654334,-0.48208475,0.87354743,-0.06715074
1356783406414,-0.2677943,-0.19787216,-0.9429383,-0.8286097,-0.4520825,0.33019286,-0.49162194,0.86975163,-0.04289362
1356783406454,-0.26534712,-0.17361185,-0.9483932,-0.82232594,-0.47278905,0.31662357,-0.50335956,0.8639035,-0.017312288
1356783406493,-0.27000457,-0.1564135,-0.95006967,-0.813467,-0.49084806,0.31199297,-0.5151397,0.8570899,0.0052939355
1356783406522,-0.2680577,-0.13977376,-0.9532095,-0.8078015,-0.5065456,0.30144385,-0.52497804,0.8508084,0.022873968
1356783406563,-0.29167414,-0.14513975,-0.9454421,-0.7945784,-0.51351035,0.32396352,-0.5325142,0.8457196,0.034452766
1356783406602,-0.3130657,-0.15456918,-0.93706894,-0.7834859,-0.5156299,0.34680802,-0.53678656,0.84275395,0.040323198
1356783406642,-0.3320076,-0.16630805,-0.9285002,-0.7751788,-0.5127551,0.36902583,-0.5374652,0.842273,0.041320115
1356783406681,-0.34770292,-0.17831337,-0.9204929,-0.7699728,-0.5059047,0.3888475,-0.5350183,0.8439579,0.038608044
1356783406722,-0.35944366,-0.18874845,-0.9138787,-0.76766443,-0.49699533,0.40458244,-0.53055775,0.8469768,0.033746332
1356783406762,-0.36690074,-0.19634879,-0.9093024,-0.7676245,-0.48825312,0.41516435,-0.52548677,0.850327,0.028418362
1356783406801,-0.37024564,-0.20086473,-0.9069573,-0.7689087,-0.48158097,0.42054647,-0.52124625,0.8530728,0.02385658
1356783406842,-0.36992568,-0.2029908,-0.9066144,-0.77050066,-0.4782247,0.42146164,-0.5191183,0.8544565,0.020503074
1356783406882,-0.3665257,-0.20392364,-0.90778524,-0.7717755,-0.4782864,0.4190522,-0.519636,0.85419977,0.017920941
1356783406922,-0.3606835,-0.20476136,-0.90993416,-0.77254844,-0.4810235,0.41447008,-0.52256715,0.85246074,0.015309185
1356783406962,-0.35299575,-0.2058368,-0.9127021,-0.77260923,-0.48606312,0.40843284,-0.5277014,0.8493372,0.012546897
1356783407002,-0.34393013,-0.20640177,-0.9160297,-0.77192444,-0.49330515,0.40097725,-0.5346446,0.84501386,0.010335892
1356783407042,-0.33400774,-0.20526415,-0.91994864,-0.7713228,-0.5014485,0.39193186,-0.54175645,0.8404856,0.009162784
1356783407082,-0.3240484,-0.20123225,-0.92439073,-0.7722754,-0.5081086,0.3813349,-0.5464278,0.83745515,0.009245068
1356783407122,-0.3156351,-0.1938197,-0.92887473,-0.7754853,-0.511424,0.37022692,-0.5468062,0.8371853,0.0111190975
1356783407162,-0.3114224,-0.18445447,-0.93219775,-0.7801243,-0.51051587,0.36163473,-0.5426069,0.83985126,0.015088648
1356783407202,-0.31484425,-0.1767084,-0.9325488,-0.7842343,-0.50501573,0.36046603,-0.5346492,0.8448274,0.020420521
1356783407242,-0.3290791,-0.17466825,-0.9280075,-0.78547215,-0.49486315,0.37167728,-0.5241569,0.8512353,0.025652021
1356783407288,-0.3556931,-0.18093985,-0.9169204,-0.78176373,-0.48004884,0.39799303,-0.5121795,0.8583786,0.029297918
1356783407324,-0.3546062,-0.17330039,-0.91881526,-0.79015666,-0.46984524,0.3935708,-0.4999069,0.86557066,0.029675573
1356783407354,-0.4445488,-0.22279868,-0.8676042,-0.75045776,-0.43619204,0.49653763,-0.48907,0.87183553,0.026707709
1356783407384,-0.5100377,-0.26202548,-0.8192705,-0.7134852,-0.40310127,0.573104,-0.4804168,0.876842,0.018645525
1356783407414,-0.5611413,-0.2994904,-0.7716385,-0.67789227,-0.3686499,0.6360498,-0.47495523,0.8800016,0.003842473
1356783407472,-0.60082364,-0.34767616,-0.71981406,-0.64168084,-0.32723033,0.69366133,-0.4767145,0.878659,-0.026489377
1356783407492,-0.6311884,-0.40907228,-0.6589849,-0.60320246,-0.2752143,0.74860126,-0.48759413,0.8700097,-0.07304132
1356783407533,-0.64631575,-0.47927585,-0.5937766,-0.5700428,-0.21403784,0.79324585,-0.50727427,0.85116535,-0.13487172
1356783407570,-0.64465207,-0.55077916,-0.53015655,-0.54980725,-0.14781272,0.8221091,-0.53116447,0.8214582,-0.20753461
1356783407613,-0.6299486,-0.61512196,-0.47411993,-0.5463561,-0.08287096,0.83344316,-0.55195993,0.78406465,-0.28387117
1356783407652,-0.6101618,-0.6642222,-0.43186975,-0.5573413,-0.027563632,0.8298259,-0.56309265,0.7470269,-0.35338014
1356783407692,-0.5935596,-0.6938779,-0.40770143,-0.575437,0.011750817,0.81776166,-0.5626359,0.7199968,-0.40625787
1356783407732,-0.58514744,-0.7031228,-0.404006,-0.5925718,0.030639589,0.80493474,-0.5535894,0.7104081,-0.43457937
1356783407773,-0.58487,-0.6938459,-0.42012486,-0.60411304,0.026983857,0.7964417,-0.5412712,0.7196177,-0.43494344
1356783407812,-0.5888113,-0.6690145,-0.4535646,-0.60985893,-5.4204464E-4,0.79250985,-0.5304464,0.7432491,-0.40768528
1356783407852,-0.59156907,-0.63144004,-0.5013278,-0.6132431,-0.051286995,0.78822744,-0.52342993,0.7737268,-0.35688645
1356783407892,-0.58850056,-0.582566,-0.56061035,-0.6194031,-0.12077856,0.775727,-0.5196219,0.8037595,-0.28976494
1356783407932,-0.5759425,-0.5234676,-0.6279108,-0.63290054,-0.200638,0.74778426,-0.51742357,0.8280858,-0.21574694
1356783407972,-0.5520946,-0.45589772,-0.6981037,-0.6548228,-0.28121734,0.7015154,-0.51613814,0.84443706,-0.14327359
1356783408012,-0.51747715,-0.38344905,-0.7649734,-0.6830033,-0.353455,0.6391995,-0.5154841,0.8532505,-0.07899207
1356783408052,-0.47548735,-0.31156087,-0.8227038,-0.71330905,-0.41079903,0.56783295,-0.5148805,0.85683954,-0.026909351
1356783408092,-0.43094623,-0.24657777,-0.8680351,-0.74189353,-0.45078522,0.49637377,-0.513692,0.8578999,0.011329681
1356783408132,-0.38816732,-0.1938093,-0.90097946,-0.76632106,-0.4751917,0.43237102,-0.51193553,0.85827196,0.035933763
1356783408172,-0.34959716,-0.15567583,-0.92387605,-0.7856366,-0.48854196,0.37960774,-0.51044786,0.8585406,0.04848817
1356783408211,-0.31561172,-0.13143682,-0.93974125,-0.7998881,-0.49591613,0.33800334,-0.51045895,0.8583656,0.051382184
1356783408292,-0.31581533,-0.13847247,-0.93866175,-0.797768,-0.4967975,0.34169936,-0.5136408,0.8567482,0.04642743
1356783408293,-0.26537293,-0.118313015,-0.95685905,-0.812145,-0.50743234,0.2879809,-0.5196131,0.85353065,0.038571417
1356783408319,-0.22735375,-0.106149316,-0.9680096,-0.81901896,-0.5169001,0.24904257,-0.52680004,0.84943897,0.030580878
1356783408349,-0.19761759,-0.09873116,-0.97529453,-0.8218091,-0.5256868,0.21973422,-0.5343941,0.84492934,0.022746801
1356783408392,-0.1741395,-0.09509659,-0.98011845,-0.8229626,-0.5325169,0.19788507,-0.5407478,0.8410604,0.014471233
1356783408433,-0.1562978,-0.09167078,-0.9834467,-0.82541394,-0.53471667,0.18102479,-0.5424601,0.8400444,0.007908672
1356783408472,-0.14625168,-0.08736703,-0.98538184,-0.8295952,-0.5317679,0.17027786,-0.53887117,0.8423716,0.0052927136
1356783408512,-0.14673096,-0.08375892,-0.9856239,-0.8345088,-0.52449924,0.16880652,-0.53109807,0.84728086,0.0070627034
1356783408552,-0.1609785,-0.08518094,-0.98327523,-0.838255,-0.51408917,0.18177173,-0.5209746,0.8534967,0.01135397
1356783408592,-0.19093835,-0.09558949,-0.97693664,-0.83894825,-0.5008085,0.21297127,-0.50961596,0.86026365,0.015428901
1356783408632,-0.23664457,-0.117128104,-0.96451044,-0.83469,-0.48358148,0.26351795,-0.49728474,0.86742723,0.01667127
1356783408672,-0.29588777,-0.15044951,-0.9433003,-0.8233889,-0.46043348,0.33171052,-0.48423272,0.874852,0.012358129
1356783408712,-0.3634153,-0.19529882,-0.9109268,-0.803458,-0.42923617,0.41256693,-0.4715766,0.8818246,-9.2336535E-4
1356783408752,-0.43125218,-0.2519662,-0.8663339,-0.77499163,-0.3881991,0.49868754,-0.46196252,0.88646173,-0.027859986
1356783408792,-0.49010783,-0.32141694,-0.81023794,-0.74085534,-0.33615762,0.58149064,-0.45926863,0.88526225,-0.07336998
1356783408832,-0.53044266,-0.40379548,-0.74537224,-0.70800126,-0.27255088,0.6514985,-0.466224,0.87330705,-0.1413151
1356783408872,-0.5478517,-0.49073917,-0.67752016,-0.6853456,-0.20115995,0.6998829,-0.4797499,0.84776753,-0.22612011
1356783408912,-0.5445294,-0.5703325,-0.6149866,-0.6781907,-0.13202327,0.72292954,-0.4935028,0.81073457,-0.31490362
1356783408952,-0.529849,-0.63100284,-0.5666528,-0.6832952,-0.078156054,0.7259472,-0.50236213,0.7718335,-0.38975024
1356783408992,-0.515087,-0.6666939,-0.5387064,-0.6919106,-0.04754573,0.7204159,-0.50591004,0.7438136,-0.43680245
1356783409033,-0.50760025,-0.67755526,-0.5322226,-0.696706,-0.04063481,0.716205,-0.5068952,0.73434854,-0.45143056
1356783409072,-0.5094637,-0.6666599,-0.5440692,-0.69423395,-0.055134356,0.71763456,-0.5084151,0.7433201,-0.43472898
1356783409112,-0.5184063,-0.638163,-0.5692126,-0.6848551,-0.0887717,0.72325176,-0.5120825,0.7647664,-0.39102936
1356783409152,-0.53072876,-0.5962522,-0.6023373,-0.67161024,-0.13763303,0.7280088,-0.5169783,0.79091114,-0.3274033
1356783409192,-0.5427832,-0.5450755,-0.6389672,-0.65881664,-0.19553566,0.72644776,-0.5209097,0.81526595,-0.25297135
1356783409232,-0.5512329,-0.48953122,-0.6756489,-0.6503435,-0.25520158,0.7154897,-0.52268124,0.8338054,-0.17768794
1356783409284,-0.5557237,-0.43013206,-0.7114474,-0.6464673,-0.31449503,0.6951064,-0.5227342,0.84621465,-0.103293896
1356783409323,-0.5496061,-0.37473142,-0.7466656,-0.6531695,-0.364491,0.6637137,-0.5208672,0.8524803,-0.044436693
1356783409364,-0.53822213,-0.32793462,-0.77638644,-0.6650193,-0.4006635,0.6302525,-0.5177513,0.85552776,-0.002436936
1356783409404,-0.5222891,-0.29101133,-0.8015776,-0.68030787,-0.42458606,0.59741783,-0.51419395,0.85734427,0.023779333
1356783409443,-0.5031196,-0.2645787,-0.82272035,-0.6966507,-0.43919206,0.5672637,-0.51141816,0.8585502,0.0366472
1356783409484,-0.48209757,-0.24830331,-0.8401949,-0.7118559,-0.44802696,0.5408633,-0.51072806,0.85884655,0.039236546
1356783409524,-0.46060032,-0.24105217,-0.85424894,-0.7242649,-0.45429403,0.5187074,-0.5131157,0.8576193,0.034662336
1356783409562,-0.43994075,-0.2409271,-0.8651048,-0.73306304,-0.46009845,0.5009272,-0.51872027,0.85455465,0.025801271
1356783409602,-0.42142296,-0.24543545,-0.87302005,-0.7387215,-0.46548396,0.48745787,-0.52601635,0.85034466,0.014857262
1356783409642,-0.406424,-0.2515276,-0.87838113,-0.7428824,-0.46871352,0.47794703,-0.53192604,0.84678304,0.0036410391
1356783409682,-0.39635932,-0.25608742,-0.8816567,-0.7470696,-0.468229,0.47185662,-0.5336538,0.8456837,-0.005728185
1356783409722,-0.39232993,-0.25767115,-0.8829965,-0.75141335,-0.4638921,0.46923578,-0.5305236,0.84759057,-0.011618853
1356783409762,-0.3949722,-0.25732854,-0.8819178,-0.75477064,-0.45639372,0.47119644,-0.52375406,0.85175514,-0.013961166
1356783409802,-0.4045748,-0.2575043,-0.8775025,-0.75577295,-0.44611377,0.4793638,-0.5149042,0.85713124,-0.014128417
1356783409842,-0.4210521,-0.26038593,-0.868858,-0.7536083,-0.43265057,0.4948616,-0.50476694,0.86314106,-0.014060497
1356783409882,-0.4438082,-0.26763982,-0.85522115,-0.7478903,-0.41511112,0.5180181,-0.49365413,0.8695123,-0.01593548
1356783409922,-0.4711641,-0.28112757,-0.83604527,-0.7385695,-0.39243287,0.54818934,-0.48220277,0.87576467,-0.02273196
1356783409962,-0.5000867,-0.30416355,-0.8108008,-0.7259122,-0.36329007,0.5840136,-0.47219145,0.88062763,-0.03911954
1356783410002,-0.52616537,-0.3417095,-0.778707,-0.71083,-0.32589364,0.623309,-0.46676624,0.8814919,-0.07142341
1356783410042,-0.54404336,-0.39754677,-0.73890007,-0.695879,-0.2782411,0.6620682,-0.46879545,0.87437886,-0.12526917
1356783410082,-0.54920954,-0.46852025,-0.6919953,-0.68591946,-0.22028589,0.6935334,-0.47737128,0.85554826,-0.20038396
1356783410122,-0.54143304,-0.5416198,-0.64303833,-0.68570054,-0.15808797,0.710509,-0.48648232,0.82562476,-0.2857949
1356783410162,-0.5263562,-0.60092825,-0.6015268,-0.6949517,-0.10355729,0.7115603,-0.4898891,0.79256624,-0.3631081
1356783410202,-0.5120556,-0.6367552,-0.576491,-0.70771027,-0.06758869,0.7032623,-0.48677027,0.768098,-0.41602904
1356783410242,-0.5036007,-0.6478241,-0.57158566,-0.7173987,-0.05506748,0.69448304,-0.48137864,0.759797,-0.4370162
1356783410306,-0.5015698,-0.63745207,-0.5848783,-0.72057825,-0.06629664,0.69019693,-0.47874287,0.76763254,-0.42608166
1356783410322,-0.50336295,-0.6106126,-0.61137396,-0.717493,-0.09889841,0.6895093,-0.48148686,0.7857299,-0.38832837
1356783410363,-0.50638455,-0.5714158,-0.6458008,-0.71029997,-0.14822876,0.68811494,-0.48892593,0.80716306,-0.33081585
1356783410400,-0.50826603,-0.5241079,-0.6833569,-0.7024594,-0.20674002,0.6810356,-0.4982133,0.82617766,-0.26308554
1356783410443,-0.5078613,-0.4726034,-0.72022426,-0.6963695,-0.26692963,0.6661967,-0.50709605,0.8398777,-0.19354337
1356783410482,-0.50431025,-0.4212888,-0.75378174,-0.6937935,-0.32203543,0.64416134,-0.5141223,0.847826,-0.12988162
1356783410522,-0.49791402,-0.37336826,-0.7827374,-0.69512916,-0.36784238,0.61764675,-0.5185337,0.8516385,-0.07638526
1356783410562,-0.48898846,-0.33103395,-0.80703586,-0.7003695,-0.40251207,0.589463,-0.51997393,0.8534639,-0.03502232
1356783410602,-0.4777829,-0.29586625,-0.8271558,-0.7087667,-0.42646444,0.56194127,-0.519012,0.85474634,-0.005942762
1356783410642,-0.46425647,-0.268813,-0.8439226,-0.71915656,-0.44176674,0.5363356,-0.516991,0.8559098,0.01177448
1356783410682,-0.44814187,-0.2499985,-0.8582946,-0.73040867,-0.4511723,0.5127833,-0.5154338,0.85670555,0.019588113
1356783410722,-0.42916113,-0.23878312,-0.87109315,-0.7412976,-0.45788795,0.49073052,-0.5160413,0.8563417,0.019498378
1356783410762,-0.4074139,-0.23353747,-0.88287836,-0.7505046,-0.46521002,0.46938515,-0.5203429,0.8538383,0.01426208
1356783410802,-0.38384855,-0.23149455,-0.89390737,-0.7575812,-0.47453886,0.44820035,-0.52794975,0.8492485,0.0067751706
1356783410842,-0.36052287,-0.22918418,-0.9041559,-0.7634902,-0.48433542,0.4272025,-0.5358228,0.84433043,-3.658533E-4
1356783410882,-0.34033436,-0.22393382,-0.9132503,-0.7694662,-0.4919063,0.40736946,-0.54045737,0.8413571,-0.0048968494
1356783410922,-0.32630366,-0.21582556,-0.92029625,-0.77560234,-0.49539793,0.39117998,-0.5403395,0.8414274,-0.0057446063
1356783410962,-0.32117814,-0.20774505,-0.9239515,-0.7806703,-0.49421883,0.38249382,-0.5360955,0.8441502,-0.0034480393
1356783411002,-0.32732677,-0.20323613,-0.92279595,-0.7829349,-0.4884321,0.3852884,-0.52902764,0.8486043,7.562041E-4
1356783411042,-0.34638375,-0.20502594,-0.91541386,-0.7807491,-0.4779576,0.40247646,-0.5200472,0.8541199,0.0054830015
1356783411082,-0.3783955,-0.21540609,-0.90023166,-0.7725873,-0.46216613,0.43532902,-0.5098291,0.8602341,0.008461565
1356783411122,-0.42079026,-0.23754403,-0.8755046,-0.7571187,-0.4396661,0.48318213,-0.49970672,0.8661793,0.005158186
1356783411162,-0.46773356,-0.2761951,-0.839608,-0.7340717,-0.40770775,0.5430592,-0.49230498,0.87033945,-0.012048364
1356783411202,-0.51025337,-0.3362856,-0.79155123,-0.7062156,-0.3614269,0.6087939,-0.49081656,0.86964506,-0.053070784
1356783411242,-0.5385797,-0.41764605,-0.73178124,-0.6812639,-0.2952001,0.6698779,-0.49579373,0.85931873,-0.12553847
1356783411289,-0.54767156,-0.50824434,-0.664638,-0.6696684,-0.2099517,0.71236545,-0.5015976,0.83522934,-0.22537059
1356783411324,-0.5429161,-0.5873467,-0.60022163,-0.6745219,-0.120776415,0.72830844,-0.50026214,0.80027306,-0.33060676
1356783411364,-0.53609055,-0.640893,-0.5494207,-0.6864356,-0.04786384,0.7256138,-0.49133813,0.7661366,-0.41427237
1356783411403,-0.5356979,-0.6676921,-0.51692855,-0.6932458,-0.0017666817,0.7206991,-0.4821183,0.74443555,-0.4619283
1356783411444,-0.5438795,-0.6729755,-0.50129753,-0.6888996,0.016952753,0.7246586,-0.47917902,0.7394706,-0.47283268
1356783411483,-0.5591561,-0.6623449,-0.49864194,-0.67333144,0.01189518,0.7392451,-0.48370376,0.7491047,-0.4526289
1356783411524,-0.5787703,-0.6402448,-0.5050859,-0.64978534,-0.012181342,0.7600202,-0.4927515,0.76807445,-0.4089715
1356783411563,-0.59943587,-0.6105954,-0.5175422,-0.62278515,-0.050379097,0.7807693,-0.50280744,0.7903387,-0.35007071
1356783411604,-0.6179921,-0.5769271,-0.5340795,-0.5967824,-0.0979895,0.79639745,-0.5117975,0.8108965,-0.28374326
1356783411643,-0.6319934,-0.54197305,-0.55394,-0.57574564,-0.15010363,0.80373245,-0.5187498,0.8268822,-0.21717411
1356783411684,-0.64009356,-0.50727266,-0.57702214,-0.5627062,-0.2018246,0.80164117,-0.52310795,0.8378193,-0.15625876
1356783411724,-0.64134705,-0.4737839,-0.6034921,-0.5596573,-0.24916977,0.79037845,-0.52484065,0.84465563,-0.10535234
1356783411764,-0.6349903,-0.44228056,-0.633384,-0.5667669,-0.29041493,0.77099574,-0.5249406,0.8485559,-0.066259325
1356783411803,-0.6203704,-0.4131149,-0.66669077,-0.5827211,-0.3261689,0.74434525,-0.5249539,0.8502646,-0.038385272
1356783411843,-0.59726113,-0.38630375,-0.7028859,-0.6053481,-0.35778302,0.7110169,-0.5261491,0.85015345,-0.02015841
1356783411884,-0.5657668,-0.36180323,-0.74094963,-0.6321607,-0.3866248,0.6714865,-0.5294155,0.84830403,-0.009978294
1356783411924,-0.52691734,-0.33944535,-0.77918863,-0.66037804,-0.4136116,0.6267586,-0.5350318,0.84480906,-0.006223142
1356783411963,-0.4833271,-0.31865752,-0.8153848,-0.6877842,-0.43801934,0.5788713,-0.541616,0.8405929,-0.007460952
1356783412002,-0.43935597,-0.29866883,-0.8472091,-0.7132672,-0.45733935,0.5311219,-0.5460917,0.8376381,-0.012095869
1356783412042,-0.40051216,-0.2789783,-0.8727894,-0.7360745,-0.46931624,0.48778757,-0.54569626,0.83780277,-0.017381996
1356783412082,-0.3720383,-0.26027057,-0.89098084,-0.75504315,-0.47346747,0.45358396,-0.53990495,0.84147954,-0.020367444
1356783412122,-0.35758656,-0.2448555,-0.901209,-0.76881504,-0.47063714,0.43292513,-0.5301465,0.8476713,-0.019955039
1356783412162,-0.35911125,-0.23580503,-0.9030144,-0.7762209,-0.4617495,0.42926505,-0.5181893,0.85509264,-0.017217398
1356783412202,-0.37723696,-0.2355937,-0.89564943,-0.7762903,-0.4469511,0.44453138,-0.5050403,0.86297756,-0.014282644
1356783412242,-0.41098082,-0.24532112,-0.87801605,-0.76817846,-0.42543977,0.47843772,-0.49091393,0.8711018,-0.013602763
1356783412289,-0.45716536,-0.26555657,-0.8488107,-0.75111747,-0.39578432,0.5283723,-0.47625867,0.87911,-0.018525302
1356783412324,-0.50897217,-0.29765323,-0.8076818,-0.7255939,-0.3564508,0.5886054,-0.46309912,0.88563275,-0.03455186
1356783412364,-0.5556894,-0.34468603,-0.7565718,-0.6955689,-0.30572218,0.6501676,-0.45540446,0.887539,-0.0698663
1356783412404,-0.5861399,-0.40929094,-0.6992289,-0.6691992,-0.24194837,0.7025905,-0.4567412,0.8797397,-0.13208163
1356783412443,-0.5943887,-0.48654944,-0.6402903,-0.65593356,-0.16730493,0.73604363,-0.4652453,0.8574839,-0.21969992
1356783412484,-0.58392245,-0.5622674,-0.585568,-0.6596954,-0.091723084,0.7459148,-0.4731137,0.8218529,-0.31736606
1356783412524,-0.5666398,-0.62105507,-0.5414887,-0.67381734,-0.028960168,0.73833025,-0.47422534,0.78323174,-0.40206772
1356783412562,-0.55361366,-0.65648526,-0.5123856,-0.6871359,0.012490511,0.72642165,-0.47048512,0.75423545,-0.45800948
1356783412602,-0.54946846,-0.6703782,-0.49867573,-0.6921629,0.030934036,0.72107816,-0.46796903,0.7413745,-0.48100817
1356783412642,-0.5545934,-0.66671145,-0.49791774,-0.6863719,0.028226793,0.72670275,-0.47044638,0.7447813,-0.47326636
1356783412682,-0.56706786,-0.6492166,-0.5069042,-0.6711022,0.007359922,0.74132824,-0.47755185,0.760568,-0.43986422
1356783412722,-0.5839512,-0.6212594,-0.52253014,-0.64964634,-0.02834338,0.759708,-0.48678604,0.7830922,-0.38704777
1356783412762,-0.60151345,-0.58636117,-0.5425515,-0.6262553,-0.07553685,0.77595,-0.49596965,0.80652016,-0.32177538
1356783412802,-0.6158327,-0.5479995,-0.56608015,-0.6057402,-0.13012737,0.78494954,-0.5038144,0.826295,-0.25180858
1356783412842,-0.6237494,-0.508803,-0.5933433,-0.59261084,-0.18713343,0.78344977,-0.5096559,0.84029794,-0.18479788
1356783412882,-0.62281185,-0.4703017,-0.6252373,-0.59040684,-0.24183404,0.7700234,-0.51334697,0.84872407,-0.12705225
1356783412922,-0.6109177,-0.43315393,-0.6626894,-0.6008305,-0.29141152,0.7443669,-0.5155408,0.8529109,-0.082223654
1356783412962,-0.58611196,-0.3974476,-0.7060511,-0.62329316,-0.3355866,0.7063195,-0.5176662,0.85405916,-0.051035047
1356783413002,-0.5470217,-0.36279306,-0.75441927,-0.6551256,-0.37549978,0.6555992,-0.5211311,0.85286635,-0.032268524
1356783413042,-0.49387097,-0.32852727,-0.80508465,-0.6919616,-0.41220695,0.5926842,-0.52657443,0.8497972,-0.0237512
1356783413082,-0.42952263,-0.29423726,-0.8537767,-0.72852015,-0.44577664,0.520136,-0.53363717,0.8454038,-0.022886574
1356783413141,-0.35987544,-0.26031148,-0.89595073,-0.76045334,-0.4745286,0.44332087,-0.5405558,0.84086895,-0.027183592
1356783413162,-0.29303443,-0.22804523,-0.92850757,-0.78606546,-0.4953686,0.36974466,-0.54427195,0.8382156,-0.034098506
1356783413203,-0.2373727,-0.19939986,-0.95073336,-0.8060322,-0.5058249,0.30733266,-0.5421867,0.83927405,-0.040653735
1356783413240,-0.19953322,-0.17677194,-0.9638144,-0.82155776,-0.5059071,0.26287037,-0.5340687,0.84428054,-0.044283092
1356783413282,-0.18369853,-0.16252783,-0.9694532,-0.83344054,-0.49715596,0.24127358,-0.52118313,0.8523032,-0.044130474
1356783413312,-0.19099605,-0.16023213,-0.9684247,-0.8400914,-0.48360842,0.24570185,-0.5077076,0.86049324,-0.042242378
1356783413342,-0.21300507,-0.16446275,-0.96310997,-0.84324974,-0.4669571,0.26623493,-0.49351677,0.8688516,-0.039218903
1356783413382,-0.252302,-0.17505741,-0.9516821,-0.8424728,-0.44406593,0.30503318,-0.47600785,0.8787266,-0.035442412
1356783413422,-0.32203954,-0.2005097,-0.9252494,-0.82949805,-0.41129863,0.37784457,-0.45631522,0.8891734,-0.033868015
1356783413462,-0.41010612,-0.23781833,-0.8804859,-0.80079985,-0.3681472,0.4724268,-0.4365002,0.89883816,-0.039465427
1356783413502,-0.49864393,-0.285825,-0.81832653,-0.75789666,-0.31437945,0.5716277,-0.42065054,0.9052456,-0.059862435
1356783413542,-0.56829137,-0.34534287,-0.7468488,-0.71108747,-0.25056523,0.6569412,-0.4140043,0.9044088,-0.103174925
1356783413582,-0.6066596,-0.41598538,-0.67743653,-0.67564595,-0.17922312,0.71510947,-0.41888744,0.8915353,-0.17233133
1356783413622,-0.61372066,-0.49152458,-0.6178596,-0.6614263,-0.10723543,0.7423044,-0.4311173,0.8642362,-0.25929475
1356783413662,-0.60044307,-0.5600979,-0.5707526,-0.6659668,-0.044858575,0.7446314,-0.44266966,0.827211,-0.34607154
1356783413702,-0.5829186,-0.6105666,-0.53611046,-0.6774093,8.327365E-4,0.73560584,-0.4486899,0.79196453,-0.41408896
1356783413742,-0.5738448,-0.6383959,-0.5129842,-0.6839013,0.02895999,0.7289995,-0.45053434,0.76916313,-0.45321834
1356783413782,-0.57795036,-0.64522296,-0.49966052,-0.6790797,0.040691853,0.7329357,-0.45257488,0.7629098,-0.46167576
1356783413822,-0.5931769,-0.63563395,-0.49407563,-0.6620294,0.035912335,0.74861705,-0.4581029,0.7711549,-0.44211066
1356783413862,-0.61428815,-0.6149466,-0.49446002,-0.63546515,0.014041245,0.77200186,-0.46779707,0.7884437,-0.3994025
1356783413902,-0.6358698,-0.5880568,-0.49985883,-0.6040369,-0.023971438,0.79659575,-0.48042586,0.80846435,-0.33996528
1356783413942,-0.65394753,-0.55860186,-0.5102122,-0.57304573,-0.074569166,0.8161238,-0.49393436,0.82607704,-0.27134013
1356783413982,-0.6663298,-0.5283945,-0.52612156,-0.54759866,-0.13214004,0.8262413,-0.5061031,0.8386527,-0.20129925
1356783414022,-0.6717135,-0.49781346,-0.5486189,-0.5323411,-0.1906535,0.82478124,-0.5151833,0.84606916,-0.13694209
1356783414062,-0.6687631,-0.46666914,-0.578771,-0.5307807,-0.24542141,0.8111968,-0.5206033,0.8496989,-0.08357018
1356783414102,-0.6553945,-0.4346875,-0.6176608,-0.54490626,-0.29415137,0.7852084,-0.523006,0.8511885,-0.044078708
1356783414142,-0.6291192,-0.40147984,-0.6655997,-0.57433563,-0.3369103,0.7460764,-0.523782,0.8516486,-0.018627405
1356783414182,-0.5876142,-0.36636436,-0.72144765,-0.61619914,-0.37525046,0.6924491,-0.5244122,0.8514483,-0.005250931
1356783414222,-0.53002775,-0.32879174,-0.78164345,-0.6649911,-0.410797,0.6237248,-0.52617234,0.85037744,-9.096861E-4
1356783414291,-0.4583398,-0.28866363,-0.8405938,-0.7135992,-0.44427443,0.54166085,-0.5298121,0.8481118,-0.002361536
1356783414305,-0.37790406,-0.24655026,-0.89241326,-0.7560424,-0.47418702,0.45116138,-0.53440475,0.84519804,-0.0072052777
1356783414343,-0.29680628,-0.2039195,-0.9329109,-0.78975976,-0.49677688,0.35985014,-0.5368291,0.8435813,-0.013600916
1356783414382,-0.22516578,-0.16485077,-0.96027315,-0.81500864,-0.50821495,0.27834967,-0.53391135,0.8453058,-0.019922197
1356783414422,-0.16955847,-0.1316992,-0.97668064,-0.8341399,-0.50859964,0.21339384,-0.52484334,0.8508711,-0.023618132
1356783414462,-0.13528925,-0.10728797,-0.9849802,-0.8487587,-0.5003408,0.17107806,-0.5111805,0.85915554,-0.023370832
1356783414502,-0.12569892,-0.094426066,-0.98756444,-0.8595953,-0.48659998,0.1559371,-0.49527335,0.8685069,-0.02000314
1356783414542,-0.14306742,-0.09543276,-0.9851012,-0.8662695,-0.46930015,0.17127326,-0.4786532,0.87786674,-0.015528947
1356783414582,-0.18895096,-0.1119113,-0.9755888,-0.86661553,-0.44822097,0.21926126,-0.46181718,0.88688993,-0.0122923255
1356783414622,-0.26251942,-0.14440048,-0.9540608,-0.85625875,-0.4209813,0.29932523,-0.4448645,0.8955016,-0.01312837
1356783414662,-0.35791105,-0.192332,-0.913733,-0.82954514,-0.38373923,0.40570796,-0.42866588,0.90319026,-0.022203535
1356783414702,-0.45991784,-0.25357902,-0.8509836,-0.7845162,-0.33287948,0.5231878,-0.41594443,0.90823394,-0.045839667
1356783414742,-0.54620737,-0.32573843,-0.7717202,-0.7297554,-0.26725292,0.62931144,-0.41123545,0.9069015,-0.09173387
1356783414782,-0.5984632,-0.40624556,-0.69051164,-0.68375766,-0.19017226,0.7044927,-0.4175132,0.89375556,-0.16396242
1356783414823,-0.6113346,-0.49070996,-0.62086535,-0.6631331,-0.11051208,0.7402983,-0.43188488,0.8642863,-0.25784612
1356783414872,-0.5921256,-0.5719297,-0.56770045,-0.67136,-0.039536476,0.7400761,-0.44571635,0.81934935,-0.36056024
1356783414912,-0.579834,-0.6259244,-0.52154684,-0.67917174,0.017756581,0.7337645,-0.45002025,0.77968156,-0.4354061
1356783414952,-0.58606213,-0.6503093,-0.48335192,-0.6749511,0.06176728,0.73527265,-0.44829932,0.75715435,-0.4751264
1356783414992,-0.6123964,-0.64983475,-0.4502059,-0.6521944,0.09344709,0.75227004,-0.44678077,0.75430924,-0.4810452
1356783415032,-0.6508848,-0.63197106,-0.42066804,-0.61227757,0.10937494,0.7830411,-0.44884875,0.76723516,-0.45813215
1356783415072,-0.69181055,-0.6046596,-0.3946959,-0.5612311,0.10633999,0.82079923,-0.4543322,0.78935325,-0.41292095
1356783415112,-0.7283285,-0.57470727,-0.37316114,-0.5062947,0.08437967,0.8582224,-0.46173942,0.8139973,-0.35242742
1356783415152,-0.75679773,-0.54724824,-0.3574584,-0.45434165,0.04725331,0.8895734,-0.46992636,0.83563536,-0.2843989
1356783415192,-0.77660453,-0.52473795,-0.3486195,-0.41027403,0.0013209581,0.9119613,-0.47808024,0.8512628,-0.21631229
1356783415233,-0.78884727,-0.5071595,-0.34714442,-0.377166,-0.046483874,0.92497844,-0.4852482,0.8605978,-0.15461463
1356783415291,-0.7949068,-0.49328038,-0.35326695,-0.35676977,-0.09092897,0.9297565,-0.49075288,0.8651048,-0.10370743
1356783415314,-0.7953226,-0.48206773,-0.3675222,-0.3501028,-0.12965727,0.92769444,-0.49486348,0.8664869,-0.06565386
1356783415354,-0.78968847,-0.47309825,-0.39060232,-0.35721257,-0.16305804,0.91968,-0.49878988,0.8657887,-0.040231586
1356783415394,-0.7770502,-0.46601588,-0.42311004,-0.37727666,-0.19324267,0.9057149,-0.50384045,0.86341554,-0.025657594
1356783415433,-0.75653505,-0.45996362,-0.4648529,-0.4083823,-0.22289306,0.8851794,-0.5107628,0.85950696,-0.01921457
1356783415474,-0.72824913,-0.45335874,-0.51392514,-0.447296,-0.25371248,0.85764575,-0.5192104,0.8544564,-0.018019676
1356783415512,-0.6945011,-0.4442277,-0.5659771,-0.4897465,-0.28439468,0.82417727,-0.52708316,0.8495773,-0.020046592
1356783415552,-0.66043526,-0.43119028,-0.61473596,-0.5310716,-0.31053907,0.7883708,-0.5308373,0.8471367,-0.02390194
1356783415592,-0.63305277,-0.41499597,-0.65346956,-0.5661123,-0.3275659,0.75645053,-0.5279783,0.8488103,-0.027567804
1356783415632,-0.61902577,-0.39865693,-0.67666817,-0.58967286,-0.3331629,0.7357231,-0.51874185,0.8544443,-0.02884072
1356783415672,-0.6227106,-0.38609678,-0.6805591,-0.59743863,-0.32704383,0.7321949,-0.5052708,0.86253786,-0.027015507
1356783415712,-0.6450839,-0.38018456,-0.662817,-0.5865493,-0.3095631,0.7484187,-0.48972094,0.8715677,-0.023302853
1356783415752,-0.68324673,-0.38092387,-0.6229533,-0.5561997,-0.28124905,0.7820107,-0.4730916,0.88079274,-0.019707203
1356783415792,-0.73073477,-0.38571596,-0.56324947,-0.5083786,-0.2431854,0.82608235,-0.4556072,0.88999104,-0.018385708
1356783415832,-0.7784805,-0.39109966,-0.49092686,-0.4500601,-0.1973713,0.87091357,-0.43750888,0.89893585,-0.02236861
1356783415872,-0.8179988,-0.3962593,-0.41696104,-0.3927058,-0.14495128,0.9081692,-0.4203095,0.9066244,-0.037043333
1356783415912,-0.8438548,-0.40507364,-0.35188708,-0.3489573,-0.08387202,0.9333779,-0.40760025,0.91042894,-0.07057768
1356783415970,-0.8545729,-0.42322403,-0.3009759,-0.32775128,-0.0100367665,0.9447107,-0.4028451,0.90596944,-0.130135
1356783415992,-0.85216045,-0.45212573,-0.2634479,-0.33109707,0.07601237,0.94053,-0.40521255,0.88870937,-0.2144723
1356783416033,-0.84179956,-0.48535362,-0.23623165,-0.35289654,0.16368169,0.92123413,-0.40845755,0.8588598,-0.30906677
1356783416070,-0.8301567,-0.5132372,-0.21777834,-0.38070524,0.23646349,0.89395106,-0.40731233,0.8250289,-0.39169377
1356783416113,-0.8215111,-0.5308568,-0.20811194,-0.40322262,0.28280884,0.87030494,-0.4031514,0.7988806,-0.44638407
1356783416152,-0.8161104,-0.53944826,-0.20726642,-0.41575223,0.2989545,0.85893905,-0.40139,0.7871605,-0.4682567
1356783416192,-0.8126798,-0.54194826,-0.21411099,-0.41807792,0.28633255,0.8621047,-0.40590924,0.7901302,-0.45927334
1356783416232,-0.8102044,-0.54021555,-0.22745551,-0.41227716,0.24937773,0.8762638,-0.41664898,0.80372745,-0.42476547
1356783416291,-0.80825216,-0.53493834,-0.24610856,-0.40107247,0.19411737,0.89524263,-0.43112567,0.82228917,-0.37144482
1356783416314,-0.80619353,-0.5269233,-0.2690796,-0.3877375,0.12701672,0.91297674,-0.4468911,0.84036815,-0.30670798
1356783416354,-0.80317897,-0.51715136,-0.29573318,-0.37570164,0.054454446,0.9251395,-0.46233317,0.85416,-0.23803133
1356783416394,-0.798448,-0.5061575,-0.32601407,-0.36852,-0.017331302,0.9294582,-0.47610256,0.86226684,-0.17269099
1356783416434,-0.79146296,-0.49377158,-0.36024424,-0.3692567,-0.083400846,0.9255775,-0.48706856,0.86558294,-0.116319716
1356783416474,-0.7814381,-0.47966954,-0.39908838,-0.38037017,-0.14082754,0.91404927,-0.49464422,0.8660743,-0.07240391
1356783416514,-0.7671965,-0.46414977,-0.44269022,-0.40244782,-0.18908209,0.8957029,-0.4994451,0.8653398,-0.041733027
1356783416554,-0.74692696,-0.44808277,-0.4912454,-0.43480536,-0.22979152,0.87071246,-0.50303525,0.8639547,-0.023191273
1356783416593,-0.7189409,-0.43233135,-0.544255,-0.47542313,-0.26533902,0.83878964,-0.5070472,0.8617917,-0.014777243
1356783416634,-0.68221563,-0.4168752,-0.6006637,-0.52157044,-0.29825485,0.79937994,-0.5123926,0.8586379,-0.013955653
1356783416674,-0.6371655,-0.40010262,-0.6587398,-0.5704435,-0.3299346,0.75215524,-0.51828027,0.8550212,-0.01801306
1356783416714,-0.5861527,-0.379211,-0.7159777,-0.6198216,-0.35922778,0.69769377,-0.5217722,0.85273355,-0.02448082
1356783416753,-0.5331844,-0.35229492,-0.7691572,-0.66751444,-0.3833707,0.63831925,-0.5197489,0.85376537,-0.030754626
1356783416792,-0.48326665,-0.32058924,-0.81466305,-0.7104288,-0.4001842,0.57891583,-0.51160944,0.85853076,-0.03436017
1356783416832,-0.44186383,-0.28844738,-0.8494436,-0.74532473,-0.40892762,0.52656364,-0.4992469,0.8657807,-0.03429663
1356783416872,-0.41398495,-0.261033,-0.872054,-0.770354,-0.40990067,0.48840165,-0.48494446,0.87398124,-0.031395018
1356783416912,-0.40299118,-0.24205917,-0.8826128,-0.7853772,-0.40365928,0.46929926,-0.46987307,0.88230747,-0.027436674
1356783416952,-0.409657,-0.23325592,-0.8819143,-0.79118353,-0.3903942,0.47076643,-0.4541033,0.8906088,-0.024620533
1356783416992,-0.4320296,-0.23587379,-0.87046766,-0.7884847,-0.3697229,0.49152505,-0.43776974,0.8987038,-0.026251614
1356783417032,-0.4654268,-0.2526786,-0.84825194,-0.7777498,-0.34070033,0.5282315,-0.4224725,0.9055809,-0.03794962
1356783417072,-0.50278527,-0.28852996,-0.8148359,-0.7600266,-0.3014974,0.5757247,-0.41178468,0.9087628,-0.067702055
1356783417112,-0.5352487,-0.3469618,-0.77014697,-0.73892826,-0.24942005,0.62591904,-0.40926006,0.9041057,-0.122878134
1356783417152,-0.55452526,-0.4234382,-0.7163811,-0.7215581,-0.18419033,0.6674038,-0.41455474,0.8870028,-0.2033971
1356783417192,-0.55716467,-0.50307566,-0.6606682,-0.7150282,-0.113916755,0.6897519,-0.42225856,0.8567018,-0.29624295
1356783417232,-0.5472007,-0.5687583,-0.61407286,-0.7200814,-0.054104626,0.69177705,-0.42667815,0.82072324,-0.37994617
1356783417293,-0.5323211,-0.61107504,-0.5858511,-0.7308873,-0.01742065,0.68227583,-0.4271276,0.79138094,-0.4373536
1356783417314,-0.5177466,-0.6293079,-0.57957745,-0.7411948,-0.008395076,0.6712376,-0.42728075,0.7771107,-0.46209317
1356783417354,-0.5049174,-0.6261965,-0.5940845,-0.74786997,-0.026283085,0.6633247,-0.43098605,0.77922213,-0.45504278
1356783417394,-0.49239665,-0.60451096,-0.6261884,-0.751309,-0.06800753,0.65643716,-0.43940902,0.7936884,-0.4206878
1356783417434,-0.4778434,-0.56619096,-0.6716349,-0.753747,-0.12839437,0.6445001,-0.45114434,0.81421286,-0.36541235
1356783417472,-0.45882916,-0.5130823,-0.7254119,-0.757852,-0.20020235,0.6209504,-0.46382782,0.834665,-0.2969818
1356783417512,-0.43333805,-0.4478323,-0.78208977,-0.7657357,-0.27466893,0.5815547,-0.4752547,0.8508838,-0.22389674
1356783417552,-0.3998981,-0.37454876,-0.83653736,-0.7784655,-0.34297407,0.5256997,-0.48381078,0.8614418,-0.15441865
1356783417592,-0.357989,-0.29860592,-0.8846912,-0.79550374,-0.39856118,0.456424,-0.4888944,0.86716986,-0.09486163
1356783417632,-0.30788708,-0.22604623,-0.92418,-0.8148775,-0.43874335,0.37878615,-0.49110097,0.8697168,-0.04911658
1356783417672,-0.25162208,-0.16232204,-0.9541163,-0.8334653,-0.46476877,0.29887396,-0.49195725,0.8704261,-0.018343717
1356783417713,-0.19162548,-0.110403925,-0.97523874,-0.84855604,-0.48067212,0.22114903,-0.49318582,0.8699226,-0.0015748739
1356783417752,-0.13125092,-0.070467055,-0.9888416,-0.8582252,-0.49119556,0.14891765,-0.49620837,0.86819434,0.003993213
1356783417792,-0.074321866,-0.040574104,-0.9964086,-0.86185193,-0.5000461,0.08464733,-0.50168467,0.8650478,0.0021954179
1356783417832,-0.024098694,-0.018205464,-0.9995438,-0.8609318,-0.5078346,0.030006379,-0.50814927,0.8612622,-0.0034354925
1356783417872,0.017041683,-0.0018349588,-0.9998531,-0.8588704,-0.5120096,-0.0136990845,-0.5119093,0.8589777,-0.010301456
1356783417912,0.04765731,0.009904772,-0.99881464,-0.858971,-0.5099499,-0.046041787,-0.50980145,0.86014706,-0.015794918
1356783417952,0.066756606,0.018490314,-0.99759793,-0.86245453,-0.5016788,-0.067011744,-0.5017128,0.86485636,-0.017543301
1356783417992,0.073432386,0.02412495,-0.9970083,-0.86877203,-0.48937207,-0.07582891,-0.48973742,0.8717413,-0.014976636
1356783418032,0.06660497,0.025145411,-0.9974625,-0.8770109,-0.4752636,-0.07054296,-0.4758315,0.87948394,-0.009602055
1356783418072,0.044915974,0.019086003,-0.9988084,-0.88637346,-0.4604069,-0.048657656,-0.46078694,0.8875028,-0.0037622899
1356783418112,0.0069478154,0.0036275983,-0.99996936,-0.8956606,-0.4446693,-0.007836163,-0.44468406,0.8956875,1.5959144E-4
1356783418152,-0.047955394,-0.023813874,-0.99856555,-0.9025552,-0.42723334,0.053533256,-0.4278953,0.9038278,-0.0010052025
1356783418192,-0.11794561,-0.06745601,-0.99072635,-0.9033872,-0.406937,0.13525519,-0.4122869,0.9109621,-0.012942523
1356783418232,-0.19598746,-0.13334051,-0.9714985,-0.89452744,-0.3815881,0.23283342,-0.40175834,0.9146644,-0.044490248
1356783418293,-0.26905882,-0.22526035,-0.9364108,-0.8759967,-0.34685904,0.33513948,-0.4002962,0.910465,-0.10400182
1356783418314,-0.32317984,-0.33616292,-0.88461816,-0.85413146,-0.2988568,0.4256103,-0.4074485,0.8931289,-0.19054288
1356783418354,-0.3523059,-0.44701833,-0.8222258,-0.8378077,-0.24089253,0.48994803,-0.41708374,0.8614787,-0.28964758
1356783418394,-0.3644747,-0.5368472,-0.76088977,-0.82988244,-0.18341213,0.5269298,-0.42243722,0.82350165,-0.37867093
1356783418434,-0.37467247,-0.59499437,-0.7110572,-0.8252992,-0.13545007,0.5482104,-0.4224948,0.7922342,-0.44029903
1356783418473,-0.39380336,-0.62221676,-0.67658347,-0.8168157,-0.10070771,0.56804055,-0.42158157,0.7763403,-0.46857733
1356783418512,-0.42496353,-0.6238707,-0.65588975,-0.7995971,-0.08093476,0.595058,-0.4243236,0.77732545,-0.4644509
1356783418552,-0.46440738,-0.6063398,-0.64550585,-0.7730558,-0.078078985,0.6295144,-0.43210012,0.7913632,-0.43247408
1356783418592,-0.50559527,-0.5755406,-0.64274913,-0.7402337,-0.09332174,0.6658416,-0.44320136,0.812431,-0.37885153
1356783418632,-0.54209995,-0.5365202,-0.64674085,-0.7064058,-0.1258654,0.69652617,-0.45510262,0.83444834,-0.31076938
1356783418672,-0.56886554,-0.4932263,-0.6581185,-0.6778196,-0.1720264,0.7148199,-0.46578172,0.8527219,-0.23645854
1356783418712,-0.5826301,-0.44798318,-0.6781248,-0.6602951,-0.22557265,0.7163291,-0.47386977,0.86511743,-0.16437566
1356783418752,-0.581138,-0.4016422,-0.7077868,-0.6581147,-0.2796628,0.69905204,-0.47871044,0.8720506,-0.10180396
1356783418811,-0.56235635,-0.35431045,-0.7471409,-0.67284805,-0.32914424,0.6625252,-0.48065674,0.87528753,-0.05330074
1356783418832,-0.5243986,-0.3062169,-0.7945044,-0.7024986,-0.37167388,0.6069219,-0.4811463,0.87640727,-0.020211697
1356783418873,-0.46645832,-0.25809842,-0.84605074,-0.7416751,-0.40709013,0.5331002,-0.48201117,0.8761638,-0.0015346408
1356783418910,-0.3904742,-0.21095443,-0.89611846,-0.7827428,-0.43631357,0.44378412,-0.4846068,0.8747164,0.005246073
1356783418952,-0.30245447,-0.1662946,-0.93854535,-0.81770957,-0.46068406,0.34513965,-0.48976776,0.87184656,0.0033552647
