1356783828092,0.5107861,0.30926934,-0.80215335,-0.6600944,-0.45669883,-0.5964072,-0.55079305,0.8341334,-0.02912843
1356783828132,0.051768616,0.06899351,0.99627304,0.8330304,0.5472382,-0.081183285,-0.5507997,0.8341285,-0.02914393
1356783828172,0.0517617,0.069055796,0.9962691,0.833006,0.54727083,-0.08121306,-0.5508373,0.83410186,-0.029196262
1356783828213,0.05169399,0.06906229,0.996272,0.83295435,0.54735684,-0.08116296,-0.5509216,0.8340448,-0.029230654
1356783828251,0.051435515,0.0688397,0.99630094,0.83290565,0.5474806,-0.08082828,-0.55101955,0.8339821,-0.02917701
1356783828291,0.05082847,0.06843954,0.9963596,0.8329266,0.5475553,-0.08010244,-0.5510442,0.8339659,-0.029173732
1356783828333,0.049776345,0.06813902,0.99643326,0.83309484,0.54745185,-0.07905316,-0.5508859,0.8340584,-0.0295161
1356783828372,0.048296228,0.06809351,0.9965093,0.83348644,0.54703873,-0.07777557,-0.5504252,0.8343332,-0.030335128
1356783828412,0.046521842,0.06811291,0.9965924,0.8341377,0.54625714,-0.076272696,-0.5495908,0.8348435,-0.031402647
1356783828454,0.044783533,0.06799853,0.9966798,0.8350946,0.54501003,-0.074706346,-0.54828036,0.8356675,-0.03237772
1356783828493,0.043439925,0.0675652,0.9967687,0.83639854,0.54320234,-0.07327142,-0.5463977,0.8368788,-0.032914758
1356783828532,0.042874232,0.06699517,0.9968317,0.83799255,0.5408584,-0.07239252,-0.5439947,0.8384413,-0.032952547
1356783828572,0.043261692,0.06658566,0.9968424,0.8398538,0.53796494,-0.07238278,-0.54108596,0.84033334,-0.03264898
1356783828612,0.04467596,0.0665054,0.9967854,0.8418125,0.534755,-0.07340884,-0.5379181,0.84238595,-0.03209436
1356783828651,0.046921685,0.066334516,0.9966935,0.84367216,0.53158027,-0.075096935,-0.5348041,0.84440637,-0.031021953
1356783828692,0.049719557,0.06549615,0.9966134,0.8452752,0.5287658,-0.07691938,-0.53201306,0.846237,-0.029072285
1356783828732,0.05279146,0.06386036,0.9965615,0.8465413,0.5264909,-0.07858226,-0.52969885,0.8477789,-0.026266217
1356783828771,0.05591631,0.061896414,0.99651504,0.84747684,0.5247471,-0.08014706,-0.52787924,0.84900486,-0.023113906
1356783828812,0.058981642,0.060309768,0.9964356,0.84815574,0.52338046,-0.08188242,-0.5264532,0.8499621,-0.020282209
1356783828851,0.061984494,0.05945906,0.9963045,0.8486755,0.5222067,-0.08396497,-0.5252694,0.85074365,-0.018092752
1356783828892,0.06497325,0.05896789,0.99614316,0.8491012,0.52114403,-0.086232126,-0.524219,0.85142916,-0.016209245
1356783828932,0.06805511,0.05812615,0.9959868,0.84938973,0.5203094,-0.08840367,-0.5233599,0.8519974,-0.01396203
1356783828972,0.071337715,0.0563567,0.9958589,0.8492876,0.52015483,-0.090274304,-0.52308834,0.85221064,-0.010756373
1356783829041,0.074871644,0.05296251,0.9957857,0.84823656,0.5216497,-0.091522425,-0.52429855,0.8515142,-0.005867958
1356783829055,0.0785421,0.04680127,0.9958116,0.8454586,0.5261592,-0.09141189,-0.52823365,0.8490972,0.0017570853
1356783829094,0.08198787,0.03755614,0.9959254,0.84069884,0.5340806,-0.08934915,-0.5352601,0.84459895,0.01221478
1356783829124,0.08457208,0.027169049,0.9960469,0.8351593,0.5432856,-0.08573061,-0.54346716,0.8391082,0.023256302
1356783829154,0.085959226,0.015845716,0.9961726,0.8289484,0.5535259,-0.08033422,-0.5526803,0.8326812,0.034445405
1356783829194,0.08580215,0.002904892,0.99630797,0.8211694,0.5660773,-0.072369695,-0.56419754,0.8243471,0.046185255
1356783829242,0.0829384,-0.010204703,0.99650234,0.8138406,0.5777905,-0.06181866,-0.57513875,0.8161213,0.056226075
1356783829262,0.07895081,-0.022251517,0.9966302,0.8062439,0.5894061,-0.050709367,-0.58629143,0.80753046,0.064474225
1356783829299,0.07282986,-0.033541262,0.9967802,0.7994985,0.59944934,-0.038244247,-0.5962365,0.7997096,0.07047397
1356783829330,0.065749004,-0.04347545,0.9968885,0.7943298,0.6069334,-0.025920242,-0.6039181,0.79356265,0.07443917
1356783829372,0.05939205,-0.049340457,0.99701464,0.7911992,0.61132556,-0.016878277,-0.60866773,0.7898396,0.07534599
1356783829412,0.05945365,-0.046709657,0.9971376,0.7895418,0.61342263,-0.018340856,-0.6108101,0.7883723,0.073349416
1356783829452,0.05168262,-0.046884358,0.99756247,0.78975326,0.61330557,-0.012091577,-0.61124367,0.7884531,0.068724334
1356783829492,0.047309905,-0.04196751,0.99799824,0.7901652,0.6127825,-0.011689067,-0.61106515,0.78913647,0.06215197
1356783829532,0.046646252,-0.03300786,0.998366,0.79028314,0.612515,-0.016673207,-0.6109638,0.78976953,0.0546571
1356783829572,0.049484983,-0.021558732,0.9985422,0.79006493,0.61247456,-0.025929958,-0.6110227,0.7901963,0.04734111
1356783829612,0.055430993,-0.008947313,0.9984225,0.78961796,0.6123992,-0.038350552,-0.61108994,0.79049814,0.041010857
1356783829652,0.064064905,0.0041924417,0.9979369,0.7888832,0.6122347,-0.05321625,-0.6111947,0.7906649,0.035915434
1356783829692,0.074999645,0.017951488,0.9970219,0.78762025,0.61214095,-0.070269346,-0.6115794,0.79054487,0.03177142
1356783829732,0.08788733,0.032643557,0.99559546,0.7857001,0.6121094,-0.089428455,-0.6123327,0.790099,0.028148592
1356783829772,0.102406085,0.048261136,0.9935713,0.7835624,0.61141527,-0.11045927,-0.6128155,0.7898368,0.024797022
1356783829812,0.11813918,0.0644086,0.99090594,0.7822834,0.6085968,-0.1328251,-0.61161727,0.7908611,0.021513343
1356783829852,0.13455771,0.08029011,0.9876476,0.7828895,0.60238105,-0.15563148,-0.6074359,0.7941603,0.018196762
1356783829892,0.15081282,0.094349295,0.9840497,0.7857311,0.59263206,-0.17723978,-0.5999018,0.79992837,0.015243351
1356783829932,0.16579567,0.104852736,0.9805701,0.7903663,0.5805323,-0.19571236,-0.58977354,0.8074578,0.0133776665
1356783829972,0.17809004,0.11113849,0.97771776,0.79610705,0.5677193,-0.20954326,-0.5783576,0.81568563,0.012627006
1356783830041,0.18620656,0.11411163,0.97586155,0.80266225,0.55513746,-0.21807256,-0.5666219,0.8238938,0.011777103
1356783830055,0.1888115,0.11553559,0.97519314,0.8102163,0.5427983,-0.2211774,-0.55488706,0.83187824,0.008877695
1356783830093,0.18480028,0.116595745,0.9758352,0.8188896,0.5307361,-0.21849245,-0.5433862,0.8394788,0.0026011467
1356783830134,0.17437494,0.1192846,0.9774275,0.8284602,0.5187372,-0.2111052,-0.53220963,0.8465712,-0.008367777
1356783830162,0.1572143,0.121592164,0.98005056,0.83798677,0.50868237,-0.19753602,-0.5225532,0.85232484,-0.021920443
1356783830202,0.13828644,0.13375309,0.981319,0.84521234,0.50052416,-0.18732753,-0.51622957,0.85532784,-0.04383403
1356783830242,0.11305186,0.15553722,0.98133963,0.84887743,0.49816373,-0.17674837,-0.5163588,0.85301876,-0.075713694
1356783830282,0.084013596,0.19077119,0.97803265,0.8465605,0.50406384,-0.17104071,-0.5256205,0.8423336,-0.119151115
1356783830322,0.053363353,0.24017233,0.9692625,0.83782476,0.51736,-0.17432296,-0.54332507,0.8213745,-0.1736142
1356783830362,0.023245037,0.3008971,0.9533732,0.8249756,0.5328781,-0.18829775,-0.56469,0.7908867,-0.23584604
1356783830402,-0.0046030283,0.36478078,0.931082,0.81278574,0.543773,-0.20902202,-0.58254445,0.7558081,-0.29899162
1356783830442,-0.028779626,0.42051136,0.9068307,0.805645,0.5467739,-0.22797914,-0.5916992,0.7240225,-0.35451877
1356783830482,-0.048601035,0.4579109,0.8876686,0.80480886,0.5442889,-0.23671135,-0.5915408,0.7028991,-0.39498377
1356783830522,-0.06402099,0.4717487,0.87940574,0.80831397,0.5413127,-0.23153642,-0.5852605,0.69601274,-0.4159764
1356783830562,-0.07518813,0.46121907,0.88409483,0.81302905,0.5416869,-0.21344563,-0.57734776,0.70274615,-0.41571295
1356783830603,-0.08212915,0.42749128,0.9002811,0.81610847,0.5473355,-0.18544754,-0.57203305,0.71949637,-0.3938315
1356783830642,-0.084738076,0.37271956,0.9240669,0.8160132,0.5581511,-0.15029916,-0.57178843,0.74131465,-0.35144073
1356783830682,-0.08288523,0.3016561,0.9498072,0.8131145,0.57150924,-0.110553056,-0.57617265,0.7631388,-0.29265064
1356783830722,-0.07670845,0.2221061,0.97200036,0.80905664,0.5836061,-0.06950718,-0.58270335,0.7810716,-0.22446394
1356783830762,-0.06673069,0.14328253,0.9874295,0.8053441,0.5919715,-0.031473637,-0.5890398,0.7931203,-0.15489441
1356783830802,-0.05366616,0.073845714,0.99582464,0.80268884,0.59639716,-9.6815825E-4,-0.59397846,0.7992854,-0.09128147
1356783830842,-0.038351163,0.019539416,0.9990733,0.8012122,0.59807676,0.019059002,-0.59715015,0.8012006,-0.03859216
1356783830882,-0.021463528,-0.017119259,0.9996231,0.8010012,0.5980336,0.027440548,-0.598278,0.8012882,8.766055E-4
1356783830922,-0.0035504848,-0.036328316,0.99933356,0.8021422,0.59662867,0.024538875,-0.5971225,0.80169475,0.027022183
1356783830962,0.014822513,-0.040223837,0.9990807,0.8042222,0.59420764,0.011991739,-0.5941438,0.8033052,0.04115653
1356783831002,0.033131078,-0.032125205,0.9989345,0.8061043,0.5917233,-0.007706046,-0.59084535,0.80550075,0.045500696
1356783831043,0.050973386,-0.014779717,0.9985907,0.8064778,0.59037435,-0.03242907,-0.58906305,0.8069942,0.04201287
1356783831083,0.06808147,0.0073791146,0.9976525,0.80467135,0.59075356,-0.059281617,-0.5898041,0.80681837,0.03428161
1356783831122,0.083800375,0.03152761,0.9959837,0.8004478,0.59318274,-0.086125374,-0.59351563,0.8044503,0.024472713
1356783831162,0.09791811,0.055171132,0.993664,0.7946809,0.5967103,-0.11144093,-0.59907794,0.80055785,0.014585316
1356783831202,0.10985923,0.07627013,0.9910165,0.789701,0.5987628,-0.13362405,-0.60357535,0.7972866,0.0055490136
1356783831242,0.1184309,0.09201071,0.9886901,0.78812885,0.59696263,-0.14996177,-0.6040091,0.7969753,-0.0018174648
1356783831282,0.12185864,0.09867394,0.9876304,0.79118603,0.5911641,-0.15668342,-0.59931225,0.80049264,-0.006030977
1356783831322,0.118415624,0.09445122,0.9884618,0.79828465,0.582957,-0.15133655,-0.5905246,0.8069945,-0.006367743
1356783831362,0.107027695,0.0809989,0.9909512,0.80791914,0.5738181,-0.13416234,-0.5794927,0.8149675,-0.004026115
1356783831402,0.08760582,0.06202042,0.99422264,0.81870186,0.56409913,-0.10732877,-0.56749666,0.82337457,-0.0013578534
1356783831442,0.06097962,0.041459024,0.9972776,0.8297128,0.5532989,-0.073735565,-0.5548496,0.8319504,-6.5916777E-4
1356783831482,0.02846153,0.023074538,0.9993285,0.8401619,0.5411112,-0.03642267,-0.5415883,0.84063447,-0.003985524
1356783831522,-0.008267239,0.011322409,0.9999018,0.8488884,0.5285712,0.0010333061,-0.5285076,0.8488135,-0.013981342
1356783831562,-0.04791169,0.011882395,0.99878097,0.85396504,0.51916605,0.03478837,-0.5181198,0.8545908,-0.035021305
1356783831602,-0.09018901,0.030209213,0.99546635,0.85287964,0.5184684,0.06153685,-0.51425886,0.854563,-0.072524965
1356783831642,-0.13514467,0.070919126,0.9882845,0.843676,0.5312662,0.07724634,-0.519564,0.84423137,-0.1316306
1356783831682,-0.18266025,0.12915596,0.97465587,0.82732415,0.555796,0.0813978,-0.53119683,0.82122445,-0.20837569
1356783831722,-0.22988963,0.19361049,0.95376396,0.8072992,0.58525646,0.07578176,-0.5435244,0.78739434,-0.290846
1356783831762,-0.27248624,0.24686566,0.92995083,0.7878612,0.61204505,0.0683783,-0.5522915,0.7513044,-0.3612697
1356783831802,-0.30608577,0.27509892,0.91139024,0.7716764,0.6323379,0.06829527,-0.55751866,0.7242025,-0.405837
1356783831843,-0.3279125,0.27358606,0.9042257,0.75964236,0.64537543,0.0802128,-0.5616199,0.7131909,-0.41945422
1356783831882,-0.33663005,0.24528173,0.90912986,0.75209606,0.65097857,0.10285112,-0.5665965,0.7183758,-0.40361434
1356783831922,-0.3319565,0.19724,0.92244315,0.7495472,0.64886,0.13099554,-0.57269883,0.7348994,-0.36323392
1356783831962,-0.3147969,0.13804048,0.9390675,0.7523125,0.63953435,0.15818244,-0.57873034,0.75626755,-0.30517304
1356783832002,-0.28740102,0.076538235,0.9547474,0.75975573,0.62520313,0.17858398,-0.5832426,0.7767,-0.2378344
1356783832046,-0.25292927,0.019958764,0.96727884,0.7702844,0.60909563,0.18885008,-0.5853962,0.7928456,-0.16943204
1356783832101,-0.2146211,-0.026178747,0.9763465,0.7821727,0.5940641,0.18786633,-0.58493054,0.8039916,-0.107022405
1356783832122,-0.17526844,-0.0593203,0.98273194,0.7940725,0.58156407,0.17672607,-0.58200514,0.81133485,-0.054825246
1356783832163,-0.13664067,-0.078514785,0.9875043,0.80499184,0.5721689,0.15687868,-0.5773365,0.81636894,-0.014977753
1356783832200,-0.099772006,-0.08436862,0.99142694,0.8137131,0.5665207,0.13009769,-0.57263994,0.81971717,0.012128949
1356783832243,-0.06513983,-0.07856506,0.9947785,0.81883025,0.56555915,0.09828484,-0.5703279,0.820957,0.027491033
1356783832282,-0.03246948,-0.06342399,0.9974584,0.81943756,0.5697068,0.06289959,-0.57224816,0.81939715,0.03347391
1356783832322,-0.0018305331,-0.04109323,0.9991537,0.81548095,0.5782318,0.025275558,-0.57878107,0.814837,0.032452285
1356783832362,0.027087003,-0.013258636,0.99954516,0.808623,0.5881579,-0.014111429,-0.5877033,0.8086375,0.026652634
1356783832402,0.05424799,0.01814872,0.9983625,0.8017455,0.5951861,-0.054383934,-0.59519845,0.8033829,0.017737031
1356783832442,0.08014941,0.0498209,0.9955371,0.7975339,0.5959011,-0.0940299,-0.5979263,0.801511,0.008027256
1356783832482,0.10554811,0.078210026,0.99133384,0.79682827,0.58975196,-0.13136667,-0.5949153,0.80378836,-7.277727E-5
1356783832522,0.13120337,0.10177711,0.9861171,0.7986026,0.57852393,-0.16596389,-0.58738375,0.8092907,-0.005375147
1356783832562,0.15710309,0.12102479,0.98013854,0.8014106,0.56434214,-0.19813874,-0.57711315,0.81662166,-0.008330643
1356783832602,0.18222645,0.13724872,0.9736304,0.80452096,0.54846334,-0.2278902,-0.5652783,0.8248337,-0.01047492
1356783832642,0.20443983,0.151479,0.96708757,0.80825907,0.5311941,-0.25406703,-0.55219704,0.83359873,-0.0138370395
1356783832682,0.2205568,0.16458541,0.96138775,0.8136367,0.5125399,-0.27440515,-0.5379126,0.8427423,-0.02086854
1356783832722,0.2263599,0.17891431,0.9574711,0.82141876,0.4932235,-0.28635955,-0.5234811,0.851305,-0.03531754
1356783832762,0.21649069,0.20023304,0.9555305,0.8311762,0.47561753,-0.28798276,-0.51213074,0.8565598,-0.0634622
1356783832802,0.18487617,0.2357763,0.95405996,0.8411672,0.4640396,-0.27767786,-0.50819147,0.8538599,-0.11253744
1356783832842,0.1280888,0.28684762,0.94937444,0.848894,0.46325752,-0.2545025,-0.5128083,0.83851707,-0.18416512
1356783832882,0.051239043,0.34332278,0.93781877,0.8516463,0.47543868,-0.2205826,-0.5216063,0.8099923,-0.26802856
1356783832922,-0.030191928,0.3888927,0.9207882,0.8481322,0.49743834,-0.18228236,-0.5289237,0.77544665,-0.34485108
1356783832962,-0.09777815,0.41184896,0.9059911,0.84048504,0.52167195,-0.14643517,-0.5329393,0.74715376,-0.397161
1356783833002,-0.1395582,0.40982556,0.90142477,0.83286715,0.54096496,-0.117001206,-0.5355892,0.73443854,-0.41682625
1356783833045,-0.15121159,0.38512373,0.9103926,0.8281461,0.55222034,-0.09605512,-0.5397305,0.7394135,-0.4024409
1356783833084,-0.13553035,0.34711236,0.92797875,0.82675296,0.5557749,-0.08714235,-0.5459955,0.75539875,-0.36230052
1356783833123,-0.09719481,0.29891634,0.94931674,0.8273463,0.55445486,-0.08987716,-0.55321896,0.7766781,-0.30119747
1356783833163,-0.041220784,0.24913567,0.967591,0.82811064,0.5503684,-0.10643038,-0.55904716,0.79688525,-0.22899854
1356783833203,0.025500208,0.20552662,0.9783192,0.826339,0.5464225,-0.13633198,-0.5625954,0.81189984,-0.15590078
1356783833242,0.09690677,0.17418763,0.97993255,0.81981194,0.54432136,-0.17782792,-0.5643736,0.8205931,-0.090052664
1356783833282,0.16858186,0.15870827,0.9728267,0.8076493,0.54353505,-0.22863117,-0.5650511,0.8242459,-0.036550462
1356783833322,0.23753422,0.1598472,0.95813704,0.78991777,0.5422756,-0.2862992,-0.5653385,0.8248552,0.0025428534
1356783833362,0.30185887,0.17631355,0.936907,0.7667885,0.539062,-0.34849328,-0.5664951,0.82360524,0.027525485
1356783833401,0.36018616,0.20551449,0.9099614,0.73863816,0.53296983,-0.41274312,-0.56980664,0.8207966,0.04016751
1356783833442,0.41151035,0.24409,0.87811124,0.70663834,0.5230385,-0.47654268,-0.5756053,0.81660926,0.042752385
1356783833482,0.45541734,0.28811002,0.8423703,0.6725682,0.50859845,-0.5375683,-0.583307,0.81136936,0.037850916
1356783833522,0.4921781,0.3330568,0.80425984,0.6386664,0.48963103,-0.5936048,-0.5914946,0.80581295,0.028273493
1356783833562,0.52262026,0.37382945,0.76623726,0.6079712,0.4666545,-0.642343,-0.5976949,0.80155164,0.016605556
1356783833602,0.5482039,0.40519124,0.7316369,0.58343166,0.44151086,-0.68167114,-0.5992328,0.8005549,0.005636573
1356783833642,0.5700076,0.4237535,0.7039348,0.5665977,0.41772628,-0.7102617,-0.5950279,0.8037025,-0.0019905865
1356783833682,0.5876439,0.4294717,0.6857322,0.5578437,0.398831,-0.72783524,-0.58607596,0.8102394,-0.005207479
1356783833722,0.5993234,0.42443633,0.6787233,0.5576675,0.38690493,-0.73437834,-0.5742982,0.818632,-0.0048131943
1356783833762,0.6026022,0.41074714,0.6842203,0.5673952,0.3823963,-0.7292707,-0.5611892,0.82768345,-0.0026231408
1356783833802,0.59481436,0.38958248,0.70315105,0.5888351,0.3843114,-0.71104,-0.5472377,0.83697677,-8.059144E-4
1356783833842,0.5726824,0.3620207,0.73551065,0.62322295,0.39060572,-0.6775104,-0.53256744,0.84638536,-0.0019265711
1356783833882,0.53276974,0.33162528,0.7785764,0.66920096,0.39805555,-0.6274726,-0.5180024,0.8553224,-0.009852022
1356783833922,0.4721361,0.30709827,0.8263039,0.7217885,0.40344945,-0.56236106,-0.506072,0.8619277,-0.031176955
1356783833962,0.39029217,0.301661,0.86986935,0.7729467,0.40596724,-0.48758996,-0.5002253,0.8626652,-0.07472205
1356783834002,0.2906612,0.32431513,0.90018654,0.81503123,0.4089264,-0.4104916,-0.5012387,0.8529941,-0.14546794
1356783834045,0.18159035,0.37071592,0.91082084,0.8438569,0.41681668,-0.33788955,-0.5049064,0.82996,-0.23714131
1356783834083,0.0762375,0.41540998,0.9064339,0.8595869,0.43328953,-0.2708698,-0.5052703,0.79980916,-0.3240481
1356783834123,-0.011099815,0.4401846,0.8978387,0.8644707,0.45549822,-0.21263051,-0.5025606,0.7737951,-0.3855827
1356783834162,-0.07483208,0.4359622,0.89684844,0.8619782,0.4804843,-0.16164312,-0.5013919,0.76096773,-0.4117455
1356783834202,-0.113886185,0.40486157,0.907258,0.8550986,0.5048687,-0.11795765,-0.5058027,0.7623612,-0.40369415
1356783834242,-0.12916708,0.3540891,0.9262488,0.8466885,0.5255983,-0.082855016,-0.51617277,0.77354205,-0.3676932
1356783834282,-0.12227857,0.29297754,0.94826794,0.8394016,0.5403324,-0.058701128,-0.529578,0.78879976,-0.31199688
1356783834322,-0.09573123,0.23116681,0.9681928,0.83471775,0.5485436,-0.04843709,-0.54229295,0.8035308,-0.24547178
1356783834363,-0.05281441,0.17644805,0.98289204,0.8324086,0.55149794,-0.05427608,-0.5516398,0.8153012,-0.17600387
1356783834402,0.0034724027,0.13763607,0.9904767,0.8310274,0.55053306,-0.07941514,-0.55622065,0.8233891,-0.112467706
1356783834442,0.06726597,0.11583549,0.99098814,0.82832336,0.547207,-0.120187074,-0.5561975,0.82894313,-0.0591408
1356783834482,0.1366349,0.112929285,0.9841635,0.821777,0.54186034,-0.17626676,-0.55318487,0.8328471,-0.018765628
1356783834522,0.20827383,0.12780893,0.96968395,0.8087462,0.53505296,-0.24422935,-0.550047,0.8350948,0.008072495
1356783834562,0.2790179,0.158093,0.9471831,0.7872746,0.5271299,-0.3198952,-0.5498617,0.83494955,0.022616088
1356783834602,0.34599823,0.20052305,0.9165565,0.75683117,0.5177174,-0.3989678,-0.55451953,0.83172065,0.027367234
1356783834642,0.4067175,0.25073323,0.8784723,0.7189317,0.5054623,-0.4771217,-0.5636649,0.8256153,0.025320351
1356783834682,0.45946053,0.30283314,0.8349779,0.67759943,0.48827615,-0.5499503,-0.574243,0.818461,0.019144058
1356783834722,0.5036582,0.34918818,0.7901873,0.6386969,0.46539405,-0.6127598,-0.58171695,0.8133117,0.011374146
1356783834762,0.5397498,0.3828238,0.74974406,0.6073261,0.43965244,-0.66171056,-0.58294535,0.8124972,0.004803449
1356783834802,0.5682927,0.401124,0.7184309,0.58578086,0.41593954,-0.69559693,-0.5778445,0.81614566,0.0014046133
1356783834842,0.5888355,0.40585113,0.69896895,0.5746513,0.39791286,-0.7151512,-0.5683736,0.8227699,0.001082331
1356783834882,0.59988296,0.4001475,0.69283646,0.5747288,0.38692868,-0.72109157,-0.55662125,0.83076364,0.0021356344
1356783834940,0.59929734,0.38616663,0.70122606,0.5875965,0.38269353,-0.71293485,-0.5436663,0.8392979,0.002437055
1356783834962,0.58439064,0.3649872,0.72475636,0.6147527,0.3838633,-0.68900514,-0.5296854,0.8481941,-5.0723553E-5
1356783835002,0.552059,0.33844164,0.762029,0.6559247,0.38795888,-0.6474958,-0.51477545,0.8572895,-0.0078160465
1356783835040,0.49950767,0.3119193,0.8082069,0.70723236,0.39196467,-0.58837575,-0.50031435,0.86548835,-0.024810076
1356783835083,0.4272547,0.29792732,0.853635,0.76000553,0.39307097,-0.5175779,-0.48973972,0.8699049,-0.05848503
1356783835122,0.33827606,0.30834988,0.8890949,0.80541813,0.39376476,-0.4430022,-0.48669392,0.8659501,-0.11514938
1356783835162,0.2416265,0.34854287,0.9056128,0.8369122,0.39748478,-0.3762763,-0.49111572,0.8488367,-0.1956569
1356783835202,0.14670151,0.40377408,0.90302,0.8549431,0.40741926,-0.32106352,-0.49754488,0.81913126,-0.28543484
1356783835242,0.06395659,0.45027035,0.8905988,0.8626078,0.42380747,-0.27621576,-0.50181425,0.7859032,-0.36130142
1356783835282,1.4800578E-4,0.4709373,0.8821666,0.86298114,0.4456423,-0.23804715,-0.505236,0.76132846,-0.40634406
1356783835322,-0.042457044,0.4620468,0.8858387,0.8584166,0.4705224,-0.20427823,-0.5111931,0.7517456,-0.41660565
1356783835362,-0.06376791,0.42852718,0.9012758,0.8512977,0.49465287,-0.17495945,-0.5207935,0.7560972,-0.39634717
1356783835402,-0.064167924,0.37918186,0.92309463,0.84413993,0.5139901,-0.15245357,-0.5322691,0.7694384,-0.35306418
1356783835442,-0.04458171,0.32379773,0.94507545,0.8385923,0.5262635,-0.14074758,-0.54293245,0.7862581,-0.29499596
1356783835482,-0.0068253353,0.2713186,0.96246535,0.8345292,0.53181297,-0.14399979,-0.5509214,0.8022226,-0.23005313
1356783835522,0.046478257,0.22898191,0.9723205,0.83026916,0.5323613,-0.16505933,-0.5554214,0.81495935,-0.16537338
1356783835562,0.112100795,0.20161673,0.97302824,0.8233644,0.5293692,-0.20454642,-0.5563311,0.82408667,-0.10666132
1356783835602,0.18658689,0.19159532,0.9635749,0.81115127,0.5233046,-0.26112437,-0.55427337,0.8303274,-0.057771027
1356783835642,0.26614997,0.19891274,0.9431849,0.7910328,0.5140877,-0.33163366,-0.5508459,0.8343545,-0.020522058
1356783835682,0.34699938,0.22221673,0.9111593,0.7608187,0.5013883,-0.41202515,-0.5484035,0.83619946,0.0049147606
1356783835722,0.42539462,0.2595033,0.8670048,0.71935946,0.4843494,-0.49792325,-0.549146,0.835502,0.019363463
1356783835762,0.49775976,0.30791056,0.81081825,0.667087,0.46153343,-0.58479214,-0.55428344,0.83197236,0.024329633
1356783835802,0.560934,0.36266184,0.74419725,0.6067198,0.43151513,-0.6675971,-0.56324434,0.82599705,0.02201739
1356783835842,0.61264205,0.4164525,0.6717419,0.54414636,0.39416105,-0.7406362,-0.57321423,0.81927073,0.014868528
1356783835882,0.6526605,0.46070552,0.60148543,0.48732507,0.35260534,-0.798864,-0.580128,0.81450593,0.0056182444
1356783835922,0.68283474,0.4894445,0.54238445,0.44273436,0.31332836,-0.84012604,-0.5811395,0.8137995,-0.0027424097
1356783835962,0.7052782,0.50208247,0.5004956,0.41316792,0.28258514,-0.86570084,-0.57608587,0.8173487,-0.008143246
1356783836002,0.7205589,0.5016738,0.47866285,0.39958826,0.26373485,-0.87793684,-0.56667805,0.8238733,-0.0104264915
1356783836053,0.7275225,0.49138868,0.4787987,0.40369636,0.2576751,-0.87785697,-0.55474347,0.83194995,-0.010907352
1356783836073,0.7232999,0.4744408,0.50174004,0.42668337,0.2642208,-0.86494434,-0.5429351,0.8396983,-0.011325121
1356783836113,0.7106141,0.45167142,0.53946316,0.46385807,0.27575347,-0.84190005,-0.529021,0.84850043,-0.013557136
1356783836153,0.67603046,0.41863963,0.6064022,0.5286944,0.29767394,-0.79490405,-0.51328844,0.8579808,-0.020095766
1356783836193,0.61410093,0.3799458,0.6917523,0.6129909,0.3224594,-0.72129196,-0.49711394,0.86698395,-0.034880728
1356783836232,0.5248921,0.347982,0.7767862,0.70016533,0.34241813,-0.6265129,-0.4840009,0.8727304,-0.06391233
1356783836272,0.41853458,0.3403043,0.8420342,0.7718924,0.35524493,-0.527241,-0.47855076,0.8706285,-0.11399603
1356783836312,0.3094114,0.36560267,0.8778378,0.8196495,0.3654933,-0.4411227,-0.48211944,0.85600775,-0.18657827
1356783836352,0.20761228,0.41277152,0.88685787,0.84660417,0.37837118,-0.3742948,-0.49005973,0.8285258,-0.2708996
1356783836392,0.11755401,0.4570979,0.8816136,0.86025035,0.39665675,-0.3203635,-0.49613544,0.79606843,-0.34658998
1356783836432,0.040506423,0.4770505,0.87794197,0.86589336,0.4216891,-0.26908532,-0.49858585,0.77110386,-0.39599383
1356783836472,-0.022950955,0.46504557,0.8849892,0.8656151,0.45213413,-0.21513969,-0.50018364,0.7611224,-0.41292745
1356783836512,-0.07213661,0.42281336,0.9033411,0.8604552,0.48440453,-0.15801606,-0.50439376,0.76588583,-0.39875525
1356783836552,-0.10518364,0.358298,0.9276631,0.852403,0.5129457,-0.101468444,-0.5121968,0.78007,-0.35936773
1356783836592,-0.12036218,0.28198394,0.95183927,0.8445153,0.5330844,-0.051136315,-0.52183026,0.797688,-0.30230296
1356783836632,-0.11689474,0.20525351,0.971703,0.83935773,0.5434041,-0.013809919,-0.5308619,0.8139921,-0.23580217
1356783836672,-0.095723465,0.13753238,0.985861,0.8376571,0.5461724,0.0051397085,-0.53774315,0.8263054,-0.16748649
1356783836712,-0.0589118,0.08550343,0.9945947,0.8385353,0.5448399,0.002829194,-0.5416529,0.83416945,-0.10379511
1356783836752,-0.009155765,0.053187042,0.99854255,0.84006214,0.5420769,-0.021170914,-0.5424129,0.838644,-0.049643576
1356783836792,0.050638437,0.04241994,0.9978158,0.83946323,0.5394503,-0.065535694,-0.54105204,0.8409482,-0.008293033
1356783836833,0.11734456,0.052900583,0.99168134,0.83348167,0.5376813,-0.12730724,-0.5399431,0.841487,0.019002318
1356783836872,0.18736216,0.082217395,0.9788441,0.81938154,0.5365156,-0.20190346,-0.54176503,0.8398758,0.033155322
1356783836912,0.2568886,0.12628695,0.9581544,0.7960272,0.5345601,-0.28387725,-0.54804105,0.83564174,0.036794543
1356783836952,0.32213032,0.17975906,0.92947227,0.7647885,0.5292514,-0.36741197,-0.5579701,0.8292042,0.033010304
1356783836992,0.37974766,0.23588473,0.8945111,0.73000634,0.5175257,-0.44638306,-0.5682274,0.82251173,0.024331808
1356783837047,0.42743555,0.28755027,0.8570961,0.69842404,0.49694225,-0.5150265,-0.57402325,0.8187571,0.011578739
1356783837083,0.46631265,0.32447213,0.8229644,0.6736118,0.4727801,-0.56808984,-0.57341045,0.81926596,0.0018950701
1356783837124,0.49310386,0.3417701,0.8000261,0.66020685,0.45185912,-0.59995854,-0.566547,0.82402456,-0.0028254688
1356783837163,0.50887346,0.34298563,0.7895622,0.6577169,0.43683857,-0.6136615,-0.55538833,0.8315846,-0.0032918751
1356783837203,0.5138304,0.33270448,0.7907503,0.66530746,0.42738166,-0.61213636,-0.5416127,0.84062636,-0.0017490387
1356783837242,0.50742716,0.3145307,0.8022394,0.68256545,0.42153674,-0.5970019,-0.52594876,0.85051584,-7.8856945E-4
1356783837282,0.4887671,0.2916811,0.8222097,0.7088255,0.41665918,-0.56917614,-0.50859916,0.86099786,-0.0031017363
1356783837322,0.45716462,0.2693512,0.8476145,0.74201155,0.4099081,-0.53046596,-0.4903257,0.87145007,-0.012466282
1356783837362,0.412251,0.2570593,0.87405354,0.7781316,0.39965564,-0.48454773,-0.47387797,0.879884,-0.035267532
1356783837402,0.35385948,0.26690808,0.896406,0.8122301,0.38752043,-0.43601638,-0.46375197,0.8823764,-0.07966298
1356783837442,0.28261846,0.30504498,0.9094362,0.84041715,0.37829745,-0.3880592,-0.46241292,0.87397856,-0.1494512
1356783837482,0.20272061,0.36277884,0.909558,0.8606946,0.37697747,-0.34218815,-0.46702152,0.8522203,-0.23582071
1356783837522,0.1244737,0.4192211,0.8993108,0.8725217,0.38532257,-0.30038708,-0.47245336,0.8220585,-0.31781697
1356783837562,0.06069269,0.45505083,0.8883948,0.8770237,0.40066138,-0.26514146,-0.47659832,0.7952353,-0.37477314
1356783837602,0.019856669,0.46347186,0.8858891,0.87631404,0.418506,-0.23859245,-0.4813308,0.7810548,-0.3978368
1356783837642,0.004400313,0.44730395,0.8943712,0.8719862,0.43609637,-0.22239608,-0.4895106,0.780858,-0.38812387
1356783837682,0.013007462,0.4131163,0.9105854,0.8648987,0.45234048,-0.21757364,-0.5017779,0.7903942,-0.35142
1356783837722,0.042344213,0.36864406,0.9286057,0.8557767,0.4662754,-0.22412828,-0.5156095,0.80416965,-0.29573292
1356783837780,0.08786105,0.32173875,0.9427432,0.8450272,0.47705036,-0.24156162,-0.5274557,0.8178674,-0.22996384
1356783837802,0.14448375,0.27905348,0.94934374,0.8323456,0.48454392,-0.269106,-0.5350937,0.82906353,-0.16226023
1356783837842,0.20742321,0.24565274,0.9469057,0.8170189,0.48884743,-0.30579123,-0.5380108,0.8370681,-0.09930462
1356783837880,0.27245602,0.2247675,0.9355465,0.7983938,0.4898269,-0.3501957,-0.53696847,0.84234744,-0.045996666
1356783837923,0.33609423,0.21771368,0.9163195,0.77602947,0.48728487,-0.40041447,-0.5336844,0.84566796,-0.0051785707
1356783837962,0.39651018,0.22511211,0.89000237,0.7491276,0.481041,-0.45542005,-0.53064823,0.8473041,0.022099972
1356783838002,0.45193183,0.246181,0.8574103,0.7173968,0.4709642,-0.51335615,-0.5301881,0.84710544,0.03623426
1356783838048,0.5016713,0.27916002,0.81877685,0.68073356,0.45664248,-0.57278216,-0.5337862,0.84471726,0.039050847
1356783838084,0.5449717,0.32025295,0.7748831,0.6401474,0.43793574,-0.63120806,-0.54149526,0.84002995,0.033653498
1356783838124,0.581121,0.36403915,0.7278556,0.5985245,0.4148245,-0.68533856,-0.5514224,0.8339041,0.023176849
1356783838164,0.61025727,0.40332052,0.6818495,0.56053764,0.38837582,-0.73141086,-0.5598068,0.82855105,0.010932833
1356783838203,0.6329978,0.43160018,0.6426781,0.53076965,0.36237928,-0.7661363,-0.5635578,0.8260766,3.0499697E-4
1356783838244,0.6497811,0.44615865,0.615408,0.51183975,0.34174085,-0.7881835,-0.5619649,0.82713705,-0.0063049793
1356783838282,0.65988505,0.44779065,0.6033533,0.50534743,0.3297495,-0.79742664,-0.5560357,0.83111304,-0.008693099
1356783838324,0.66131765,0.43822235,0.60878587,0.51338494,0.32730535,-0.7932888,-0.54689574,0.83715737,-0.008523971
1356783838362,0.6507229,0.41862804,0.6334905,0.5385186,0.33373097,-0.7737063,-0.53531057,0.84461486,-0.008272588
1356783838402,0.6238378,0.38970813,0.67746145,0.5820228,0.3468608,-0.73548424,-0.521609,0.8531208,-0.010434121
1356783838442,0.5751504,0.35328192,0.7378305,0.64237267,0.3634176,-0.6747481,-0.50651693,0.8620438,-0.017918885
1356783838482,0.5011385,0.31605932,0.80558467,0.7120224,0.3784732,-0.59142375,-0.49181724,0.8699796,-0.035373867
1356783838522,0.40366846,0.2909509,0.8674096,0.77834654,0.38909113,-0.49273193,-0.48086214,0.8740456,-0.069396794
1356783838562,0.2917573,0.29188487,0.9108682,0.8289807,0.39789122,-0.39303118,-0.47714633,0.8697619,-0.12587929
1356783838602,0.17598337,0.32058805,0.93072724,0.8590279,0.41171414,-0.30424094,-0.48072958,0.85306203,-0.20293927
1356783838642,0.06489962,0.36138365,0.9301559,0.8710066,0.43435508,-0.22952801,-0.48696557,0.8250682,-0.28657806
1356783838682,-0.03558156,0.39079487,0.9197898,0.8704916,0.46421245,-0.16355738,-0.49089527,0.79484975,-0.35670114
1356783838722,-0.12243661,0.39192975,0.9118116,0.86211574,0.49715748,-0.097932816,-0.49169675,0.77409655,-0.39875913
1356783838762,-0.19478466,0.35982674,0.9124602,0.84847873,0.5285251,-0.027296364,-0.4920801,0.76888615,-0.4082539
1356783838802,-0.25222433,0.29781833,0.92069924,0.83132875,0.5536474,0.048653185,-0.49525285,0.7776753,-0.38722825
1356783838842,-0.29405743,0.2141856,0.9314799,0.813166,0.5682186,0.1260502,-0.502286,0.7945138,-0.3412574
1356783838882,-0.31997398,0.12013593,0.93977875,0.7975706,0.56954396,0.19874793,-0.5113686,0.813134,-0.2780562
1356783838922,-0.3308103,0.0282152,0.9432754,0.7878761,0.55844,0.25960723,-0.51943785,0.82906497,-0.20696777
1356783838962,-0.32873878,-0.05113837,0.94303536,0.78550446,0.53955853,0.3030829,-0.5243219,0.84039354,-0.13720441
1356783839002,-0.31621945,-0.11172819,0.94208395,0.78991735,0.5189461,0.32668865,-0.5253911,0.84747374,-0.075844824
1356783839050,-0.29499802,-0.15141317,0.9434246,0.79956675,0.5014628,0.3304967,-0.5231339,0.8518269,-0.026865542
1356783839084,-0.26566738,-0.1703102,0.9489021,0.81261915,0.49003345,0.31546363,-0.5187203,0.8549044,0.0082114935
1356783839123,-0.22817439,-0.16984412,0.9586915,0.8269025,0.485999,0.28290862,-0.5139735,0.8572969,0.029552042
1356783839164,-0.18233865,-0.15226793,0.97137386,0.8398524,0.48959762,0.23439747,-0.51127356,0.85855037,0.03860998
1356783839202,-0.12842181,-0.12019226,0.98440933,0.8488556,0.49993643,0.17177817,-0.51278853,0.8576814,0.03782308
1356783839242,-0.06752539,-0.076031685,0.99481636,0.8517746,0.51481986,0.097162664,-0.5195387,0.8539202,0.029998422
1356783839282,-0.0016688555,-0.022483528,0.99974585,0.8476087,0.53045404,0.0133443475,-0.53061926,0.8474155,0.018171966
1356783839323,0.06551786,0.036280036,0.99719167,0.8371506,0.5418453,-0.0747163,-0.5430343,0.83969486,0.0051286817
1356783839362,0.1283345,0.09274453,0.9873848,0.82356673,0.54470956,-0.15820667,-0.55251074,0.8334806,-0.006476283
1356783839402,0.1794343,0.13640437,0.9742674,0.8117269,0.5389739,-0.22495875,-0.5557901,0.8312044,-0.014012694
1356783839442,0.21257111,0.1593017,0.96407294,0.80609083,0.5290638,-0.26515877,-0.5522963,0.8334954,-0.015947938
1356783839482,0.2245763,0.16031235,0.96117926,0.8087832,0.5195227,-0.27561918,-0.54353964,0.8392831,-0.012985468
1356783839522,0.21485974,0.14340699,0.9660588,0.8194627,0.5116717,-0.25821075,-0.5313342,0.8471283,-0.0075790286
1356783839562,0.18443273,0.11444816,0.976159,0.83593464,0.5040902,-0.21704039,-0.516912,0.8560343,-0.002700448
1356783839602,0.13621394,0.0799419,0.98744875,0.854741,0.49444294,-0.15793663,-0.5008628,0.86552614,-9.796023E-4
1356783839642,0.07461125,0.047052354,0.9961021,0.87193024,0.48164594,-0.08806166,-0.48391202,0.8751019,-0.005090177
1356783839682,0.004715979,0.024204552,0.9996959,0.8837088,0.46778065,-0.015494734,-0.4680135,0.8835131,-0.019183755
1356783839722,-0.070221424,0.019839138,0.9973341,0.8866812,0.45929968,0.053294003,-0.45701793,0.8880598,-0.04984367
1356783839762,-0.14984408,0.039078593,0.98793703,0.87785745,0.46497038,0.11475566,-0.45487696,0.8844633,-0.103978455
1356783839802,-0.23424357,0.078630775,0.9689928,0.8556851,0.4897728,0.16710916,-0.4614464,0.8682971,-0.18200928
1356783839842,-0.31895658,0.12515724,0.9394692,0.8224137,0.5292212,0.20871192,-0.4710652,0.83920234,-0.2717296
1356783839882,-0.39438123,0.16140184,0.9046618,0.7851211,0.570767,0.240437,-0.47754407,0.8050928,-0.35181975
1356783839922,-0.4512394,0.17663097,0.8747483,0.75257766,0.6021049,0.26663935,-0.47959346,0.7786342,-0.40462202
1356783839962,-0.48477983,0.17011958,0.8579323,0.73100054,0.6173898,0.29063392,-0.48023617,0.76804245,-0.42365563
1356783840002,-0.49380016,0.1464015,0.85716283,0.7228755,0.61700505,0.31105596,-0.48333478,0.77322143,-0.41050726
1356783840059,-0.46667668,0.082802564,0.88054335,0.7324631,0.5941888,0.3323211,-0.495692,0.8000521,-0.3379439
1356783840090,-0.40795153,0.048234522,0.9117286,0.7603955,0.5706749,0.3100465,-0.5053457,0.81975824,-0.26948506
1356783840132,-0.34107932,0.012778312,0.9399477,0.7866851,0.5512339,0.27797094,-0.51457906,0.83425295,-0.19806701
1356783840172,-0.26046464,-0.012291908,0.96540517,0.8121788,0.537868,0.22597277,-0.52203816,0.8429395,-0.13011235
1356783840212,-0.17130965,-0.024899751,0.9849026,0.83237636,0.53114945,0.15820807,-0.5270698,0.8469122,-0.070265055
1356783840252,-0.078843474,-0.023531318,0.9966093,0.8447026,0.52932525,0.07932398,-0.5293971,0.84809256,-0.021856904
1356783840292,0.0115314275,-0.008771509,0.99989504,0.8482958,0.5294977,-0.0051380694,-0.5293971,0.848266,0.013546705
1356783840332,0.09559421,0.017435431,0.9952676,0.8436577,0.5292325,-0.09030351,-0.52830243,0.8482977,0.035882056
1356783840372,0.17047271,0.052632958,0.98395574,0.8321762,0.5270407,-0.17236859,-0.52765703,0.8482086,0.046046138
1356783840412,0.23484306,0.09440273,0.9674383,0.8156971,0.5221653,-0.24896121,-0.52866524,0.84760344,0.045622885
1356783840452,0.28896263,0.13995719,0.94705474,0.79584146,0.51472735,-0.31889206,-0.53210616,0.84585327,0.037353277
1356783840492,0.33407718,0.18615103,0.92398065,0.77407104,0.5051361,-0.38164335,-0.5377793,0.842725,0.024660349
1356783840532,0.3721206,0.2296592,0.8993236,0.7523181,0.49286237,-0.43715456,-0.5436393,0.83925164,0.010627449
1356783840573,0.40570477,0.26672155,0.8742215,0.732442,0.47727868,-0.48552418,-0.546747,0.837296,-0.0017238259
1356783840630,0.43708223,0.29439735,0.8498761,0.71511173,0.45934707,-0.52689236,-0.5455038,0.8380516,-0.009754539
1356783840652,0.46699223,0.3123489,0.82725835,0.7001229,0.4408497,-0.5616756,-0.5401354,0.8414807,-0.012809247
1356783840693,0.4945303,0.3223886,0.8071588,0.687692,0.42278197,-0.59019923,-0.53152573,0.846948,-0.012625545
1356783840730,0.5179724,0.32679015,0.7905143,0.67880446,0.4053129,-0.6123283,-0.52050847,0.85377383,-0.011885703
1356783840773,0.53559226,0.32698807,0.77860117,0.6750504,0.3881895,-0.6273881,-0.50739324,0.86161923,-0.012822151
1356783840812,0.54525715,0.32447684,0.7729227,0.6780114,0.37150237,-0.63426065,-0.4929455,0.86988556,-0.017434657
1356783840852,0.5443657,0.32214153,0.7745261,0.6889534,0.3550434,-0.63189185,-0.478549,0.8775927,-0.028667033
1356783840892,0.5291499,0.3249292,0.78385043,0.7084198,0.33930454,-0.6188811,-0.46705654,0.882776,-0.050643325
1356783840932,0.4954362,0.3398121,0.7994189,0.7352746,0.32595998,-0.59424007,-0.46250856,0.8822005,-0.08836284
1356783840972,0.44045255,0.37253588,0.8168345,0.7663632,0.3179123,-0.5582286,-0.467642,0.87186515,-0.14547253
1356783841012,0.36675304,0.42216522,0.8290167,0.79672915,0.31755567,-0.51417994,-0.48032784,0.8490789,-0.21988684
1356783841063,0.28507292,0.4791577,0.83014536,0.8214389,0.3241781,-0.46919787,-0.49393475,0.8156693,-0.30118442
1356783841094,0.21178189,0.5302717,0.8209509,0.8381335,0.33350447,-0.43163303,-0.50267357,0.77947855,-0.37380826
1356783841133,0.16153449,0.56538105,0.8088577,0.8475089,0.3404432,-0.40721875,-0.5056038,0.75129396,-0.42417216
1356783841174,0.14157838,0.5802194,0.8020605,0.85132444,0.3421052,-0.39775705,-0.5051755,0.7391275,-0.44552028
1356783841213,0.151461,0.5753141,0.8037868,0.85021275,0.33894348,-0.40280962,-0.5041804,0.7443998,-0.43780267
1356783841253,0.18629754,0.5532734,0.8119,0.84308165,0.3342955,-0.4212597,-0.5044863,0.76297766,-0.40417624
1356783841292,0.23926681,0.5182308,0.8210896,0.8282769,0.33234036,-0.45111772,-0.5066643,0.78802705,-0.34972054
1356783841332,0.30288106,0.47607267,0.8256015,0.80505455,0.3358211,-0.4889902,-0.5100493,0.8127601,-0.28155065
1356783841372,0.37034482,0.43381405,0.82137084,0.7739358,0.3448841,-0.5311105,-0.51368093,0.8323823,-0.20801818
1356783841412,0.43664938,0.39771184,0.80694646,0.73629296,0.35740906,-0.57457054,-0.5169235,0.84503496,-0.13677001
1356783841452,0.49870795,0.37195477,0.78290486,0.6940634,0.36967844,-0.617749,-0.5191977,0.851462,-0.07379863
1356783841492,0.5545629,0.3579929,0.7511997,0.6495732,0.377996,-0.6596769,-0.52011013,0.8537916,-0.022920042
1356783841532,0.603167,0.3557381,0.7138908,0.60477555,0.379575,-0.70012105,-0.5200349,0.8540336,0.013805419
1356783841572,0.6436909,0.3639679,0.67319345,0.5611836,0.37359726,-0.7385785,-0.5203221,0.8532013,0.03622836
1356783841612,0.67603254,0.380867,0.63080925,0.519558,0.36068147,-0.77457625,-0.5225318,0.85138077,0.045949906
1356783841652,0.70063937,0.40405023,0.58808833,0.480394,0.34228548,-0.8075037,-0.52756613,0.84828305,0.04571536
1356783841692,0.71852916,0.43044883,0.5462871,0.44447887,0.31992882,-0.8367102,-0.534934,0.8440138,0.03855279
1356783841732,0.73145777,0.45584276,0.50712603,0.4135588,0.29475304,-0.8614463,-0.54216105,0.8398381,0.027081639
1356783841772,0.7418412,0.47521833,0.4731165,0.38976273,0.26855215,-0.88088864,-0.54567087,0.8378826,0.014000654
1356783841812,0.7515861,0.48515493,0.44692624,0.37404203,0.24462488,-0.8945676,-0.5433332,0.8395138,0.0023883134
1356783841852,0.76069593,0.48578158,0.4305322,0.36628678,0.22632986,-0.90255684,-0.5358878,0.8442696,-0.0057671666
1356783841892,0.76748383,0.47956863,0.4254205,0.366891,0.2156001,-0.9049352,-0.5256992,0.850606,-0.010479823
1356783841932,0.76977456,0.4686852,0.4333375,0.37762356,0.21296069,-0.90113723,-0.51463354,0.8573109,-0.013054863
1356783841972,0.7653294,0.45381266,0.45642623,0.40131998,0.2179493,-0.88962936,-0.50320286,0.8640325,-0.015321061
1356783842012,0.75135016,0.4346918,0.49650374,0.44087428,0.22918138,-0.8678166,-0.4910222,0.8709299,-0.01944895
1356783842064,0.7236905,0.4126531,0.55316323,0.49934483,0.24017477,-0.8324488,-0.47636837,0.8786544,-0.032243967
1356783842103,0.66625303,0.38899574,0.6362305,0.58439636,0.2576254,-0.76948684,-0.46323627,0.88448375,-0.055684
1356783842144,0.5897131,0.38279927,0.71112823,0.6670692,0.26548484,-0.6960867,-0.45525527,0.8848631,-0.098793715
