1356430515979,-0.018132508,0.0864217,0.9960936,0.7442945,-0.6640494,0.071162224,0.66760534,0.74267733,-0.05228229
1356430516018,0.020182937,-0.0882085,-0.99589753,-0.74422884,0.6638262,-0.073878944,0.6676197,0.7426668,-0.052249372
1356430516058,0.020078868,-0.08788821,-0.995928,-0.74415576,0.66393995,-0.073593974,0.6677044,0.7426032,-0.052071333
1356430516097,0.019679546,-0.08700481,-0.9960135,-0.74397194,0.66424173,-0.07272312,0.66792095,0.74243724,-0.05165714
1356430516139,0.018663883,-0.08522838,-0.9961866,-0.7436557,0.6648024,-0.07080954,0.6683022,0.7421414,-0.05097276
1356430516178,0.016649678,-0.08226317,-0.9964715,-0.74323136,0.6656339,-0.06736943,0.6688273,0.7417306,-0.050057948
1356430516217,0.013385937,-0.07819769,-0.9968481,-0.74276495,0.6666504,-0.06226942,0.66941845,0.7412573,-0.049158752
1356430516259,0.008994848,-0.073753566,-0.9972359,-0.742265,0.6677557,-0.056080908,0.6700461,0.74071777,-0.0487383
1356430516297,0.0035451204,-0.069759935,-0.9975575,-0.74163175,0.6689845,-0.04941821,0.67079794,0.7399955,-0.049364567
1356430516337,-0.002661705,-0.06721938,-0.99773467,-0.740702,0.67044383,-0.04319313,0.6718285,0.7389091,-0.05157405
1356430516377,-0.009092867,-0.06757748,-0.99767256,-0.7396199,0.6719071,-0.038770735,0.67296326,0.73754597,-0.05609119
1356430516419,-0.015221506,-0.072341114,-0.9972638,-0.73918283,0.6724601,-0.03749767,0.6733328,0.73658955,-0.0637092
1356430516459,-0.020525739,-0.08301118,-0.9963372,-0.7406571,0.67065436,-0.040618002,0.6715696,0.73711044,-0.07524848
1356430516497,-0.025683671,-0.09715399,-0.9949379,-0.744491,0.6660583,-0.04582092,0.66713834,0.73954546,-0.08943707
1356430516539,-0.030484527,-0.11457464,-0.9929468,-0.7510829,0.658087,-0.05287665,0.65950376,0.7441734,-0.10611653
1356430516587,-0.035789266,-0.1339769,-0.99033797,-0.75982976,0.6473367,-0.06011522,0.6491362,0.7503368,-0.12496734
1356430516617,-0.04254335,-0.15376061,-0.98719186,-0.7691225,0.6356981,-0.0658679,0.6376838,0.7564692,-0.14530545
1356430516657,-0.050543398,-0.17489806,-0.9832884,-0.7780274,0.6242014,-0.07103458,0.62619376,0.76143503,-0.16762471
1356430516697,-0.060516566,-0.196549,-0.9786247,-0.78578347,0.6139718,-0.07471982,0.61553407,0.76446533,-0.19160038
1356430516737,-0.07263632,-0.21746132,-0.9733625,-0.7919102,0.60585696,-0.07626045,0.6063021,0.76527643,-0.21621704
1356430516777,-0.086698614,-0.23617002,-0.9678363,-0.79606855,0.6005133,-0.07522473,0.5989644,0.7639421,-0.24007118
1356430516817,-0.102099665,-0.2515593,-0.96244144,-0.7981771,0.5981448,-0.071667016,0.5937079,0.76088154,-0.26185924
1356430516857,-0.11753553,-0.26404685,-0.95732164,-0.79866594,0.598045,-0.06689528,0.5901849,0.75671756,-0.28117675
1356430516922,-0.13114291,-0.2759118,-0.95219433,-0.7985724,0.59854484,-0.06345171,0.5874381,0.75207496,-0.29883045
1356430516939,-0.14133483,-0.2897253,-0.94661707,-0.799283,0.59758395,-0.06356177,0.58409864,0.74763143,-0.31603193
1356430516978,-0.14750412,-0.3070743,-0.940185,-0.8019955,0.59344655,-0.068002105,0.57883126,0.74399364,-0.33380806
1356430517019,-0.15086412,-0.3267262,-0.93300056,-0.8069005,0.58594286,-0.07471651,0.5710969,0.7415666,-0.35203326
1356430517058,-0.15444285,-0.3439317,-0.92620647,-0.81259596,0.57745796,-0.07893109,0.56199217,0.74044126,-0.36866176
1356430517088,-0.1617859,-0.3529587,-0.9215452,-0.8164861,0.57235783,-0.07587558,0.55423456,0.7401532,-0.38078523
1356430517128,-0.17446375,-0.34703863,-0.92148066,-0.8170004,0.5733743,-0.061255842,0.54961145,0.74216306,-0.38356376
1356430517159,-0.19522399,-0.32635713,-0.9248668,-0.81347764,0.58064884,-0.033181548,0.5478519,0.74588066,-0.3788408
1356430517200,-0.22339533,-0.28140312,-0.9332239,-0.80430037,0.59407187,0.013397932,0.5506318,0.7535854,-0.3590455
1356430517239,-0.2588008,-0.2147761,-0.94175017,-0.78945917,0.60881364,0.07810351,0.55657566,0.76368654,-0.32711846
1356430517279,-0.2950297,-0.1357508,-0.94579554,-0.7712939,0.61809224,0.15188071,0.5639709,0.77429557,-0.2870593
1356430517318,-0.32635254,-0.05467516,-0.94366556,-0.75313795,0.6183217,0.22463638,0.57120687,0.78402096,-0.2429688
1356430517359,-0.34896043,0.01936394,-0.93693733,-0.7383975,0.60995364,0.28762075,0.57705784,0.79220045,-0.19855142
1356430517399,-0.361126,0.0798572,-0.9290914,-0.7297791,0.5960478,0.33488727,0.58052605,0.79896796,-0.15697026
1356430517429,-0.3623534,0.12178597,-0.92404985,-0.72838616,0.5815594,0.36227375,0.5815097,0.80433625,-0.12202281
1356430517469,-0.35699406,0.14721,-0.9224341,-0.73319125,0.56770563,0.37435398,0.5787797,0.80996263,-0.09473449
1356430517499,-0.34045708,0.15442574,-0.9274921,-0.74439305,0.55836123,0.36621255,0.57442826,0.81509835,-0.07514459
1356430517539,-0.3188886,0.1460945,-0.9364649,-0.759046,0.5523331,0.34464076,0.5675907,0.820722,-0.06524032
1356430517569,-0.2878365,0.12595788,-0.94936013,-0.7764137,0.54965115,0.3083267,0.5606531,0.82584393,-0.060414255
1356430517609,-0.25531337,0.10128763,-0.96153826,-0.79232585,0.54802895,0.268112,0.55410725,0.8303042,-0.059666276
1356430517639,-0.21950758,0.07631937,-0.9726211,-0.8056469,0.5480735,0.22482982,0.5502267,0.83294106,-0.05881983
1356430517696,-0.18845248,0.059476435,-0.98027974,-0.8123618,0.5514606,0.18963003,0.5518642,0.832078,-0.055607796
1356430517717,-0.16335714,0.049327165,-0.9853331,-0.8136339,0.5581092,0.16283107,0.5579555,0.8283,-0.051036894
1356430517758,-0.14809012,0.04516974,-0.98794186,-0.8109617,0.5662154,0.14744917,0.56604815,0.82301867,-0.04721999
1356430517795,-0.14572662,0.047288567,-0.9881941,-0.80589056,0.5737052,0.14629656,0.5738503,0.8176956,-0.045494735
1356430517838,-0.15766567,0.056445062,-0.985878,-0.7989571,0.5794507,0.16094816,0.5803524,0.81305027,-0.046262324
1356430517877,-0.18418384,0.07242808,-0.9802196,-0.7896416,0.58293575,0.19144705,0.58527124,0.80928373,-0.05017513
1356430517922,-0.22147888,0.088550895,-0.97113633,-0.7780926,0.584241,0.23072577,0.5878086,0.8067349,-0.06049621
1356430517959,-0.2648579,0.09380299,-0.9597141,-0.76580226,0.5843602,0.26845855,0.586001,0.80605465,-0.082937896
1356430517999,-0.30749127,0.075173885,-0.9485768,-0.7562746,0.5856925,0.29157004,0.57749283,0.80703974,-0.12324327
1356430518029,-0.34761456,0.044198334,-0.9365952,-0.7484335,0.5886277,0.30555648,0.564811,0.8071951,-0.17153603
1356430518069,-0.3760049,-0.01174283,-0.92654324,-0.74842536,0.5934006,0.2962014,0.5463331,0.80482167,-0.23191017
1356430518099,-0.40122733,-0.059043348,-0.9140736,-0.7480748,0.5969919,0.28980124,0.52858377,0.8000716,-0.28369832
1356430518139,-0.42369035,-0.086740404,-0.90164435,-0.74545324,0.5988624,0.2926827,0.5145736,0.7961406,-0.31839317
1356430518169,-0.44393653,-0.09466672,-0.89104354,-0.74031395,0.59898835,0.30520186,0.50483227,0.7951422,-0.3359959
1356430518209,-0.4643528,-0.07274145,-0.882658,-0.7306898,0.59464264,0.33539903,0.50046873,0.8006927,-0.32927543
1356430518249,-0.479547,-0.03273037,-0.87690556,-0.72036254,0.5853423,0.37209162,0.50111127,0.81012535,-0.30427688
1356430518289,-0.48657396,0.015918583,-0.8734943,-0.7120122,0.57214534,0.40704829,0.5062453,0.8199977,-0.26705676
1356430518329,-0.4837805,0.06523988,-0.87275445,-0.70807385,0.556925,0.43412673,0.5143812,0.8279966,-0.22323483
1356430518358,-0.47051844,0.10290006,-0.8763697,-0.71148217,0.5432122,0.44577307,0.52192485,0.83326584,-0.18237984
1356430518389,-0.45265085,0.13137603,-0.88195664,-0.7184525,0.53209573,0.44799566,0.5281412,0.8364296,-0.14646614
1356430518428,-0.43029675,0.14898172,-0.8903085,-0.7291616,0.52405167,0.44010592,0.53213537,0.83855486,-0.11686599
1356430518469,-0.39817232,0.14896145,-0.905135,-0.7470926,0.5198881,0.41420886,0.53227013,0.8411461,-0.09571707
1356430518499,-0.359356,0.136713,-0.92313206,-0.7684181,0.5179576,0.37583703,0.52952516,0.8444107,-0.08107841
1356430518529,-0.32123584,0.119562715,-0.93942124,-0.7885599,0.5155314,0.33526182,0.524386,0.8484881,-0.071324766
1356430518559,-0.28455648,0.10126591,-0.9532958,-0.80617803,0.51281834,0.29511744,0.51875293,0.8525037,-0.064287424
1356430518599,-0.25062257,0.08519223,-0.9643291,-0.81956875,0.5115128,0.25818923,0.51526237,0.8550421,-0.058375716
1356430518638,-0.21921414,0.07074648,-0.9731085,-0.8280215,0.51405066,0.22390234,0.5160673,0.8548373,-0.054107547
1356430518669,-0.19485885,0.05864668,-0.9790765,-0.83233625,0.5181967,0.1966941,0.51888967,0.85324836,-0.052161515
1356430518699,-0.1786604,0.048699528,-0.9827049,-0.8334706,0.52329177,0.17746145,0.52288365,0.8507609,-0.052901924
1356430518738,-0.171574,0.040190548,-0.9843511,-0.8316858,0.52966636,0.16659015,0.528073,0.8472534,-0.05745107
1356430518767,-0.17098302,0.03470698,-0.9846625,-0.8287606,0.53540415,0.162783,0.5328421,0.84388256,-0.062781215
1356430518807,-0.20414472,0.04873717,-0.9777267,-0.81830335,0.5396948,0.19776025,0.53731227,0.84044886,-0.07029402
1356430518847,-0.24104464,0.059906334,-0.96866333,-0.8061073,0.5434519,0.23420316,0.54045224,0.8373,-0.08270526
1356430518926,-0.28140765,0.059732676,-0.9577274,-0.792916,0.54765093,0.26713794,0.5404572,0.834572,-0.10675019
1356430518927,-0.32176086,0.040430665,-0.9459574,-0.7807052,0.5539379,0.289227,0.5356953,0.83157575,-0.14667112
1356430518954,-0.35756618,0.00970906,-0.9338374,-0.7705446,0.5618988,0.30088335,0.52764344,0.827149,-0.19343477
1356430518986,-0.383335,-0.032254785,-0.923046,-0.7653103,0.57058007,0.2978901,0.51706326,0.8206084,-0.24340826
1356430519027,-0.3999086,-0.07884157,-0.9131577,-0.764826,0.5777353,0.28506684,0.5050883,0.8124075,-0.29134136
1356430519067,-0.41316026,-0.107931525,-0.90423965,-0.7645799,0.5805043,0.28005776,0.4946879,0.80707216,-0.32236356
1356430519107,-0.4259956,-0.111052185,-0.8978837,-0.7625022,0.5782268,0.2902483,0.48694772,0.80828285,-0.3309996
1356430519147,-0.4376251,-0.091641724,-0.89447534,-0.75888634,0.5711993,0.3127666,0.48226127,0.8156796,-0.31951684
1356430519187,-0.44525924,-0.057571292,-0.89354897,-0.7551327,0.5604043,0.340179,0.4811641,0.82621586,-0.29299915
1356430519227,-0.4461582,-0.016532212,-0.8948014,-0.7530048,0.54727185,0.36534548,0.4836596,0.83679163,-0.25661862
1356430519267,-0.4385608,0.024652094,-0.89836335,-0.7543055,0.5333233,0.38287,0.48855665,0.8455522,-0.21529949
1356430519307,-0.42137954,0.05852163,-0.9049942,-0.7607973,0.5203192,0.38788575,0.49358553,0.8519643,-0.17472869
1356430519347,-0.39470848,0.07884598,-0.9154171,-0.7732565,0.50962186,0.37730625,0.49626562,0.85677826,-0.14018387
1356430519387,-0.35984555,0.08322123,-0.929293,-0.79104745,0.500921,0.35117245,0.49472743,0.8614826,-0.11442226
1356430519427,-0.31916404,0.07469693,-0.94475114,-0.8118932,0.49266046,0.31323317,0.48883906,0.8670099,-0.09659356
1356430519467,-0.27667835,0.06109315,-0.9590187,-0.8317129,0.4846721,0.2708259,0.48135522,0.8725599,-0.083286345
1356430519507,-0.23711303,0.050123096,-0.97018814,-0.846274,0.4797654,0.23161483,0.4770719,0.8759639,-0.07134068
1356430519548,-0.20460269,0.04506889,-0.977807,-0.8534534,0.48095384,0.2007502,0.47932762,0.87558675,-0.05994022
1356430519587,-0.18222204,0.04567015,-0.98219615,-0.8537242,0.48822317,0.18108869,0.48780125,0.871523,-0.049975276
1356430519627,-0.17249995,0.05152896,-0.9836608,-0.84878325,0.4989463,0.17498437,0.4998107,0.86509967,-0.04233128
1356430519667,-0.17778027,0.06349632,-0.98201954,-0.8401636,0.50978184,0.18506122,0.51236653,0.85795724,-0.03728187
1356430519707,-0.19848251,0.08164713,-0.9766977,-0.828341,0.5186877,0.21169358,0.52388525,0.8510563,-0.035318732
1356430519747,-0.2338149,0.10345918,-0.96676093,-0.81298965,0.52455676,0.25276083,0.5332714,0.8450659,-0.03853792
1356430519787,-0.2788875,0.12042683,-0.95274293,-0.79459524,0.5282064,0.29935983,0.5392959,0.8405328,-0.05161959
1356430519827,-0.32583043,0.11943942,-0.9378532,-0.7759454,0.5329484,0.3374533,0.5401325,0.8376755,-0.080972254
1356430519867,-0.36758408,0.09238449,-0.92539024,-0.76109636,0.5419344,0.3564261,0.53442895,0.8353276,-0.12889296
1356430519919,-0.39551207,0.03014177,-0.91796607,-0.75644255,0.5561782,0.34418088,0.520927,0.8305163,-0.19717467
1356430519958,-0.42620277,-0.015370369,-0.90449715,-0.7486388,0.56728077,0.3431217,0.5078299,0.823381,-0.2532835
1356430519999,-0.45651057,-0.03154707,-0.8891585,-0.73658735,0.57394063,0.3578145,0.4990362,0.818289,-0.28524715
1356430520039,-0.48669228,-0.016353816,-0.8734204,-0.71965516,0.5742781,0.39025766,0.49520403,0.8184969,-0.29126585
1356430520077,-0.5129768,0.0210239,-0.8581449,-0.7008817,0.5669204,0.43285808,0.4956002,0.8235042,-0.27608174
1356430520117,-0.5315603,0.070025444,-0.84412086,-0.6841462,0.5520675,0.47661874,0.49938715,0.8308537,-0.2455495
1356430520157,-0.53899765,0.11869642,-0.8339021,-0.6740985,0.5328301,0.51154995,0.5050473,0.8378564,-0.2071811
1356430520197,-0.53526616,0.160359,-0.82932204,-0.6724633,0.5132439,0.5332671,0.51115865,0.8431285,-0.16688657
1356430520237,-0.51983607,0.18830726,-0.83325315,-0.68063784,0.498144,0.53720075,0.5162388,0.84639996,-0.1307841
1356430520277,-0.49251357,0.19783977,-0.8475199,-0.69883835,0.49049953,0.52061045,0.5187056,0.84868705,-0.103319705
1356430520317,-0.45307687,0.18718079,-0.87159896,-0.7263236,0.4893832,0.48265725,0.51689005,0.85174376,-0.08577442
1356430520357,-0.40198272,0.15911508,-0.9017163,-0.7603847,0.4906317,0.42555338,0.5101226,0.85671633,-0.076236784
1356430520397,-0.34259206,0.12235004,-0.9314834,-0.795248,0.4901312,0.35686427,0.5002115,0.86301905,-0.07061648
1356430520437,-0.28159165,0.087934285,-0.95549655,-0.82418823,0.4877454,0.28778136,0.49134484,0.8685459,-0.064870596
1356430520477,-0.22631586,0.062333673,-0.9720575,-0.8433727,0.48675966,0.22756892,0.4873436,0.8713091,-0.05759096
1356430520517,-0.18180823,0.045695692,-0.9822716,-0.8530313,0.48959,0.18066314,0.48916584,0.8707546,-0.050031602
1356430520557,-0.1514805,0.03645456,-0.9877878,-0.8555955,0.49558717,0.1494982,0.4949848,0.86779284,-0.043881416
1356430520597,-0.13821027,0.03479302,-0.9897916,-0.8535083,0.5027869,0.13685414,0.5024157,0.8637099,-0.039794147
1356430520637,-0.14392918,0.041671067,-0.98871017,-0.8479382,0.50989896,0.1449273,0.51018155,0.85922444,-0.038054824
1356430520677,-0.16813761,0.055423915,-0.9842042,-0.8388787,0.5163001,0.17238542,0.5176989,0.85461235,-0.04031545
1356430520718,-0.20364109,0.066396445,-0.97679156,-0.82696795,0.5223938,0.20791513,0.52407473,0.85011536,-0.05147308
1356430520755,-0.24001694,0.06027627,-0.96889555,-0.8150862,0.52959824,0.23486197,0.527282,0.84610426,-0.07798219
1356430520798,-0.2639893,0.022511631,-0.96426296,-0.80929005,0.5387286,0.234139,0.5247469,0.8421786,-0.12400019
1356430520837,-0.2720888,-0.042506695,-0.9613329,-0.8122062,0.5458851,0.20574394,0.51603186,0.83678114,-0.18305343
1356430520877,-0.27047157,-0.11377996,-0.9559807,-0.8202351,0.54712236,0.1669476,0.50404316,0.82928354,-0.24130738
1356430520922,-0.27491647,-0.16198426,-0.94772464,-0.82517403,0.545657,0.14610371,0.49346608,0.8222041,-0.2836753
1356430520958,-0.29430342,-0.17410105,-0.9397204,-0.82245797,0.54694587,0.15624684,0.4867735,0.81886446,-0.30415887
1356430520999,-0.3304283,-0.14754084,-0.93222785,-0.81005013,0.55124146,0.19987908,0.4843923,0.82119703,-0.30166125
1356430521039,-0.37200642,-0.09642708,-0.923208,-0.79113793,0.5531479,0.26101366,0.48550177,0.82748365,-0.2820617
1356430521079,-0.40856242,-0.034973204,-0.91206,-0.7704758,0.54893786,0.32408985,0.48932981,0.83513117,-0.25122136
1356430521119,-0.4331492,0.025422305,-0.9009637,-0.75335276,0.5385574,0.37737983,0.49481457,0.8422052,-0.21412373
1356430521158,-0.4422553,0.07604715,-0.8936593,-0.74442613,0.5246171,0.41304556,0.5002399,0.84793496,-0.17540318
1356430521188,-0.43391877,0.10880375,-0.894358,-0.7468986,0.5116981,0.42462635,0.5038422,0.8522481,-0.14077002
1356430521229,-0.4167868,0.12833273,-0.8998997,-0.7568676,0.49928343,0.42174345,0.50342846,0.85688204,-0.11096382
1356430521269,-0.380272,0.12564623,-0.91630024,-0.7797063,0.4893125,0.3906806,0.4974447,0.86301,-0.088104665
1356430521309,-0.3286292,0.10566184,-0.93852997,-0.80998933,0.4795202,0.33760577,0.4857161,0.8711464,-0.07199937
1356430521349,-0.26836616,0.077913195,-0.96016103,-0.84010243,0.46880692,0.27285144,0.47138888,0.87985766,-0.060356855
1356430521389,-0.20768595,0.052369,-0.97679275,-0.8631074,0.46011496,0.20818233,0.46033925,0.88631356,-0.05035937
1356430521429,-0.15283215,0.033578932,-0.9876815,-0.875986,0.4580512,0.15112129,0.4574832,0.88829136,-0.040590286
1356430521469,-0.10706821,0.020513237,-0.99404,-0.8795933,0.46414772,0.104319364,0.46352133,0.8855202,-0.031652153
1356430521509,-0.07262331,0.010892361,-0.9973,-0.8767346,0.47599328,0.069042444,0.47546017,0.8793815,-0.025018513
1356430521549,-0.052482963,0.004683256,-0.99861085,-0.8704408,0.489923,0.048044473,0.4894674,0.8717531,-0.021636128
1356430521589,-0.050463766,0.004457146,-0.99871594,-0.86277103,0.50351226,0.045841753,0.50307006,0.86397654,-0.02156365
1356430521628,-0.06912562,0.012308121,-0.997532,-0.8543973,0.51546705,0.06556705,0.5150018,0.85682106,-0.025115907
1356430521669,-0.10502887,0.023382157,-0.99419427,-0.8453164,0.5245094,0.10163683,0.52384067,0.8510835,-0.03532332
1356430521709,-0.14860764,0.024909675,-0.98858243,-0.83645916,0.5300832,0.13909656,0.5274958,0.84757966,-0.057938516
1356430521747,-0.18287954,-0.0011896491,-0.9831346,-0.83173746,0.5333617,0.15407172,0.52418303,0.84588647,-0.09853041
1356430521787,-0.19936007,-0.058295816,-0.9781907,-0.83428,0.5337334,0.13822228,0.5140353,0.84364104,-0.15504014
1356430521827,-0.20457475,-0.12742668,-0.9705214,-0.8417192,0.5290103,0.10796717,0.49965793,0.8389938,-0.21547967
1356430521867,-0.21805735,-0.17647451,-0.95984775,-0.84691364,0.52294594,0.09625393,0.48496217,0.83389705,-0.26349092
1356430521922,-0.25450873,-0.18517447,-0.9491763,-0.8437456,0.52213407,0.12437594,0.472566,0.8325181,-0.28912783
1356430521949,-0.3137043,-0.1525884,-0.93718004,-0.82877696,0.5256708,0.19183043,0.46337712,0.8368913,-0.29136693
1356430521989,-0.38419658,-0.09020528,-0.9188341,-0.8016759,0.5262289,0.28354684,0.45793962,0.84554493,-0.27449077
1356430522030,-0.45137417,-0.014540702,-0.89221627,-0.7667521,0.51778257,0.3794632,0.45645636,0.85538864,-0.2448628
1356430522069,-0.5055107,0.0604569,-0.8606997,-0.7311106,0.49971655,0.46450055,0.45818812,0.8640766,-0.20841134
1356430522109,-0.5418475,0.123918205,-0.83129156,-0.7024989,0.47620916,0.5288857,0.46140727,0.87055683,-0.1709804
1356430522149,-0.559508,0.16893646,-0.81142545,-0.6866815,0.45374876,0.5679617,0.4641328,0.87496996,-0.13787055
1356430522188,-0.559455,0.192586,-0.80617666,-0.6863718,0.43760902,0.58085465,0.4646546,0.8782989,-0.112636924
1356430522229,-0.54310924,0.19520617,-0.8166559,-0.7013925,0.42921942,0.5690512,0.46160686,0.8818533,-0.09619689
1356430522268,-0.512546,0.18133008,-0.8392949,-0.7281294,0.42628473,0.53675777,0.45510897,0.8862284,-0.0864588
1356430522307,-0.47423574,0.16113591,-0.8655262,-0.7579876,0.4253504,0.49450153,0.4478339,0.89056844,-0.07957739
1356430522347,-0.4375571,0.14581716,-0.88728863,-0.7817638,0.42586428,0.45550525,0.44428498,0.8929597,-0.07234532
1356430522387,-0.41027772,0.14102453,-0.9009907,-0.7945498,0.42965072,0.42905807,0.44761905,0.89191496,-0.06422514
1356430522427,-0.39675146,0.14645115,-0.906168,-0.79597867,0.4367786,0.41909713,0.45717207,0.8875677,-0.056720614
1356430522467,-0.39967138,0.16041362,-0.9025134,-0.7872455,0.4443034,0.4275968,0.4695821,0.8813977,-0.051290452
1356430522507,-0.42189652,0.18315312,-0.88795173,-0.76808834,0.44815254,0.45738333,0.481709,0.87499386,-0.04839617
1356430522547,-0.4649186,0.21545297,-0.8587379,-0.73601115,0.44503254,0.51013106,0.4920755,0.86921006,-0.0483281
1356430522587,-0.5247031,0.25390965,-0.8125371,-0.688812,0.43423253,0.5804998,0.5002246,0.8642754,-0.052947164
1356430522627,-0.5897458,0.28763765,-0.7546287,-0.6299283,0.42088872,0.65271974,0.5053615,0.86030066,-0.06702626
1356430522667,-0.64827764,0.30437195,-0.69792104,-0.5692768,0.41494793,0.70974785,0.5056282,0.85742396,-0.09572953
1356430522707,-0.6912569,0.29328397,-0.66041535,-0.5232539,0.4271595,0.73738736,0.49836653,0.85528904,-0.14181489
1356430522748,-0.7207199,0.2582355,-0.64333284,-0.49704498,0.4544016,0.73923296,0.48322764,0.8525453,-0.19914156
1356430522787,-0.7469962,0.22420675,-0.62588185,-0.474662,0.4793079,0.738214,0.46550268,0.8485254,-0.2516188
1356430522827,-0.7752123,0.21112874,-0.5953742,-0.442611,0.49092197,0.7503939,0.45071205,0.84523386,-0.28712082
1356430522867,-0.8034735,0.22355622,-0.5517727,-0.3992666,0.48514384,0.7779599,0.44160694,0.8453745,-0.3005417
1356430522920,-0.8272397,0.26067293,-0.4977189,-0.3496614,0.45454723,0.8192213,0.43978557,0.8517255,-0.2848723
1356430522958,-0.83538234,0.28694046,-0.46883,-0.32754385,0.42509592,0.84380597,0.44141978,0.858463,-0.261132
1356430522999,-0.83587414,0.31030598,-0.4527966,-0.31951794,0.39569104,0.86100924,0.44634387,0.8643719,-0.23159963
1356430523039,-0.82870954,0.32811505,-0.45341045,-0.32811505,0.37148005,0.86852926,0.45341045,0.86852926,-0.20018959
1356430523079,-0.8145769,0.33874926,-0.4708646,-0.35257283,0.3554448,0.8656509,0.46060497,0.87115324,-0.17010337
1356430523119,-0.7926827,0.33988228,-0.506097,-0.39260808,0.35048455,0.85030556,0.46638292,0.87272024,-0.14438248
1356430523157,-0.76063967,0.32745606,-0.5605353,-0.44917232,0.35792637,0.81861645,0.46869126,0.8744491,-0.1251688
1356430523197,-0.7143744,0.29854533,-0.6328822,-0.5216061,0.37571752,0.7660048,0.4664721,0.87732947,-0.11267996
1356430523237,-0.65027434,0.2544326,-0.7158264,-0.6042739,0.3978399,0.69034517,0.46043062,0.8814689,-0.10495812
1356430523278,-0.56881565,0.20264521,-0.79710954,-0.68591964,0.4179014,0.5957118,0.45383137,0.8856034,-0.09871048
1356430523317,-0.4777464,0.15308324,-0.86505723,-0.75410366,0.43366864,0.49321324,0.4506509,0.8879736,-0.09174305
1356430523357,-0.3869498,0.11053762,-0.9154514,-0.803239,0.4471633,0.3935125,0.45285425,0.8875959,-0.08424163
1356430523397,-0.30429032,0.07468137,-0.94964737,-0.8344557,0.45993605,0.30354998,0.4594466,0.8848059,-0.077635825
1356430523437,-0.23621279,0.045164645,-0.97065115,-0.85158527,0.4714672,0.229175,0.46798083,0.88072634,-0.07290506
1356430523477,-0.18829715,0.023607403,-0.98182833,-0.8588208,0.48099405,0.17627165,0.4764149,0.87640595,-0.070295274
1356430523517,-0.16366121,0.0111453235,-0.9864536,-0.8598856,0.48850682,0.1481818,0.48354083,0.87248886,-0.070365906
1356430523557,-0.16063133,0.00451687,-0.98700416,-0.8577242,0.4941527,0.14185292,0.48837152,0.86936337,-0.07550222
1356430523597,-0.17151275,-0.0061169565,-0.985163,-0.85491145,0.49788043,0.1457451,0.48960185,0.86722416,-0.090622306
1356430523637,-0.18507391,-0.033421338,-0.98215616,-0.8543888,0.499281,0.1440081,0.4855589,0.8657953,-0.120958686
1356430523677,-0.19265544,-0.083123595,-0.97773933,-0.858583,0.4967084,0.1269485,0.47509894,0.8639277,-0.16706204
1356430523717,-0.19702978,-0.14219376,-0.9700311,-0.86585903,0.4893288,0.1041415,0.45985585,0.86042917,-0.21953213
1356430523755,-0.20854361,-0.18691254,-0.959986,-0.8713759,0.48121142,0.09560084,0.44408724,0.85644567,-0.26322466
1356430523798,-0.23388505,-0.20141485,-0.9511729,-0.87126565,0.47760242,0.11310226,0.43150204,0.85517716,-0.2871899
1356430523837,-0.26988325,-0.1851862,-0.94491744,-0.8645809,0.47858837,0.15314347,0.42386648,0.85828847,-0.28927147
1356430523877,-0.3075394,-0.14637166,-0.94021,-0.8530291,0.48022795,0.2042611,0.42161703,0.8648448,-0.27254826
1356430523920,-0.33650273,-0.096868426,-0.9366869,-0.8407036,0.4790309,0.25248146,0.4242445,0.87243676,-0.24263287
1356430523959,-0.34682554,-0.052067578,-0.9364833,-0.8337817,0.47439462,0.28241423,0.42955798,0.8787712,-0.20794511
1356430523999,-0.34060663,-0.014355719,-0.94009626,-0.83282894,0.4686308,0.29458636,0.4363291,0.8832775,-0.17157465
1356430524039,-0.31301945,0.00809899,-0.94971216,-0.8402858,0.46369255,0.28090748,0.44264948,0.88595915,-0.13833934
1356430524079,-0.26563835,0.012150615,-0.9639962,-0.85417044,0.46067822,0.2411814,0.44702256,0.8874841,-0.1119951
1356430524119,-0.19971567,-0.0034981072,-0.97984767,-0.8713801,0.4579634,0.17597249,0.4481188,0.8889642,-0.094510674
1356430524157,-0.1218164,-0.03355238,-0.9919854,-0.8871125,0.45195234,0.093651384,0.44518787,0.8914108,-0.08481991
1356430524197,-0.041202992,-0.068065226,-0.99682975,-0.897319,0.44132784,0.0069551766,0.4394553,0.89476085,-0.07926023
1356430524237,0.032742634,-0.0976975,-0.99467736,-0.9001428,0.42963177,-0.07182929,0.4343626,0.8977035,-0.073874414
1356430524277,0.095054105,-0.11927009,-0.9883012,-0.8959974,0.42234993,-0.13714635,0.43376642,0.8985517,-0.06671959
1356430524317,0.1438985,-0.13444272,-0.98041743,-0.8868387,0.42208636,-0.18804356,0.43910187,0.8965312,-0.05849135
1356430524357,0.17873652,-0.14548045,-0.973082,-0.87558883,0.42758554,-0.22475493,0.4487732,0.89219165,-0.05095589
1356430524397,0.1989289,-0.15265417,-0.9680517,-0.8653816,0.43622607,-0.24662027,0.45993698,0.886794,-0.045326114
1356430524437,0.20391494,-0.1551868,-0.9666104,-0.8585069,0.44619077,-0.25274426,0.4705152,0.88138,-0.042243958
1356430524477,0.1939188,-0.15382645,-0.9688824,-0.85593486,0.45604524,-0.24371767,0.47934443,0.87656164,-0.0432297
1356430524517,0.17157449,-0.15351045,-0.9731376,-0.8573035,0.4634022,-0.22425249,0.48537922,0.8727503,-0.052097023
1356430524557,0.14254914,-0.16323856,-0.976234,-0.8616377,0.46491474,-0.20355543,0.48709363,0.8701767,-0.074379265
1356430524597,0.11456153,-0.19163868,-0.97475654,-0.86824846,0.4574783,-0.1919848,0.48272175,0.868325,-0.11398059
1356430524637,0.09285827,-0.23838323,-0.96672165,-0.8768832,0.44033998,-0.19281197,0.47164932,0.8656062,-0.16814506
1356430524677,0.07354486,-0.28658926,-0.95522654,-0.88653386,0.41991496,-0.19423991,0.45678103,0.861126,-0.22318852
1356430524717,0.049411282,-0.3177141,-0.9468982,-0.89547956,0.40579492,-0.18288514,0.44235167,0.8569646,-0.26445562
1356430524757,0.012869775,-0.32023808,-0.94724965,-0.9020206,0.40508878,-0.14920428,0.43150112,0.856359,-0.28364795
1356430524797,-0.037731364,-0.2926763,-0.95546687,-0.9043046,0.4168604,-0.091980726,0.42521682,0.86056256,-0.2803973
1356430524837,-0.09752314,-0.24112186,-0.9655824,-0.9006063,0.4342838,-0.017487198,0.42355332,0.8679042,-0.2595086
1356430524877,-0.15717252,-0.17556718,-0.97183996,-0.89091206,0.44980985,0.06282419,0.4261133,0.87569815,-0.22711265
1356430524920,-0.2073563,-0.10597029,-0.9725089,-0.8777399,0.45909652,0.13712406,0.43194437,0.8820435,-0.1882109
1356430524957,-0.23589465,-0.04826635,-0.97057927,-0.8672702,0.46103302,0.18785897,0.43840185,0.8860694,-0.15061522
1356430524997,-0.2409983,-0.009405702,-0.97047997,-0.86313677,0.45928296,0.2098906,0.44375074,0.8882402,-0.11880481
1356430525037,-0.21808332,0.0036813617,-0.9759232,-0.8678829,0.45661288,0.1956627,0.44633937,0.88965786,-0.096384645
1356430525077,-0.16880009,-0.008320004,-0.9856152,-0.87940514,0.45287976,0.1467872,0.44514388,0.8915328,-0.083762825
1356430525117,-0.10046008,-0.037578046,-0.9942312,-0.892119,0.44581613,0.073292196,0.44049013,0.89433545,-0.07831085
1356430525157,-0.023332626,-0.07283196,-0.9970712,-0.89995885,0.43584165,-0.010776341,0.43535,0.89707166,-0.075715065
1356430525197,0.052348495,-0.10591331,-0.99299645,-0.89939964,0.42712593,-0.09297162,0.43398145,0.8979676,-0.072898984
1356430525237,0.119081154,-0.13448432,-0.98373455,-0.8907224,0.4232747,-0.16568702,0.43867224,0.89596456,-0.06938416
1356430525277,0.17263515,-0.15855506,-0.97214067,-0.87720907,0.42414582,-0.22495463,0.44799712,0.8916056,-0.06586343
1356430525317,0.20883307,-0.17608249,-0.96196866,-0.8635595,0.42844543,-0.2658938,0.45897034,0.88624454,-0.06258416
1356430525357,0.22456859,-0.1844418,-0.95684385,-0.85390425,0.43583518,-0.28442085,0.46948528,0.88092506,-0.059620798
1356430525397,0.21869345,-0.18299294,-0.9584815,-0.8503356,0.44607854,-0.27918336,0.47864658,0.8760865,-0.05805093
1356430525437,0.1924824,-0.17470112,-0.9656242,-0.8527293,0.4571662,-0.25268927,0.48559582,0.87205434,-0.060976326
1356430525477,0.15414196,-0.1697222,-0.97336257,-0.85857296,0.46452165,-0.21696109,0.4889711,0.8691456,-0.07411665
1356430525517,0.115365505,-0.1812123,-0.97665393,-0.86568964,0.46380913,-0.18831506,0.48710597,0.8672043,-0.10336602
1356430525557,0.0871539,-0.21639073,-0.972409,-0.8734882,0.45273077,-0.17903438,0.4789808,0.8649913,-0.14955747
1356430525597,0.068791986,-0.2651129,-0.9617603,-0.882112,0.43413687,-0.18276644,0.46598935,0.8609531,-0.20399415
1356430525637,0.047947943,-0.30517998,-0.9510868,-0.8906033,0.41805476,-0.17904201,0.45224637,0.85562575,-0.2517494
1356430525677,0.011650562,-0.318641,-0.94780385,-0.897047,0.4154485,-0.1506958,0.44178152,0.8519803,-0.2809958
1356430525717,-0.04475312,-0.29907277,-0.9531803,-0.89877665,0.4285859,-0.09227562,0.43611673,0.8525665,-0.28798014
1356430525757,-0.11530171,-0.2508371,-0.9611381,-0.8930458,0.4498487,-0.010268092,0.4349424,0.85715634,-0.2758773
1356430525798,-0.18658449,-0.18559855,-0.9647484,-0.87968594,0.46878678,0.07994786,0.43742308,0.8635926,-0.25073677
1356430525837,-0.24520335,-0.117053956,-0.96237916,-0.8626847,0.47925934,0.1615102,0.44232374,0.86983263,-0.21849662
1356430525877,-0.28236407,-0.05689159,-0.95761883,-0.84831953,0.4808975,0.22156614,0.44791123,0.87492913,-0.18405044
1356430525921,-0.29426435,-0.012999505,-0.95563567,-0.8418591,0.47685882,0.25274295,0.45241782,0.8788838,-0.15126634
1356430525958,-0.27561283,0.005681634,-0.961252,-0.84702694,0.4713835,0.24564809,0.45451403,0.88191,-0.12510687
1356430525999,-0.23356578,9.4658136E-4,-0.97234046,-0.860189,0.46603957,0.20707956,0.45334515,0.88476336,-0.10803664
1356430526039,-0.1679231,-0.025625527,-0.98546696,-0.87762344,0.4591748,0.13760653,0.44897535,0.8879763,-0.09959561
1356430526079,-0.08913213,-0.063286245,-0.99400723,-0.89236575,0.44836825,0.051471353,0.44242385,0.89160573,-0.09643853
1356430526117,-0.009925246,-0.09936553,-0.99500144,-0.8997179,0.43510795,-0.034477085,0.4363588,0.8948785,-0.09371948
1356430526157,0.059846118,-0.12630728,-0.9901843,-0.8989327,0.4244451,-0.108472854,0.43397978,0.8966007,-0.08814037
1356430526197,0.115416065,-0.14363208,-0.9828779,-0.8921187,0.420139,-0.16615519,0.43681055,0.89602065,-0.07964605
1356430526237,0.15548877,-0.15429768,-0.97571284,-0.88274395,0.42162734,-0.20734882,0.44338065,0.89354503,-0.070647
1356430526277,0.17838302,-0.15916243,-0.97100294,-0.874375,0.4269487,-0.23061496,0.45127368,0.8901585,-0.063007236
1356430526317,0.18211636,-0.15733683,-0.9706074,-0.86983347,0.43451193,-0.233643,0.45850113,0.88681704,-0.05772513
1356430526357,0.16585615,-0.14878485,-0.9748614,-0.8701111,0.44316217,-0.21567076,0.46411026,0.8840081,-0.05595821
1356430526397,0.1311213,-0.13685626,-0.98187447,-0.8743685,0.45080364,-0.1795989,0.4672118,0.88206935,-0.060552835
1356430526437,0.08309406,-0.1292293,-0.9881271,-0.88085866,0.45417345,-0.13347134,0.4660295,0.88149095,-0.076093614
1356430526477,0.033019736,-0.13798276,-0.989884,-0.8883593,0.44977027,-0.09232786,0.4579601,0.8824214,-0.10772693
1356430526517,-0.011008337,-0.16757676,-0.9857975,-0.89677596,0.4377728,-0.06440318,0.4423478,0.8833306,-0.15509796
1356430526557,-0.048759595,-0.20754805,-0.9770088,-0.90495956,0.42314053,-0.044724762,0.42269453,0.88197273,-0.20845473
1356430526597,-0.08766362,-0.23827612,-0.96723294,-0.91034424,0.41340008,-0.019332796,0.40446076,0.8788202,-0.25315344
1356430526637,-0.1351063,-0.2446686,-0.9601476,-0.91027963,0.4133682,0.02275309,0.3913275,0.877077,-0.27856547
1356430526678,-0.19099207,-0.22414443,-0.95565754,-0.90316916,0.42144763,0.081653714,0.3844574,0.87871563,-0.28293353
1356430526724,-0.25726885,-0.16961998,-0.95133686,-0.8859573,0.43450862,0.16211703,0.3858658,0.8845515,-0.2620616
1356430526755,-0.30386257,-0.119945735,-0.94513524,-0.86937094,0.44068992,0.2235769,0.38969445,0.8896097,-0.23818648
1356430526798,-0.3429072,-0.06466612,-0.9371408,-0.8509326,0.4439659,0.28072768,0.397905,0.8937072,-0.20726562
1356430526837,-0.3620763,-0.016290992,-0.9320061,-0.8380028,0.44356754,0.3178035,0.40823033,0.8960929,-0.17425722
1356430526877,-0.3605102,0.018805444,-0.9325657,-0.83360887,0.44206646,0.33116996,0.41848385,0.89678514,-0.14369309
1356430526922,-0.33684748,0.03497082,-0.9409095,-0.8394502,0.44144917,0.3169322,0.42644712,0.89660454,-0.11934477
1356430526958,-0.29141596,0.03050521,-0.9561099,-0.85434866,0.44130388,0.2744799,0.43030807,0.89683914,-0.10254091
1356430526999,-0.22818029,0.009850085,-0.97356904,-0.87371165,0.43915278,0.2092194,0.42960635,0.8983584,-0.09159988
1356430527040,-0.15426415,-0.017694384,-0.98787117,-0.8911474,0.43427563,0.13138136,0.42668366,0.90060616,-0.08276147
1356430527079,-0.07943863,-0.043313026,-0.99589837,-0.9014271,0.42964768,0.053217083,0.4255805,0.9019573,-0.07317418
1356430527119,-0.010358453,-0.06466851,-0.997853,-0.90314627,0.4289375,-0.01842308,0.42920798,0.90101635,-0.06284827
1356430527158,0.04872735,-0.08315998,-0.9953442,-0.898013,0.4326148,-0.080107,0.43726236,0.89773536,-0.053598583
1356430527188,0.09345083,-0.09835419,-0.990754,-0.8902488,0.43729943,-0.12738249,0.44578472,0.8939215,-0.046693683
1356430527217,0.12387411,-0.10974985,-0.98621,-0.882396,0.44244158,-0.16007131,0.4539081,0.89005643,-0.04203576
1356430527257,0.13977331,-0.117503166,-0.98318684,-0.8759983,0.44822538,-0.17810357,0.46161702,0.8861642,-0.040282667
1356430527297,0.13123353,-0.11701533,-0.98442125,-0.8742312,0.45455867,-0.1705761,0.46743727,0.88299704,-0.042645097
1356430527337,0.103406265,-0.11440542,-0.9880377,-0.8766781,0.4587462,-0.14486998,0.46983245,0.8811715,-0.052859485
1356430527377,0.06498361,-0.120364964,-0.9906005,-0.8816733,0.45800918,-0.1134893,0.46736425,0.8807609,-0.07635945
1356430527417,0.027198449,-0.14569947,-0.9889549,-0.8878852,0.4510029,-0.090863526,0.4592603,0.88054985,-0.117097795
1356430527457,-0.0061096996,-0.18755871,-0.98223436,-0.89463323,0.43986422,-0.07842773,0.44675955,0.8782603,-0.17048365
1356430527497,-0.037978142,-0.23126432,-0.9721494,-0.90079165,0.42907026,-0.06688094,0.4325876,0.87316406,-0.22461629
1356430527537,-0.07955593,-0.2555882,-0.96350694,-0.9040853,0.42563623,-0.038258433,0.41988185,0.86804867,-0.26493537
1356430527577,-0.13625123,-0.24913844,-0.95883554,-0.90160084,0.43228036,0.01579684,0.41055018,0.8666393,-0.2835222
1356430527617,-0.20401694,-0.2130897,-0.9554945,-0.89105415,0.44466263,0.091091186,0.40546215,0.8699815,-0.28059322
1356430527657,-0.27288732,-0.15640119,-0.9492478,-0.87270594,0.45548442,0.17583615,0.40486664,0.87639755,-0.2607882
1356430527697,-0.3332761,-0.08978507,-0.9385444,-0.84982014,0.45972776,0.25779074,0.40832913,0.88350946,-0.2295174
1356430527737,-0.378604,-0.023446083,-0.9252617,-0.8275963,0.4561823,0.32708108,0.41441923,0.8895774,-0.19211638
1356430527777,-0.40562785,0.033789128,-0.9134136,-0.81143653,0.44670165,0.3768665,0.42075735,0.89404476,-0.15377688
1356430527817,-0.41360888,0.075112045,-0.907351,-0.8053348,0.43468884,0.40308988,0.42469227,0.89744294,-0.11930084
1356430527857,-0.4036231,0.09714362,-0.90975356,-0.81062007,0.4231025,0.40482026,0.42424473,0.9008593,-0.092027426
1356430527925,-0.37859118,0.101377636,-0.9199953,-0.82538164,0.41280586,0.38514483,0.41882455,0.9051596,-0.072609484
1356430527939,-0.3434726,0.09401682,-0.93444496,-0.8448857,0.403556,0.35115623,0.41011542,0.9101118,-0.05917692
1356430527980,-0.30512124,0.08335522,-0.9486586,-0.8633044,0.39630222,0.3124901,0.4020032,0.91432846,-0.048959315
1356430528019,-0.27013528,0.0756734,-0.95984393,-0.8763015,0.3936994,0.27766237,0.39890164,0.9161191,-0.04003942
1356430528059,-0.2438626,0.07345539,-0.96702397,-0.88207364,0.397639,0.25264475,0.40308455,0.9145969,-0.032176197
1356430528099,-0.23022285,0.07698399,-0.9700881,-0.88079774,0.40735862,0.24135935,0.4137545,0.91001785,-0.025975943
1356430528139,-0.23283824,0.08710459,-0.9686068,-0.87315834,0.41983864,0.24764901,0.42823002,0.9034093,-0.021698415
1356430528179,-0.25471038,0.10531053,-0.961266,-0.859144,0.43160468,0.2749347,0.44384044,0.8958946,-0.01945734
1356430528218,-0.29616323,0.13121456,-0.94608146,-0.8377954,0.43998203,0.32328737,0.4586789,0.8883685,-0.02037561
1356430528258,-0.35198638,0.15904763,-0.9223933,-0.808828,0.44427004,0.38525486,0.47106564,0.881662,-0.027734876
1356430528299,-0.41387442,0.17903349,-0.8925553,-0.7744479,0.446093,0.44858825,0.47847492,0.87689686,-0.045974314
1356430528339,-0.4691949,0.17710143,-0.8651539,-0.74279755,0.45069885,0.4950983,0.47760645,0.87493175,-0.07991505
1356430528379,-0.5133817,0.14978221,-0.84498787,-0.7200223,0.4605523,0.5190949,0.46691227,0.874904,-0.12859261
1356430528419,-0.54802287,0.10750809,-0.82952565,-0.7058158,0.4727573,0.5275647,0.4488818,0.8746099,-0.18320096
1356430528459,-0.5805104,0.07202214,-0.8110614,-0.6917382,0.48183957,0.53789306,0.4295417,0.8732946,-0.22989237
1356430528499,-0.616176,0.060190707,-0.78530514,-0.6700252,0.48404095,0.5628237,0.4139966,0.8729728,-0.25792515
1356430528539,-0.6534025,0.07381645,-0.75340307,-0.6403552,0.47690463,0.60208565,0.40374517,0.8758499,-0.2643419
1356430528579,-0.68700576,0.1051195,-0.71900827,-0.60793734,0.45886183,0.6479645,0.39803916,0.88226736,-0.25133467
1356430528619,-0.7124119,0.14296257,-0.68704516,-0.5797887,0.4316694,0.6910186,0.39536613,0.89063084,-0.22463828
1356430528659,-0.7283116,0.17956428,-0.6613009,-0.5605852,0.39888018,0.7256989,0.39408943,0.89925045,-0.18984795
1356430528699,-0.7351126,0.20962055,-0.64472365,-0.55267394,0.3654753,0.7489856,0.39263332,0.9069107,-0.15281361
1356430528738,-0.73409724,0.23051813,-0.63871944,-0.5558381,0.33631915,0.76021934,0.39005792,0.9130995,-0.11876017
1356430528779,-0.7265608,0.2419888,-0.6430791,-0.5682787,0.31445646,0.7603792,0.3862236,0.91790986,-0.0909546
1356430528819,-0.7131803,0.24541657,-0.65661603,-0.5879625,0.30059278,0.750962,0.38167256,0.92163694,-0.070081115
1356430528860,-0.6952379,0.24415164,-0.67604303,-0.6116766,0.29298478,0.7348548,0.37748635,0.9244187,-0.054352224
1356430528927,-0.67423034,0.24257086,-0.6975478,-0.63576216,0.2899729,0.71534765,0.3757924,0.9257835,-0.041291118
1356430528940,-0.6534329,0.24526705,-0.71614915,-0.6552441,0.2904669,0.6973408,0.37905234,0.9249179,-0.029090822
1356430528979,-0.63481075,0.25225887,-0.7303293,-0.6688198,0.29390442,0.68286186,0.38690495,0.9219467,-0.017857969
1356430529019,-0.62109256,0.26291305,-0.7383229,-0.67534125,0.29849,0.6744019,0.39769107,0.91748595,-0.007833898
1356430529059,-0.6142996,0.27606216,-0.7392061,-0.67470396,0.30199486,0.67347884,0.40915844,0.91246307,7.4493885E-4
1356430529099,-0.61574703,0.29099512,-0.73224133,-0.6666249,0.3030563,0.68100524,0.42007953,0.90745723,0.007378578
1356430529139,-0.62515724,0.30604476,-0.7179939,-0.65128297,0.3024088,0.69597375,0.43012685,0.9027101,0.010268569
1356430529179,-0.64052916,0.31683922,-0.6995249,-0.63044524,0.30315828,0.71458644,0.43847573,0.8987257,0.0055681467
1356430529218,-0.657876,0.3158103,-0.68371266,-0.60908425,0.31084865,0.72965026,0.44296223,0.896458,-0.012144744
1356430529248,-0.6752577,0.30413628,-0.6719585,-0.5897892,0.32442665,0.73952425,0.4429174,0.8956833,-0.039695263
1356430529289,-0.68438697,0.26284784,-0.6800922,-0.58656514,0.35554975,0.72768515,0.4330771,0.8969366,-0.08915621
1356430529329,-0.6877329,0.20376118,-0.6967819,-0.5942965,0.39321274,0.7015664,0.41693547,0.8965853,-0.14933074
1356430529369,-0.68744445,0.14657748,-0.71129113,-0.6053594,0.42541128,0.6727297,0.40119833,0.8930511,-0.20371455
1356430529409,-0.68726206,0.1089488,-0.7181928,-0.6123892,0.44487554,0.65350217,0.39070466,0.8889409,-0.23902696
1356430529448,-0.6881075,0.09545016,-0.71930337,-0.6145648,0.45036492,0.64767396,0.3857696,0.88772786,-0.25123918
1356430529490,-0.6881522,0.10147834,-0.71843493,-0.61522406,0.44330108,0.6519077,0.38463748,0.8906101,-0.24262667
1356430529530,-0.6839651,0.11789021,-0.7199262,-0.6193336,0.42766523,0.6584287,0.38550967,0.8962167,-0.2194947
1356430529569,-0.6739842,0.13843083,-0.72565985,-0.6291338,0.40731186,0.662033,0.3872156,0.90273696,-0.18743026
1356430529629,-0.6571229,0.15821147,-0.73699296,-0.64587444,0.3859133,0.65872383,0.38863304,0.9088675,-0.15140772
1356430529647,-0.6325715,0.17298435,-0.7549369,-0.66984564,0.36711723,0.6453927,0.38879317,0.91394824,-0.11635506
1356430529688,-0.60027313,0.18016541,-0.7792384,-0.69990474,0.35316277,0.6208134,0.3870471,0.91805035,-0.08589554
