1356431349380,0.38388687,0.0029007196,-0.9233756,-0.9226284,0.04154712,-0.38344568,0.037251323,0.99913234,0.018625706
1356431349538,-0.64061236,0.041411728,-0.7667469,-0.7668042,0.017952383,0.6416299,0.040335923,0.9989808,0.020254195
1356431349579,-0.6341018,0.0437755,-0.7720095,-0.77206916,0.019302368,0.6352453,0.042709798,0.9988549,0.021557987
1356431349617,-0.6294808,0.046321303,-0.7756341,-0.77570677,0.020460188,0.6307617,0.045087337,0.998717,0.023052454
1356431349657,-0.6251397,0.049443036,-0.7789453,-0.77904963,0.021555543,0.6265917,0.047771186,0.99854434,0.025043368
1356431349697,-0.6200905,0.05297169,-0.78274,-0.78288925,0.022717774,0.6217462,0.050717086,0.9983376,0.027383864
1356431349738,-0.6224458,0.056592584,-0.7806142,-0.7808209,0.023486078,0.62431335,0.0536651,0.99812114,0.029569805
1356431349775,-0.60877776,0.05909571,-0.79113674,-0.79133296,0.025671244,0.6108463,0.05640787,0.9979222,0.031136274
1356431349818,-0.59772646,0.060752362,-0.79939485,-0.7995379,0.028009951,0.5999622,0.058840156,0.99775976,0.031831563
1356431349857,-0.58925134,0.061623216,-0.8055963,-0.80564237,0.030487597,0.59161717,0.06101805,0.99763376,0.03168142
1356431349897,-0.583251,0.061867833,-0.8099325,-0.8098369,0.033174872,0.58571625,0.06310639,0.99753284,0.030753613
1356431349938,-0.5794989,0.06157148,-0.8126439,-0.8123489,0.036314845,0.58204,0.06534812,0.9974418,0.028973103
1356431349977,-0.57777876,0.060962558,-0.81391346,-0.8133494,0.04016918,0.580387,0.068076104,0.9973314,0.026374936
1356431350017,-0.5780748,0.060722202,-0.81372136,-0.81282806,0.044768274,0.58078086,0.07169521,0.9971503,0.023477256
1356431350057,-0.5806536,0.06192407,-0.8117924,-0.8105539,0.049654305,0.5835554,0.07644507,0.99684495,0.021360874
1356431350097,-0.5856067,0.06543243,-0.8079502,-0.8064327,0.053855836,0.5888684,0.082043946,0.9964026,0.021228492
1356431350137,-0.5927475,0.071827024,-0.8021791,-0.80058074,0.056117952,0.5965913,0.087868005,0.99583715,0.02423954
1356431350177,-0.60152894,0.0811314,-0.7947204,-0.7934338,0.054982066,0.60616815,0.09287459,0.99518573,0.031299174
1356431350217,-0.61137,0.09342751,-0.7858104,-0.7854692,0.04913932,0.61694694,0.09625399,0.99441266,0.043342113
1356431350257,-0.6216701,0.10890767,-0.7756709,-0.7771193,0.038193226,0.6281934,0.09804043,0.99331784,0.060890675
1356431350297,-0.6315741,0.1275059,-0.76475906,-0.7689594,0.023029983,0.63888264,0.09907368,0.99157035,0.0835017
1356431350337,-0.6399447,0.14863911,-0.75390804,-0.7618426,0.005376756,0.6477399,0.100333095,0.98887694,0.10979873
1356431350377,-0.645702,0.17154971,-0.7440697,-0.7566608,-0.0127773285,0.6536827,0.10263184,0.98509264,0.13805532
1356431350418,-0.6483726,0.19598821,-0.735664,-0.7538123,-0.029866993,0.6564106,0.10667667,0.9801513,0.16710329
1356431350444,-0.6462074,0.21923804,-0.73099303,-0.75496036,-0.043595552,0.65431976,0.11158374,0.974697,0.19368774
1356431350476,-0.64336526,0.24234805,-0.7261877,-0.75645196,-0.055362046,0.65170205,0.117735475,0.9686085,0.21894258
1356431350517,-0.64182574,0.26917717,-0.71805525,-0.75628364,-0.06727761,0.65077543,0.12686485,0.96073794,0.24675477
1356431350557,-0.6382675,0.29911226,-0.7093283,-0.757314,-0.07859367,0.64830434,0.13816705,0.9509758,0.27668566
1356431350596,-0.6343207,0.33107316,-0.69858986,-0.75824463,-0.09031874,0.64568377,0.1506728,0.93927264,0.30832553
1356431350637,-0.6306297,0.36315006,-0.6858776,-0.758787,-0.102966785,0.64314854,0.1629368,0.9260236,0.34048754
1356431350677,-0.62687355,0.39258122,-0.67298543,-0.7595854,-0.11573273,0.640028,0.17337653,0.91240656,0.37074888
1356431350718,-0.6215832,0.41604152,-0.6637347,-0.7622354,-0.12583911,0.63495016,0.18064186,0.9005964,0.39534104
1356431350757,-0.61270535,0.4305976,-0.66270506,-0.7685743,-0.12933421,0.62655115,0.18408093,0.89322925,0.41019
1356431350797,-0.598339,0.43449923,-0.67320204,-0.7797744,-0.12258285,0.6139425,0.18423454,0.8922914,0.41215742
1356431350837,-0.5774281,0.42754263,-0.6955458,-0.79573876,-0.104079664,0.59662986,0.18269256,0.8979837,0.4003108
1356431350877,-0.5494617,0.40987924,-0.7280733,-0.81573915,-0.074680984,0.5735786,0.18072468,0.9090774,0.37538892
1356431350917,-0.5149108,0.38210735,-0.7673728,-0.83843935,-0.038015008,0.54366755,0.17856771,0.9233358,0.33994806
1356431350957,-0.47517735,0.3451616,-0.80936396,-0.86218715,9.365082E-4,0.5065892,0.17561314,0.93854284,0.29714876
1356431350997,-0.43284506,0.3008353,-0.8497902,-0.88508075,0.03710544,0.46395618,0.17110622,0.952954,0.2502026
1356431351037,-0.3930021,0.25321642,-0.88398576,-0.9046074,0.066066325,0.42109463,0.1650298,0.9651511,0.20309722
1356431351077,-0.36300337,0.20865375,-0.9081256,-0.91821235,0.08565527,0.3867158,0.15847546,0.97423136,0.16049534
1356431351117,-0.35001945,0.17352337,-0.9205302,-0.9241342,0.096722305,0.36962235,0.1531739,0.98006856,0.12650424
1356431351157,-0.3565266,0.15088418,-0.92202103,-0.9220402,0.102430165,0.37329617,0.1507673,0.9832305,0.102602184
1356431351197,-0.37941128,0.1393519,-0.9146738,-0.91266185,0.10601127,0.3947277,0.15197182,0.984552,0.0869593
1356431351237,-0.41028422,0.1337978,-0.90208924,-0.89864814,0.10906553,0.42489567,0.15523693,0.9849888,0.07548922
1356431351277,-0.43948388,0.12825364,-0.88904727,-0.8844082,0.11130512,0.4532475,0.15708616,0.9854756,0.064511776
1356431351317,-0.46071208,0.11941749,-0.8794794,-0.8739646,0.11167014,0.47298595,0.15469444,0.98654413,0.05291879
1356431351357,-0.47207922,0.108073115,-0.87490654,-0.86901325,0.10977048,0.48245877,0.14817974,0.9880641,0.042096615
1356431351421,-0.47362113,0.096869886,-0.8753853,-0.86955273,0.10640669,0.48224032,0.13986146,0.9895928,0.03383696
1356431351430,-0.4643141,0.087309,-0.8813566,-0.87568027,0.103790104,0.4716054,0.13265145,0.9907596,0.028263628
1356431351454,-0.4488331,0.07991853,-0.8900347,-0.8845768,0.10156846,0.45520082,0.12677845,0.99161327,0.025106788
1356431351488,-0.425624,0.074445635,-0.9018326,-0.8966572,0.09951335,0.4313963,0.12185994,0.9922474,0.024396956
1356431351527,-0.39659125,0.073954135,-0.9150115,-0.9105247,0.095213294,0.40234202,0.116876036,0.992706,0.029576361
1356431351567,-0.35586107,0.08276233,-0.93086696,-0.92789924,0.087233305,0.3624823,0.11120245,0.9927441,0.045752168
1356431351607,-0.3146919,0.108858526,-0.94293106,-0.9433363,0.07432449,0.32340768,0.105288535,0.99127483,0.07930088
1356431351647,-0.27963877,0.15518972,-0.9474801,-0.95481825,0.05847144,0.2913817,0.10062003,0.98615277,0.131827
1356431351687,-0.24713767,0.21344587,-0.9451793,-0.96400297,0.04458201,0.26212725,0.09808797,0.9759371,0.19474459
1356431351727,-0.20741063,0.26740834,-0.9409961,-0.97341335,0.039158225,0.22568369,0.09719747,0.9627874,0.25217694
1356431351767,-0.15344942,0.30319852,-0.9404912,-0.9833078,0.04731685,0.17568949,0.09776983,0.95175195,0.2908768
1356431351807,-0.085363805,0.31466594,-0.94535625,-0.99124444,0.06910813,0.11251032,0.10073498,0.9466834,0.30601153
1356431351847,-0.008872926,0.30214047,-0.9532221,-0.9942919,0.09869242,0.040537536,0.10632378,0.94814074,0.29954022
1356431351887,0.0670917,0.27039447,-0.96040905,-0.9913219,0.12712705,-0.033459753,0.113046676,0.95431936,0.27657714
1356431351928,0.1333256,0.22701472,-0.96472204,-0.9838863,0.14732566,-0.10130605,0.11913028,0.96268344,0.24299899
1356431351967,0.1825555,0.18096936,-0.96639717,-0.9753001,0.15764713,-0.15471596,0.124350816,0.9707715,0.20527884
1356431352007,0.21095797,0.14016184,-0.9673941,-0.96877146,0.16190347,-0.18780082,0.13030195,0.97680193,0.16993964
1356431352047,0.2183032,0.1091353,-0.96975935,-0.96591175,0.16584253,-0.19877341,0.13913417,0.9800948,0.141619
1356431352087,0.20703721,0.0883905,-0.9743319,-0.9664818,0.17302412,-0.18967256,0.15181762,0.9809433,0.12125021
1356431352127,0.18117148,0.075337976,-0.9805616,-0.9692389,0.18257546,-0.1650519,0.16659176,0.98030114,0.106097996
1356431352167,0.14510515,0.06635341,-0.9871888,-0.9731283,0.18986621,-0.13027659,0.1787895,0.97956526,0.092120975
1356431352207,0.10299873,0.058885038,-0.99293697,-0.977575,0.19033062,-0.09011784,0.18367973,0.97995245,0.077168345
1356431352247,0.058580995,0.052244008,-0.9969146,-0.98192316,0.1830647,-0.04810646,0.17998657,0.98171175,0.06202376
1356431352287,0.015624255,0.04668513,-0.9987874,-0.9852873,0.17074457,-0.0074321628,0.17019054,0.9842087,0.04866606
1356431352327,-0.022096068,0.04230064,-0.9988606,-0.9871995,0.15692624,0.028483719,0.15795234,0.986704,0.038291693
1356431352367,-0.05129701,0.038841605,-0.9979279,-0.9880053,0.14375901,0.056382358,0.14565113,0.9888502,0.03100127
1356431352422,-0.0703505,0.03725061,-0.9968265,-0.98845935,0.13179609,0.07468507,0.13415992,0.9905766,0.02754873
1356431352468,-0.08008194,0.041788995,-0.99591196,-0.9890118,0.1212275,0.08461386,0.12426785,0.9917447,0.031621695
1356431352487,-0.083449066,0.060167372,-0.994694,-0.9895676,0.11263317,0.08983195,0.11744046,0.9918133,0.0501405
1356431352528,-0.083413124,0.09961563,-0.9915235,-0.989896,0.10620713,0.09394652,0.11466539,0.98934156,0.08975005
1356431352565,-0.079279125,0.157229,-0.98437476,-0.9902342,0.10117853,0.0959118,0.11467764,0.9823654,0.14767224
1356431352607,-0.06853747,0.21970835,-0.97315514,-0.9909172,0.098130584,0.091943264,0.11569694,0.97061765,0.21098721
1356431352647,-0.04724455,0.26918373,-0.96192944,-0.99188745,0.101132095,0.07701641,0.11801353,0.9577643,0.26222202
1356431352687,-0.0148665905,0.29528484,-0.95529366,-0.9922396,0.113598704,0.05055538,0.1234484,0.94863176,0.29130444
1356431352727,0.026987612,0.2964063,-0.95468056,-0.990849,0.1342799,0.013680726,0.13224947,0.9455751,0.29731774
1356431352767,0.07416791,0.27660203,-0.9581182,-0.9870279,0.15754288,-0.03092423,0.14239106,0.9479829,0.28469846
1356431352807,0.12133774,0.24211353,-0.962631,-0.981036,0.17692444,-0.07915902,0.15114751,0.95398057,0.25898966
1356431352847,0.16275248,0.20077321,-0.9660236,-0.9741385,0.18822631,-0.12499964,0.1567344,0.9613849,0.22621524
1356431352887,0.19378793,0.1600115,-0.96790624,-0.9680232,0.19139421,-0.16217065,0.15930256,0.9683825,0.19198468
1356431352927,0.2114903,0.1258837,-0.9692395,-0.9640254,0.19023958,-0.18564445,0.16101813,0.97363347,0.1615889
1356431352967,0.21532634,0.100774705,-0.97132856,-0.9625147,0.18988618,-0.193672,0.16492468,0.9766206,0.13788456
1356431353007,0.20681584,0.08323684,-0.97483265,-0.9630518,0.19299865,-0.18783715,0.17250642,0.9776621,0.12007657
1356431353047,0.18857628,0.07019168,-0.9795469,-0.965136,0.1976152,-0.17164141,0.18152559,0.9777635,0.10501003
1356431353087,0.16363841,0.05925286,-0.9847393,-0.9685831,0.1991337,-0.14897162,0.18726775,0.9781794,0.089977294
1356431353127,0.13475293,0.04987073,-0.9896234,-0.97306716,0.19517738,-0.12266281,0.18703485,0.9794992,0.07482824
1356431353168,0.10545647,0.041902512,-0.99354076,-0.9776169,0.18728226,-0.09586775,0.1820555,0.98141205,0.060714662
1356431353207,0.07819095,0.035590112,-0.9963029,-0.98131853,0.17895928,-0.07062206,0.17578417,0.9832125,0.048918247
1356431353247,0.05529955,0.03057605,-0.9980015,-0.9838101,0.17231849,-0.049233764,0.17046875,0.98456657,0.039610147
1356431353287,0.03841585,0.026854098,-0.99890095,-0.9853317,0.16735053,-0.033395052,0.16626984,0.9855317,0.032889068
1356431353327,0.027972639,0.027170539,-0.9992393,-0.98634386,0.16306001,-0.023177832,0.16230619,0.98624194,0.031360745
1356431353367,0.023346335,0.038328677,-0.99899244,-0.98721635,0.15847781,-0.016990751,0.15766683,0.9866183,0.041538596
1356431353419,0.021157414,0.08003709,-0.99656725,-0.98837113,0.15180573,-0.008791387,0.15058091,0.9851644,0.08231825
1356431353458,0.032878667,0.13661319,-0.9900787,-0.9892618,0.14559594,-0.012761891,0.14240792,0.9798666,0.13993323
1356431353488,0.052859604,0.19256994,-0.9798585,-0.98948276,0.14240432,-0.025392294,0.13464633,0.97089535,0.1980721
1356431353529,0.07540959,0.24501759,-0.96658146,-0.98871154,0.14423317,-0.04057461,0.12947157,0.95873,0.25312832
1356431353568,0.10564113,0.27983657,-0.9542177,-0.9858831,0.1548276,-0.063741624,0.12990198,0.94748086,0.2922423
1356431353597,0.13813436,0.29752868,-0.94466686,-0.9812756,0.17038095,-0.089825004,0.13422772,0.9393865,0.3154931
1356431353637,0.16850296,0.29428604,-0.9407457,-0.97495615,0.19029477,-0.11510223,0.14514601,0.93658084,0.31898117
1356431353677,0.19387648,0.27505782,-0.94167674,-0.9681021,0.20893773,-0.1382877,0.15871474,0.93845,0.30679214
1356431353717,0.21116707,0.24475402,-0.94631064,-0.96233267,0.2216712,-0.15740922,0.17124328,0.94390535,0.2823445
1356431353757,0.21790814,0.2096496,-0.9531857,-0.959128,0.226654,-0.16941488,0.18052551,0.951144,0.2504706
1356431353797,0.21303633,0.17563346,-0.9611286,-0.9589596,0.22597805,-0.17126104,0.1871148,0.9581684,0.21656695
1356431353837,0.19581556,0.14690456,-0.9695748,-0.96125424,0.22437888,-0.16013852,0.19402698,0.96336555,0.18514952
1356431353877,0.16640663,0.12409231,-0.9782177,-0.9647461,0.22562462,-0.13549328,0.20389637,0.9662788,0.15726298
1356431353917,0.12609598,0.1053088,-0.98641264,-0.96831596,0.22912773,-0.09932113,0.2155551,0.9676831,0.13086429
1356431353957,0.076874316,0.08864161,-0.9930927,-0.9715531,0.23043257,-0.05463901,0.22399765,0.96904266,0.10383439
1356431353997,0.021470338,0.073502034,-0.9970639,-0.97419846,0.22565106,-0.004343301,0.22466931,0.9714314,0.07645035
1356431354037,-0.036705375,0.060539097,-0.99749064,-0.975397,0.21495515,0.048938304,0.21737835,0.97474575,0.05115968
1356431354077,-0.09352532,0.050518602,-0.9943344,-0.9741943,0.20141765,0.10186431,0.20542258,0.97820175,0.030377269
1356431354117,-0.14464062,0.043737113,-0.98851717,-0.9705164,0.18840116,0.15034258,0.1928133,0.9811177,0.015197158
1356431354157,-0.1854822,0.040002525,-0.98183304,-0.9657249,0.1772139,0.18965933,0.18158132,0.983359,0.0057614446
1356431354197,-0.21322608,0.040986747,-0.97614276,-0.96166754,0.16752237,0.2170982,0.17242387,0.98501587,0.0036955476
1356431354237,-0.22806257,0.05242458,-0.97223413,-0.9594742,0.1576525,0.23357028,0.16551998,0.98610216,0.014345348
1356431354277,-0.23338312,0.08288738,-0.9688457,-0.9589591,0.14537835,0.24343902,0.16102728,0.98589796,0.045556724
1356431354317,-0.23328525,0.13669488,-0.9627526,-0.95939326,0.12908936,0.25079975,0.15856418,0.9821662,0.101029456
1356431354357,-0.22874933,0.20568258,-0.9515085,-0.96077746,0.10971564,0.2546943,0.15678155,0.97244906,0.17251778
1356431354422,-0.21601915,0.26972672,-0.93839383,-0.9640453,0.09341854,0.2487759,0.15476486,0.9583947,0.23984867
1356431354439,-0.19201231,0.31259245,-0.93027806,-0.9692834,0.08804357,0.22964758,0.15369108,0.9457982,0.28608522
1356431354479,-0.1548019,0.327967,-0.9319196,-0.9756066,0.09787059,0.19650203,0.15565374,0.9396058,0.3048162
1356431354519,-0.105433404,0.3179747,-0.9422186,-0.9813293,0.12000173,0.15030736,0.16086179,0.9404742,0.2993857
1356431354559,-0.04819244,0.2882824,-0.95633197,-0.9847448,0.14655608,0.09380299,0.16719806,0.9462635,0.2768217
1356431354597,0.0103465915,0.24645704,-0.9690985,-0.9850094,0.16939932,0.03256443,0.17219037,0.9542341,0.24451518
1356431354637,0.06176004,0.20172799,-0.97749245,-0.98260796,0.18412367,-0.024085134,0.17512083,0.9619794,0.20959097
1356431354677,0.09839907,0.16250294,-0.9817894,-0.9792171,0.19162932,-0.06642333,0.1773457,0.967921,0.17798182
1356431354717,0.11520693,0.13391176,-0.9842739,-0.9765736,0.1965628,-0.08756301,0.18174592,0.9713036,0.15342003
1356431354757,0.11209929,0.11530599,-0.98698443,-0.9751034,0.20400715,-0.08691639,0.1913299,0.97215515,0.1353043
1356431354797,0.09290928,0.10206449,-0.99042964,-0.9741248,0.21515417,-0.069208056,0.20603141,0.97123206,0.119413316
1356431354837,0.06266698,0.09000018,-0.99396825,-0.97333443,0.22570983,-0.04092887,0.22066486,0.9700284,0.10174483
1356431354877,0.025570512,0.0780969,-0.99661773,-0.97321284,0.22980058,-0.006962359,0.22847956,0.9700992,0.08188105
1356431354917,-0.014740765,0.06754041,-0.99760765,-0.9737958,0.22548246,0.029654592,0.22694594,0.9719032,0.062446773
1356431354957,-0.053974986,0.059363216,-0.9967762,-0.9742795,0.21558422,0.065595925,0.21878326,0.9746792,0.046200216
1356431354997,-0.086744994,0.05313921,-0.99481237,-0.9742143,0.20424876,0.09585902,0.2082831,0.97747564,0.03405136
1356431355037,-0.107700706,0.047687322,-0.99303895,-0.974195,0.19422376,0.11498386,0.19835502,0.9797974,0.025538683
1356431355077,-0.11415416,0.043724895,-0.9925003,-0.9751978,0.1857571,0.12034762,0.18962619,0.98162234,0.0214355
1356431355117,-0.10868871,0.04687366,-0.99297005,-0.97734153,0.17747259,0.1153557,0.1816321,0.98300874,0.026522279
1356431355157,-0.099939406,0.06774551,-0.9926846,-0.97967225,0.16770792,0.11007455,0.17393816,0.9835063,0.049607694
1356431355197,-0.09552252,0.11419028,-0.9888559,-0.98141104,0.15531385,0.11273858,0.16645664,0.98124313,0.09723163
1356431355237,-0.09528971,0.18144,-0.9787744,-0.9826267,0.14016616,0.12164801,0.15926287,0.9733617,0.16493142
1356431355295,-0.08815318,0.2494106,-0.96437716,-0.98425865,0.12706959,0.12283373,0.15317902,0.96002483,0.23428303
1356431355317,-0.062131464,0.29713327,-0.95281243,-0.9866846,0.12548631,0.10347298,0.15031019,0.9465543,0.28538015
1356431355357,-0.0125107765,0.31492326,-0.9490347,-0.9882008,0.14100057,0.059816062,0.15265194,0.93858516,0.3094434
1356431355396,0.05779761,0.30295867,-0.9512495,-0.9854031,0.17014217,-0.005685091,0.16012529,0.93769276,0.3083702
1356431355438,0.13861966,0.2688217,-0.9531629,-0.9756669,0.20216358,-0.084876,0.16987827,0.94173497,0.29030433
1356431355477,0.21839261,0.22097129,-0.95051366,-0.9592685,0.22746283,-0.16752458,0.17918831,0.94838405,0.26164708
1356431355517,0.2864934,0.16914934,-0.9430324,-0.9397355,0.24131432,-0.24220785,0.18659794,0.9555919,0.22809058
1356431355557,0.33435017,0.12328389,-0.9343506,-0.92260087,0.2452107,-0.297791,0.19239995,0.9615991,0.19572803
1356431355597,0.35853782,0.08919236,-0.9292445,-0.9121944,0.24500343,-0.32844293,0.19837356,0.9654108,0.1692037
1356431355637,0.35961422,0.06738925,-0.93066454,-0.9098564,0.2465606,-0.33372045,0.20697609,0.9667816,0.14998117
1356431355678,0.34097496,0.05434352,-0.9385003,-0.9140604,0.25238726,-0.31748107,0.21961245,0.96609914,0.13573101
1356431355717,0.3060754,0.04610315,-0.9508903,-0.92278206,0.25995404,-0.28442416,0.23407495,0.96451974,0.12210867
1356431355757,0.2584105,0.040801078,-0.9651732,-0.93442035,0.26406604,-0.23901388,0.24511749,0.96364117,0.10636279
1356431355797,0.20201933,0.03830391,-0.9786322,-0.94735974,0.261068,-0.18534547,0.24839011,0.9645601,0.08902839
1356431355837,0.1420623,0.038856804,-0.98909473,-0.9592977,0.251777,-0.12789145,0.2440618,0.9670049,0.07304329
1356431355877,0.087899,0.0404765,-0.9953067,-0.9680514,0.2390298,-0.07577124,0.23484093,0.97016823,0.060193896
1356431355917,0.04808235,0.040893972,-0.99800587,-0.9734542,0.22576416,-0.037648648,0.22377431,0.9733232,0.05066371
1356431355957,0.027740896,0.039578587,-0.99883133,-0.9767579,0.2135315,-0.018666714,0.21254319,0.9761342,0.044582188
1356431355997,0.025057346,0.04047671,-0.9988662,-0.97910297,0.20270702,-0.016347349,0.20181546,0.9784025,0.04471022
1356431356037,0.031435966,0.05246058,-0.99812806,-0.98087335,0.19354105,-0.020720184,0.1920917,0.9796886,0.05754137
1356431356077,0.036456227,0.085240096,-0.9956933,-0.98228645,0.18631345,-0.02001533,0.18380499,0.97878575,0.09052247
1356431356117,0.036013156,0.14054155,-0.9894196,-0.98362446,0.17993906,-0.01024285,0.17659566,0.9735862,0.14472029
1356431356157,0.037490726,0.20490253,-0.9780641,-0.9847896,0.17374581,-0.0013491213,0.16965812,0.963238,0.2082997
1356431356197,0.053207636,0.25696665,-0.9649544,-0.9850759,0.17190832,-0.008538097,0.1636897,0.9510077,0.26227853
1356431356237,0.090467155,0.2818405,-0.9551867,-0.9827798,0.18043453,-0.039840966,0.16111982,0.9423425,0.29331055
1356431356277,0.1474711,0.27631137,-0.9496864,-0.9754288,0.19952968,-0.09341535,0.16367888,0.9401276,0.29894698
1356431356317,0.21654299,0.24489605,-0.9450582,-0.96127725,0.22250089,-0.16260192,0.17045572,0.94367325,0.28359398
1356431356357,0.28776968,0.19584379,-0.9374614,-0.940891,0.24040389,-0.23860005,0.17864105,0.9507109,0.2534486
1356431356421,0.3509139,0.14015204,-0.92586005,-0.91775626,0.24783191,-0.31032696,0.1859647,0.95861197,0.21559307
1356431356438,0.39923918,0.08707684,-0.91270244,-0.89638954,0.24618733,-0.36861596,0.19259796,0.9653028,0.17634237
1356431356479,0.42917538,0.043137133,-0.90219045,-0.8807311,0.24149859,-0.40742013,0.20030281,0.9694419,0.14163747
1356431356519,0.4394309,0.011450708,-0.8982035,-0.87315476,0.24026833,-0.42411324,0.2109535,0.970639,0.115579545
1356431356559,0.4310544,-0.008595467,-0.902285,-0.8736005,0.24632563,-0.4196973,0.22586337,0.969149,0.09867075
1356431356597,0.40550816,-0.019153625,-0.9138907,-0.8809004,0.25877827,-0.3962934,0.24408552,0.9657469,0.08806425
1356431356637,0.36493576,-0.022218227,-0.9307676,-0.8934502,0.27281606,-0.35681674,0.26185626,0.96180964,0.07970941
1356431356677,0.31081778,-0.018464714,-0.95029014,-0.9101566,0.28231007,-0.30317646,0.27387458,0.9591455,0.07094118
1356431356717,0.24908316,-0.009830266,-0.9684323,-0.9278494,0.28418106,-0.24152985,0.27758446,0.9587203,0.061663687
1356431356757,0.1870968,0.0010894835,-0.98234093,-0.9433043,0.27930263,-0.1793522,0.27417496,0.9602026,0.053284347
1356431356797,0.133874,0.010967106,-0.9909377,-0.95438135,0.27073157,-0.12593907,0.26689696,0.9625924,0.04671067
1356431356837,0.096954435,0.017170638,-0.9951407,-0.9613054,0.26065758,-0.08916038,0.25785998,0.96527857,0.041778147
1356431356877,0.07939449,0.019854516,-0.9966455,-0.96558917,0.24992374,-0.071941644,0.247657,0.9680619,0.039013863
1356431356918,0.078338,0.024017036,-0.9966376,-0.96861523,0.23838988,-0.07039067,0.23589778,0.9708725,0.041938245
1356431356957,0.08647972,0.039261878,-0.9954797,-0.97107965,0.226529,-0.075425744,0.22254369,0.97321284,0.05771655
1356431356997,0.09638476,0.074885994,-0.9925231,-0.973263,0.21596491,-0.07821986,0.2084926,0.97352517,0.093699455
1356431357037,0.106800854,0.1297237,-0.98578155,-0.9749832,0.20804876,-0.07825276,0.19493937,0.9694779,0.14869818
1356431357077,0.12236032,0.18905687,-0.97431284,-0.9754907,0.20380208,-0.082962245,0.18288237,0.9605843,0.20936048
1356431357117,0.14809927,0.23434001,-0.9608077,-0.97353464,0.20553347,-0.0999316,0.1740602,0.95017934,0.25857747
1356431357157,0.18434766,0.2547232,-0.9492797,-0.9678823,0.21502468,-0.13026193,0.17093784,0.9428046,0.2861814
1356431357197,0.2268615,0.24884623,-0.94159937,-0.9581346,0.23042479,-0.16994864,0.17467675,0.94073373,0.2907027
1356431357237,0.2688738,0.22160798,-0.937335,-0.94549567,0.24633145,-0.21297619,0.18369785,0.9435098,0.2757615
1356431357277,0.3035723,0.18080568,-0.93549615,-0.9327202,0.25693947,-0.25301212,0.19461983,0.94936365,0.24664086
1356431357317,0.3256081,0.1351448,-0.93579656,-0.9231063,0.25959,-0.28370342,0.2045824,0.95621586,0.20927766
1356431357357,0.3318962,0.0926038,-0.9387595,-0.9189633,0.2564056,-0.29960418,0.21295875,0.96212304,0.17019948
1356431357421,0.32086894,0.05992046,-0.9452263,-0.92095506,0.25271478,-0.29660946,0.22109973,0.96568364,0.13627234
1356431357439,0.2935328,0.040302426,-0.95509905,-0.92761743,0.25344604,-0.2743921,0.2310074,0.9665096,0.11177993
1356431357479,0.25134566,0.03406951,-0.9672976,-0.9367105,0.26020834,-0.23423293,0.24371868,0.9649513,0.09731546
1356431357519,0.19722456,0.03842601,-0.9796051,-0.9459088,0.27002066,-0.17984861,0.25760272,0.96208745,0.0896022
1356431357558,0.13655132,0.04825017,-0.98945725,-0.9535816,0.27701348,-0.11809185,0.26839504,0.95965385,0.08383703
1356431357597,0.075718224,0.05806619,-0.99543715,-0.9594622,0.27603793,-0.05687982,0.27147558,0.9593912,0.076613486
1356431357637,0.019717902,0.06453866,-0.9977205,-0.9637745,0.26671252,-0.0017944872,0.26598874,0.9616128,0.0674597
1356431357677,-0.02675742,0.06616196,-0.99745005,-0.9666747,0.2524259,0.042675585,0.2546057,0.9653516,0.057202876
1356431357717,-0.06156957,0.06351629,-0.9960797,-0.96852434,0.23735082,0.07500133,0.24118409,0.9693452,0.04690349
1356431357757,-0.08365399,0.057895154,-0.9948116,-0.9700887,0.22356498,0.094585866,0.22788113,0.972968,0.03746134
1356431357797,-0.09306297,0.052190214,-0.9942914,-0.9720794,0.21128765,0.102074444,0.2154088,0.9760296,0.031069994
1356431357837,-0.091608316,0.052455485,-0.99441254,-0.9746482,0.1999835,0.10033676,0.20412934,0.97839403,0.032805502
1356431357877,-0.082368284,0.0676685,-0.9943019,-0.97739524,0.18944314,0.09386054,0.19471502,0.97955716,0.050534785
1356431357917,-0.067151755,0.104180425,-0.9922888,-0.9799293,0.180204,0.08523497,0.18769428,0.9780966,0.08998841
1356431357957,-0.044857502,0.15784767,-0.98644423,-0.982167,0.17350125,0.07242605,0.1825817,0.97210157,0.14724982
1356431357997,-0.011860907,0.21223634,-0.9771464,-0.9838247,0.17220372,0.0493446,0.17874095,0.96192604,0.20676091
1356431358037,0.033808887,0.24942288,-0.9678043,-0.98357797,0.18008071,0.012050539,0.17728856,0.95150363,0.25141516
1356431358077,0.090268195,0.26017708,-0.9613322,-0.9794509,0.19799674,-0.038383275,0.18035424,0.9450425,0.27270344
1356431358135,0.15233076,0.24459755,-0.95758414,-0.9702271,0.22160017,-0.09773821,0.18829429,0.94396263,0.27107167
1356431358158,0.21334338,0.20843533,-0.95448375,-0.9565817,0.24315071,-0.16071424,0.19858482,0.94732904,0.25126007
1356431358197,0.26682654,0.16079,-0.9502369,-0.9411503,0.25572112,-0.22100437,0.20746037,0.9532856,0.21956071
1356431358235,0.30787802,0.11177525,-0.9448373,-0.9272839,0.25754386,-0.27169055,0.21296877,0.9597799,0.18293947
1356431358278,0.3343996,0.06905636,-0.9398979,-0.9172796,0.25271854,-0.30778465,0.21627519,0.9650723,0.14785296
1356431358317,0.34629226,0.036717027,-0.93740785,-0.9118078,0.24820024,-0.32711354,0.22065422,0.9680127,0.119428694
1356431358357,0.34546104,0.014229834,-0.93832517,-0.9099811,0.24942425,-0.3312431,0.22932753,0.9682898,0.09911522
1356431358421,0.3336543,-0.0011718571,-0.9426947,-0.9109819,0.2567971,-0.3227492,0.24245948,0.9664646,0.08461395
1356431358439,0.31357694,-0.012524843,-0.9494802,-0.9142502,0.2661674,-0.3054529,0.2565464,0.9638454,0.07201317
1356431358479,0.2874744,-0.020945638,-0.9575593,-0.920094,0.2716751,-0.28216937,0.2660553,0.96216106,0.05882767
1356431358519,0.2576544,-0.025820076,-0.9658921,-0.928434,0.2702646,-0.25488696,0.2676277,0.9624398,0.04566261
1356431358559,0.22750038,-0.027135491,-0.97339976,-0.9378135,0.26305145,-0.2265163,0.2622008,0.9644001,0.03439629
1356431358599,0.2005856,-0.025858253,-0.97933483,-0.94638336,0.25327587,-0.20052403,0.25322708,0.96704847,0.026331663
1356431358637,0.18015355,-0.023342103,-0.9833615,-0.9529506,0.2436257,-0.1803652,0.24378228,0.9695884,0.021646142
1356431358677,0.16798338,-0.019701123,-0.98559296,-0.9572799,0.23545024,-0.1678642,0.23536527,0.9716867,0.02069223
1356431358717,0.16380084,-0.012055278,-0.9864198,-0.95961076,0.22989523,-0.1621587,0.22872815,0.9731407,0.026088595
1356431358757,0.16468713,0.0064078867,-0.986325,-0.96045315,0.22866186,-0.15888172,0.22451687,0.9734848,0.043812156
1356431358797,0.16668752,0.04310289,-0.98506725,-0.9604628,0.23304012,-0.15232712,0.22299448,0.9715114,0.08024356
1356431358837,0.16734856,0.09821421,-0.98099357,-0.96029955,0.24150693,-0.1396394,0.22320217,0.9654162,0.13473088
1356431358877,0.16737035,0.15953365,-0.972901,-0.9601786,0.25029305,-0.12413937,0.22370592,0.95493585,0.19507244
1356431358917,0.16919371,0.20932463,-0.96309745,-0.9595908,0.25792453,-0.112519085,0.22485349,0.943217,0.24450517
1356431358957,0.17400104,0.236305,-0.95597255,-0.95783126,0.26602513,-0.10858104,0.22865447,0.9345536,0.272629
1356431358997,0.18045229,0.23916456,-0.95406353,-0.95484614,0.2753542,-0.1115745,0.23602077,0.9311178,0.2780536
1356431359037,0.18526831,0.22306293,-0.9570364,-0.95155436,0.2839243,-0.118030965,0.24539757,0.9325395,0.26485866
1356431359077,0.18481252,0.19483218,-0.9632678,-0.9492779,0.28910425,-0.12365371,0.25439313,0.9372615,0.2383799
1356431359117,0.17549106,0.16144192,-0.9711536,-0.9490918,0.28985706,-0.12331942,0.26158687,0.94335544,0.20409054
1356431359157,0.15283564,0.13129252,-0.9794915,-0.9515063,0.28730646,-0.10995793,0.26697755,0.9487978,0.16883636
1356431359197,0.11462906,0.11018714,-0.9872785,-0.9555069,0.28412864,-0.079229414,0.271784,0.9524335,0.13785404
1356431359237,0.05839631,0.10128382,-0.9931422,-0.9588343,0.28262624,-0.027555883,0.27789706,0.9538679,0.11361873
1356431359277,-0.014457554,0.1031822,-0.9945574,-0.9580518,0.28330234,0.0433186,0.28623012,0.9534638,0.094758034
1356431359317,-0.09879202,0.111492425,-0.9888425,-0.950441,0.2838037,0.12695444,0.29479158,0.9523785,0.07792944
1356431359357,-0.18630481,0.12106344,-0.9750047,-0.9357228,0.28067207,0.21364897,0.29952165,0.952138,0.060991287
1356431359421,-0.26877123,0.12892154,-0.9545373,-0.9160247,0.27214122,0.294683,0.29776,0.9535819,0.0449515
1356431359439,-0.33839524,0.1339092,-0.9314274,-0.89521706,0.2591877,0.36250255,0.289957,0.95649886,0.032169938
1356431359479,-0.3906867,0.1362308,-0.9103873,-0.87736917,0.24415338,0.41305247,0.27854457,0.96011996,0.024137318
1356431359519,-0.42297214,0.13580605,-0.89590806,-0.8661674,0.22983068,0.44376996,0.26617378,0.96370876,0.020418763
1356431359559,-0.4345942,0.13283041,-0.8907771,-0.8639511,0.21788758,0.45399716,0.25439385,0.9668925,0.02006638
1356431359597,-0.4273187,0.13002273,-0.8947027,-0.870572,0.2078268,0.44599605,0.24393284,0.9694855,0.02438587
1356431359637,-0.4059965,0.13422084,-0.9039643,-0.8831507,0.19670343,0.42585513,0.2349715,0.9712324,0.03867632
1356431359677,-0.37905693,0.15502131,-0.9122961,-0.89708996,0.18031853,0.4033793,0.2270363,0.9713154,0.07071704
1356431359717,-0.35266924,0.19600376,-0.9149902,-0.9097123,0.15723717,0.38431743,0.21919814,0.9679148,0.12285435
1356431359757,-0.32671785,0.2475973,-0.9121135,-0.92118967,0.13237846,0.3659037,0.21134096,0.95977676,0.18483365
1356431359797,-0.29630095,0.29301667,-0.90903616,-0.9326606,0.116307914,0.34149176,0.20579085,0.9490066,0.23882306
1356431359837,-0.2575673,0.32064748,-0.91150653,-0.9439639,0.117979944,0.30824158,0.20637631,0.9398222,0.27229196
1356431359877,-0.20955718,0.32686293,-0.9215457,-0.9539043,0.13872999,0.2661215,0.2148313,0.934834,0.28272408
1356431359917,-0.15384537,0.31235194,-0.9374262,-0.96114933,0.172741,0.21529624,0.22918013,0.9341289,0.27364147
1356431359957,-0.09393734,0.27989843,-0.95542276,-0.9648572,0.21096349,0.15666837,0.24541053,0.93656355,0.25024468
1356431359997,-0.03617823,0.23533183,-0.97124153,-0.96490556,0.24471843,0.09523746,0.26009315,0.9406018,0.21821952
1356431360037,0.010478228,0.1881319,-0.9820879,-0.9623097,0.26881275,0.04122743,0.27175397,0.94464076,0.1838578
1356431360077,0.038059384,0.14777246,-0.98828876,-0.95896363,0.28347662,0.005456388,0.28096303,0.9475253,0.15249741
1356431360117,0.042437285,0.119734436,-0.99189854,-0.95612967,0.29289123,-0.005551338,0.2898537,0.9486192,0.12691116
1356431360157,0.024415225,0.10403785,-0.99427366,-0.9534533,0.30143115,0.008127987,0.3005507,0.94779503,0.10655475
1356431360197,-0.010398805,0.096517295,-0.99527705,-0.94978046,0.31034744,0.040019453,0.31274426,0.94571084,0.08844298
1356431360237,-0.055865258,0.09258959,-0.99413586,-0.9449352,0.31666347,0.08259317,0.32245374,0.9440081,0.069800675
1356431360277,-0.10501093,0.08914977,-0.9904671,-0.93970937,0.31704837,0.12816635,0.325452,0.94421005,0.05048132
1356431360317,-0.15176037,0.085483044,-0.9847139,-0.93491995,0.31089857,0.1710754,0.32077017,0.9465911,0.032737672
1356431360357,-0.19054544,0.081513196,-0.97828835,-0.93128824,0.30016774,0.20640159,0.31047505,0.95039725,0.018716633
1356431360422,-0.21628803,0.07649323,-0.9733285,-0.92979,0.2879876,0.22924587,0.29784226,0.9545742,0.008834302
1356431360438,-0.2255246,0.0695321,-0.971753,-0.9316198,0.27639526,0.23598748,0.28499663,0.95852536,0.002443552
1356431360479,-0.21799266,0.06230238,-0.9739598,-0.9370707,0.26551157,0.22672042,0.27272275,0.9620925,5.0216913E-4
1356431360519,-0.19792932,0.061539024,-0.9782827,-0.94475126,0.25405467,0.20712641,0.2612836,0.9652302,0.007854164
1356431360559,-0.17469603,0.078395694,-0.9814966,-0.9520229,0.2409296,0.18869388,0.25126433,0.9673712,0.03254503
1356431360599,-0.15546805,0.119259685,-0.9806155,-0.9573457,0.22655922,0.17933229,0.24355456,0.9666686,0.07895005
1356431360637,-0.13919723,0.17554393,-0.97458124,-0.96114993,0.21294028,0.17563415,0.23835912,0.9611664,0.13908333
1356431360678,-0.11956638,0.22860935,-0.96614784,-0.9644387,0.2042951,0.16769505,0.23571593,0.951841,0.19605291
1356431360717,-0.08996296,0.26164877,-0.9609612,-0.96745133,0.20618844,0.1467112,0.23652586,0.9428818,0.23458314
1356431360757,-0.04986459,0.26892152,-0.96187043,-0.96906304,0.22005957,0.11176211,0.2417241,0.937686,0.24962866
1356431360797,-0.0029938817,0.25254473,-0.96758056,-0.9680929,0.24172026,0.066086024,0.25057352,0.93690574,0.24376309
1356431360837,0.043620646,0.219527,-0.9746307,-0.96442115,0.2638693,0.016270608,0.26074696,0.93924475,0.2232267
1356431360877,0.08326727,0.17726007,-0.9806353,-0.9591042,0.28139758,-0.030573487,0.27052894,0.943077,0.19344205
1356431360917,0.10761407,0.13554114,-0.98491,-0.9541804,0.29230073,-0.06403068,0.27921113,0.94667256,0.16078639
1356431360975,0.10970461,0.10340822,-0.98857045,-0.9515612,0.29832387,-0.07439181,0.2872214,0.94884646,0.13112676
1356431360997,0.08510083,0.08637342,-0.9926215,-0.9514539,0.30279648,-0.055223376,0.2957924,0.9491333,0.1079486
1356431361037,0.032499135,0.08540395,-0.9958163,-0.9514905,0.30764282,-0.0046682954,0.30595702,0.9476614,0.09125918
1356431361075,-0.044725627,0.09713259,-0.9942659,-0.9474102,0.31157115,0.07305616,0.3168807,0.9452452,0.07808924
1356431361117,-0.13727257,0.11496866,-0.9838386,-0.935542,0.31129107,0.16691047,0.32544965,0.9433345,0.06482631
1356431361157,-0.23355767,0.13255009,-0.9632659,-0.91532505,0.30428144,0.26380432,0.3280712,0.943315,0.050259173
1356431361197,-0.32091832,0.14538792,-0.9358814,-0.8901725,0.2911392,0.35047257,0.32342625,0.9455688,0.03598839
1356431361237,-0.39113235,0.15247455,-0.9076161,-0.8653512,0.27483094,0.41908863,0.31334132,0.9493258,0.024448752
1356431361277,-0.43867242,0.15371713,-0.8854025,-0.84677005,0.25920796,0.4645338,0.30091017,0.9535105,0.01645565
1356431361317,-0.46059024,0.1494708,-0.8749372,-0.8394168,0.24704444,0.48409545,0.2885065,0.95740664,0.011682034
1356431361357,-0.45683104,0.14208308,-0.87813306,-0.8452971,0.23815608,0.47828275,0.2770886,0.9607778,0.011305392
1356431361421,-0.43116826,0.1377644,-0.89169204,-0.86192214,0.22934532,0.45220673,0.26680335,0.9635464,0.019855797
1356431361438,-0.39486194,0.1475032,-0.90682244,-0.881802,0.21621656,0.4191368,0.25789413,0.96513903,0.044692874
1356431361479,-0.36106288,0.18078882,-0.9148492,-0.8980455,0.1969496,0.39335132,0.25129277,0.96360075,0.09124529
1356431361519,-0.33211768,0.2325696,-0.91411674,-0.9101026,0.17560256,0.37533605,0.24781302,0.95659566,0.15334141
1356431361559,-0.3008356,0.285819,-0.9098381,-0.9209624,0.16066545,0.3549857,0.24764118,0.9447191,0.21489471
1356431361598,-0.25597268,0.32307005,-0.91110027,-0.93353355,0.16209185,0.31975198,0.2509842,0.93239045,0.26010567
1356431361627,-0.19708908,0.34063,-0.91930795,-0.9462909,0.17904443,0.26921502,0.2562997,0.9229921,0.28704733
1356431361667,-0.11911589,0.32875803,-0.93687224,-0.9565406,0.21495014,0.19704476,0.26616088,0.9196274,0.2888664
1356431361707,-0.02092743,0.28913277,-0.9570602,-0.9605153,0.25982755,0.09949824,0.2774388,0.9213532,0.27227896
1356431361747,0.085228086,0.22829309,-0.96985483,-0.9540044,0.29949582,-0.013337195,0.28742266,0.9263825,0.24331808
1356431361787,0.18295845,0.15851277,-0.97025764,-0.93782824,0.32424387,-0.12387103,0.294965,0.9325983,0.2079809
1356431361827,0.258478,0.09360334,-0.96147156,-0.91804194,0.3335595,-0.21432912,0.30064607,0.93807065,0.17214957
1356431361867,0.30519947,0.043608546,-0.9512895,-0.90175307,0.33432922,-0.2739807,0.30609602,0.9414469,0.1413612
1356431361908,0.3251875,0.010488033,-0.9455914,-0.89232296,0.33444637,-0.30315903,0.31307,0.94235647,0.11811653
1356431361947,0.3231778,-0.008641958,-0.9462988,-0.8899503,0.33724046,-0.3070135,0.32178336,0.94137883,0.101297736
1356431361987,0.30507207,-0.018483937,-0.95214987,-0.89337885,0.34074807,-0.29285654,0.32985637,0.9399729,0.08743957
1356431362027,0.2761175,-0.022559911,-0.96085906,-0.90147436,0.3406291,-0.26705,0.33332112,0.939927,0.07371649
1356431362067,0.24087816,-0.022457212,-0.9702955,-0.91288555,0.33423728,-0.23436174,0.32957202,0.9422213,0.0600096
1356431362107,0.20443594,-0.019467205,-0.97868633,-0.9252887,0.32243252,-0.19969538,0.31944785,0.9463923,0.047904015
1356431362147,0.17302772,-0.016108423,-0.9847852,-0.9361025,0.30818263,-0.1695151,0.30622435,0.9511907,0.038245022
1356431362187,0.15243304,-0.015098929,-0.9881984,-0.94375473,0.29462385,-0.15007907,0.2934129,0.955494,0.030660748
1356431362227,0.14489213,-0.016554087,-0.989309,-0.94827795,0.28309438,-0.14361987,0.28244537,0.9589492,0.025320232
1356431362267,0.14817026,-0.015926778,-0.98883355,-0.95056415,0.27361462,-0.1468429,0.27289805,0.96170753,0.025402129
1356431362307,0.15596893,-0.0037833154,-0.9877547,-0.95193374,0.26630923,-0.15133274,0.26362073,0.9638802,0.037934482
1356431362347,0.16207188,0.029736876,-0.98633087,-0.953573,0.26183712,-0.14879507,0.25383332,0.9646539,0.070792735
1356431362420,0.15841353,0.09805411,-0.98249197,-0.95727056,0.25908178,-0.12849021,0.24194679,0.96086526,0.13490638
1356431362428,0.17305791,0.15994206,-0.97183824,-0.9577037,0.2576521,-0.12813744,0.22990167,0.95290816,0.1977658
1356431362468,0.19314763,0.20952925,-0.95853615,-0.95643437,0.25818464,-0.13628682,0.21892321,0.94310033,0.2502687
1356431362507,0.22597551,0.23293266,-0.94587386,-0.95061684,0.2647941,-0.16189998,0.21275005,0.9357491,0.28126672
1356431362547,0.26800206,0.22850153,-0.9359284,-0.93945897,0.27728924,-0.20131448,0.21352226,0.9332191,0.28898185
1356431362587,0.3130783,0.20187429,-0.9280242,-0.92391634,0.29099932,-0.24839103,0.21991065,0.93518245,0.27762052
1356431362627,0.35469165,0.16176373,-0.9208835,-0.9066232,0.30024543,-0.29645756,0.228535,0.94004536,0.25315332
1356431362667,0.38795295,0.11672169,-0.9142585,-0.8907705,0.3022144,-0.339403,0.23668635,0.94606686,0.22121727
1356431362707,0.41010046,0.073676884,-0.90905964,-0.8788848,0.29823077,-0.37231702,0.24367836,0.95164603,0.18705809
1356431362747,0.41925862,0.03853342,-0.9070487,-0.8725467,0.2930701,-0.39086074,0.25076762,0.9553141,0.15649441
1356431362787,0.41511953,0.014123827,-0.90965724,-0.87176967,0.2921257,-0.39329395,0.26017943,0.9562756,0.13357988
1356431362827,0.39826864,3.0750036E-4,-0.91726875,-0.87568337,0.2978136,-0.3801128,0.27305827,0.95462406,0.11887905
1356431362867,0.370261,-0.0052901506,-0.92891264,-0.88313484,0.3080917,-0.35376877,0.28806183,0.9513419,0.10940245
1356431362907,0.33344537,-0.006000787,-0.9427504,-0.8932849,0.31770432,-0.31797203,0.30142397,0.9481709,0.10057658
1356431362948,0.29124406,-0.0043420196,-0.95663893,-0.90534055,0.32184014,-0.2770872,0.3090879,0.946784,0.08980301
1356431362987,0.24668837,-2.4789572E-4,-0.9690949,-0.9183774,0.31920636,-0.23385957,0.30939925,0.94768524,0.07851681
1356431363027,0.20419466,0.0058861077,-0.9789126,-0.9307327,0.31107438,-0.19227421,0.30338287,0.95036733,0.0689981
1356431363067,0.1679104,0.012245268,-0.98572624,-0.9409884,0.30004847,-0.15656233,0.29384854,0.9538454,0.061903894
1356431363107,0.1414386,0.016542166,-0.9898088,-0.94859946,0.28821486,-0.13073322,0.283115,0.95742285,0.056456625
1356431363148,0.12593782,0.019158602,-0.9918531,-0.9540271,0.2764486,-0.115795106,0.2719779,0.9608377,0.053093195
1356431363187,0.11967763,0.025253922,-0.99249154,-0.9581152,0.26491442,-0.10879165,0.2601779,0.96394116,0.055900514
1356431363227,0.11937863,0.04401216,-0.9918728,-0.96149445,0.25420475,-0.10444254,0.24754202,0.96614844,0.07266408
1356431363267,0.122712076,0.08300558,-0.98896503,-0.96429026,0.24563509,-0.0990338,0.23470417,0.96580195,0.110183835
1356431363307,0.12982738,0.13943559,-0.98168355,-0.9661818,0.2402541,-0.09365228,0.22279507,0.9606434,0.16591161
1356431363347,0.14180449,0.19839475,-0.9698098,-0.9666487,0.23882315,-0.092486024,0.21326426,0.95058036,0.22564429
1356431363418,0.1578055,0.24364457,-0.9569403,-0.96490407,0.2440368,-0.09698507,0.2098988,0.9386604,0.27360398
