1356431688866,0.08408554,-0.0055927634,0.9964428,-0.881124,0.46657854,0.07697302,-0.46534932,-0.88446206,0.03430462
1356431688908,-0.59245926,0.3400435,0.7303167,-0.65761006,0.31951392,-0.6822462,-0.46533972,-0.88446665,0.034316957
1356431688947,-0.5923999,0.34003305,0.7303697,-0.6577101,0.31943887,-0.68218493,-0.46527386,-0.88449776,0.034407616
1356431688987,-0.59203863,0.33990812,0.7307208,-0.65818506,0.3192938,-0.68179464,-0.4650622,-0.88459826,0.034688175
1356431689027,-0.5909519,0.33937818,0.73184574,-0.65948486,0.31923985,-0.68056273,-0.46460247,-0.88482106,0.03515935
1356431689067,-0.58880043,0.33799517,0.73421603,-0.6619145,0.3196904,-0.6779876,-0.46387833,-0.88518775,0.035490096
1356431689107,-0.5855365,0.33544117,0.737988,-0.66536003,0.32117933,-0.673899,-0.46307993,-0.8856202,0.035126984
1356431689149,-0.58118844,0.3317964,0.7430553,-0.66943777,0.32422036,-0.6683818,-0.46268028,-0.8858851,0.033683956
1356431689187,-0.5752392,0.32758033,0.74952716,-0.6740074,0.3293724,-0.66123205,-0.46348017,-0.8855534,0.03132367
1356431689227,-0.5666637,0.3237356,0.75768566,-0.67910576,0.33723807,-0.65198606,-0.4665916,-0.8840055,0.028750122
1356431689267,-0.56217176,0.32530612,0.7603544,-0.6783193,0.34459746,-0.64894956,-0.47312346,-0.8805842,0.026938498
1356431689330,-0.5392181,0.32176805,0.7782731,-0.6896925,0.36160588,-0.6273478,-0.48328865,-0.8750465,0.02693659
1356431689347,-0.5145344,0.32176247,0.7948101,-0.6995053,0.37859225,-0.60610247,-0.49593002,-0.86783457,0.030275881
1356431689388,-0.4866004,0.3251707,0.81085396,-0.70997375,0.39365792,-0.58392704,-0.50907505,-0.85982406,0.039308548
1356431689425,-0.45327306,0.33195364,0.8272547,-0.7229959,0.4059121,-0.559028,-0.52136415,-0.8514941,0.056012094
1356431689468,-0.41249615,0.34201413,0.84431815,-0.73885614,0.41654056,-0.52970326,-0.5328587,-0.8423302,0.0808779
1356431689507,-0.36555797,0.354565,0.86061084,-0.7551148,0.4276281,-0.49692634,-0.5442141,-0.83151543,0.11141443
1356431689547,-0.31560987,0.36869395,0.87433124,-0.7687895,0.4407419,-0.46336725,-0.556195,-0.81842005,0.14434558
1356431689587,-0.2676366,0.38367227,0.8838361,-0.7774501,0.45586437,-0.43331176,-0.5691591,-0.8031085,0.17628002
1356431689627,-0.22564659,0.39921638,0.8886562,-0.7803799,0.47197345,-0.41018066,-0.583173,-0.7860453,0.20504129
1356431689667,-0.1911209,0.41538978,0.8893391,-0.7783072,0.4879376,-0.3951643,-0.5980892,-0.76770324,0.23004586
1356431689708,-0.1624121,0.43231046,0.88697803,-0.7727041,0.5033054,-0.38679728,-0.6136373,-0.7481921,0.25230515
1356431689747,-0.13584349,0.4499128,0.88268065,-0.7651248,0.51835227,-0.38196203,-0.62938917,-0.72724783,0.27382463
1356431689803,-0.0994513,0.46803287,0.8780972,-0.7559532,0.53828984,-0.37253034,-0.64702725,-0.70084894,0.3002773
1356431689839,-0.06428492,0.48646793,0.8713302,-0.7464168,0.55609566,-0.36554003,-0.66236645,-0.67387426,0.32735926
1356431689869,-0.031138599,0.50104225,0.86486244,-0.73805547,0.57197523,-0.35793644,-0.6740211,-0.64946204,0.35198647
1356431689908,0.0011692643,0.5112821,0.85941225,-0.73229265,0.58568895,-0.34744212,-0.6809892,-0.628935,0.37509292
1356431689938,0.026806682,0.5165709,0.85582465,-0.72916806,0.5957463,-0.33674958,-0.68380934,-0.6150129,0.392637
1356431689969,0.041724533,0.51847506,0.85407424,-0.72955143,0.5998622,-0.32851171,-0.682652,-0.60938406,0.40328318
1356431690009,0.03694284,0.5172777,0.85501987,-0.7360592,0.59278995,-0.32682854,-0.67590827,-0.6172713,0.40264636
1356431690039,0.028080493,0.5094121,0.8600644,-0.7439577,0.5853138,-0.32238895,-0.6676364,-0.6307987,0.39541698
1356431690078,2.3037195E-5,0.4985271,0.86687416,-0.75439614,0.5690417,-0.3272278,-0.65641946,-0.6539589,0.3761
1356431690117,-0.036785275,0.48001075,0.876491,-0.76497567,0.5508286,-0.33376664,-0.6430078,-0.682772,0.3469342
1356431690157,-0.07781446,0.4543845,0.8874004,-0.7742823,0.53317285,-0.3409012,-0.62803805,-0.7136255,0.31033337
1356431690197,-0.11875132,0.42276746,0.89842415,-0.7814633,0.51840425,-0.347235,-0.61254656,-0.7433201,0.26881605
1356431690237,-0.15461618,0.38693506,0.9090518,-0.7863262,0.50887257,-0.35034236,-0.5981513,-0.7689798,0.22557724
1356431690277,-0.18001518,0.34925276,0.9195744,-0.78950995,0.50632536,-0.3468554,-0.58674407,-0.7884524,0.1845923
1356431690317,-0.19247505,0.31202674,0.93037236,-0.7918236,0.51063216,-0.33506715,-0.579628,-0.80118287,0.14878619
1356431690357,-0.1938901,0.2763303,0.9413012,-0.7940518,0.51925844,-0.31599414,-0.57609737,-0.8087102,0.11874157
1356431690397,-0.19015932,0.2423025,0.95138264,-0.7973006,0.5273265,-0.29366386,-0.57284474,-0.8143809,0.0929119
1356431690439,-0.18628314,0.2101562,0.95975673,-0.8033576,0.5297823,-0.27193245,-0.5656104,-0.82168424,0.07014102
1356431690477,-0.18332034,0.18150875,0.96615124,-0.813192,0.52423185,-0.25278378,-0.5523697,-0.83200693,0.05149913
1356431690517,-0.17949826,0.15897381,0.9708284,-0.8258515,0.5118885,-0.23651525,-0.5345557,-0.8442141,0.039405644
1356431690557,-0.17375761,0.1448141,0.9740827,-0.83912003,0.4959473,-0.22341397,-0.51544714,-0.85619223,0.03534186
1356431690597,-0.1670171,0.14012304,0.97594607,-0.8510307,0.4793262,-0.21445993,-0.4978473,-0.86637866,0.039193332
1356431690637,-0.15967754,0.14527148,0.9764216,-0.86066,0.46396014,-0.2097744,-0.48349488,-0.87386334,0.0509454
1356431690677,-0.14810953,0.16074169,0.97582054,-0.8680785,0.45160106,-0.2061463,-0.47381786,-0.877621,0.072649956
1356431690717,-0.12251711,0.18705392,0.9746796,-0.8738328,0.44528145,-0.19529608,-0.47053763,-0.8756342,0.108899295
1356431690757,-0.0721083,0.2231547,0.97211236,-0.8772192,0.44962952,-0.16828477,-0.474644,-0.86489034,0.16333354
1356431690804,0.0044480264,0.26399907,0.96451265,-0.8749124,0.46811232,-0.124093324,-0.48426074,-0.84331214,0.23305821
1356431690838,0.08869678,0.30164164,0.9492867,-0.8645348,0.4966346,-0.07703069,-0.4946843,-0.813859,0.30482954
1356431690879,0.15382949,0.3313185,0.9308945,-0.85052586,0.52392447,-0.04592347,-0.5029336,-0.78468543,0.36238998
1356431690908,0.18893349,0.35422793,0.91587484,-0.8398473,0.54161257,-0.0362266,-0.5088818,-0.76235056,0.3998261
1356431690949,0.18374285,0.3718111,0.9099424,-0.83730596,0.544134,-0.0532628,-0.5149344,-0.75211346,0.41130036
1356431690988,0.14505163,0.3867641,0.91069937,-0.8414214,0.5324701,-0.09211689,-0.52054775,-0.7529203,0.4026673
1356431691018,0.09638351,0.3983413,0.91215914,-0.84593403,0.5157014,-0.13582182,-0.5245052,-0.75853556,0.38667566
1356431691047,0.040858418,0.4056807,0.9131012,-0.8491818,0.495667,-0.18222114,-0.52651775,-0.7679436,0.36474884
1356431691087,-0.029864669,0.40726224,0.91282284,-0.8497337,0.47056317,-0.23774558,-0.52636564,-0.7827565,0.33201122
1356431691127,-0.10257965,0.4009472,0.91033995,-0.8443322,0.44875163,-0.29278845,-0.5259093,-0.79866344,0.29249978
1356431691167,-0.16643006,0.38749513,0.90672404,-0.83292854,0.4369189,-0.33960536,-0.5277603,-0.81175697,0.25003934
1356431691207,-0.21383068,0.36866722,0.90463316,-0.8178561,0.43886337,-0.3721699,-0.53421724,-0.819441,0.2076742
1356431691247,-0.24401584,0.34588593,0.90599066,-0.8020727,0.45314237,-0.3890261,-0.54510146,-0.82159895,0.16685176
1356431691288,-0.26295206,0.31961572,0.91033065,-0.78859305,0.47240117,-0.39364713,-0.55585706,-0.8213908,0.12782788
1356431691327,-0.2775895,0.29062414,0.9156864,-0.78059494,0.48737872,-0.39132282,-0.56001395,-0.8234073,0.09156853
1356431691367,-0.28908822,0.26119238,0.9209814,-0.7803711,0.49293837,-0.3847502,-0.5544809,-0.82993394,0.0613243
1356431691407,-0.2950867,0.23484218,0.92616034,-0.7871407,0.48970446,-0.37496537,-0.5416025,-0.83966583,0.04034859
1356431691447,-0.29486617,0.21461102,0.93112624,-0.79755783,0.48140523,-0.3635251,-0.5262656,-0.8498183,0.029214561
1356431691487,-0.2911941,0.2021867,0.93505424,-0.80815685,0.47105935,-0.35353297,-0.51194566,-0.85861725,0.026228964
1356431691527,-0.28651738,0.1983361,0.93732107,-0.81712294,0.46020997,-0.3471555,-0.5002179,-0.8653726,0.0302068
1356431691567,-0.27935123,0.20357472,0.93836033,-0.824519,0.44996178,-0.3430785,-0.49206838,-0.8695353,0.042153835
1356431691607,-0.25984168,0.2181345,0.9406911,-0.8327131,0.44263726,-0.33265758,-0.48894906,-0.8697641,0.0666278
1356431691647,-0.21444404,0.24178213,0.94633776,-0.84345645,0.44273615,-0.3042465,-0.49253935,-0.86343855,0.10899055
1356431691687,-0.13459659,0.27136633,0.95301855,-0.85385156,0.4562695,-0.25051105,-0.5028136,-0.8474542,0.17029417
1356431691727,-0.033115238,0.30045384,0.9532213,-0.85586506,0.48400894,-0.18229187,-0.51613796,-0.82186544,0.24111986
1356431691768,0.055788934,0.32399717,0.94441175,-0.847806,0.514976,-0.12658945,-0.527364,-0.7936156,0.30341667
1356431691808,0.10445705,0.34218293,0.9338092,-0.8388365,0.5347216,-0.10210881,-0.53426784,-0.77264726,0.34289092
1356431691846,0.10980481,0.35710782,0.92758656,-0.83626014,0.53759706,-0.107973486,-0.53722596,-0.7638477,0.35766584
1356431691887,0.07665822,0.3685099,0.92645776,-0.8405082,0.5237255,-0.13877174,-0.53634834,-0.76805735,0.34988344
1356431691927,0.016162306,0.3746757,0.927015,-0.84711045,0.49766335,-0.18637359,-0.531171,-0.78227186,0.3254351
1356431691967,-0.058442593,0.373635,0.9257329,-0.85112613,0.46595907,-0.24179828,-0.52169794,-0.8020468,0.29077864
1356431692007,-0.13287291,0.36474288,0.92157876,-0.84999883,0.4362844,-0.29522538,-0.5097518,-0.8225683,0.2520606
1356431692047,-0.19359955,0.34938687,0.9167595,-0.8445807,0.4161161,-0.3369433,-0.49920192,-0.8395095,0.21452552
1356431692106,-0.23304367,0.33010486,0.9147248,-0.83749235,0.40995294,-0.3613105,-0.49426448,-0.8502761,0.18092328
1356431692127,-0.25168267,0.30847412,0.9173328,-0.830638,0.41758898,-0.36832055,-0.49668545,-0.85467136,0.15113038
1356431692168,-0.2581398,0.28432998,0.9233203,-0.82466424,0.43301725,-0.3639024,-0.50328195,-0.8553669,0.12269777
1356431692205,-0.2625891,0.25701645,0.9300481,-0.8210746,0.44677496,-0.35528675,-0.5068368,-0.85693336,0.093711495
1356431692235,-0.2654826,0.22896397,0.9365332,-0.82154226,0.4546491,-0.34403852,-0.5045663,-0.8607379,0.067402184
1356431692276,-0.275017,0.20211059,0.93995595,-0.8265924,0.44960746,-0.33852366,-0.49103045,-0.8700601,0.04341334
1356431692317,-0.28225142,0.17952523,0.94239306,-0.8354491,0.43685406,-0.33344162,-0.4715494,-0.8814359,0.026681542
1356431692357,-0.2852736,0.16500178,0.9441362,-0.8450593,0.42146987,-0.32899535,-0.45220977,-0.8917048,0.019202113
1356431692397,-0.2862144,0.16027209,0.94466615,-0.8530936,0.4062556,-0.3273952,-0.4362482,-0.89959395,0.02045089
1356431692437,-0.28614447,0.1662111,0.9436606,-0.8587595,0.3923712,-0.3295101,-0.42503354,-0.904665,0.030460477
1356431692477,-0.28050035,0.18398622,0.94205564,-0.86330616,0.38063413,-0.33139133,-0.41955,-0.9062377,0.052068353
1356431692518,-0.25884166,0.21545559,0.94158363,-0.8694107,0.372767,-0.32429886,-0.42086327,-0.902565,0.090831816
1356431692557,-0.21361536,0.2605237,0.94153917,-0.8781748,0.3710304,-0.30190337,-0.4279926,-0.891327,0.14952755
1356431692597,-0.14626607,0.31439185,0.93795735,-0.8875567,0.3770105,-0.2647758,-0.43686312,-0.871218,0.22389674
1356431692637,-0.077993035,0.3673211,0.92681825,-0.89362645,0.38638693,-0.22833467,-0.4419826,-0.846038,0.29811245
1356431692677,-0.03388071,0.4108402,0.9110776,-0.8965345,0.3903702,-0.20937297,-0.44167638,-0.8239062,0.3551064
1356431692717,-0.0257169,0.44176424,0.8967625,-0.89855945,0.38291442,-0.21440023,-0.43809763,-0.8113081,0.38710403
1356431692757,-0.050721467,0.459961,0.8864893,-0.8998367,0.36403102,-0.24036509,-0.4332682,-0.80988723,0.39542556
1356431692801,-0.09817648,0.46624026,0.87919366,-0.89864874,0.33801538,-0.27959996,-0.42754173,-0.8175364,0.38580102
1356431692839,-0.1570918,0.46155185,0.87309337,-0.8934874,0.31019658,-0.32474345,-0.42071652,-0.83111244,0.3636614
1356431692878,-0.2178551,0.4475973,0.86729217,-0.8841021,0.28590095,-0.36962703,-0.41340372,-0.84730005,0.33343673
1356431692919,-0.27229434,0.42713,0.86221564,-0.8716688,0.26998383,-0.40902603,-0.40749156,-0.86294186,0.29880083
1356431692958,-0.31374735,0.4038694,0.85933244,-0.8584094,0.26617014,-0.4385051,-0.40582743,-0.87523884,0.26317507
1356431692988,-0.3397668,0.3810166,0.85987496,-0.8473208,0.27277684,-0.45567557,-0.40817395,-0.8834133,0.2301628
1356431693027,-0.35795546,0.358828,0.8620385,-0.83492035,0.29034758,-0.46755356,-0.4180621,-0.8870968,0.1956613
1356431693067,-0.3703001,0.333491,0.86698425,-0.8240769,0.3127916,-0.47229105,-0.4286902,-0.88935107,0.15899533
1356431693107,-0.38455302,0.30349386,0.8717858,-0.8156893,0.33042336,-0.47483826,-0.4321689,-0.8937068,0.120491445
1356431693147,-0.4021656,0.27124795,0.87446404,-0.81083846,0.3380556,-0.4777649,-0.42521024,-0.90118974,0.08398396
1356431693187,-0.4210037,0.24221557,0.874121,-0.8085821,0.33648062,-0.48267567,-0.4110363,-0.9100069,0.05419159
1356431693227,-0.43948144,0.22120923,0.8705876,-0.80650264,0.3295504,-0.49086675,-0.3954867,-0.9178579,0.03357452
1356431693267,-0.45792902,0.21032253,0.8637508,-0.80242276,0.32041997,-0.50343704,-0.38264716,-0.92363167,0.022037923
1356431693307,-0.47625208,0.2099455,0.8538775,-0.7957625,0.31022924,-0.5201153,-0.3740936,-0.92718965,0.019319475
1356431693347,-0.49125874,0.22076294,0.84257257,-0.7882215,0.29895216,-0.5378982,-0.37063682,-0.92838097,0.027147233
1356431693387,-0.4959126,0.24469906,0.8331826,-0.78375417,0.2869993,-0.5507821,-0.37389866,-0.92614996,0.04945731
1356431693427,-0.4812026,0.28373164,0.82942176,-0.7872012,0.27643228,-0.55127066,-0.3856919,-0.9181947,0.09033394
1356431693467,-0.4420066,0.3355745,0.8318773,-0.80052483,0.27084523,-0.53460526,-0.40470988,-0.90223753,0.14892036
1356431693507,-0.38668686,0.3888352,0.8362299,-0.81887555,0.2722903,-0.5052731,-0.42416525,-0.8801507,0.21311653
1356431693547,-0.33394253,0.42969182,0.838956,-0.8349848,0.27812696,-0.4748113,-0.43735883,-0.8590752,0.26590776
1356431693589,-0.30051136,0.45026916,0.8408035,-0.84485775,0.28342956,-0.45374328,-0.44261515,-0.84671444,0.29523963
1356431693627,-0.29139632,0.45047802,0.84389436,-0.8485202,0.2856199,-0.44546002,-0.44170296,-0.84586686,0.2990111
1356431693667,-0.30231243,0.43386716,0.84874403,-0.8477333,0.28474778,-0.44751188,-0.4358387,-0.854797,0.28172088
1356431693707,-0.32545757,0.4047554,0.8545469,-0.8444988,0.28209132,-0.45524305,-0.42532232,-0.86982614,0.25000674
1356431693747,-0.3527828,0.36760736,0.86047035,-0.8403677,0.27993327,-0.46413314,-0.411493,-0.88684964,0.21016967
1356431693803,-0.38120973,0.32440674,0.8657017,-0.8346865,0.28181583,-0.47315785,-0.397464,-0.90296185,0.16334695
1356431693838,-0.38879985,0.28456777,0.8762739,-0.83460706,0.29404086,-0.4658015,-0.39021242,-0.9124479,0.12317932
1356431693868,-0.38303047,0.25180206,0.88875395,-0.8375485,0.31114072,-0.4491147,-0.3896156,-0.9163991,0.091719985
1356431693898,-0.36863083,0.22654691,0.9015473,-0.8410467,0.33178818,-0.4272669,-0.3959187,-0.9157472,0.06822926
1356431693927,-0.3487044,0.20620644,0.91426706,-0.84431577,0.35435742,-0.4019475,-0.40686145,-0.9120909,0.050537348
1356431693969,-0.32722345,0.188434,0.9259684,-0.84637237,0.3773177,-0.37587926,-0.42021272,-0.9067105,0.036018074
1356431694008,-0.307225,0.16975412,0.93637407,-0.85021555,0.3930465,-0.35021126,-0.42748833,-0.90371346,0.023573875
1356431694047,-0.29199862,0.15286493,0.94412357,-0.8564236,0.39765173,-0.32925937,-0.42576462,-0.9047129,0.01480335
1356431694087,-0.2805039,0.14174181,0.9493296,-0.8640712,0.3933889,-0.3140479,-0.41796944,-0.90838003,0.012127936
1356431694127,-0.2726453,0.1389085,0.9520341,-0.87114584,0.38436532,-0.305562,-0.40837407,-0.9126706,0.016214192
1356431694167,-0.26936466,0.14499414,0.9520606,-0.8762268,0.37329346,-0.3047599,-0.39958635,-0.9163126,0.026495695
1356431694207,-0.2706957,0.1601358,0.9492525,-0.8788118,0.36140078,-0.31157544,-0.39295495,-0.91855645,0.04289967
1356431694247,-0.27186957,0.18510851,0.9443632,-0.8799268,0.34950778,-0.3218277,-0.38963538,-0.9184657,0.06786144
1356431694287,-0.26345104,0.22136012,0.93893206,-0.8819927,0.3389755,-0.3273906,-0.39074615,-0.9143825,0.1059345
1356431694327,-0.23561764,0.26888037,0.9339099,-0.887444,0.33217853,-0.31953165,-0.3961406,-0.90408003,0.16034919
1356431694367,-0.18622881,0.3230796,0.92786765,-0.8958889,0.33187467,-0.2953679,-0.4033631,-0.8862724,0.22763884
1356431694407,-0.12766904,0.37440693,0.91843355,-0.9034461,0.33819687,-0.26345435,-0.4092505,-0.8633901,0.29507917
1356431694447,-0.08054036,0.41394547,0.9067317,-0.9071009,0.34660965,-0.23880905,-0.4131359,-0.8417309,0.34757423
1356431694487,-0.05940348,0.43831906,0.89685434,-0.9072306,0.35108286,-0.2316753,-0.4164179,-0.82741606,0.3768009
1356431694527,-0.06554264,0.4487017,0.8912749,-0.90542245,0.34868997,-0.24212685,-0.41942134,-0.82285,0.38341057
1356431694567,-0.093153596,0.44715583,0.88959205,-0.90237856,0.3396604,-0.26522377,-0.42075554,-0.8274554,0.37186325
1356431694607,-0.13368201,0.43560773,0.8901545,-0.89815813,0.3263777,-0.29460075,-0.41885695,-0.8388823,0.34761375
1356431694647,-0.17943537,0.41587025,0.89154637,-0.89259213,0.3122074,-0.32527792,-0.41362083,-0.85415363,0.31518143
1356431694690,-0.2230553,0.39032757,0.89324737,-0.8858907,0.3011819,-0.35282746,-0.40674827,-0.87001956,0.2786073
1356431694727,-0.25843978,0.36186504,0.89569116,-0.87887967,0.29677707,-0.37348887,-0.4009732,-0.8837291,0.24133676
1356431694768,-0.2823193,0.3327155,0.8997756,-0.8724381,0.3009907,-0.38504088,-0.39893317,-0.893703,0.20529819
1356431694806,-0.29764134,0.3024456,0.90550333,-0.8662475,0.3131191,-0.38932216,-0.40127915,-0.9002683,0.16879559
1356431694847,-0.30991215,0.2684929,0.91206694,-0.8605784,0.328588,-0.38914612,-0.40417722,-0.90550625,0.12922579
1356431694905,-0.32431686,0.22935781,0.9177219,-0.85633194,0.34098947,-0.38784245,-0.4018882,-0.9116585,0.085817814
1356431694927,-0.33868283,0.18687424,0.9221561,-0.85572195,0.34630704,-0.38446227,-0.3911952,-0.9193201,0.042624176
1356431694968,-0.34664744,0.14617798,0.92653525,-0.8601129,0.3445474,-0.37615538,-0.37422088,-0.9273182,0.006293118
1356431695005,-0.34444147,0.11244851,0.9320491,-0.8687286,0.33820063,-0.3618439,-0.35590845,-0.93433166,-0.01880312
1356431695047,-0.3335915,0.088611186,0.938544,-0.8793866,0.32949588,-0.34367377,-0.3396997,-0.9399896,-0.03199351
1356431695087,-0.3176429,0.07597867,0.94516146,-0.8900151,0.31993678,-0.32482848,-0.327072,-0.94438744,-0.034003496
1356431695127,-0.29662684,0.07635632,0.951936,-0.90023315,0.31033227,-0.30540824,-0.31873628,-0.9475566,-0.023314357
1356431695167,-0.2641571,0.09277636,0.960007,-0.9112739,0.30201998,-0.2799352,-0.31591266,-0.94877625,0.0047640204
1356431695207,-0.20840737,0.12779665,0.96965694,-0.9242183,0.29862556,-0.23799881,-0.31997982,-0.9457753,0.055876195
1356431695247,-0.121102154,0.17916372,0.9763373,-0.9360392,0.3067727,-0.17239827,-0.33040115,-0.9347678,0.13055342
1356431695287,-0.012626648,0.23591489,0.97169167,-0.93913954,0.33084053,-0.09252772,-0.34330362,-0.9137224,0.21737963
1356431695328,0.088680685,0.2840046,0.9547131,-0.9307848,0.36489958,-0.022090942,-0.35464835,-0.88667333,0.2967067
1356431695369,0.15839836,0.316778,0.93518,-0.9178832,0.39628217,0.021234125,-0.36386865,-0.86174953,0.35353565
1356431695409,0.19046092,0.335711,0.9225089,-0.9084734,0.41638625,0.036035657,-0.37202245,-0.8449382,0.38428986
1356431695449,0.18977872,0.34402108,0.9195833,-0.9055176,0.42335066,0.028498143,-0.37950227,-0.8381072,0.39186007
1356431695490,0.16577664,0.34377745,0.9243026,-0.9076257,0.41972753,0.006675631,-0.38566038,-0.84002733,0.38160223
1356431695529,0.12706214,0.3356786,0.93336767,-0.91189885,0.40975738,-0.02322656,-0.39025098,-0.8481856,0.35816953
1356431695569,0.08138466,0.31998736,0.9439198,-0.9155553,0.39826417,-0.056071937,-0.39387167,-0.8596474,0.32537878
1356431695609,0.037802666,0.2974091,0.9540014,-0.91664517,0.39047077,-0.08540651,-0.39791033,-0.8712522,0.28737944
1356431695648,0.003412068,0.26926342,0.9630605,-0.9146303,0.39018804,-0.10585272,-0.40427697,-0.8804831,0.24760783
1356431695687,-0.020023376,0.23673272,0.97136843,-0.9101454,0.3978022,-0.1157099,-0.41380486,-0.88640344,0.20749581
1356431695727,-0.03766018,0.20061553,0.978946,-0.9048226,0.40893435,-0.118611574,-0.42411998,-0.89023936,0.16612095
1356431695768,-0.053898513,0.16202939,0.9853128,-0.9014133,0.4166203,-0.117820024,-0.42959163,-0.89452446,0.123600245
1356431695806,-0.06927416,0.12376881,0.98989,-0.9022391,0.4155911,-0.1151028,-0.42563555,-0.9010912,0.082879364
1356431695847,-0.07787517,0.0900968,0.99288374,-0.90708053,0.40685013,-0.108063966,-0.4136911,-0.90904105,0.050041497
1356431695887,-0.07811314,0.064924926,0.99482816,-0.9141065,0.3935868,-0.09746143,-0.39787894,-0.91699183,0.02860403
1356431695927,-0.07184082,0.050439924,0.9961399,-0.92110085,0.3797838,-0.085659534,-0.38263845,-0.92369914,0.019176245
1356431695967,-0.06477013,0.04752317,0.996768,-0.9263289,0.36860147,-0.077766925,-0.37110582,-0.928372,0.02014774
1356431696007,-0.057388067,0.05655408,0.9967488,-0.9292187,0.36203647,-0.074041456,-0.36504674,-0.93044674,0.03177452
1356431696047,-0.046111107,0.0782924,0.99586344,-0.92970026,0.36131948,-0.07145366,-0.36541915,-0.92914927,0.056127608
1356431696087,-0.016478986,0.112217754,0.99354696,-0.92786884,0.36852255,-0.057013005,-0.3725423,-0.9228208,0.098050475
1356431696127,0.039786458,0.15533298,0.98706067,-0.9224103,0.38549668,-0.023484796,-0.38415658,-0.90954053,0.15861827
1356431696167,0.114818305,0.2002247,0.97299886,-0.9111325,0.41147998,0.022842973,-0.39579582,-0.8891537,0.22967666
1356431696208,0.18204573,0.23963287,0.9536432,-0.8964081,0.4390402,0.060797155,-0.40411875,-0.8659213,0.29473427
1356431696247,0.21670902,0.27176595,0.93764627,-0.8862814,0.45747828,0.07224274,-0.40931967,-0.846674,0.34000072
1356431696287,0.20904186,0.2988336,0.9311283,-0.8865509,0.45975778,0.05148074,-0.4127093,-0.83625424,0.36103985
1356431696327,0.16261712,0.32206637,0.93264616,-0.8954914,0.44507203,0.002444148,-0.41430756,-0.83557415,0.360784
1356431696367,0.08732644,0.33985567,0.93641454,-0.9062872,0.41732702,-0.06694487,-0.4135427,-0.84281445,0.34445053
1356431696407,-0.003617376,0.34911838,0.9370716,-0.9117472,0.38374254,-0.14648798,-0.4107359,-0.8549024,0.3169195
1356431696447,-0.09386885,0.34767315,0.9329052,-0.90846586,0.35342097,-0.22312194,-0.40728176,-0.86845666,0.28267395
1356431696487,-0.16822982,0.33588016,0.92675954,-0.8987725,0.33386594,-0.28415063,-0.404854,-0.8807486,0.24571365
1356431696528,-0.21640688,0.3159377,0.92377007,-0.8883837,0.32868594,-0.32053065,-0.4048979,-0.8900274,0.20954406
1356431696569,-0.24101388,0.2903138,0.9260833,-0.8804219,0.33610982,-0.33449602,-0.40837446,-0.8959621,0.17459148
1356431696609,-0.25224847,0.25979388,0.9321362,-0.8746989,0.35076284,-0.33446565,-0.4138508,-0.89970696,0.13876206
1356431696649,-0.26206648,0.22542691,0.9383517,-0.8704339,0.36466384,-0.33070394,-0.4167325,-0.9034395,0.10065305
1356431696687,-0.27565408,0.1899859,0.9422952,-0.86817205,0.37162334,-0.3288973,-0.41266477,-0.90873617,0.062500894
1356431696727,-0.28884906,0.157657,0.9443043,-0.86901724,0.3706959,-0.32770962,-0.40171546,-0.9152753,0.029931426
1356431696767,-0.29687673,0.1326794,0.9456533,-0.87268513,0.3643338,-0.32508686,-0.38766584,-0.9217684,0.007625103
1356431696809,-0.29973176,0.118030965,0.946694,-0.877421,0.35548684,-0.3221203,-0.37455747,-0.9271989,-0.0029878616
1356431696848,-0.30399096,0.11529836,0.94567204,-0.8802333,0.3456847,-0.325102,-0.36438808,-0.9312402,-0.003595531
1356431696889,-0.3108345,0.12471601,0.94224626,-0.8807876,0.33477542,-0.33487105,-0.35720474,-0.93400824,0.005788505
1356431696927,-0.31744552,0.14718208,0.93678474,-0.88012505,0.32201213,-0.3488381,-0.35299873,-0.9352249,0.027317345
1356431696968,-0.3088311,0.18234432,0.9334742,-0.8833295,0.3088948,-0.35258058,-0.35263637,-0.9334531,0.06567377
1356431697007,-0.27039552,0.2286878,0.93519413,-0.89417374,0.30039155,-0.3319914,-0.35684678,-0.925995,0.12326205
1356431697047,-0.20158857,0.2811305,0.9382578,-0.90907174,0.30290097,-0.28607616,-0.36462393,-0.9106133,0.1945064
1356431697087,-0.12841874,0.33236206,0.93436825,-0.9185678,0.3152796,-0.23839453,-0.37382057,-0.8888949,0.2648093
1356431697129,-0.09222609,0.37827072,0.9210894,-0.91905,0.3236509,-0.22493806,-0.3831989,-0.8672724,0.31780064
1356431697168,-0.111430824,0.4178068,0.9016766,-0.91273195,0.31584972,-0.25915125,-0.39306945,-0.8518665,0.34615016
1356431697209,-0.17834824,0.44859034,0.87576187,-0.8976796,0.29029703,-0.33151022,-0.40294337,-0.8452778,0.35091633
1356431697249,-0.2690004,0.46652007,0.8426137,-0.87097645,0.25563025,-0.41958696,-0.4111433,-0.8467657,0.3375634
1356431697287,-0.36083466,0.46969137,0.8057223,-0.8345418,0.22305733,-0.5037712,-0.41633922,-0.854187,0.31149018
1356431697327,-0.4374274,0.46013778,0.77261275,-0.79603344,0.20153522,-0.5707139,-0.4183157,-0.86467147,0.27812803
1356431697367,-0.49058515,0.442164,0.75087774,-0.76459163,0.19492835,-0.61433107,-0.4180025,-0.87549645,0.24244583
1356431697407,-0.5163803,0.41978025,0.7464154,-0.74770534,0.20390618,-0.63194853,-0.41747823,-0.8844245,0.20857882
1356431697447,-0.5163987,0.39458743,0.76002175,-0.74694276,0.22651494,-0.625114,-0.4188184,-0.89050084,0.17776221
1356431697487,-0.4982255,0.3650658,0.7864466,-0.75753,0.25798237,-0.599661,-0.42180505,-0.89452326,0.14801496
1356431697527,-0.47338808,0.3288269,0.8171759,-0.7726755,0.29041964,-0.5644723,-0.42293757,-0.8986263,0.11659533
1356431697567,-0.44976628,0.2861363,0.8460712,-0.78937376,0.31583357,-0.5264393,-0.41785103,-0.9046409,0.083817124
1356431697607,-0.42625546,0.24101925,0.87190366,-0.80871713,0.33033383,-0.48667866,-0.40531823,-0.9125729,0.05410981
1356431697647,-0.3964613,0.19924787,0.89616895,-0.83179855,0.33512735,-0.44249395,-0.38849673,-0.92086375,0.03286904
1356431697687,-0.3573686,0.16568148,0.91915023,-0.85668373,0.33383018,-0.39325604,-0.37199533,-0.9279585,0.022636235
1356431697728,-0.31218612,0.14302832,0.93919253,-0.8795772,0.33006763,-0.34263563,-0.35900366,-0.9330585,0.022761941
1356431697793,-0.25735387,0.13427845,0.9569422,-0.9001175,0.32691923,-0.28794515,-0.35150757,-0.93546414,0.036732435
1356431697804,-0.21875435,0.13755816,0.96603537,-0.9117772,0.32383013,-0.25257948,-0.3475757,-0.93606186,0.054583132
1356431697848,-0.1612271,0.15118799,0.9752682,-0.9225842,0.32785696,-0.20334268,-0.35049146,-0.9325514,0.086624205
1356431697887,-0.086476654,0.17744103,0.98032475,-0.92895746,0.3411592,-0.14369601,-0.35994437,-0.92310625,0.13533288
1356431697927,0.009356648,0.21176249,0.9772763,-0.927471,0.3671542,-0.07067755,-0.3737779,-0.9057342,0.19983894
1356431697967,0.10932577,0.24593195,0.96310186,-0.9154997,0.40231687,0.0011889935,-0.3871797,-0.8818495,0.26913422
1356431698007,0.18714473,0.27255222,0.94376487,-0.8985833,0.43566677,0.052368104,-0.39689392,-0.8578518,0.32644367
1356431698054,0.2270292,0.28901315,0.9300157,-0.8861965,0.4573273,0.07421261,-0.4038732,-0.84102505,0.35994905
1356431698097,0.23226386,0.29565737,0.9266284,-0.88236475,0.464895,0.07283592,-0.40925044,-0.83454144,0.36885592
1356431698137,0.21638846,0.29410985,0.930954,-0.88470423,0.46232986,0.059577614,-0.41288543,-0.8365109,0.3602431
1356431698177,0.18646845,0.28506848,0.9401944,-0.89080226,0.452678,0.03941989,-0.41436797,-0.8448779,0.3383498
1356431698217,0.15132222,0.2686777,0.9512696,-0.897563,0.4405037,0.018362522,-0.41410422,-0.856603,0.30781317
1356431698257,0.11962116,0.24593264,0.9618773,-0.90260166,0.43047118,0.002186656,-0.41352266,-0.8684536,0.27347267
1356431698297,0.09799108,0.21848413,0.97090816,-0.9046066,0.42622265,-0.0046136975,-0.41483107,-0.8778377,0.23940814
1356431698337,0.0883953,0.18769306,0.97824204,-0.9033398,0.42892516,-6.698668E-4,-0.41971835,-0.88362575,0.20746559
1356431698377,0.08528325,0.15407914,0.98437107,-0.90007395,0.4356272,0.009793222,-0.42730987,-0.8868419,0.1758343
1356431698417,0.082909614,0.11760494,0.9895934,-0.89765346,0.44010642,0.02290374,-0.43283275,-0.89021087,0.14205754
1356431698457,0.079679966,0.080057025,0.9936005,-0.89883876,0.4367239,0.036892682,-0.43097556,-0.89602625,0.10675651
1356431698497,0.078648895,0.045276016,0.99587375,-0.90388477,0.42459384,0.05208057,-0.4204839,-0.90425116,0.07431811
1356431698537,0.082726836,0.017497808,0.9964186,-0.91069615,0.40736502,0.06845614,-0.40470827,-0.91309774,0.04963523
1356431698577,0.09102437,-6.286204E-4,0.9958485,-0.9170855,0.38972571,0.08407116,-0.38816065,-0.92093074,0.034897983
1356431698617,0.099873126,-0.008357316,0.99496514,-0.9221709,0.37475288,0.09571397,-0.373666,-0.92708707,0.029720843
1356431698657,0.1069794,-0.0054816008,0.9942461,-0.92583525,0.3640072,0.10162538,-0.36246982,-0.93138,0.033866227
1356431698698,0.11512604,0.009040058,0.9933098,-0.92748576,0.3590354,0.10422939,-0.35569113,-0.93328017,0.049718857
1356431698737,0.1330998,0.036957294,0.99041337,-0.9254756,0.36222345,0.11085653,-0.354654,-0.93135834,0.082414925
1356431698809,0.19026715,0.08483115,0.97806036,-0.91257346,0.38258916,0.14434409,-0.3619504,-0.9200158,0.15020883
1356431698828,0.25413406,0.13988408,0.95699966,-0.89361906,0.4124441,0.17701656,-0.36994708,-0.9001791,0.22981921
1356431698869,0.31977123,0.18743724,0.92877,-0.86987513,0.44663978,0.2093566,-0.37558442,-0.8748601,0.30586952
1356431698910,0.3645649,0.22169891,0.9044014,-0.8503655,0.47502577,0.22633836,-0.37943503,-0.8515868,0.36170283
1356431698949,0.37829792,0.24393198,0.89296573,-0.8422359,0.49096656,0.222689,-0.38409537,-0.83633065,0.39117992
1356431698988,0.36349425,0.25803298,0.8951485,-0.8458273,0.49412867,0.20103016,-0.39044616,-0.8302144,0.39786422
1356431699029,0.32577303,0.2661524,0.9072126,-0.8577732,0.4867523,0.16521934,-0.39761433,-0.8320067,0.3868692
1356431699067,0.27253598,0.26840472,0.9239497,-0.8732158,0.47222936,0.12038982,-0.404003,-0.839618,0.36307472
1356431699107,0.21288317,0.26372057,0.9408146,-0.8875317,0.45487535,0.07332006,-0.40861735,-0.85061145,0.33089572
1356431699147,0.1548034,0.2510738,0.9555092,-0.8981159,0.43871886,0.030225277,-0.4116111,-0.86283696,0.29340857
1356431699187,0.1077916,0.23008409,0.96718276,-0.9037918,0.42797124,-0.0010837317,-0.41417578,-0.87401485,0.25407976
1356431699227,0.07445052,0.20145622,0.976664,-0.90562904,0.42367348,-0.0183554,-0.41748446,-0.88312864,0.21398729
1356431699267,0.053127825,0.1656048,0.98476017,-0.90556896,0.42360818,-0.022381693,-0.42085898,-0.8905791,0.17247194
1356431699307,0.03951472,0.123812795,0.9915185,-0.90608656,0.4227633,-0.016681254,-0.42124295,-0.8977425,0.12889051
1356431699347,0.032385558,0.07909575,0.9963408,-0.90902925,0.41671732,-0.0035340488,-0.41547197,-0.9055885,0.08539599
1356431699387,0.034481198,0.03642118,0.9987415,-0.9142998,0.40468928,0.016808063,-0.4035678,-0.9137287,0.047254026
1356431699427,0.047988772,0.0010736883,0.99884737,-0.9199375,0.3896131,0.043778837,-0.38911703,-0.920978,0.019684732
1356431699467,0.06987673,-0.02346,0.99727976,-0.9238541,0.37560803,0.07356781,-0.37631223,-0.92648166,0.00457263
1356431699508,0.09359828,-0.03595373,0.99496067,-0.92529905,0.36574474,0.10026151,-0.36750638,-0.9300205,9.651184E-4
1356431699547,0.113594264,-0.03640142,0.9928602,-0.924819,0.36129722,0.11905593,-0.3630514,-0.93174,0.0073765516
1356431699587,0.1346947,-0.024630278,0.99058104,-0.92212355,0.36279887,0.13440701,-0.36269215,-0.9315419,0.026154935
1356431699628,0.16756609,1.5464425E-4,0.9858609,-0.9153218,0.37148342,0.15551835,-0.36620694,-0.92843956,0.062389553
1356431699667,0.22460148,0.03647077,0.973768,-0.9001792,0.39041802,0.19300571,-0.37313756,-0.9199151,0.120518684
1356431699707,0.30333883,0.07837033,0.9496545,-0.87341875,0.4213034,0.24421948,-0.38095313,-0.9035273,0.19624776
1356431699747,0.38106155,0.11738077,0.9170681,-0.84017754,0.4579447,0.29049692,-0.38586774,-0.8811971,0.27312583
1356431699812,0.43225873,0.14875478,0.8893955,-0.8144329,0.48780423,0.31423873,-0.3871064,-0.86018544,0.33200842
1356431699828,0.4476614,0.1729415,0.87732005,-0.8060963,0.5027198,0.31222022,-0.3870503,-0.8469734,0.36445576
1356431699869,0.42939335,0.19174883,0.8825268,-0.81587064,0.5013962,0.28802216,-0.38726765,-0.8437027,0.3717385
1356431699909,0.38625127,0.20533052,0.8992493,-0.8372829,0.48707914,0.24841762,-0.38699785,-0.84887767,0.3600547
1356431699949,0.32839713,0.21200612,0.92043936,-0.86261,0.4643002,0.20082164,-0.3847848,-0.85992944,0.33535343
1356431699989,0.26478583,0.20976284,0.94121623,-0.8862107,0.43772113,0.15175936,-0.38015684,-0.8742995,0.30179638
1356431700033,0.20415702,0.197288,0.95885205,-0.9044503,0.412774,0.10764384,-0.37455234,-0.88921034,0.26270798
1356431700067,0.16553867,0.17573252,0.97042,-0.91372323,0.39758778,0.083868235,-0.37108874,-0.90057874,0.22638702
1356431700107,0.14158049,0.15015018,0.97847325,-0.9170567,0.39210626,0.07252374,-0.3727761,-0.90758336,0.19321078
1356431700147,0.1310977,0.119904906,0.98409164,-0.9160327,0.39421883,0.07399821,-0.37907472,-0.911161,0.16151798
1356431700187,0.12519577,0.08623436,0.9883773,-0.9141282,0.39722422,0.081133634,-0.38561088,-0.9136611,0.12856007
1356431700227,0.118104696,0.051662832,0.9916563,-0.91435957,0.39515495,0.08831221,-0.38729548,-0.9171606,0.09390807
1356431700267,0.111340314,0.02025029,0.99357593,-0.91738796,0.3865082,0.094925046,-0.38210294,-0.9220636,0.061611354
1356431700307,0.107292,-0.0034956336,0.9942214,-0.9219225,0.37402838,0.100804865,-0.37221938,-0.92741066,0.036907554
1356431700347,0.10507351,-0.016691566,0.9943243,-0.9264388,0.36180186,0.1039733,-0.36148384,-0.93210554,0.022552073
1356431700387,0.101157606,-0.0184713,0.994699,-0.9302408,0.35273266,0.10115263,-0.35273123,-0.93554187,0.018498838
1356431700427,0.09362993,-0.008801699,0.99556816,-0.9330701,0.34803757,0.09082919,-0.34729457,-0.93743926,0.024374127
1356431700467,0.086568445,0.012836814,0.99616325,-0.9343142,0.34809914,0.07670799,-0.3457789,-0.93736994,0.042128026
1356431700507,0.0917187,0.04751098,0.99465084,-0.93271977,0.35391894,0.06910241,-0.3487426,-0.93406856,0.07677543
1356431700547,0.12335536,0.09470883,0.98783284,-0.926193,0.36839154,0.08033848,-0.35630053,-0.924834,0.13316172
1356431700594,0.20669076,0.15344185,0.9662994,-0.906141,0.40253398,0.1299032,-0.36903575,-0.9024533,0.22223997
1356431700625,0.27367297,0.20590457,0.93952453,-0.88415265,0.4384106,0.16146246,-0.37865162,-0.87487113,0.3020322
1356431700674,0.32591763,0.24381611,0.9134174,-0.8624116,0.47251543,0.18159088,-0.38732904,-0.8469255,0.364271
1356431700717,0.33822548,0.26925048,0.9017249,-0.853992,0.490363,0.17390156,-0.39534944,-0.82888377,0.39579102
1356431700757,0.31772012,0.2852842,0.90424937,-0.85855377,0.4912998,0.1466628,-0.402417,-0.8229444,0.40102765
1356431700812,0.27110347,0.29348674,0.9167161,-0.87211776,0.47791705,0.104909,-0.40732482,-0.82792556,0.38551998
1356431700839,0.20825335,0.29359508,0.93296975,-0.88872194,0.4551166,0.05515653,-0.40841633,-0.8406372,0.35570395
1356431700879,0.13869268,0.28468564,0.94853485,-0.90389025,0.42774767,0.0037840903,-0.4046563,-0.8578962,0.31665006
1356431700919,0.074275255,0.2665589,0.9609524,-0.9149536,0.40150613,-0.040654123,-0.39666498,-0.87620723,0.27371103
1356431700957,0.026617885,0.24071386,0.97023106,-0.9215596,0.38196868,-0.06948364,-0.3873236,-0.89227617,0.23199934
1356431700997,0.001195401,0.20932597,0.9778451,-0.92470604,0.37247792,-0.07860544,-0.38067982,-0.90412545,0.19401032
1356431701038,-0.004647374,0.17327917,0.98486173,-0.9255972,0.37201458,-0.06982097,-0.3784814,-0.9119098,0.15865785
1356431701077,-0.0013280213,0.13341042,0.99106,-0.92594016,0.37412813,-0.051603556,-0.3776679,-0.9177308,0.123033226
1356431701117,0.0035190582,0.09165737,0.9957844,-0.92776287,0.37188447,-0.03095159,-0.3731537,-0.9237429,0.08634496
1356431701157,0.011280268,0.051852196,0.99859107,-0.9317949,0.3628901,-0.008317441,-0.3628101,-0.9303882,0.052409053
1356431701198,0.025167912,0.019086301,0.999501,-0.93666613,0.34981516,0.016905695,-0.34931794,-0.9366243,0.026681602
1356431701237,0.04366958,-0.0028387904,0.9990419,-0.94069195,0.33664268,0.042075545,-0.33643958,-0.9416282,0.012030661
1356431701277,0.06150964,-0.012266755,0.99803114,-0.94310606,0.32663396,0.062139183,-0.32675314,-0.94507134,0.008522272
1356431701317,0.07482779,-0.008605003,0.9971595,-0.9439301,0.32183468,0.07361078,-0.32155398,-0.94675684,0.01595962
1356431701357,0.08619326,0.008969843,0.996238,-0.94294006,0.32353532,0.07866889,-0.32161257,-0.9461735,0.036344588
1356431701397,0.10587469,0.041452467,0.9935151,-0.9390318,0.33285442,0.086180925,-0.32712346,-0.94206667,0.07416606
1356431701437,0.14634526,0.08811399,0.9853015,-0.93010676,0.35144365,0.10671821,-0.33687457,-0.9320533,0.13338757
1356431701477,0.20910719,0.14336756,0.9673263,-0.9140521,0.38021067,0.14123985,-0.34753862,-0.9137207,0.21055019
1356431701518,0.27582595,0.19736955,0.9407259,-0.8929256,0.41489992,0.17476234,-0.35581434,-0.8882023,0.29067647
1356431701557,0.31793663,0.24297765,0.9164486,-0.8763505,0.44420657,0.18625343,-0.36183712,-0.862347,0.35416308
1356431701597,0.32007933,0.27970353,0.90516025,-0.87303245,0.45811975,0.16715485,-0.36791795,-0.84373707,0.39082494
1356431701637,0.27872482,0.310483,0.9087975,-0.8844209,0.4518148,0.116889864,-0.37431586,-0.8363395,0.4005296
1356431701677,0.19932663,0.33591715,0.9205589,-0.9035901,0.42652577,0.04001081,-0.3792018,-0.839783,0.38854927
1356431701717,0.09204531,0.35370392,0.9308175,-0.92003566,0.3877592,-0.056366563,-0.3808701,-0.851197,0.36111164
1356431701757,-0.02880162,0.36061367,0.9322706,-0.92492616,0.34406006,-0.16166133,-0.37905437,-0.86693746,0.32363147
1356431701811,-0.15660411,0.3532728,0.92231965,-0.91403925,0.30194634,-0.27085155,-0.37417558,-0.8854528,0.27561915
1356431701849,-0.25161403,0.3364849,0.90745157,-0.894251,0.27776033,-0.35094792,-0.37014276,-0.89979285,0.23101354
1356431701889,-0.31364638,0.31683552,0.89512074,-0.8745369,0.27082258,-0.40229383,-0.36987984,-0.9089942,0.19214189
1356431701929,-0.34918046,0.29622778,0.88900065,-0.85923576,0.2773159,-0.4298951,-0.3738809,-0.9139721,0.15769619
1356431701967,-0.37219918,0.2738939,0.8868201,-0.8474447,0.28941375,-0.44505858,-0.3785567,-0.9171815,0.12439042
1356431702007,-0.39483893,0.24889204,0.88439536,-0.8372899,0.2987916,-0.45789647,-0.37821665,-0.92129064,0.09042019
1356431702047,-0.41953367,0.22315815,0.8798818,-0.82886636,0.3010245,-0.47155586,-0.37009746,-0.927138,0.05867839
1356431702087,-0.44517583,0.2004104,0.87272793,-0.8217776,0.29568362,-0.48708606,-0.3556685,-0.9340272,0.033061564
1356431702127,-0.4699819,0.18428528,0.86322415,-0.81491697,0.28517878,-0.5045625,-0.33915666,-0.94059134,0.016148329
1356431702167,-0.49461633,0.17685497,0.8509272,-0.80644107,0.27165794,-0.5252187,-0.3240487,-0.9460044,0.008256614
1356431702207,-0.52018845,0.17911151,0.83505857,-0.79491425,0.25596768,-0.5500835,-0.3122743,-0.9499471,0.009226859
1356431702247,-0.5430549,0.1920065,0.8174503,-0.7824737,0.23751181,-0.5756068,-0.3046743,-0.95221937,0.021258116
1356431702287,-0.55594736,0.21744561,0.8022717,-0.7744342,0.21511298,-0.5949606,-0.30195066,-0.95207345,0.048805833
1356431702327,-0.54890376,0.2573262,0.79529107,-0.77845556,0.18920738,-0.59850436,-0.3044858,-0.9476201,0.09646034
1356431702367,-0.5155305,0.31109428,0.7984037,-0.79837036,0.1639893,-0.5794067,-0.31117982,-0.9361238,0.163827
1356431702407,-0.46417266,0.37139016,0.80412257,-0.82627994,0.14547187,-0.5441501,-0.31906927,-0.91700995,0.23934817
1356431702448,-0.41933703,0.4255464,0.80191433,-0.84736085,0.13352132,-0.5139568,-0.32578516,-0.8950319,0.30460095
1356431702487,-0.40436006,0.46373585,0.78831595,-0.85253394,0.120991945,-0.50847507,-0.331178,-0.87767303,0.34642625
1356431702527,-0.42454696,0.4823257,0.76623875,-0.8409667,0.103493094,-0.5310972,-0.33546227,-0.86985695,0.36168218
1356431702567,-0.4678067,0.4823295,0.74061817,-0.81683445,0.08408803,-0.5707108,-0.33754772,-0.87194467,0.35464638
1356431702607,-0.51783305,0.46735454,0.71653944,-0.78668106,0.06895256,-0.6134969,-0.33612782,-0.881377,0.331953
1356431702647,-0.5630216,0.44199842,0.69831514,-0.75713474,0.0628528,-0.650228,-0.33129084,-0.89481115,0.2992649
1356431702687,-0.59483945,0.41199702,0.690235,-0.73511916,0.068587184,-0.6744595,-0.32521662,-0.90860015,0.2620685
1356431702727,-0.60833305,0.38285097,0.695238,-0.7257143,0.08635718,-0.6825547,-0.3213555,-0.9197649,0.22530663
