1356430578270,0.020140648,0.30172008,-0.9531838,-0.24428844,-0.9229954,-0.29732603,-0.96949345,0.23884015,0.05511695
1356430578307,0.07071608,0.057444826,0.99584097,0.23468994,0.96935666,-0.07258273,-0.96949464,0.23884663,0.05506736
1356430578349,0.07049003,0.057925023,0.9958292,0.23473164,0.96931535,-0.072998315,-0.969501,0.23889828,0.054730237
1356430578389,0.069752485,0.059513062,0.9957875,0.23488826,0.9691727,-0.07437576,-0.9695164,0.23908667,0.05362326
1356430578427,0.068399936,0.062493443,0.9956988,0.23520225,0.9688941,-0.076968424,-0.96953666,0.23945522,0.051573694
1356430578469,0.06645644,0.06686367,0.9955465,0.23566745,0.96847093,-0.080776885,-0.9695589,0.23998605,0.048603535
1356430578507,0.06437546,0.071687184,0.99534756,0.23611495,0.96800137,-0.08498871,-0.96959037,0.24048764,0.045389116
1356430578547,0.06276509,0.07550491,0.99516815,0.2362532,0.9676695,-0.08831901,-0.96966237,0.240655,0.042897582
1356430578588,0.06209606,0.076978534,0.99509716,0.23576874,0.9676727,-0.08956947,-0.96982324,0.24017471,0.041939557
1356430578628,0.06251708,0.07546315,0.9951869,0.2343238,0.9681554,-0.088133514,-0.9701464,0.23870581,0.0428434
1356430578667,0.06363627,0.07166104,0.995397,0.23181589,0.96907514,-0.08458617,-0.97067595,0.23613158,0.045056164
1356430578707,0.0653508,0.066191316,0.99566454,0.22796118,0.9704212,-0.07947543,-0.9714746,0.23216665,0.048328757
1356430578749,0.067620456,0.059542604,0.99593276,0.22313523,0.9720304,-0.07326369,-0.9724392,0.2271818,0.052443087
1356430578787,0.07035869,0.05230753,0.99614936,0.21824898,0.973622,-0.066539705,-0.97335345,0.22209024,0.057086706
1356430578827,0.07317102,0.045479655,0.9962819,0.2143715,0.9748924,-0.06024757,-0.97400767,0.21798283,0.061584353
1356430578869,0.07549369,0.040205374,0.9963354,0.21226187,0.97563815,-0.05545354,-0.9742924,0.2156704,0.06512046
1356430578907,0.076651305,0.037857056,0.996339,0.21236634,0.97572935,-0.05341194,-0.9741792,0.21568298,0.06675136
1356430578947,0.07582006,0.040115096,0.9963142,0.21491012,0.9750491,-0.055613667,-0.9736863,0.21833465,0.06530714
1356430578987,0.07214707,0.048541054,0.99621207,0.21979989,0.97348577,-0.063351914,-0.9728734,0.22353797,0.05956483
1356430579027,0.06504995,0.06380625,0.99583995,0.2266332,0.9709306,-0.077014305,-0.97180545,0.2307002,0.048698366
1356430579067,0.054614186,0.08492826,0.9948892,0.23482756,0.9673376,-0.09546713,-0.9705016,0.23884127,0.032886863
1356430579108,0.041629076,0.10951772,0.9931128,0.24376687,0.96282387,-0.11639571,-0.96894,0.24693343,0.0133847
1356430579148,0.027587086,0.1340109,0.9905958,0.25272617,0.9578439,-0.13661829,-0.9671445,0.25411838,-0.0074439645
1356430579205,0.014032006,0.15506442,0.9878047,0.26108712,0.95306176,-0.15331931,-0.96521324,0.26005444,-0.027111948
1356430579229,0.0018500683,0.17060715,0.98533744,0.26847464,0.9490792,-0.16483329,-0.963285,0.26484305,-0.044047832
1356430579269,-0.00914979,0.18045643,0.9835404,0.27473283,0.9461844,-0.17104664,-0.96147704,0.2686458,-0.05823469
1356430579309,-0.019978017,0.18557104,0.9824278,0.27981287,0.9443943,-0.17269677,-0.9598467,0.27144578,-0.07079232
1356430579349,-0.03189102,0.1871575,0.9818122,0.2837821,0.9435812,-0.17065199,-0.95835835,0.2731784,-0.08320373
1356430579388,-0.04583299,0.1862486,0.9814331,0.28683695,0.9435466,-0.16566353,-0.9568824,0.2739184,-0.09666854
1356430579419,-0.06102684,0.18111315,0.98156697,0.28895447,0.9444963,-0.15630794,-0.95539576,0.27408916,-0.10997307
1356430579459,-0.07823661,0.1797877,0.98058933,0.29082048,0.94493866,-0.15004805,-0.9535735,0.27343622,-0.12621474
1356430579499,-0.09899789,0.17927594,0.9788052,0.29229444,0.9454841,-0.14360979,-0.9511905,0.27188224,-0.1460023
1356430579538,-0.12345594,0.1831364,0.97530496,0.2934445,0.94560766,-0.14041531,-0.947971,0.2688628,-0.17048126
1356430579577,-0.14292094,0.22286585,0.9643156,0.29855284,0.93864083,-0.17268367,-0.94363123,0.26321903,-0.20068866
1356430579619,-0.1809563,0.22116786,0.9583003,0.29534483,0.941633,-0.16155104,-0.93809706,0.2537954,-0.23571521
1356430579657,-0.21606064,0.23238355,0.94832253,0.29120022,0.9423979,-0.16458626,-0.93194425,0.24059112,-0.27128524
1356430579697,-0.2441532,0.2448775,0.9383092,0.28532696,0.94290096,-0.1718322,-0.9268105,0.22577155,-0.30008245
1356430579739,-0.26155654,0.24824725,0.93271726,0.27580416,0.94528764,-0.17425078,-0.9249434,0.2116709,-0.31571382
1356430579777,-0.2659629,0.23572035,0.9347191,0.2609411,0.9510466,-0.16559029,-0.9279944,0.19986573,-0.31445223
1356430579817,-0.25687307,0.2052163,0.9444059,0.24130858,0.9598636,-0.14294064,-0.93583465,0.19117564,-0.29608357
1356430579857,-0.23551634,0.15916504,0.95874846,0.22046734,0.96953005,-0.10679718,-0.9465338,0.18622023,-0.26343083
1356430579897,-0.20463318,0.10343009,0.97335875,0.20311484,0.97724414,-0.061141275,-0.957533,0.18519208,-0.22098476
1356430579937,-0.16792381,0.04533408,0.984757,0.19256619,0.9812065,-0.0123336315,-0.9668091,0.18755978,-0.17349774
1356430579977,-0.12948611,-0.007854849,0.9915501,0.18942825,0.9813562,0.032511458,-0.9733192,0.19203739,-0.12558407
1356430580018,-0.09303373,-0.050285406,0.99439234,0.19162533,0.9791482,0.067442685,-0.9770488,0.1968252,-0.08145785
1356430580057,-0.06116435,-0.078213975,0.99505854,0.19565801,0.9766441,0.08879328,-0.97876287,0.20012215,-0.04443264
1356430580097,-0.034883946,-0.09046891,0.9952882,0.19824201,0.9754782,0.09561643,-0.9795322,0.20064339,-0.01609379
1356430580137,-0.013687104,-0.08852108,0.99598026,0.19737436,0.9762361,0.08947864,-0.9802326,0.19780567,0.004109919
1356430580203,0.0038995445,-0.07546142,0.9971412,0.19349563,0.9783604,0.07328343,-0.98109347,0.19265667,0.018416643
1356430580219,0.019430816,-0.055284373,0.99828154,0.18976903,0.98052365,0.050607234,-0.98163646,0.18845959,0.029543638
1356430580259,0.033916295,-0.031798884,0.9989187,0.18985496,0.98149896,0.024798214,-0.98122615,0.1888086,0.039326012
1356430580289,0.047133178,-0.007240109,0.9988623,0.19278255,0.98123944,-0.0019844174,-0.9801088,0.19265676,0.047644675
1356430580329,0.059183627,0.013652995,0.9981538,0.20151132,0.97915834,-0.025341414,-0.97769654,0.20263907,0.055198908
1356430580359,0.06984466,0.033035472,0.99701065,0.21088725,0.9763738,-0.047125176,-0.9750119,0.21354829,0.06122774
1356430580399,0.07895124,0.04879047,0.9956838,0.22262959,0.9727125,-0.065317914,-0.971701,0.22682561,0.06593466
1356430580429,0.08647591,0.061321534,0.9943649,0.23401025,0.9689286,-0.08010381,-0.96838063,0.2396186,0.06943911
1356430580468,0.09129706,0.07191009,0.9932239,0.2468909,0.9646152,-0.092532985,-0.964733,0.25366592,0.07031256
1356430580509,0.089755505,0.08347514,0.9924595,0.26020163,0.95990777,-0.10426922,-0.9613735,0.26759833,0.064436615
1356430580549,0.07527202,0.102207,0.99191123,0.27177605,0.9549717,-0.119024694,-0.9594123,0.27853695,0.04410523
1356430580589,0.040409982,0.13358213,0.9902136,0.27941716,0.9499737,-0.1395565,-0.95931906,0.28232214,0.0010632873
1356430580629,-0.016959608,0.17662446,0.98413223,0.2830279,0.9448647,-0.16469958,-0.9589618,0.2757436,-0.06601417
1356430580669,-0.087408364,0.22067954,0.9714218,0.28459692,0.94004357,-0.1879433,-0.95465404,0.2600358,-0.14497238
1356430580699,-0.15063742,0.24929696,0.95663965,0.2856521,0.937381,-0.19929796,-0.9464202,0.24324438,-0.21241683
1356430580739,-0.1973573,0.262025,0.94466555,0.2832603,0.93775815,-0.20093098,-0.93851674,0.22793105,-0.2592947
1356430580769,-0.22707295,0.25773478,0.9391542,0.27677715,0.9416589,-0.19150169,-0.9337196,0.21645157,-0.28516036
1356430580809,-0.23210537,0.23567516,0.94370776,0.26401258,0.9490457,-0.17207421,-0.9361754,0.20921136,-0.28249985
1356430580849,-0.21881738,0.20000155,0.95504886,0.24862091,0.9578919,-0.1436338,-0.94356054,0.20601554,-0.259328
1356430580889,-0.19348761,0.15755111,0.9683698,0.23557708,0.9656068,-0.110031486,-0.9524,0.20683601,-0.22394836
1356430580947,-0.16165334,0.113877244,0.9802551,0.22774276,0.97081137,-0.0752232,-0.960209,0.21108592,-0.18286961
1356430580967,-0.12780201,0.07321264,0.98909384,0.22501336,0.9734074,-0.04297728,-0.9659377,0.21706674,-0.14087725
1356430581008,-0.09561032,0.039011233,0.9946541,0.22508311,0.97419864,-0.01657302,-0.9696372,0.22229528,-0.10192418
1356430581045,-0.06758779,0.013932884,0.99761605,0.2247089,0.9744246,0.0016148761,-0.97207916,0.22428235,-0.06899005
1356430581088,-0.04424745,-0.0010404885,0.9990201,0.2207054,0.9752808,0.010790981,-0.9743364,0.2209666,-0.042924047
1356430581127,-0.024119258,-0.006591268,0.99968743,0.21176994,0.9772513,0.011552654,-0.97702193,0.21198237,-0.022174716
1356430581205,-0.003935487,-0.006168537,0.9999731,0.19778636,0.9802214,0.006825112,-0.9802372,0.19780791,-0.0026375651
1356430581208,0.015635878,0.00334163,0.99987215,0.18664646,0.98240757,-0.006202027,-0.9823027,0.18671958,0.014737129
1356430581235,0.03332171,0.01319246,0.9993576,0.17971161,0.9835363,-0.018975742,-0.9831548,0.18022847,0.030402243
1356430581266,0.04925084,0.02230727,0.99853736,0.17738661,0.98366153,-0.030724198,-0.9829082,0.17864035,0.044489145
1356430581308,0.064377755,0.02952689,0.9974887,0.180872,0.9826616,-0.040761434,-0.98139733,0.1830419,0.057920933
1356430581347,0.07810032,0.035622068,0.9963088,0.18748122,0.9810064,-0.049771525,-0.9791583,0.19067639,0.06993842
1356430581387,0.08967686,0.039518148,0.99518657,0.19605048,0.9789624,-0.05654013,-0.97648466,0.20017716,0.08004272
1356430581428,0.09701046,0.041725293,0.99440837,0.20639347,0.9765588,-0.061111234,-0.9736482,0.21116781,0.0861246
1356430581467,0.095558226,0.044948563,0.9944085,0.21783812,0.9738213,-0.06495126,-0.9712956,0.22282669,0.083265126
1356430581507,0.078250796,0.05376687,0.99548274,0.22929746,0.9708029,-0.07045802,-0.97020584,0.23377508,0.063637495
1356430581547,0.03872469,0.070732415,0.9967434,0.23974043,0.96769977,-0.07798559,-0.97006446,0.24197966,0.020516455
1356430581587,-0.022547305,0.09301599,0.99540925,0.24865064,0.96489745,-0.08453255,-0.96833074,0.24560317,-0.044884324
1356430581627,-0.093340844,0.11123671,0.98940074,0.25488055,0.96329474,-0.084256016,-0.96245694,0.24431449,-0.11826682
1356430581667,-0.15498841,0.115369,0.9811567,0.2555782,0.9640297,-0.0729827,-0.9542842,0.23945078,-0.17889923
1356430581707,-0.19435966,0.10187635,0.9756257,0.24876821,0.9671962,-0.051437654,-0.9488618,0.23270726,-0.21332753
1356430581747,-0.20826545,0.073601335,0.9752991,0.23640227,0.97138715,-0.02282475,-0.94907296,0.22580932,-0.21970588
1356430581787,-0.2005733,0.036768526,0.97898847,0.22321337,0.9747269,0.00912305,-0.953911,0.22035316,-0.20371139
1356430581827,-0.17739579,-0.0023346394,0.9841368,0.21314177,0.97617173,0.040735677,-0.9607816,0.216987,-0.17267114
1356430581867,-0.14483777,-0.03873776,0.9886968,0.20749713,0.97582513,0.06863045,-0.96745384,0.21509203,-0.1332984
1356430581908,-0.10860628,-0.0688544,0.99169743,0.20545691,0.9745042,0.09016138,-0.9726213,0.21354318,-0.09169066
1356430581947,-0.073979706,-0.090106264,0.9931807,0.20517685,0.9732285,0.10357927,-0.9759249,0.21144046,-0.05351144
1356430581987,-0.044418573,-0.10125064,0.99386877,0.20423111,0.97291976,0.10824408,-0.9779144,0.20778699,-0.022537172
1356430582027,-0.020285904,-0.1026583,0.9945098,0.20024908,0.974141,0.104640394,-0.979535,0.2012724,7.959008E-4
1356430582067,4.3737888E-4,-0.095923945,0.99538857,0.19296025,0.97669,0.09403721,-0.9812065,0.1920293,0.018936694
1356430582107,0.01971063,-0.08267236,0.9963818,0.18534735,0.9796032,0.07761361,-0.98247534,0.18314691,0.03463167
1356430582147,0.037762165,-0.063471384,0.997269,0.18146446,0.9818235,0.055617098,-0.98267215,0.17886865,0.04859358
1356430582199,0.053934336,-0.038598977,0.99779826,0.18551308,0.98224366,0.02796965,-0.9811606,0.18359607,0.060137272
1356430582238,0.06798628,-0.0025908798,0.9976829,0.19122228,0.9814908,-0.010481857,-0.9791894,0.19149181,0.06722337
1356430582269,0.07958341,0.03381756,0.99625444,0.19636686,0.97930896,-0.048928656,-0.9772955,0.19952527,0.071296096
1356430582309,0.08819446,0.06788469,0.99378735,0.20281202,0.975553,-0.084637836,-0.9752379,0.2090166,0.07227051
1356430582349,0.09446934,0.10128866,0.99036163,0.21037044,0.9703146,-0.11930534,-0.9730467,0.21961349,0.070356846
1356430582389,0.09555289,0.1337931,0.9863919,0.21924411,0.96376324,-0.15196219,-0.9709797,0.23078105,0.062757015
1356430582429,0.08541715,0.16781723,0.98211056,0.22903427,0.9560088,-0.18327694,-0.96966344,0.24059199,0.04322362
1356430582469,0.057583362,0.20685968,0.97667456,0.2390691,0.9469768,-0.21466488,-0.9692936,0.24585384,0.005076349
1356430582509,0.010719985,0.2517635,0.9677294,0.24927135,0.93655926,-0.24641562,-0.9683743,0.2438688,-0.052717507
1356430582549,-0.045743406,0.29645035,0.9539522,0.25980398,0.92562056,-0.27518806,-0.9645773,0.23525253,-0.11936003
1356430582589,-0.09588072,0.3309643,0.93875957,0.2688566,0.9166621,-0.2957139,-0.9583961,0.22403848,-0.17687213
1356430582629,-0.12785318,0.3482781,0.9286312,0.2726696,0.9125782,-0.30471662,-0.9535748,0.21425053,-0.2116409
1356430582669,-0.1385788,0.34669122,0.9276859,0.26921824,0.91463655,-0.30159834,-0.9530569,0.20795485,-0.22008485
1356430582709,-0.13124612,0.32829309,0.9354133,0.2601732,0.9219073,-0.28704858,-0.95660037,0.20569545,-0.20640981
1356430582749,-0.11123431,0.29700562,0.9483747,0.24897948,0.93219084,-0.2627346,-0.96209985,0.20690073,-0.1776399
1356430582788,-0.08418715,0.25815958,0.9624272,0.23844445,0.9430145,-0.2320947,-0.96750027,0.20994604,-0.14094639
1356430582829,-0.05467215,0.21760476,0.97450465,0.22965682,0.95253944,-0.19981569,-0.97173494,0.21287727,-0.102051795
1356430582869,-0.027326524,0.18325967,0.98268473,0.22223324,0.95956427,-0.17276809,-0.97461057,0.21366405,-0.06694794
1356430582909,-0.004608482,0.16114314,0.9869203,0.21395122,0.96423614,-0.15644023,-0.9768335,0.21043184,-0.038920403
1356430582949,0.013823688,0.15362723,0.98803216,0.20208697,0.96730596,-0.15323201,-0.97927004,0.20178667,-0.017674327
1356430582989,0.030258268,0.15882954,0.9868423,0.1861217,0.96913177,-0.1616859,-0.9820607,0.18856509,-2.374053E-4
1356430583029,0.047074437,0.17219064,0.9839382,0.16953963,0.9693611,-0.17775089,-0.9843985,0.17518404,0.01643902
1356430583069,0.06516585,0.18868656,0.9798729,0.15751646,0.9677039,-0.19681884,-0.9853639,0.16717197,0.033339977
1356430583110,0.08341649,0.20525731,0.9751467,0.15273105,0.96436226,-0.21605231,-0.98474103,0.16695751,0.049094558
1356430583148,0.100165606,0.21815537,0.97076,0.15413906,0.96048564,-0.2317509,-0.9829587,0.17284548,0.06258136
1356430583199,0.11445603,0.22330609,0.9680053,0.15984404,0.95757306,-0.23979934,-0.9804845,0.18217637,0.073905885
1356430583229,0.12533408,0.21790713,0.96788836,0.16886395,0.9566605,-0.23724593,-0.9776381,0.19317646,0.083105505
1356430583269,0.13102335,0.2025515,0.9704668,0.18158983,0.9574406,-0.22434929,-0.9746066,0.2056219,0.08866578
1356430583309,0.127637,0.18320806,0.9747531,0.19797768,0.9583069,-0.20604071,-0.97186095,0.21927777,0.08604431
1356430583349,0.10922262,0.17205589,0.9790134,0.21604349,0.95725274,-0.19233425,-0.97025543,0.23251672,0.0673821
1356430583389,0.07063013,0.18087813,0.9809661,0.2327573,0.95328647,-0.19253299,-0.96996665,0.24192563,0.02523005
1356430583429,0.013390899,0.21025527,0.97755486,0.24757367,0.94650483,-0.20696831,-0.9687765,0.24478832,-0.03937912
1356430583469,-0.0510844,0.24408118,0.96840835,0.26207882,0.93896693,-0.22283576,-0.9636934,0.24241589,-0.11193508
1356430583509,-0.10790995,0.26080504,0.9593415,0.27420774,0.9353528,-0.22343968,-0.9555969,0.23894753,-0.17244864
1356430583549,-0.14828008,0.24867007,0.957171,0.27841762,0.93921924,-0.20087524,-0.9489451,0.23670746,-0.20850164
1356430583589,-0.1705831,0.20726019,0.96329874,0.27206367,0.9495303,-0.15612015,-0.9470388,0.23544714,-0.2183618
1356430583629,-0.17680907,0.14318998,0.9737737,0.25803667,0.9614991,-0.094533086,-0.94981873,0.23455504,-0.20695007
1356430583669,-0.1702368,0.066664316,0.9831456,0.24182785,0.9700247,-0.023900859,-0.95526886,0.23368317,-0.18125522
1356430583709,-0.15491396,-0.010523319,0.987872,0.22756603,0.9726733,0.04604736,-0.9613613,0.23193946,-0.14828593
1356430583749,-0.13528848,-0.07710269,0.98780173,0.21622407,0.9706404,0.10537705,-0.9669251,0.22784281,-0.114645004
1356430583789,-0.11494693,-0.12511793,0.98546064,0.20601386,0.9674655,0.14686325,-0.97177434,0.21990004,-0.08543116
1356430583829,-0.09531093,-0.15188271,0.98379236,0.19427398,0.9664495,0.1680267,-0.976306,0.20714004,-0.062606335
1356430583869,-0.075821996,-0.15915608,0.98433745,0.18021762,0.9687343,0.17051512,-0.9807,0.19032377,-0.04476863
1356430583909,-0.055671304,-0.15030828,0.98707044,0.16627494,0.973403,0.15760504,-0.9845066,0.17289917,-0.02919811
1356430583947,-0.035310745,-0.127819,0.9911687,0.15640771,0.97885877,0.1318036,-0.9870611,0.15968052,-0.014572322
1356430583988,-0.016148657,-0.09461296,0.9953832,0.1529529,0.9835624,0.09597081,-0.98810154,0.15379652,-0.0014119148
1356430584025,5.8624055E-4,-0.055527475,0.99845695,0.15535627,0.98633945,0.054762367,-0.9878583,0.15508446,0.009204805
1356430584068,0.014081717,-0.018549174,0.9997288,0.16202748,0.9866561,0.016024373,-0.98668575,0.16175789,0.016899288
1356430584107,0.023425758,0.009714991,0.9996783,0.17157505,0.98507726,-0.013593659,-0.9848924,0.17183831,0.021409333
1356430584147,0.026698887,0.028377198,0.99924064,0.18334845,0.9825006,-0.03280071,-0.9826853,0.18408498,0.021028757
1356430584200,0.01589498,0.055204466,0.9983486,0.19723772,0.97868216,-0.057257295,-0.9802269,0.1978221,0.0046676993
1356430584238,-0.010420769,0.076324694,0.9970286,0.20829898,0.9753752,-0.072489984,-0.9780097,0.20692465,-0.026062489
1356430584269,-0.04707545,0.10551752,0.9933025,0.21610449,0.97193044,-0.09300536,-0.9752347,0.21027887,-0.068556905
1356430584309,-0.10127956,0.16773221,0.9806163,0.22219974,0.96459883,-0.14204332,-0.9697266,0.20350659,-0.13496423
1356430584350,-0.16314083,0.22673963,0.9601949,0.23143916,0.9548719,-0.18616024,-0.959073,0.19185635,-0.208255
1356430584389,-0.21726245,0.2583925,0.9412919,0.24047242,0.9487738,-0.2049422,-0.9460286,0.1818285,-0.26826918
1356430584429,-0.25452185,0.25163877,0.93375397,0.24103908,0.95158684,-0.19074234,-0.9365462,0.17652312,-0.30285442
1356430584468,-0.27293265,0.20952614,0.93893903,0.22982593,0.9619355,-0.1478516,-0.9341776,0.17543902,-0.31069815
1356430584507,-0.27422184,0.14263715,0.9510295,0.21053256,0.97385347,-0.08535493,-0.9383381,0.1768165,-0.29708165
1356430584547,-0.26095825,0.062768474,0.96330726,0.18935902,0.98182607,-0.012678117,-0.946596,0.17910247,-0.2681014
1356430584587,-0.2371856,-0.017233133,0.9713115,0.17167057,0.983364,0.059367385,-0.95617586,0.18082668,-0.23028135
1356430584627,-0.20770782,-0.08569859,0.9744297,0.1594852,0.9798588,0.12017166,-0.9651021,0.18036771,-0.18985665
1356430584667,-0.17657915,-0.13442701,0.97506356,0.15131834,0.9751462,0.16184139,-0.97258544,0.17612284,-0.15184921
1356430584707,-0.1457653,-0.15976955,0.976333,0.14401962,0.9729339,0.18071526,-0.97878027,0.16695312,-0.11881006
1356430584747,-0.11520803,-0.16189502,0.9800597,0.13520978,0.9748908,0.17693537,-0.9840962,0.15289804,-0.09042549
1356430584787,-0.08422318,-0.1424164,0.986217,0.1257642,0.9802997,0.15230219,-0.98847854,0.13685818,-0.06465304
1356430584827,-0.052867413,-0.1061468,0.99294406,0.11842753,0.986651,0.11177952,-0.9915543,0.1235014,-0.039591014
1356430584867,-0.022883177,-0.05525126,0.9982103,0.11607577,0.99157196,0.057544775,-0.9929768,0.117184825,-0.016277015
1356430584907,0.0031217334,0.0045970306,0.99998444,0.1189555,0.9928873,-0.004935745,-0.9928946,0.11896907,0.0025526881
1356430584947,0.023661226,0.063667625,0.9976906,0.12565131,0.98986673,-0.066148296,-0.99179226,0.12692629,0.01542151
1356430584987,0.038562834,0.11085523,0.99308807,0.13504763,0.9841312,-0.11509946,-0.9900884,0.13855276,0.022980154
1356430585027,0.047796875,0.13896345,0.9891435,0.14653872,0.97858495,-0.1445611,-0.9880496,0.15185739,0.026409805
1356430585067,0.049878687,0.14955813,0.987494,0.16026762,0.97471344,-0.15571766,-0.98581254,0.16603033,0.02464813
1356430585107,0.0407086,0.15123944,0.9876586,0.17567684,0.97199595,-0.15608194,-0.98360586,0.17986262,0.012999356
1356430585147,0.014149338,0.1577361,0.9873799,0.19170818,0.96873134,-0.15750416,-0.98134995,0.1915174,-0.016532421
1356430585203,-0.033147633,0.17581505,0.983865,0.20807973,0.96404916,-0.16526353,-0.97755,0.19924426,-0.0685395
1356430585229,-0.09725511,0.2019731,0.9745504,0.22547351,0.95820457,-0.17608438,-0.96938294,0.20261018,-0.13872987
1356430585269,-0.1650762,0.21860185,0.96175003,0.24087432,0.9545354,-0.175618,-0.95641494,0.20267054,-0.21022666
1356430585309,-0.22187981,0.20999695,0.9521925,0.24638633,0.95691836,-0.15362626,-0.94343156,0.20052066,-0.2640612
1356430585349,-0.25951427,0.17300706,0.9501163,0.23727845,0.96508807,-0.11092317,-0.93613636,0.19665596,-0.29150498
1356430585389,-0.27647883,0.11366559,0.95427436,0.21640953,0.97484034,-0.053415596,-0.9363367,0.19174577,-0.29412103
1356430585429,-0.27486706,0.041850448,0.960571,0.19100828,0.98151636,0.011893965,-0.9423184,0.18674627,-0.2777803
1356430585469,-0.2582279,-0.032552972,0.96553546,0.16788852,0.98271275,0.078033105,-0.9513841,0.18225263,-0.24829859
1356430585509,-0.23141736,-0.100581475,0.96764123,0.15121448,0.9788337,0.13790874,-0.96103084,0.17823581,-0.21130973
1356430585549,-0.2001068,-0.15492047,0.96744865,0.14182414,0.97244054,0.18505472,-0.96945506,0.1742383,-0.17262053
1356430585590,-0.16892374,-0.19138832,0.9668688,0.13769604,0.9667637,0.21542469,-0.9759634,0.16952434,-0.13695592
1356430585629,-0.13981247,-0.20952077,0.9677569,0.13554676,0.96410596,0.22831285,-0.9808565,0.16309729,-0.10639417
1356430585669,-0.11215252,-0.21158299,0.97090393,0.13299033,0.9650822,0.22567648,-0.9847514,0.15443102,-0.080097914
1356430585709,-0.08430198,-0.20078641,0.976001,0.13042438,0.9688376,0.21057814,-0.9878677,0.14504647,-0.055487514
1356430585749,-0.05531329,-0.17984776,0.9821381,0.130401,0.9739179,0.18568657,-0.9899172,0.13834272,-0.030418277
1356430585789,-0.02579835,-0.15050866,0.9882721,0.13466649,0.9790666,0.1526221,-0.99055517,0.13702452,-0.0049898624
1356430585829,0.0025299173,-0.114328116,0.99343985,0.14239937,0.98336023,0.112805486,-0.9898061,0.14117983,0.018768072
1356430585869,0.027965277,-0.07400301,0.9968658,0.1512722,0.98608387,0.06895893,-0.9880964,0.14886963,0.038770735
1356430585909,0.049256027,-0.033485405,0.99822474,0.15969595,0.98684394,0.025223657,-0.98593664,0.15817003,0.053955495
1356430585949,0.06507775,0.0035230294,0.997874,0.16787833,0.9857021,-0.014428481,-0.98365736,0.1684604,0.06355584
1356430585987,0.07300535,0.03558874,0.9966964,0.1770322,0.98303056,-0.048067912,-0.98149365,0.17995657,0.065466106
1356430586027,0.06843227,0.065224886,0.99552137,0.18788773,0.9791622,-0.07706851,-0.97980374,0.19232023,0.054751337
1356430586067,0.044356853,0.09871513,0.9941267,0.19982785,0.97411907,-0.10564452,-0.9788265,0.20334023,0.0234828
1356430586107,-0.004749745,0.1406668,0.99004555,0.21185274,0.96772504,-0.13647911,-0.97729003,0.20909563,-0.034397125
1356430586147,-0.07499358,0.1864757,0.9795932,0.22404557,0.9603943,-0.16566901,-0.97168905,0.20704938,-0.11380249
1356430586201,-0.14965945,0.22137655,0.963636,0.23508434,0.95463103,-0.18279757,-0.96038395,0.19917835,-0.19491172
1356430586229,-0.21084318,0.23321955,0.94929117,0.24005125,0.953738,-0.18099521,-0.9475867,0.18971692,-0.25707376
1356430586269,-0.24908972,0.21788494,0.9436527,0.23446469,0.95894617,-0.15952605,-0.9396705,0.18151695,-0.28994995
1356430586309,-0.26406968,0.17907536,0.9477338,0.2191028,0.96806115,-0.12186704,-0.9392877,0.17546973,-0.2948715
1356430586349,-0.2595908,0.124187216,0.95770043,0.19928463,0.9772409,-0.0727037,-0.9449329,0.17198175,-0.27843136
1356430586389,-0.24068418,0.06129421,0.96866626,0.18096739,0.9833377,-0.017257683,-0.9535838,0.17114335,-0.24776608
1356430586429,-0.212499,-0.0019074082,0.9771595,0.16769254,0.9850916,0.038390316,-0.96266484,0.17202026,-0.20901108
1356430586469,-0.18021268,-0.058644377,0.9818779,0.1597223,0.9832282,0.08804026,-0.9705732,0.17269376,-0.16782337
1356430586509,-0.14831728,-0.10391044,0.9834656,0.1548303,0.9797611,0.12686914,-0.97674435,0.17108718,-0.12922698
1356430586549,-0.11941448,-0.13539323,0.9835694,0.14968571,0.97687954,0.15264559,-0.981496,0.16545439,-0.09638709
1356430586589,-0.093690515,-0.15354577,0.9836898,0.1415526,0.97594416,0.16581875,-0.9854871,0.1547795,-0.06970191
1356430586629,-0.06961542,-0.16078551,0.9845313,0.13037239,0.9769947,0.16877325,-0.9890181,0.1401049,-0.047051907
1356430586667,-0.045888186,-0.1598014,0.986082,0.11948144,0.97915757,0.1642394,-0.99177533,0.12535515,-0.025838494
1356430586707,-0.023182333,-0.1521025,0.9880929,0.11304,0.98162127,0.15375842,-0.99332,0.1152585,-0.0055626035
1356430586747,-0.0035600364,-0.13860069,0.99034196,0.1127284,0.9839798,0.13811554,-0.9936195,0.11213137,0.012121201
1356430586787,0.011329115,-0.12062953,0.9926329,0.117289715,0.98600423,0.118485324,-0.9930331,0.115083314,0.025319159
1356430586828,0.021385461,-0.10127811,0.9946283,0.12428811,0.9874077,0.09787056,-0.9920157,0.12152746,0.033703864
1356430586867,0.027148545,-0.08409875,0.9960875,0.13288307,0.98791504,0.079787,-0.9907598,0.13019706,0.037995756
1356430586926,0.028281331,-0.071196765,0.99706125,0.14330001,0.98744625,0.06644553,-0.9892751,0.14099973,0.038128793
1356430586947,0.021950632,-0.061594658,0.99785984,0.1558533,0.9861087,0.057440877,-0.9875363,0.15425889,0.03124547
1356430586988,0.0022117794,-0.051106926,0.9986907,0.16946511,0.98426735,0.049993515,-0.9855337,0.16913266,0.010837793
1356430587025,-0.037320316,-0.03530597,0.99867946,0.18095121,0.98261607,0.04150016,-0.98278373,0.18226105,-0.030282915
1356430587068,-0.09805396,-0.013466291,0.99509,0.18677962,0.98189056,0.031692527,-0.97749615,0.18897012,-0.093762994
1356430587107,-0.1681816,0.004964359,0.9857436,0.18566602,0.98224926,0.02673044,-0.96811324,0.18751466,-0.16611797
1356430587147,-0.22991967,0.009242967,0.9731657,0.17765723,0.98355126,0.032631606,-0.9568568,0.18039258,-0.22777987
1356430587199,-0.26996428,-0.0072481856,0.962843,0.16342908,0.98511755,0.05323852,-0.94889945,0.17172906,-0.26476198
1356430587229,-0.28463095,-0.042544294,0.9576926,0.14515126,0.98558384,0.08692299,-0.9475845,0.16375126,-0.2743523
1356430587269,-0.27736118,-0.09025699,0.9565169,0.12717146,0.98336864,0.12966663,-0.9523122,0.15760612,-0.26127023
1356430587309,-0.2539423,-0.14296398,0.95659536,0.11405332,0.9776897,0.17639367,-0.96047133,0.15389667,-0.23197126
1356430587349,-0.22137046,-0.19334154,0.95583165,0.108043656,0.9692526,0.22107917,-0.96918607,0.15221193,-0.19367456
1356430587389,-0.18573466,-0.2358484,0.95387536,0.10820258,0.9599538,0.25842008,-0.9766242,0.15120934,-0.15277731
1356430587429,-0.15170807,-0.26651973,0.95181507,0.11138879,0.95221686,0.28438634,-0.9821289,0.14916523,-0.114771664
1356430587469,-0.12157357,-0.2831849,0.9513287,0.11382477,0.94813764,0.29678106,-0.98603445,0.14436549,-0.08303499
1356430587509,-0.094989836,-0.28564566,0.9536161,0.11258062,0.94871944,0.2953931,-0.9890918,0.13541803,-0.05796051
1356430587549,-0.070512295,-0.27337295,0.95932025,0.10774647,0.9539999,0.27977648,-0.9916747,0.12309105,-0.037813783
1356430587589,-0.047201842,-0.24666533,0.9679505,0.10183379,0.96279347,0.25031704,-0.993681,0.1103855,-0.020326734
1356430587629,-0.025296597,-0.20504342,0.9784259,0.09794356,0.97352195,0.20654799,-0.99487036,0.10105549,-0.004544139
1356430587669,-0.0057251146,-0.14859085,0.9888822,0.09745581,0.98410803,0.1484377,-0.9952234,0.097222134,0.008846879
1356430587709,0.011203765,-0.07969473,0.9967563,0.09983155,0.9919277,0.078186534,-0.99494123,0.09863175,0.019069374
1356430587749,0.026144445,-0.0038423836,0.9996509,0.10408258,0.99456805,0.0011007041,-0.9942251,0.10401745,0.026402354
1356430587789,0.039676517,0.07176929,0.99663186,0.11007983,0.9910321,-0.0757484,-0.99313056,0.1127145,0.03142035
1356430587829,0.05098632,0.14116411,0.9886724,0.11873349,0.982082,-0.14634626,-0.99161625,0.12485017,0.033311844
1356430587869,0.056873173,0.2026741,0.97759324,0.13122274,0.96916604,-0.20856108,-0.98972017,0.14014398,0.0285241
1356430587909,0.051492542,0.26054674,0.96408707,0.14812313,0.95269775,-0.26538008,-0.98762745,0.15646869,0.010463834
1356430587949,0.028447509,0.32248002,0.94614875,0.16926561,0.93130857,-0.32251126,-0.9851599,0.16932508,-0.028091371
1356430587989,-0.013325751,0.39136302,0.9201399,0.19464362,0.9036336,-0.3815235,-0.9807836,0.17401528,-0.088217914
1356430588028,-0.06411764,0.45812467,0.8865724,0.22281852,0.87254465,-0.43476158,-0.97274905,0.16966885,-0.15802419
1356430588070,-0.109913945,0.51051086,0.8528174,0.24792056,0.8449777,-0.4738651,-0.962525,0.15934664,-0.219441
1356430588109,-0.1404067,0.541116,0.82914376,0.2619735,0.827897,-0.4959399,-0.9548067,0.14758037,-0.2580003
1356430588149,-0.15266216,0.550676,0.8206402,0.26113617,0.8233378,-0.50390756,-0.95315385,0.13737121,-0.26949394
1356430588198,-0.14806154,0.5431634,0.8264691,0.24798304,0.8293724,-0.5006454,-0.957383,0.13082397,-0.2574935
1356430588229,-0.12944674,0.5230229,0.8424313,0.22837284,0.84246546,-0.48795265,-0.9649297,0.12922458,-0.22849864
1356430588269,-0.10096687,0.49592286,0.86247677,0.20814532,0.8582516,-0.4691266,-0.9728727,0.13215426,-0.189879
1356430588309,-0.068292946,0.46965408,0.88020504,0.190955,0.8721068,-0.45051727,-0.97922015,0.13731238,-0.14924157
1356430588349,-0.036854416,0.45164508,0.8914362,0.17726117,0.8808509,-0.43895358,-0.98347354,0.14183967,-0.11252236
1356430588389,-0.010441124,0.44751298,0.89421654,0.16511752,0.8827607,-0.43985194,-0.9862187,0.14305829,-0.08310926
1356430588429,0.009478807,0.45924357,0.88825977,0.1518074,0.8773426,-0.45521918,-0.9883646,0.13915935,-0.061400414
1356430588468,0.02403086,0.48399422,0.87474114,0.13600615,0.8652759,-0.48249343,-0.99041647,0.1305649,-0.04503286
1356430588509,0.036349386,0.51442015,0.8567676,0.11866346,0.8490468,-0.5148189,-0.992269,0.12038037,-0.030180514
1356430588549,0.0497334,0.54307586,0.8382095,0.10319215,0.8319625,-0.5451511,-0.99341726,0.11360884,-0.014664829
1356430588589,0.06467107,0.5652626,0.82237214,0.092938066,0.81710374,-0.56895,-0.99356943,0.11322428,3.0857325E-4
1356430588629,0.07910183,0.5802824,0.81056476,0.08884774,0.8057728,-0.5855223,-0.9928993,0.11833273,0.012181342
1356430588669,0.091099836,0.5874283,0.8041324,0.0894863,0.7993945,-0.594105,-0.991813,0.1260817,0.02025795
1356430588709,0.1001493,0.58477116,0.8049924,0.09345356,0.7999548,-0.5927383,-0.9905738,0.13459168,0.025465965
1356430588748,0.10565242,0.5712224,0.8139671,0.101109296,0.8081353,-0.5802537,-0.98924947,0.14360487,0.02762556
1356430588787,0.10484418,0.5490305,0.8292004,0.11389302,0.8216809,-0.5584523,-0.98794544,0.15299064,0.023617744
1356430588827,0.09180087,0.5280418,0.844242,0.13344975,0.83365005,-0.53592795,-0.9867947,0.16186255,0.006062746
1356430588867,0.059207562,0.5193912,0.852483,0.16033205,0.8379463,-0.52167,-0.9852858,0.16756716,-0.03366232
1356430588907,0.0057010613,0.5276406,0.8494486,0.19345412,0.832833,-0.5186181,-0.98109275,0.16728601,-0.09732622
1356430588947,-0.059174865,0.54314804,0.8375491,0.22884269,0.82405645,-0.5182297,-0.9716631,0.16100083,-0.17305887
1356430588987,-0.11952272,0.54826474,0.82771987,0.25705123,0.8223577,-0.50759476,-0.9589781,0.15209733,-0.23922259
1356430589027,-0.1648033,0.5339417,0.8293046,0.26884466,0.83328235,-0.48307663,-0.9489796,0.14334147,-0.2808751
1356430589067,-0.19198602,0.49858087,0.84531564,0.2618674,0.8561346,-0.44548744,-0.9458155,0.13583328,-0.29492795
1356430589107,-0.20103899,0.44499576,0.87267524,0.2406046,0.8860048,-0.3963645,-0.949575,0.13028497,-0.28518957
1356430589147,-0.19341725,0.37765807,0.9055188,0.21304119,0.9170922,-0.33697975,-0.9577073,0.12773512,-0.2578382
1356430589201,-0.17186594,0.30373722,0.9371264,0.18697412,0.9440473,-0.27168995,-0.967214,0.12852414,-0.21904057
1356430589229,-0.13985506,0.2310043,0.96284866,0.16700184,0.9639782,-0.20701803,-0.9759872,0.13184498,-0.1733954
1356430589268,-0.10260528,0.16967554,0.980144,0.15404467,0.97616786,-0.15286122,-0.9827219,0.1353016,-0.1262976
1356430589299,-0.06669405,0.13097726,0.9891395,0.14601706,0.98195505,-0.12018054,-0.9870314,0.1364159,-0.08461547
1356430589339,-0.0338085,0.10654895,0.9937325,0.1351845,0.9856508,-0.1010832,-0.9902435,0.13091975,-0.047727108
1356430589379,-0.0035392642,0.10901679,0.99403363,0.12068769,0.9868204,-0.107796,-0.9926842,0.11958611,-0.016649604
1356430589419,0.023568153,0.13305974,0.99082774,0.104657464,0.98532885,-0.1348107,-0.994229,0.106874764,0.009296715
1356430589459,0.047679245,0.17197013,0.9839476,0.091603726,0.98016405,-0.1757477,-0.9946534,0.09851277,0.030980408
1356430589499,0.06856093,0.2186029,0.9734024,0.084309615,0.9709383,-0.22398782,-0.99407816,0.09742399,0.048138082
1356430589539,0.08524957,0.26693255,0.9599373,0.08235153,0.9582603,-0.2737797,-0.9929505,0.102391906,0.059708953
1356430589579,0.09681687,0.31192076,0.94516236,0.083861336,0.9436902,-0.32002518,-0.99176294,0.11024641,0.065207005
1356430589619,0.10302195,0.34937933,0.93130046,0.08774477,0.92944014,-0.3583879,-0.9908014,0.11863857,0.06509656
1356430589659,0.103963435,0.37680453,0.92044,0.0943065,0.91755056,-0.38627353,-0.99009985,0.1269618,0.059856594
1356430589699,0.09891957,0.3948968,0.9133846,0.10438444,0.90870446,-0.40417826,-0.98960537,0.1353243,0.04866755
1356430589739,0.08517334,0.40889716,0.90859693,0.11839233,0.90129673,-0.41671014,-0.9893071,0.1430635,0.028356135
1356430589779,0.05806783,0.42829496,0.90177137,0.13632153,0.8914325,-0.4321627,-0.9889614,0.14802563,-0.006622255
1356430589819,0.01418528,0.46170104,0.8869221,0.15864705,0.8747362,-0.45789483,-0.9872334,0.14720294,-0.060839117
1356430589858,-0.042449117,0.5071395,0.8608179,0.18596862,0.85054797,-0.4919185,-0.9816382,0.13920362,-0.13041705
1356430589917,-0.09987274,0.551856,0.8279374,0.21532941,0.8243664,-0.5235009,-0.97142094,0.12599581,-0.20116258
1356430589937,-0.14467633,0.5809299,0.80099267,0.23781048,0.80619645,-0.5417504,-0.96047646,0.11210598,-0.25478876
1356430589978,-0.17088026,0.58947796,0.78950346,0.24525905,0.80151564,-0.5453629,-0.9542787,0.10044111,-0.281538
1356430590015,-0.17860103,0.57878995,0.7956783,0.23641992,0.81023306,-0.5363096,-0.95509547,0.09232876,-0.28154594
1356430590059,-0.1694352,0.5507434,0.81729645,0.2149418,0.829974,-0.5147263,-0.96181697,0.08845839,-0.2590046
1356430590097,-0.14708325,0.51101506,0.8468945,0.18856013,0.85499054,-0.48315233,-0.97098494,0.08862691,-0.22211188
1356430590137,-0.11479488,0.46372432,0.87851125,0.16249974,0.88121104,-0.44391558,-0.9800082,0.091798574,-0.17651355
1356430590198,-0.07734957,0.41840014,0.9049632,0.14055768,0.90319324,-0.405568,-0.9870464,0.095828995,-0.12867099
1356430590219,-0.04010135,0.38617578,0.92155313,0.12325099,0.9171634,-0.378973,-0.991565,0.098385006,-0.08437604
1356430590259,-0.0073853433,0.37682053,0.9262569,0.10794774,0.9211695,-0.37389022,-0.9941292,0.09722604,-0.047480106
1356430590298,0.01858443,0.39563727,0.9182188,0.09100063,0.91389626,-0.3956166,-0.9956774,0.09091081,-0.019019008
1356430590339,0.037794884,0.43798593,0.898187,0.07036188,0.8954319,-0.43960318,-0.99680525,0.079812855,0.0030252337
1356430590379,0.052247908,0.49308294,0.86841196,0.04847978,0.867322,-0.49538088,-0.9974567,0.06798303,0.02141124
1356430590419,0.06403909,0.5463066,0.8351336,0.030314982,0.8354002,-0.5488056,-0.9974869,0.060462117,0.036937
1356430590459,0.07446357,0.587306,0.8059323,0.020093739,0.8071282,-0.5900341,-0.9970213,0.06013027,0.048300445
1356430590499,0.08381316,0.6105823,0.7875052,0.019075096,0.789158,-0.61389387,-0.99629885,0.06647408,0.054494917
1356430590540,0.09187472,0.6132742,0.7845087,0.025850862,0.7861063,-0.61755055,-0.995435,0.077017546,0.056369603
1356430590579,0.09808037,0.5933509,0.79894614,0.03853351,0.7999506,-0.59882736,-0.9944322,0.08951941,0.055595577
1356430590619,0.10046375,0.5509897,0.82844275,0.05627717,0.82817537,-0.5576365,-0.9933478,0.10264465,0.052193463
1356430590659,0.094206244,0.49368986,0.8645204,0.078561455,0.8619878,-0.5008044,-0.99244815,0.11509691,0.042419612
1356430590699,0.07227659,0.43945283,0.8953532,0.10342729,0.889559,-0.444958,-0.9920075,0.124763995,0.018842876
1356430590738,0.029590487,0.40775248,0.9126129,0.12807772,0.90393996,-0.4080302,-0.99132264,0.1289592,-0.025475979
1356430590779,-0.03345698,0.4070446,0.9127954,0.15206783,0.90474623,-0.39788145,-0.9878037,0.12549488,-0.09216845
1356430590819,-0.105492175,0.4153529,0.90352285,0.17394564,0.9022917,-0.3944777,-0.97908854,0.115549535,-0.1674335
1356430590859,-0.17095661,0.4056099,0.89791673,0.18602727,0.90822965,-0.37485033,-0.9675576,0.102953866,-0.23072237
1356430590899,-0.21922415,0.36007315,0.90680116,0.17940013,0.92843914,-0.3252943,-0.9590394,0.0913679,-0.26813346
1356430590939,-0.24597591,0.275429,0.92931956,0.15318426,0.9577742,-0.24331695,-0.95709485,0.08250702,-0.27778077
1356430590979,-0.25060052,0.15963352,0.95483845,0.11585807,0.98416775,-0.13412957,-0.9611328,0.07701281,-0.26512778
1356430591019,-0.23578387,0.029339932,0.9713626,0.08006557,0.9967325,-0.010671504,-0.9685017,0.07525653,-0.23736256
1356430591058,-0.20828632,-0.09498525,0.9734447,0.055770624,0.9925004,0.10877778,-0.97647655,0.07694654,-0.20142686
1356430591099,-0.17572266,-0.1990394,0.9641084,0.04578863,0.9766348,0.20997113,-0.9833743,0.08104188,-0.16250312
1356430591139,-0.1447087,-0.27575493,0.9502729,0.04676365,0.95740247,0.28494504,-0.98836863,0.08567225,-0.12564915
1356430591199,-0.11811888,-0.32577908,0.9380384,0.052517205,0.9412799,0.33351788,-0.99160975,0.088657886,-0.09407389
1356430591210,-0.09600595,-0.35272235,0.9307898,0.0587274,0.9314732,0.35903868,-0.99364674,0.089132726,-0.06871247
1356430591249,-0.07629731,-0.36751372,0.9268832,0.060057595,0.9262111,0.37219095,-0.9952748,0.084063515,-0.04859543
1356430591289,-0.056503627,-0.36588013,0.9289452,0.05850728,0.9276192,0.36891663,-0.9966867,0.07519518,-0.03100717
1356430591329,-0.03572816,-0.35193914,0.9353409,0.05742748,0.93366873,0.35350358,-0.9977102,0.066344276,-0.0131472945
1356430591369,-0.014894668,-0.32675382,0.94499207,0.060178906,0.94309074,0.3270449,-0.99807644,0.061739817,0.005616665
1356430591409,0.0037017502,-0.29032722,0.9569203,0.06729711,0.95482975,0.28943262,-0.99772614,0.06332656,0.02307272
1356430591449,0.018595278,-0.24597931,0.96909666,0.07750055,0.96670264,0.24388453,-0.9968189,0.07057043,0.037039638
1356430591488,0.02996564,-0.19922675,0.97949517,0.08881174,0.9765901,0.19591886,-0.9955976,0.081119835,0.04695779
1356430591532,0.038311094,-0.15670949,0.98690134,0.10075146,0.98319936,0.15221053,-0.9941737,0.093600415,0.053456128
1356430591567,0.042758048,-0.12139022,0.9916835,0.1132004,0.986788,0.11591015,-0.9926517,0.10730287,0.05593455
1356430591607,0.039461523,-0.09040724,0.9951228,0.12549831,0.9884608,0.084825374,-0.9913087,0.121538885,0.050352097
1356430591647,0.021959007,-0.05667397,0.99815124,0.13503666,0.989411,0.05320694,-0.9905973,0.13361864,0.029379547
1356430591687,-0.015614539,-0.013908301,0.99978137,0.1387415,0.9902003,0.015941873,-0.9902055,0.13896008,-0.013531864
1356430591727,-0.07179597,0.035212882,0.99679756,0.13682067,0.99027705,-0.025127802,-0.9879906,0.13457844,-0.075915754
1356430591768,-0.13375294,0.07637039,0.98806775,0.13218331,0.98949236,-0.058587097,-0.98215985,0.12276987,-0.1424424
1356430591807,-0.18462273,0.09371724,0.978331,0.12503794,0.98959386,-0.0712,-0.97482306,0.109183356,-0.19441974
1356430591847,-0.21398509,0.08075157,0.97349346,0.113261625,0.99190676,-0.05738274,-0.97024846,0.0979804,-0.2213993
1356430591887,-0.220483,0.04138709,0.97451234,0.09772775,0.99500924,-0.02014672,-0.9704826,0.0907949,-0.2234273
1356430591927,-0.20696363,-0.015519857,0.97822547,0.08296853,0.99599373,0.033355456,-0.9748242,0.08806531,-0.20484686
1356430591967,-0.1794126,-0.079311416,0.98057175,0.07407792,0.992826,0.09385642,-0.980981,0.089477725,-0.17225027
1356430592007,-0.1447807,-0.13973303,0.9795474,0.07336043,0.9857375,0.15145898,-0.98674047,0.09378837,-0.13246489
1356430592047,-0.109701276,-0.18887433,0.9758545,0.07883943,0.9770333,0.19796525,-0.9908329,0.098652855,-0.09229106
