1356430370238,0.4545058,0.8626669,0.22187898,0.021046638,0.23862393,-0.97088397,-0.89049506,0.44594216,0.090299755
1356430370277,-0.20339614,-0.21266286,-0.955722,-0.40702474,-0.8694166,0.28008136,-0.8904835,0.44596997,0.090276994
1356430370318,-0.20314395,-0.21253233,-0.9558047,-0.40728474,-0.86936164,0.27987403,-0.8904222,0.4461394,0.09004439
1356430370359,-0.20183653,-0.21181539,-0.9562407,-0.408228,-0.86928976,0.27872086,-0.8902876,0.4466203,0.08898538
1356430370397,-0.19846022,-0.20984444,-0.95738125,-0.41012493,-0.86939913,0.27557683,-0.89017475,0.44733697,0.08647877
1356430370437,-0.19177955,-0.20592263,-0.95959187,-0.41303512,-0.87000525,0.26924515,-0.8902936,0.44798088,0.08179587
1356430370478,-0.18103993,-0.19958448,-0.9630112,-0.4163803,-0.8715477,0.25890544,-0.89098376,0.4478511,0.0746819
1356430370517,-0.16557968,-0.19060932,-0.9676009,-0.4193195,-0.8744311,0.24401122,-0.8926111,0.44613725,0.064861745
1356430370557,-0.1436904,-0.17843616,-0.97340316,-0.42112315,-0.87908345,0.22331095,-0.89554924,0.44201022,0.051172137
1356430370599,-0.11433619,-0.1628246,-0.9800078,-0.42094997,-0.8855996,0.19625072,-0.899849,0.43497282,0.032715134
1356430370638,-0.07746023,-0.14411056,-0.98652524,-0.41756678,-0.89384127,0.16335797,-0.9053386,0.42459393,0.009061307
1356430370677,-0.038167357,-0.1253138,-0.9913827,-0.4104364,-0.90259075,0.12989165,-0.91109014,0.4118572,-0.016983837
1356430370717,7.2413683E-4,-0.10822967,-0.9941257,-0.39955297,-0.9113566,0.09892763,-0.9167099,0.39713424,-0.043903492
1356430370757,0.035469115,-0.0954179,-0.9948052,-0.38633806,-0.9193512,0.07440601,-0.9216751,0.381692,-0.069472134
1356430370797,0.06372291,-0.08838506,-0.994046,-0.37304515,-0.9259723,0.058418423,-0.92562234,0.36710143,-0.09197727
1356430370837,0.08505046,-0.08717129,-0.9925561,-0.36165896,-0.93092716,0.050768778,-0.9284229,0.3546489,-0.11070207
1356430370878,0.10058057,-0.0907338,-0.99078304,-0.35344586,-0.9341356,0.04966563,-0.9300321,0.34519273,-0.12602538
1356430370917,0.11315203,-0.09675136,-0.9888558,-0.3486509,-0.93582743,0.051667824,-0.93039733,0.33891916,-0.13962322
1356430370957,0.12659448,-0.10221483,-0.98667425,-0.34653872,-0.93656194,0.052561045,-0.929454,0.33526686,-0.15398496
1356430370997,0.14438134,-0.10439128,-0.98400027,-0.3455127,-0.9371483,0.048724085,-0.92724055,0.33294973,-0.17137524
1356430371037,0.16751987,-0.102091,-0.98056847,-0.34366918,-0.9382816,0.03897606,-0.92402846,0.33046192,-0.19226635
1356430371077,0.19241935,-0.09692087,-0.97651476,-0.34033325,-0.93993896,0.026228994,-0.9204064,0.3272935,-0.21384785
1356430371118,0.21156913,-0.09294821,-0.97293323,-0.3374294,-0.9412055,0.016541451,-0.9172676,0.32479662,-0.23049349
1356430371177,0.21745074,-0.094381325,-0.9714975,-0.3384498,-0.9408543,0.015648961,-0.9155145,0.32540026,-0.2365328
1356430371199,0.20602489,-0.10335226,-0.9730735,-0.34553587,-0.9380321,0.026471525,-0.91551006,0.33077803,-0.22896987
1356430371239,0.1772815,-0.119603,-0.97686565,-0.35782206,-0.93249106,0.049232468,-0.9168068,0.34081608,-0.20811
1356430371279,0.13414341,-0.14129955,-0.9808364,-0.3722242,-0.924489,0.08227512,-0.9183979,0.35405436,-0.17660922
1356430371308,0.088842034,-0.1623365,-0.98272777,-0.38385013,-0.91600245,0.11661275,-0.9191116,0.3668601,-0.1436924
1356430371349,0.036980093,-0.1850132,-0.98204005,-0.3929614,-0.9062371,0.15593468,-0.9188111,0.38013732,-0.10621578
1356430371389,-0.013731599,-0.20561281,-0.9785371,-0.39790478,-0.89668113,0.19399673,-0.91732395,0.39202845,-0.06950145
1356430371429,-0.055710435,-0.22063029,-0.9737652,-0.39896095,-0.8891177,0.22427642,-0.9152741,0.40098882,-0.03848973
1356430371469,-0.084171236,-0.22794344,-0.9700294,-0.39747483,-0.8850031,0.24245304,-0.9137445,0.4059698,-0.016110033
1356430371509,-0.097957075,-0.2269049,-0.9689781,-0.39427266,-0.8851414,0.24713117,-0.91375786,0.40624982,-0.0027565286
1356430371549,-0.099880636,-0.21843767,-0.97072595,-0.38946015,-0.8891815,0.24016073,-0.9156117,0.40204647,0.0037391782
1356430371589,-0.09525627,-0.20495307,-0.9741255,-0.38351393,-0.8954789,0.22590852,-0.9186095,0.3951099,0.0066976324
1356430371629,-0.089844346,-0.18937537,-0.9777858,-0.3787382,-0.9015034,0.20940171,-0.9211327,0.38913834,0.009271234
1356430371669,-0.08705604,-0.17470911,-0.98076403,-0.37785885,-0.90514314,0.19477841,-0.9217614,0.387547,0.01278279
1356430371709,-0.08745867,-0.16353115,-0.9826538,-0.38188872,-0.90556616,0.18469146,-0.9200608,0.3914173,0.016748905
1356430371739,-0.089891374,-0.15786426,-0.9833608,-0.38770318,-0.9039286,0.1805534,-0.91739076,0.3974823,0.020050786
1356430371779,-0.09460455,-0.15755281,-0.98296857,-0.39678982,-0.8996085,0.18238014,-0.9130213,0.40728587,0.022591658
1356430371809,-0.10314113,-0.16720656,-0.98051214,-0.40510586,-0.893246,0.19493859,-0.90843344,0.41731733,0.024393924
1356430371849,-0.11279249,-0.18135966,-0.97692704,-0.4145823,-0.8849375,0.21214864,-0.90299463,0.42894545,0.024625808
1356430371889,-0.122878015,-0.20399165,-0.97123027,-0.42378253,-0.8741488,0.2372173,-0.89739025,0.4407392,0.020965695
1356430371918,-0.13078076,-0.23133574,-0.9640437,-0.43169063,-0.86208427,0.26543167,-0.8924907,0.450882,0.0128784925
1356430371949,-0.1282385,-0.25425315,-0.958598,-0.44027668,-0.85151285,0.28474945,-0.888657,0.45856422,-0.0027450025
1356430371989,-0.09855002,-0.2659536,-0.95893514,-0.4523341,-0.8463518,0.281216,-0.8863869,0.4614729,-0.036891833
1356430372019,-0.056334496,-0.273249,-0.96029234,-0.46388516,-0.8445362,0.26752415,-0.88410234,0.4605362,-0.07917963
1356430372049,-0.0012336969,-0.27158266,-0.9624143,-0.4731686,-0.8477019,0.23981866,-0.880971,0.4556801,-0.12745859
1356430372089,0.066324234,-0.26011252,-0.9632977,-0.47699142,-0.8562314,0.19836068,-0.8764019,0.44632864,-0.18086033
1356430372129,0.12128025,-0.24940863,-0.9607739,-0.47469243,-0.8646367,0.16453093,-0.8717558,0.4361177,-0.22325575
1356430372182,0.148045,-0.24738148,-0.9575412,-0.47020164,-0.86938715,0.15190916,-0.8700535,0.42774802,-0.2450276
1356430372209,0.14419013,-0.256419,-0.9557503,-0.4666118,-0.8693425,0.16284077,-0.8726298,0.42248428,-0.24499872
1356430372249,0.11557537,-0.27410823,-0.9547287,-0.4639333,-0.86478585,0.19212335,-0.8782985,0.4207257,-0.2271159
1356430372279,0.08039749,-0.29195943,-0.95304567,-0.460663,-0.8587862,0.22422285,-0.88392645,0.4210059,-0.20353915
1356430372309,0.040736973,-0.3093093,-0.9500885,-0.45614415,-0.85176414,0.25774089,-0.888973,0.42287776,-0.17578793
1356430372349,-0.0072821975,-0.32727826,-0.9449,-0.44837856,-0.843541,0.29562685,-0.89381415,0.4258257,-0.14060171
1356430372378,-0.0490219,-0.33894867,-0.9395268,-0.43770552,-0.83823085,0.32524285,-0.897781,0.42718014,-0.107268035
1356430372419,-0.08436793,-0.34626234,-0.9343364,-0.42241126,-0.8368263,0.3482679,-0.9024693,0.42405683,-0.07566385
1356430372448,-0.10873014,-0.34632233,-0.9317933,-0.40643987,-0.83993393,0.3596078,-0.9071849,0.4178181,-0.049433127
1356430372479,-0.12383133,-0.3424336,-0.9313458,-0.39003435,-0.8462305,0.3629975,-0.91243577,0.40820733,-0.028771073
1356430372519,-0.12994331,-0.33486006,-0.9332649,-0.371402,-0.85628,0.35894975,-0.9193341,0.3932596,-0.013099775
1356430372549,-0.13258344,-0.32401538,-0.9367153,-0.35542107,-0.8666669,0.35009181,-0.92525536,0.37934476,-2.5613606E-4
1356430372589,-0.1380465,-0.31486198,-0.93904483,-0.34328082,-0.8741406,0.34356445,-0.92903256,0.36978394,0.012585968
1356430372629,-0.14790577,-0.30807376,-0.9397949,-0.33842242,-0.8771166,0.34078842,-0.9292977,0.36845225,0.025471546
1356430372669,-0.16088581,-0.30554897,-0.9384858,-0.3411979,-0.87502795,0.3433805,-0.9261208,0.37545443,0.03652686
1356430372699,-0.17365754,-0.3082845,-0.93530947,-0.34659067,-0.86984646,0.35105842,-0.9218015,0.38513345,0.044206873
1356430372739,-0.18574607,-0.3148294,-0.9307958,-0.35673052,-0.8610414,0.3624237,-0.91555536,0.39936206,0.04762581
1356430372777,-0.19915026,-0.32997328,-0.9227441,-0.36734694,-0.8478097,0.38245904,-0.90851265,0.41513407,0.047626898
1356430372815,-0.21314424,-0.35240892,-0.91125053,-0.37658718,-0.8309823,0.40945157,-0.90152746,0.43043748,0.044406354
1356430372845,-0.2266928,-0.38004148,-0.89676017,-0.38302696,-0.811756,0.44084296,-0.89548904,0.44341925,0.038453087
1356430372888,-0.22866952,-0.40430096,-0.88557947,-0.39210287,-0.7943809,0.46391198,-0.8910475,0.45332077,0.02312313
1356430372927,-0.21582365,-0.42781687,-0.87772024,-0.40485042,-0.7787909,0.47914603,-0.8885473,0.45875648,-0.005120352
1356430372967,-0.18221223,-0.44628692,-0.87614304,-0.42342162,-0.7685922,0.4795624,-0.88741916,0.45836008,-0.048920587
1356430373007,-0.13110572,-0.4584961,-0.87897253,-0.44491625,-0.7651093,0.46546468,-0.88592374,0.45209423,-0.10368222
1356430373047,-0.07679927,-0.4661217,-0.881381,-0.46270707,-0.766373,0.4456173,-0.8831784,0.4420443,-0.15682097
1356430373087,-0.03683746,-0.47272164,-0.88044155,-0.47184533,-0.7684171,0.43231604,-0.88091147,0.43135765,-0.19474496
1356430373127,-0.020850658,-0.4808514,-0.8765542,-0.4714669,-0.7684099,0.4327415,-0.8816373,0.42228922,-0.21068366
1356430373181,-0.028279781,-0.48986015,-0.87134224,-0.46353182,-0.765877,0.4456127,-0.8856289,0.41649666,-0.20540692
1356430373209,-0.05230862,-0.49751058,-0.86587924,-0.45057073,-0.76203704,0.4650651,-0.8912069,0.41446677,-0.18430261
1356430373249,-0.085089624,-0.5016187,-0.86089396,-0.43507892,-0.75859535,0.48501483,-0.89636266,0.4158266,-0.15369508
1356430373289,-0.11973721,-0.50081956,-0.85722977,-0.41907784,-0.75725025,0.500945,-0.9000204,0.41922772,-0.11921133
1356430373329,-0.15012628,-0.49441236,-0.85616493,-0.4042526,-0.7595826,0.50952333,-0.90224266,0.42259976,-0.08583413
1356430373369,-0.17131472,-0.48225397,-0.8591172,-0.39190543,-0.76669186,0.5085212,-0.9039145,0.42380986,-0.057652414
1356430373409,-0.18042302,-0.46455547,-0.8669692,-0.3823118,-0.77900344,0.4969821,-0.90624785,0.42111963,-0.03705482
1356430373439,-0.18033445,-0.44227093,-0.8785648,-0.37519574,-0.7947426,0.4770875,-0.9092347,0.41566902,-0.02261877
1356430373479,-0.17171693,-0.41882035,-0.8916853,-0.36707488,-0.8127482,0.4524337,-0.9142042,0.4050058,-0.014175758
1356430373509,-0.1608361,-0.39218506,-0.9057166,-0.3601143,-0.8310821,0.4238162,-0.9189393,0.39432645,-0.007563442
1356430373549,-0.15437877,-0.3678517,-0.91697997,-0.35391822,-0.845928,0.398933,-0.92244726,0.38612276,4.0395558E-4
1356430373589,-0.15373522,-0.34548712,-0.9257451,-0.35225087,-0.8561669,0.3780177,-0.9231926,0.3842092,0.009924993
1356430373629,-0.15767223,-0.32784784,-0.9314801,-0.3562618,-0.8608666,0.36329904,-0.92098695,0.38913295,0.0189351
1356430373669,-0.1639036,-0.31723568,-0.93407553,-0.3643395,-0.860466,0.3561672,-0.91672915,0.39869767,0.025451988
1356430373699,-0.17148072,-0.31543088,-0.9333261,-0.37192947,-0.8565278,0.3578107,-0.9122844,0.40848914,0.029560015
1356430373739,-0.17956418,-0.31967562,-0.930357,-0.38044196,-0.8495793,0.36534745,-0.90720475,0.41955018,0.030936107
1356430373769,-0.19118333,-0.33556828,-0.9224114,-0.3860298,-0.8383127,0.38498402,-0.90245765,0.42968082,0.03073211
1356430373809,-0.19981897,-0.35466805,-0.91339093,-0.39209792,-0.825355,0.40626153,-0.89795965,0.43931744,0.025856927
1356430373839,-0.2069974,-0.38152298,-0.9008841,-0.3968672,-0.80891633,0.4337635,-0.89423066,0.44731927,0.016029611
1356430373879,-0.19415563,-0.40268177,-0.8945116,-0.40832692,-0.7959384,0.44693533,-0.8919488,0.4520282,-0.009889886
1356430373919,-0.15839237,-0.41955504,-0.8938039,-0.42655,-0.7873271,0.44516405,-0.8904869,0.45176265,-0.05425453
1356430373959,-0.0991568,-0.42703775,-0.89878064,-0.44893292,-0.7868865,0.42340142,-0.8880468,0.44547534,-0.113686085
1356430373999,-0.033741117,-0.4276312,-0.90332335,-0.4672398,-0.79223436,0.39249432,-0.88348657,0.4353118,-0.17307548
1356430374038,0.0152564645,-0.42846173,-0.9034311,-0.4768635,-0.7972786,0.37006488,-0.8788449,0.4251674,-0.21648142
1356430374068,0.04208404,-0.43253216,-0.9006358,-0.48046926,-0.79911923,0.3613277,-0.8760012,0.41752172,-0.24144857
1356430374099,0.045665562,-0.4419743,-0.89586467,-0.4799337,-0.79622775,0.3683545,-0.8761155,0.41313446,-0.24847853
1356430374139,0.015767276,-0.46149874,-0.88700074,-0.47361732,-0.784725,0.3998666,-0.88058954,0.41379413,-0.23094678
1356430374181,-0.032297254,-0.48237225,-0.8753707,-0.46197584,-0.7694501,0.4410496,-0.8863042,0.41864482,-0.1979932
1356430374219,-0.08845717,-0.5002937,-0.8613255,-0.44552436,-0.753525,0.48343354,-0.89088905,0.42650467,-0.15623827
1356430374259,-0.14280975,-0.51186746,-0.8471109,-0.42609653,-0.7407127,0.51940954,-0.8933348,0.43512782,-0.11232394
1356430374299,-0.18768215,-0.5158156,-0.83588856,-0.4062117,-0.7340649,0.5441883,-0.8942972,0.44168216,-0.07175955
1356430374339,-0.21762896,-0.51180923,-0.83107686,-0.38819286,-0.73585343,0.55482066,-0.8955132,0.44336322,-0.03853762
1356430374379,-0.23072481,-0.50020117,-0.8346046,-0.37247312,-0.74700963,0.55067265,-0.8989048,0.4379216,-0.013957828
1356430374419,-0.22969073,-0.4816284,-0.84573996,-0.3584837,-0.76601326,0.53358495,-0.90483785,0.42574355,0.0032902658
1356430374459,-0.22127038,-0.45826188,-0.86083406,-0.34640637,-0.7882152,0.50864446,-0.91161495,0.4107464,0.015663967
1356430374499,-0.21275151,-0.43323457,-0.87581086,-0.33847207,-0.8081593,0.48199102,-0.91660976,0.39898178,0.025299236
1356430374539,-0.20838761,-0.40997848,-0.8879708,-0.33687678,-0.8222596,0.4586972,-0.9181986,0.3947236,0.033236533
1356430374579,-0.20884228,-0.3914161,-0.89620215,-0.3416271,-0.82947594,0.44188297,-0.91633826,0.3984508,0.039511353
1356430374619,-0.21325397,-0.3798686,-0.9001237,-0.35068038,-0.83016044,0.4334247,-0.91189146,0.40808523,0.043822497
1356430374659,-0.22106558,-0.3770567,-0.8994211,-0.36147138,-0.8248745,0.4346499,-0.9057971,0.42120108,0.046056107
1356430374699,-0.23155695,-0.38365936,-0.8939725,-0.37209928,-0.8141395,0.44577923,-0.8988457,0.43586978,0.04576023
1356430374739,-0.24138224,-0.39802575,-0.88504815,-0.382353,-0.79923445,0.46371388,-0.89193106,0.45033306,0.04073462
1356430374779,-0.24227357,-0.4151747,-0.8768886,-0.39480844,-0.7834092,0.47999632,-0.88624483,0.46249342,0.025884792
1356430374819,-0.22324312,-0.42856765,-0.87549543,-0.41287285,-0.7720423,0.48320454,-0.8830054,0.46934038,-0.0045907497
1356430374859,-0.17359513,-0.43006927,-0.8859488,-0.43750244,-0.77228415,0.460618,-0.8823018,0.46756575,-0.054091647
1356430374899,-0.09526056,-0.41629398,-0.904226,-0.46086395,-0.7867006,0.410739,-0.88234335,0.45585245,-0.11691329
1356430374939,-0.010962725,-0.3941966,-0.91896075,-0.47234043,-0.8079802,0.35222524,-0.8813481,0.43792367,-0.1773374
1356430374979,0.04919046,-0.37887055,-0.9241414,-0.47177005,-0.8243534,0.31284893,-0.8803483,0.42059308,-0.21929012
1356430375019,0.070037425,-0.38063592,-0.9220689,-0.46680862,-0.829391,0.3069206,-0.88158065,0.40893382,-0.23577255
1356430375057,0.054579377,-0.39871192,-0.91545063,-0.46148223,-0.8230976,0.33097515,-0.8854689,0.40439978,-0.22892262
1356430375098,0.0125409365,-0.42655212,-0.90437603,-0.45460427,-0.8080009,0.3747925,-0.8906052,0.40643296,-0.20404552
1356430375137,-0.042328835,-0.4548926,-0.8895398,-0.44409695,-0.7889814,0.42460144,-0.89497834,0.41301477,-0.16861981
1356430375182,-0.10025138,-0.47804666,-0.8725944,-0.42951983,-0.7702891,0.4713463,-0.89747554,0.42204973,-0.12810792
1356430375219,-0.15109307,-0.49116614,-0.8578617,-0.41288772,-0.75714236,0.5062205,-0.8981618,0.43068695,-0.08839753
1356430375259,-0.1879744,-0.4921669,-0.8499632,-0.397265,-0.7533421,0.5240765,-0.89824617,0.4361736,-0.053911656
1356430375299,-0.20647776,-0.47957122,-0.8528649,-0.38492846,-0.7615491,0.5214146,-0.89955384,0.43595245,-0.027357712
1356430375338,-0.20634651,-0.4535076,-0.8670363,-0.3755424,-0.78153795,0.49816287,-0.90354246,0.42840308,-0.009043649
1356430375379,-0.1919868,-0.41585308,-0.8889361,-0.36676294,-0.8097537,0.45802188,-0.910289,0.4139629,0.0029424727
1356430375419,-0.17298377,-0.37155947,-0.9121514,-0.3580533,-0.83902586,0.40967476,-0.91753715,0.39746588,0.012099758
1356430375459,-0.15833259,-0.32831585,-0.93120325,-0.35187322,-0.8624191,0.36389357,-0.9225595,0.38528168,0.021023497
1356430375499,-0.1510868,-0.29194185,-0.94442725,-0.35160157,-0.87704676,0.32736138,-0.92387724,0.3815221,0.02986291
1356430375539,-0.14978391,-0.26577932,-0.95232666,-0.3578977,-0.8832994,0.30280578,-0.9216691,0.38619095,0.037182234
1356430375579,-0.1525569,-0.2520535,-0.9556126,-0.36850142,-0.8826934,0.29164892,-0.9170241,0.39663768,0.041778892
1356430375619,-0.15901393,-0.25252455,-0.9544349,-0.38036418,-0.8764389,0.2952591,-0.911064,0.40998313,0.043314703
1356430375659,-0.16880035,-0.26736802,-0.9486943,-0.39150184,-0.8651345,0.3134782,-0.9045622,0.4243308,0.04135993
1356430375697,-0.17842603,-0.2932382,-0.939242,-0.40175542,-0.84965277,0.34158853,-0.89819634,0.43829384,0.033790126
1356430375756,-0.17885113,-0.32168457,-0.9298018,-0.41345575,-0.8329711,0.36771387,-0.8927859,0.45019794,0.015975475
1356430375777,-0.15557504,-0.33945987,-0.92766553,-0.43072703,-0.8218118,0.37296045,-0.8889716,0.45759398,-0.018361092
1356430375818,-0.09717214,-0.33469093,-0.9373044,-0.45295775,-0.8237048,0.34108603,-0.8862206,0.45770335,-0.07155964
1356430375855,-0.011049032,-0.3071595,-0.9515939,-0.4696869,-0.8385411,0.27612144,-0.88276386,0.45000207,-0.13500375
1356430375898,0.07357037,-0.27371308,-0.95899355,-0.4724379,-0.85642153,0.20819363,-0.87828803,0.437748,-0.19231968
1356430375937,0.1248675,-0.2586808,-0.9578582,-0.4674202,-0.8669057,0.17318456,-0.87517226,0.42609715,-0.22916096
1356430375977,0.13156474,-0.27289188,-0.9530062,-0.4640594,-0.8664727,0.18404864,-0.87597924,0.41803718,-0.24063528
1356430376017,0.10045731,-0.3105264,-0.9452416,-0.46264842,-0.85566616,0.23193067,-0.88083184,0.4140154,-0.22962248
1356430376057,0.04534328,-0.3583349,-0.9324913,-0.45763332,-0.83719444,0.29946163,-0.88798404,0.41316053,-0.20194712
1356430376097,-0.0181939,-0.40276912,-0.9151208,-0.44507328,-0.81632483,0.3681351,-0.89530927,0.4139936,-0.16440958
1356430376138,-0.077848434,-0.43540582,-0.89686203,-0.42555663,-0.799008,0.42483863,-0.9015771,0.41473857,-0.12308836
1356430376181,-0.12669176,-0.45322362,-0.8823478,-0.40202275,-0.78972447,0.4633714,-0.90682244,0.4134292,-0.08215466
1356430376219,-0.1576525,-0.4524082,-0.8777656,-0.3802579,-0.7925237,0.47677055,-0.91134495,0.40894142,-0.04708846
1356430376259,-0.17162693,-0.43677768,-0.88304555,-0.36181727,-0.8057589,0.46887177,-0.9163146,0.3999722,-0.019743726
1356430376299,-0.17078996,-0.4066054,-0.8974981,-0.3476819,-0.82741773,0.44101834,-0.9219263,0.38736534,-5.4702163E-5
1356430376339,-0.16243124,-0.36773705,-0.915634,-0.33749217,-0.85128444,0.40176332,-0.92720824,0.3742782,0.014166877
1356430376379,-0.15422261,-0.32752535,-0.93217087,-0.33246997,-0.87123764,0.3611214,-0.9304187,0.36561188,0.025472194
1356430376418,-0.1503601,-0.2926527,-0.9443232,-0.334425,-0.8838171,0.32715034,-0.9303503,0.36499566,0.03502044
1356430376457,-0.15148395,-0.26774508,-0.95150673,-0.34311527,-0.8885171,0.30464587,-0.92699754,0.3726255,0.042728774
1356430376497,-0.157974,-0.25684324,-0.9534547,-0.35592166,-0.88586146,0.29760605,-0.9210668,0.38636917,0.04852695
1356430376537,-0.17111647,-0.2637698,-0.9492864,-0.3689803,-0.87622267,0.30997986,-0.9135495,0.4033106,0.05261021
1356430376577,-0.19183457,-0.2906847,-0.937391,-0.37900603,-0.8590931,0.34396717,-0.9052922,0.42126164,0.054632574
1356430376617,-0.21751308,-0.3355662,-0.9165607,-0.384446,-0.83368045,0.39645714,-0.8971563,0.4386027,0.052329257
1356430376657,-0.23915672,-0.38960618,-0.88938814,-0.38737845,-0.8016315,0.4553296,-0.89036065,0.45342487,0.04079047
1356430376697,-0.2420268,-0.43796158,-0.8658018,-0.39476663,-0.7706867,0.50020134,-0.88633084,0.46285173,0.013634175
1356430376737,-0.21175486,-0.46544835,-0.8593706,-0.41385236,-0.75387824,0.5102881,-0.8853735,0.4637085,-0.032989576
1356430376777,-0.14621991,-0.4659394,-0.8726512,-0.44095027,-0.75895315,0.47911686,-0.88554084,0.45485222,-0.09448205
1356430376817,-0.06841135,-0.4530237,-0.8888697,-0.46162847,-0.7754668,0.4307555,-0.8844314,0.43979615,-0.15607785
1356430376857,-0.01522249,-0.45520803,-0.890255,-0.47006914,-0.78257257,0.40818524,-0.8824984,0.42469496,-0.20206654
1356430376897,-0.009099841,-0.49230474,-0.8703754,-0.47094172,-0.7657269,0.4380368,-0.8821174,0.41388214,-0.2248789
1356430376937,-0.046773136,-0.55822337,-0.8283713,-0.46394005,-0.72226954,0.5129194,-0.8846309,0.4083055,-0.22519931
1356430376977,-0.10898483,-0.6310032,-0.7680867,-0.4438465,-0.6604971,0.6055937,-0.88945067,0.40691316,-0.20808437
1356430377017,-0.17490447,-0.6916473,-0.70073706,-0.41013348,-0.5958407,0.69048125,-0.8950972,0.40816396,-0.17945254
1356430377057,-0.2325483,-0.7338108,-0.63831264,-0.36767542,-0.54127103,0.75620127,-0.9004088,0.41054523,-0.14393246
1356430377097,-0.27638435,-0.7584934,-0.5901691,-0.3237709,-0.50470406,0.8002789,-0.90486693,0.4122641,-0.10608584
1356430377137,-0.3052513,-0.76936984,-0.5611522,-0.28464833,-0.4886164,0.8247602,-0.9087337,0.4114901,-0.069849014
1356430377180,-0.3196113,-0.7692929,-0.5532062,-0.25406808,-0.49287403,0.8321807,-0.9128516,0.4065264,-0.037924677
1356430377218,-0.3221501,-0.7596936,-0.564876,-0.23380253,-0.5143572,0.8250897,-0.91736346,0.39787218,-0.011918038
1356430377259,-0.31768245,-0.74308664,-0.5889822,-0.22128075,-0.5459082,0.80809593,-0.92201555,0.38704836,0.008994728
1356430377299,-0.31289566,-0.7214112,-0.61778814,-0.2152017,-0.5796838,0.7859103,-0.9250862,0.37885696,0.02613163
1356430377339,-0.31305742,-0.6988952,-0.64307123,-0.21474753,-0.6074795,0.7647563,-0.9251371,0.37751055,0.040089875
1356430377380,-0.31886458,-0.6788559,-0.6614227,-0.2197582,-0.6258795,0.74831885,-0.9219717,0.38396543,0.050386667
1356430377419,-0.3282832,-0.6634822,-0.6723255,-0.22862199,-0.6347987,0.7380804,-0.9164945,0.39600778,0.056707084
1356430377459,-0.3398214,-0.65477765,-0.6751206,-0.2380597,-0.63457656,0.7352825,-0.90986216,0.41058367,0.05976647
1356430377499,-0.35318214,-0.6542388,-0.6687556,-0.24503323,-0.62518173,0.74101734,-0.902896,0.42558134,0.060492635
1356430377539,-0.36732745,-0.66124755,-0.65408117,-0.24933548,-0.607495,0.7541761,-0.8960481,0.44011527,0.05827719
1356430377578,-0.3778336,-0.67178607,-0.6371383,-0.25554526,-0.58575296,0.76914895,-0.8899092,0.453428,0.049645394
1356430377617,-0.37573624,-0.6792094,-0.6304735,-0.27271932,-0.56915736,0.7756829,-0.88568985,0.4633945,0.028619498
1356430377657,-0.34774196,-0.675544,-0.65016603,-0.3106616,-0.5712539,0.7597094,-0.884627,0.46616453,-0.01121667
1356430377697,-0.2836572,-0.6541457,-0.7011647,-0.36719325,-0.60137117,0.7095927,-0.8858373,0.45874405,-0.06961465
1356430377737,-0.19130176,-0.6153815,-0.7646628,-0.42180717,-0.65190166,0.630161,-0.8862744,0.4430912,-0.1348624
1356430377777,-0.10247654,-0.5741235,-0.8123305,-0.4546994,-0.69928473,0.55158806,-0.88473,0.425891,-0.18939331
1356430377817,-0.047580898,-0.5485775,-0.83474475,-0.46630046,-0.7268426,0.5042457,-0.8833459,0.41323432,-0.22121811
1356430377857,-0.033439577,-0.542451,-0.8394217,-0.46581927,-0.7346287,0.4932882,-0.88424784,0.40751413,-0.22811851
1356430377897,-0.050152063,-0.5471043,-0.8355606,-0.4587244,-0.73052853,0.5058655,-0.88716215,0.40866232,-0.21433255
1356430377937,-0.0847199,-0.55257124,-0.8291487,-0.4473172,-0.72248065,0.5271897,-0.89035374,0.41555592,-0.1859661
1356430377977,-0.12401348,-0.55101156,-0.82523143,-0.43395317,-0.7177888,0.54448485,-0.8923594,0.42563528,-0.15009767
1356430378017,-0.15940708,-0.53957784,-0.82670736,-0.42093253,-0.7203279,0.5513107,-0.89297545,0.43587086,-0.112300485
1356430378057,-0.18298143,-0.5159288,-0.83686036,-0.41104186,-0.733111,0.54184204,-0.8930635,0.4431317,-0.07792264
1356430378097,-0.19046634,-0.47947586,-0.85663617,-0.4053638,-0.7563309,0.51346254,-0.8940933,0.4450466,-0.050306574
1356430378137,-0.18233985,-0.43073523,-0.8838661,-0.40219712,-0.7876132,0.46680072,-0.89721215,0.44060478,-0.029627204
1356430378180,-0.16471314,-0.37312305,-0.9130437,-0.39815623,-0.8217632,0.40764794,-0.90240854,0.430679,-0.01320605
1356430378218,-0.14572209,-0.31076574,-0.9392495,-0.39406216,-0.8525889,0.3432304,-0.90745795,0.42013898,0.0017800778
1356430378259,-0.1317519,-0.25159246,-0.95882356,-0.39203656,-0.8751731,0.28351253,-0.9104662,0.41324717,0.016672276
1356430378299,-0.121219516,-0.19654135,-0.9729734,-0.39539963,-0.88951856,0.22894497,-0.9104751,0.412466,0.03011468
1356430378338,-0.1124087,-0.14849222,-0.9825041,-0.40395433,-0.8965486,0.18171781,-0.90784645,0.41731346,0.040795863
1356430378379,-0.10515672,-0.11022386,-0.98832834,-0.41583475,-0.8979058,0.14438365,-0.9033402,0.42616415,0.048585854
1356430378417,-0.100321054,-0.08395995,-0.99140626,-0.42869508,-0.8955482,0.119221896,-0.897862,0.43697146,0.05384913
1356430378457,-0.09740108,-0.07021293,-0.9927655,-0.44107845,-0.89115095,0.106300876,-0.8921675,0.44824123,0.055829592
1356430378497,-0.09128612,-0.0663867,-0.99360937,-0.45221204,-0.8862011,0.10075654,-0.88722664,0.45851982,0.050876997
1356430378537,-0.07186228,-0.0669658,-0.995164,-0.4611904,-0.8824471,0.092684224,-0.88438636,0.46562064,0.032530725
1356430378577,-0.027616084,-0.06437492,-0.9975436,-0.4661659,-0.8819379,0.06981984,-0.88426614,0.46694896,-0.0056537166
1356430378618,0.043658316,-0.053769946,-0.9975985,-0.46343714,-0.88570434,0.027457312,-0.88505363,0.46112543,-0.063587405
1356430378657,0.12561065,-0.03810133,-0.99134773,-0.45088983,-0.89228743,-0.022836834,-0.883697,0.44985712,-0.1292603
1356430378697,0.19230366,-0.026536033,-0.98097664,-0.43394178,-0.8988903,-0.060751304,-0.8801783,0.43736947,-0.18437499
1356430378737,0.22663611,-0.027243972,-0.97359836,-0.42227885,-0.90352046,-0.07301587,-0.87767684,0.42767805,-0.21627492
1356430378777,0.22598249,-0.042876706,-0.9731873,-0.42116898,-0.90513086,-0.057920784,-0.8783784,0.42296538,-0.22260207
1356430378836,0.19712144,-0.070687056,-0.9778274,-0.4289751,-0.90306765,-0.021194935,-0.88154614,0.4236416,-0.20833698
1356430378857,0.15003407,-0.10483198,-0.9831074,-0.44052947,-0.89728725,0.028450578,-0.8851122,0.4288192,-0.18080524
1356430378898,0.09567237,-0.13807565,-0.98579,-0.45071113,-0.88900757,0.08077757,-0.8875282,0.43657833,-0.1472857
1356430378935,0.044849694,-0.1633777,-0.9855436,-0.4566301,-0.8807982,0.1252335,-0.88852537,0.4444122,-0.114106715
1356430378978,0.00590235,-0.17581958,-0.9844047,-0.4576484,-0.87575305,0.15366988,-0.88911366,0.4496042,-0.0856325
1356430379017,-0.017136395,-0.17324728,-0.9847293,-0.45350575,-0.87639195,0.16207905,-0.8910886,0.44935787,-0.06355044
1356430379057,-0.026441038,-0.15788317,-0.98710376,-0.44314337,-0.88327247,0.15314604,-0.89606076,0.44147784,-0.046610244
1356430379097,-0.028762877,-0.13452165,-0.99049306,-0.42685306,-0.8943588,0.13386074,-0.90386343,0.42664525,-0.031696647
1356430379137,-0.031924546,-0.10945068,-0.99347943,-0.40898317,-0.9055305,0.112903714,-0.9119833,0.40992075,-0.015854836
1356430379182,-0.039656937,-0.08762567,-0.9953638,-0.39574587,-0.9133109,0.09616938,-0.9175034,0.39772487,0.0015415587
1356430379218,-0.050682247,-0.07121818,-0.99617225,-0.39093363,-0.91644764,0.08540806,-0.9190224,0.39376596,0.018606097
1356430379259,-0.062526405,-0.061362267,-0.9961552,-0.39414045,-0.91546226,0.08113094,-0.91692084,0.39769787,0.033055153
1356430379299,-0.074530184,-0.05968991,-0.99543077,-0.40204138,-0.911689,0.08477017,-0.9125832,0.40652227,0.04395053
1356430379339,-0.08776671,-0.06779061,-0.9938317,-0.4115997,-0.9060639,0.09815277,-0.9071289,0.41767538,0.051619597
1356430379379,-0.101984024,-0.08576383,-0.99108213,-0.4209252,-0.8989744,0.12110713,-0.9013441,0.42952242,0.055580884
1356430379419,-0.11192542,-0.109868765,-0.9876242,-0.42953968,-0.89087343,0.14778452,-0.8960851,0.4407646,0.05251833
1356430379459,-0.10595715,-0.13140215,-0.98565036,-0.43861693,-0.88341135,0.16492334,-0.8924059,0.44979772,0.035968475
1356430379499,-0.06906235,-0.13795926,-0.98802716,-0.4491824,-0.8800195,0.15427554,-0.8907669,0.454459,-0.0011926517
1356430379539,0.005569935,-0.12032153,-0.9927193,-0.45658147,-0.88352025,0.104524374,-0.8896642,0.45267504,-0.059857734
1356430379579,0.101703525,-0.083131865,-0.9913352,-0.45131677,-0.8919088,0.028492436,-0.8865493,0.44450843,-0.12822908
1356430379619,0.1856907,-0.045981273,-0.9815318,-0.43380272,-0.9001239,-0.039901227,-0.8816655,0.43320048,-0.18709144
1356430379659,0.23356831,-0.027786374,-0.97194326,-0.4171919,-0.90577114,-0.07436104,-0.87829196,0.42285526,-0.22315168
1356430379699,0.24127012,-0.035581514,-0.96980554,-0.41182077,-0.90863997,-0.069116205,-0.8787448,0.41606173,-0.23388088
1356430379739,0.21561861,-0.06634815,-0.974221,-0.41796017,-0.9079475,-0.030669987,-0.8825066,0.4137986,-0.22350127
1356430379779,0.16539657,-0.11266497,-0.97977066,-0.42990467,-0.90233546,0.031187758,-0.88759553,0.41604966,-0.19767839
1356430379819,0.10038811,-0.16458534,-0.981241,-0.44056046,-0.89162225,0.10448086,-0.89209235,0.42180735,-0.16201806
1356430379858,0.032394826,-0.21082154,-0.97698766,-0.4449434,-0.8783377,0.17478074,-0.8949726,0.42904222,-0.12225723
1356430379899,-0.025765717,-0.24115297,-0.97014505,-0.44233963,-0.86754066,0.22739607,-0.8964774,0.4349926,-0.08431876
1356430379939,-0.06510121,-0.25023982,-0.9659927,-0.4349899,-0.86411357,0.2531634,-0.8980789,0.4366783,-0.052597016
1356430379979,-0.08258313,-0.23740436,-0.96789426,-0.42491013,-0.8701222,0.24967729,-0.9014607,0.43188715,-0.029018097
1356430380030,-0.0820384,-0.2074243,-0.97480506,-0.41078687,-0.8841153,0.22269812,-0.90803295,0.41870686,-0.012675822
1356430380057,-0.07359582,-0.16552678,-0.9834554,-0.39899364,-0.8988819,0.18115032,-0.9139955,0.40572435,1.0976195E-4
1356430380097,-0.06870788,-0.12925196,-0.98922855,-0.39051992,-0.9089613,0.14588827,-0.91802686,0.39633715,0.011977397
1356430380137,-0.06671798,-0.0973586,-0.9930105,-0.3890323,-0.91392416,0.11574279,-0.9188049,0.39403528,0.023099601
1356430380180,-0.06618041,-0.071934596,-0.9952113,-0.39469445,-0.9141623,0.09232305,-0.9164259,0.3989144,0.032107506
1356430380219,-0.06616014,-0.05539237,-0.99627036,-0.40393978,-0.9114966,0.07750371,-0.91239005,0.40756086,0.03792944
1356430380259,-0.06725091,-0.049334496,-0.99651563,-0.4150607,-0.90686774,0.072907135,-0.90730476,0.41851753,0.040510926
1356430380299,-0.07039654,-0.055848986,-0.99595445,-0.42625684,-0.90099955,0.08065322,-0.90185887,0.43021008,0.039621234
1356430380339,-0.07148272,-0.071826756,-0.9948523,-0.43661308,-0.8945176,0.09595454,-0.89680505,0.44122463,0.032582045
1356430380378,-0.061017454,-0.09019807,-0.99405295,-0.44536814,-0.88881177,0.10798648,-0.893266,0.44930854,0.014061578
1356430380417,-0.025518835,-0.10009225,-0.9946509,-0.45108467,-0.8867695,0.10080913,-0.89211625,0.45124426,-0.022520758
1356430380457,0.036978185,-0.09669532,-0.99462694,-0.45020288,-0.89019364,0.06980495,-0.89216036,0.4452026,-0.07645026
1356430380497,0.112378895,-0.08342725,-0.99015695,-0.43987137,-0.8976926,0.025712878,-0.89100176,0.43265212,-0.13757896
1356430380537,0.17414135,-0.07414538,-0.9819253,-0.42495942,-0.9051852,-0.007014513,-0.8883042,0.41849992,-0.18913895
1356430380577,0.20517224,-0.07989542,-0.97545946,-0.4149964,-0.90973336,-0.012775749,-0.8863872,0.40743336,-0.21980834
1356430380617,0.2032885,-0.10326797,-0.9736577,-0.41504747,-0.9097466,0.009832308,-0.8867972,0.4021154,-0.22780213
1356430380657,0.1745128,-0.14032625,-0.9746045,-0.42384106,-0.90410846,0.05428298,-0.88876545,0.40360433,-0.21725452
1356430380697,0.1271823,-0.1842503,-0.9746161,-0.43671155,-0.8926321,0.11176273,-0.89056593,0.41141185,-0.19399124
1356430380737,0.07026595,-0.22746554,-0.97124773,-0.44823983,-0.8770193,0.17296891,-0.89114743,0.42319804,-0.1635837
1356430380777,0.014105558,-0.26232365,-0.9648768,-0.45439556,-0.86125726,0.2275095,-0.8906883,0.43522662,-0.13134724
1356430380817,-0.03151506,-0.28293577,-0.95862097,-0.45402226,-0.85038376,0.26591587,-0.8904328,0.44361562,-0.10165924
1356430380857,-0.060575962,-0.28658304,-0.95613843,-0.44762215,-0.84837914,0.28264338,-0.8921687,0.44511014,-0.076889515
1356430380897,-0.07294601,-0.2741388,-0.9589196,-0.43593347,-0.8560053,0.27787927,-0.8970178,0.43829533,-0.0570641
1356430380937,-0.07416469,-0.25024375,-0.9653382,-0.41997305,-0.8701412,0.25783148,-0.90450114,0.424538,-0.040561937
1356430380977,-0.071813285,-0.22073689,-0.97268593,-0.403653,-0.88534373,0.23071752,-0.91208935,0.4091962,-0.025521614
1356430381017,-0.07133341,-0.1915451,-0.97888815,-0.39219752,-0.8969544,0.20409279,-0.91711104,0.39847612,-0.011140704
1356430381057,-0.07396132,-0.16675529,-0.98322046,-0.38863865,-0.9031536,0.1824106,-0.918417,0.39560878,0.0019908845
1356430381098,-0.0793007,-0.14959468,-0.9855622,-0.39222294,-0.90424764,0.16881147,-0.9164456,0.39994696,0.013033062
1356430381137,-0.08759868,-0.14296776,-0.9858432,-0.4001121,-0.9012602,0.16625407,-0.9122702,0.4090114,0.02174601
1356430381182,-0.09939355,-0.14881599,-0.983857,-0.40962481,-0.89496696,0.17675278,-0.9068232,0.42058036,0.02799528
1356430381218,-0.1125226,-0.1661954,-0.9796518,-0.41924524,-0.88591856,0.19844821,-0.90087295,0.43304428,0.0300093
1356430381259,-0.11840767,-0.18874368,-0.9748618,-0.42955604,-0.87541246,0.2216635,-0.8952437,0.44500443,0.022579499
1356430381299,-0.10433388,-0.20675394,-0.97281414,-0.44221458,-0.86649567,0.23158517,-0.8908203,0.45435473,-0.0010248125
1356430381339,-0.05594164,-0.20738287,-0.97665906,-0.45738775,-0.86418897,0.2096996,-0.8875061,0.45844278,-0.04651022
1356430381378,0.023913205,-0.18821834,-0.9818361,-0.46834457,-0.8697848,0.15533124,-0.8832222,0.4561231,-0.10895038
1356430381417,0.114688456,-0.15750305,-0.9808361,-0.4681642,-0.87940025,0.08647233,-0.8761671,0.44927496,-0.17459434
1356430381457,0.18425226,-0.13483955,-0.97358584,-0.4607259,-0.886827,0.035630718,-0.8682066,0.44199115,-0.22552395
1356430381497,0.21557218,-0.13290678,-0.96740085,-0.4563461,-0.88956565,0.020522788,-0.8632942,0.43704545,-0.2524171
1356430381537,0.20977122,-0.15190323,-0.9658786,-0.45941424,-0.8873312,0.039773703,-0.863096,0.43539497,-0.25592303
1356430381577,0.17726058,-0.18359455,-0.9668876,-0.46699485,-0.8804893,0.08157438,-0.86631083,0.43707162,-0.24181375
1356430381617,0.12965488,-0.2182322,-0.9672458,-0.4741547,-0.8703662,0.13281573,-0.8708427,0.44140393,-0.21632305
1356430381657,0.07747704,-0.2476919,-0.96573603,-0.47723106,-0.8596813,0.1822047,-0.87535584,0.44676253,-0.18481183
1356430381697,0.029961646,-0.26625118,-0.963438,-0.47482637,-0.8519631,0.22067803,-0.87956935,0.45085382,-0.15194927
1356430381737,-0.005744934,-0.27069938,-0.96264684,-0.46731722,-0.85034955,0.24190988,-0.8840711,0.4512512,-0.12161733
1356430381777,-0.02690792,-0.26093772,-0.9649805,-0.4551905,-0.8562444,0.24422744,-0.88998735,0.44582167,-0.09573658
1356430381817,-0.036750734,-0.24040121,-0.9699777,-0.4383487,-0.8683917,0.23183224,-0.89805335,0.43370846,-0.07346547
1356430381857,-0.04266143,-0.21524292,-0.97562826,-0.41847074,-0.8828812,0.21307963,-0.90722775,0.41736215,-0.05240783
1356430381916,-0.051133692,-0.19220546,-0.98002166,-0.40022072,-0.89511806,0.19643578,-0.9149911,0.40226945,-0.03115391
1356430381937,-0.06388301,-0.17599916,-0.98231524,-0.3884598,-0.90230656,0.18692696,-0.9192485,0.39353144,-0.010726482
1356430381978,-0.07978541,-0.16973723,-0.98225427,-0.38475746,-0.9037873,0.1874305,-0.91956294,0.3928839,0.006801367
1356430382015,-0.098452926,-0.17643356,-0.97937644,-0.38700563,-0.8998986,0.20101994,-0.9168062,0.3988152,0.020316929
1356430382058,-0.12150109,-0.19902378,-0.97243357,-0.39196062,-0.8904521,0.23121862,-0.9119234,0.40924895,0.030181348
1356430382097,-0.15054882,-0.23957396,-0.9591347,-0.3963005,-0.8742024,0.28056407,-0.90569365,0.42234415,0.036666848
1356430382137,-0.1825301,-0.29453856,-0.9380458,-0.398839,-0.8498677,0.34445965,-0.89867145,0.43700343,0.037652925
1356430382183,-0.20770192,-0.35514677,-0.9114443,-0.40191185,-0.8184992,0.41051903,-0.891811,0.45158586,0.02726616
1356430382218,-0.21152723,-0.4086991,-0.8878183,-0.41214812,-0.78635854,0.4601894,-0.8862224,0.46325523,-0.002108395
1356430382259,-0.18045384,-0.44363844,-0.87785035,-0.43591368,-0.7639917,0.47570565,-0.8817118,0.46850994,-0.055522844
1356430382299,-0.11991882,-0.46112978,-0.8791922,-0.46725792,-0.75514996,0.4598029,-0.87595063,0.4659485,-0.12490989
1356430382338,-0.054996252,-0.4729599,-0.87936586,-0.49333903,-0.7528194,0.43575174,-0.86809677,0.4577902,-0.19192733
1356430382379,-0.016388714,-0.49556404,-0.8684168,-0.50807196,-0.7439181,0.4341069,-0.8611587,0.44833267,-0.23959032
1356430382420,-0.016744673,-0.5343717,-0.8450837,-0.5122563,-0.72126615,0.46622807,-0.8586694,0.4407063,-0.26165798
1356430382459,-0.047854006,-0.5811988,-0.8123533,-0.50628734,-0.6869575,0.52130854,-0.8610361,0.43623087,-0.2613799
1356430382499,-0.09427351,-0.6246083,-0.775227,-0.49032393,-0.64856917,0.58218586,-0.8664265,0.43499708,-0.24511752
1356430382539,-0.14413393,-0.65825486,-0.7388681,-0.46612766,-0.61347634,0.63747305,-0.87289774,0.4362883,-0.21840805
1356430382579,-0.18998665,-0.6805346,-0.70765656,-0.43687907,-0.5868899,0.68168676,-0.87922794,0.4386717,-0.18581006
1356430382619,-0.22728544,-0.6924308,-0.6847488,-0.40617543,-0.57166374,0.712897,-0.8850779,0.44015926,-0.15131754
1356430382659,-0.25169092,-0.6951673,-0.6733455,-0.37818432,-0.5697801,0.72960764,-0.89085823,0.43828434,-0.11949295
1356430382697,-0.26132303,-0.6903407,-0.67464054,-0.3549748,-0.5812168,0.73224294,-0.8976097,0.4308324,-0.09316817
1356430382737,-0.25829333,-0.6793134,-0.68689,-0.33618188,-0.6033734,0.7231336,-0.90568554,0.4177006,-0.07252556
1356430382777,-0.24936336,-0.66413283,-0.7048018,-0.32009163,-0.6303613,0.70723826,-0.9139799,0.40196043,-0.05539435
1356430382817,-0.24358547,-0.64796597,-0.7216691,-0.30681026,-0.6543901,0.69111586,-0.9200727,0.3897612,-0.039402723
1356430382857,-0.24663264,-0.6346817,-0.73236024,-0.29762027,-0.6695804,0.68050295,-0.92227685,0.38579947,-0.023753732
1356430382897,-0.25825435,-0.62665373,-0.7352617,-0.29317284,-0.6743522,0.67771584,-0.9205185,0.3905818,-0.009563446
1356430382937,-0.27461565,-0.62472284,-0.73096335,-0.29191223,-0.67014736,0.68241453,-0.9161732,0.4007789,0.0016687512
1356430382977,-0.29303604,-0.6290798,-0.7199919,-0.29165304,-0.65834343,0.6939181,-0.9105319,0.4133309,0.009445369
1356430383017,-0.31192923,-0.6393976,-0.7027594,-0.29086018,-0.639888,0.7112971,-0.90448904,0.42627913,0.013624519
1356430383057,-0.32873845,-0.6535878,-0.6817287,-0.2909357,-0.6166591,0.7314971,-0.89849186,0.4388104,0.012567461
1356430383097,-0.3376844,-0.66821754,-0.6629138,-0.29713953,-0.59259194,0.74869424,-0.8931279,0.4498002,0.0015551448
1356430383137,-0.3299768,-0.6791506,-0.65564466,-0.31790414,-0.5740284,0.7546049,-0.8888489,0.45743424,-0.026488781
1356430383185,-0.29724234,-0.6825846,-0.66762656,-0.35900182,-0.56802344,0.74058557,-0.8847398,0.4598126,-0.07620844
1356430383219,-0.24005693,-0.67628485,-0.6964276,-0.41325718,-0.57795906,0.7036916,-0.8784026,0.4567298,-0.14073643
1356430383259,-0.1721971,-0.66130084,-0.73008853,-0.46325788,-0.59971994,0.6524784,-0.8693332,0.45057422,-0.20308274
1356430383299,-0.115122676,-0.64311904,-0.75706315,-0.49540752,-0.62341356,0.6049189,-0.8609983,0.4446947,-0.24683699
1356430383339,-0.0822711,-0.6270069,-0.7746572,-0.50830436,-0.6421921,0.5737734,-0.8572387,0.4409666,-0.2658764
1356430383379,-0.07344669,-0.61344945,-0.78631127,-0.50712407,-0.65592474,0.5590957,-0.85873795,0.43982106,-0.26291955
1356430383418,-0.08321154,-0.600639,-0.79517835,-0.49676034,-0.6667347,0.55560243,-0.8638895,0.44124562,-0.2428936
1356430383457,-0.10251856,-0.584891,-0.80460703,-0.4818326,-0.67844445,0.55457234,-0.8702456,0.44453984,-0.21226639
1356430383497,-0.12544483,-0.56495017,-0.8155336,-0.46492967,-0.69269717,0.551372,-0.87641543,0.4483325,-0.17576686
1356430383537,-0.14490503,-0.5388616,-0.8298377,-0.4483457,-0.7118865,0.5405586,-0.88203657,0.45038387,-0.13844028
1356430383578,-0.1550833,-0.5053329,-0.8488744,-0.43344373,-0.7373418,0.51812494,-0.88773626,0.44829187,-0.104683936
1356430383617,-0.15340298,-0.46382278,-0.87254566,-0.4197864,-0.7687715,0.4824621,-0.89456517,0.4402939,-0.07677464
1356430383657,-0.14187622,-0.41510433,-0.89864314,-0.40580016,-0.8036469,0.4352904,-0.9028828,0.4264269,-0.054430947
