1356430803697,-0.17320627,0.2790916,0.94451445,0.55594,-0.7639111,0.32767463,0.8129763,0.5818486,-0.022844031
1356430803738,-0.1511364,0.17297022,-0.9732621,-0.5623544,0.7946811,0.22855961,0.81296694,0.5818619,-0.022834659
1356430803779,-0.15111606,0.1729982,-0.9732603,-0.56243867,0.7946176,0.22857292,0.81291246,0.58194023,-0.02277863
1356430803818,-0.15092589,0.1729156,-0.9733045,-0.56272286,0.79446554,0.22840223,0.8127512,0.5821725,-0.022601843
1356430803857,-0.15014124,0.17215696,-0.97356033,-0.56334496,0.79432887,0.22734137,0.8124654,0.5825836,-0.022277772
1356430803899,-0.14837992,0.17007153,-0.9741966,-0.56444377,0.79431754,0.22463939,0.8120262,0.5832112,-0.02186495
1356430803938,-0.14514263,0.16558798,-0.97545594,-0.5661358,0.7946513,0.21913356,0.81143326,0.5840461,-0.021592498
1356430803978,-0.14032246,0.15836579,-0.9773586,-0.5683821,0.79538554,0.21048431,0.8107103,0.5850488,-0.02159816
1356430804026,-0.13417609,0.14846781,-0.9797725,-0.5712904,0.79628295,0.19889908,0.8097063,0.586422,-0.022023916
1356430804068,-0.12592517,0.13500027,-0.9828111,-0.57477236,0.7975437,0.18319589,0.80856633,0.5879617,-0.022836387
1356430804109,-0.11743872,0.12053783,-0.9857376,-0.5783539,0.7986019,0.16655846,0.8072886,0.58966565,-0.024073243
1356430804148,-0.10919723,0.10635929,-0.98831344,-0.58186,0.79927933,0.15030484,0.8059248,0.591473,-0.02539283
1356430804187,-0.101464376,0.09397155,-0.990391,-0.5849871,0.7995928,0.13579924,0.8046708,0.5931448,-0.026158035
1356430804228,-0.09466182,0.08472675,-0.99189746,-0.58755356,0.7995702,0.12437159,0.8036293,0.5945661,-0.025907278
1356430804267,-0.08879967,0.07847977,-0.99295294,-0.58961713,0.79932326,0.1159053,0.8027866,0.59575444,-0.024706602
1356430804316,-0.08381577,0.074180424,-0.99371636,-0.5914109,0.7988983,0.109520346,0.80200255,0.59687424,-0.02308917
1356430804347,-0.07941495,0.069868386,-0.99439013,-0.5931412,0.798422,0.10346919,0.80117214,0.59803075,-0.021964788
1356430804387,-0.07538436,0.06410134,-0.99509203,-0.59484893,0.79802763,0.096470445,0.8002949,0.5992018,-0.022028208
1356430804427,-0.071594685,0.056491196,-0.9958328,-0.59641796,0.79782045,0.08813748,0.7994747,0.60024273,-0.023427308
1356430804467,-0.06816699,0.04795319,-0.9965209,-0.59772736,0.7977702,0.07927671,0.7987962,0.6010518,-0.02571863
1356430804507,-0.06537828,0.03988415,-0.99706316,-0.59871036,0.7977973,0.071171135,0.7982929,0.60160506,-0.028279543
1356430804547,-0.06352341,0.033299595,-0.9974247,-0.59933746,0.7978688,0.064807564,0.7979721,0.6019107,-0.030725658
1356430804587,-0.06281494,0.02873668,-0.99761134,-0.5996338,0.797966,0.06074196,0.7978055,0.602017,-0.032892704
1356430804633,-0.06329461,0.02608794,-0.9976539,-0.5997144,0.79804236,0.05891618,0.797707,0.6020365,-0.034866452
1356430804669,-0.06492122,0.02447313,-0.9975902,-0.59975517,0.7980343,0.058608502,0.79754555,0.6021148,-0.03713149
1356430804709,-0.067777485,0.022602528,-0.99744445,-0.5999414,0.79787683,0.05884692,0.79716784,0.6023967,-0.040517867
1356430804739,-0.072469585,0.021604627,-0.9971366,-0.6001593,0.79755884,0.06089866,0.7965908,0.60285413,-0.044832528
1356430804779,-0.07789412,0.015586823,-0.9968398,-0.60105824,0.79699266,0.059429258,0.7954003,0.6037879,-0.05271244
1356430804809,-0.087181024,0.011589676,-0.99612504,-0.6017691,0.7962653,0.061931282,0.79389757,0.6048366,-0.062444925
1356430804849,-0.097444296,-2.8583407E-4,-0.9952409,-0.60333693,0.79531246,0.058844477,0.7915107,0.6061996,-0.07767111
1356430804879,-0.112603545,-0.0076676607,-0.9936104,-0.60433257,0.7942881,0.06235811,0.7887348,0.6074929,-0.094073474
1356430804919,-0.12826878,-0.020552278,-0.99152637,-0.60610723,0.79296494,0.06197256,0.78497195,0.6089205,-0.11416954
1356430804948,-0.1481691,-0.025841653,-0.98862445,-0.6065768,0.79191864,0.0702101,0.78109574,0.6100796,-0.13301283
1356430804989,-0.16766337,-0.031493515,-0.98534113,-0.60691845,0.79092807,0.0779922,0.7768777,0.6110982,-0.15172362
1356430805027,-0.18967381,-0.031185746,-0.9813518,-0.6057461,0.79032564,0.09196222,0.77271956,0.6118928,-0.16879469
1356430805067,-0.2128362,-0.025485337,-0.9767555,-0.60287094,0.79011446,0.110750794,0.76892614,0.61242926,-0.18352938
1356430805107,-0.2359215,-0.016061515,-0.9716394,-0.5985093,0.79012245,0.1322617,0.76558983,0.61273855,-0.19601983
1356430805147,-0.2579435,-0.0055398643,-0.9661441,-0.5933658,0.7900857,0.15388793,0.7624841,0.6129713,-0.20708466
1356430805188,-0.27799016,0.002388835,-0.96058095,-0.58873516,0.7897397,0.1723427,0.7590207,0.61343735,-0.21813351
1356430805227,-0.29517728,0.003270328,-0.9554368,-0.5864524,0.7888353,0.18388149,0.75428367,0.6145959,-0.23092836
1356430805267,-0.3087123,-0.007392466,-0.9511267,-0.5886748,0.78692716,0.18495308,0.74710023,0.6170016,-0.24728584
1356430805307,-0.31791854,-0.032387704,-0.9475647,-0.597221,0.78306246,0.1736093,0.7363796,0.6210992,-0.26829267
1356430805347,-0.32248944,-0.06964749,-0.94400734,-0.612078,0.7760835,0.15183827,0.72205335,0.6267724,-0.29290843
1356430805387,-0.32307154,-0.11047605,-0.93990415,-0.6299683,0.7662536,0.12647268,0.7062327,0.6329696,-0.31715113
1356430805427,-0.32144874,-0.1430549,-0.9360588,-0.645399,0.7564511,0.10602823,0.6929148,0.638214,-0.33548772
1356430805467,-0.3198139,-0.15740082,-0.93431467,-0.65372896,0.7504414,0.09734571,0.6858261,0.6419211,-0.34289908
1356430805507,-0.31955463,-0.14801979,-0.93593544,-0.6533511,0.7498096,0.1044887,0.686307,0.6448842,-0.33631402
1356430805547,-0.32041532,-0.11456013,-0.94032437,-0.64525884,0.7531449,0.12811583,0.6935236,0.64780295,-0.31524014
1356430805587,-0.32027364,-0.06273469,-0.9452456,-0.6320305,0.75741726,0.1638795,0.7056644,0.64991033,-0.28223103
1356430805632,-0.31630036,-0.0014972389,-0.94865793,-0.6167917,0.7601105,0.2044503,0.72077876,0.6497921,-0.24134672
1356430805669,-0.3060986,0.059853733,-0.9501165,-0.60279745,0.76027894,0.24209766,0.73684394,0.6468335,-0.19664061
1356430805709,-0.2884338,0.11363618,-0.95073277,-0.5925708,0.7587548,0.27046448,0.75210756,0.6413876,-0.15151304
1356430805738,-0.26302838,0.14905028,-0.95320517,-0.5886952,0.7579557,0.28096473,0.76436514,0.63504905,-0.11161864
1356430805769,-0.23530199,0.17097609,-0.9567654,-0.58818907,0.7586226,0.2802238,0.7737354,0.6286962,-0.07793909
1356430805799,-0.20496042,0.17751804,-0.96253765,-0.5908277,0.76159316,0.26626784,0.78032947,0.62326825,-0.05121386
1356430805839,-0.17213814,0.16678236,-0.97085124,-0.59708595,0.7662143,0.23749502,0.7834901,0.6205636,-0.03231132
1356430805869,-0.13109693,0.1358032,-0.98202395,-0.6066091,0.77249813,0.18780833,0.7841166,0.6203258,-0.018892646
1356430805909,-0.09071128,0.09919602,-0.99092466,-0.6170977,0.7753743,0.1341088,0.7816406,0.6236625,-0.009121597
1356430805939,-0.047232926,0.05819094,-0.9971875,-0.6248086,0.77717257,0.0749467,0.779348,0.62659127,-3.4993887E-4
1356430805979,-0.0082349405,0.026879609,-0.99960476,-0.6258485,0.7795073,0.026116997,0.7799012,0.6258162,0.010403335
1356430806019,0.02669406,0.0014406443,-0.9996426,-0.61960834,0.78475976,-0.015414834,0.7844571,0.6197984,0.02184105
1356430806059,0.05356293,-0.018409163,-0.9983948,-0.6082251,0.79235756,-0.047240764,0.7919553,0.6097791,0.0312441
1356430806100,0.069306165,-0.032018483,-0.99708146,-0.5954491,0.8005862,-0.067097634,0.80039805,0.5983615,0.036420166
1356430806139,0.07205891,-0.0369848,-0.9967144,-0.58442146,0.8082281,-0.07224226,0.8082444,0.587707,0.036625326
1356430806179,0.061232954,-0.031195879,-0.9976358,-0.5766022,0.8147545,-0.060867935,0.8147271,0.57896614,0.031902194
1356430806219,0.0372822,-0.016199768,-0.9991734,-0.57235324,0.81927514,-0.0346393,0.81915915,0.5731716,0.021272361
1356430806259,0.0014023483,0.0010890365,-0.9999984,-0.5719792,0.82026815,9.119511E-5,0.8202669,0.5719782,0.0017732382
1356430806289,-0.04360169,0.020369262,-0.9988413,-0.57330346,0.81828064,0.04171315,0.8181821,0.5744579,-0.024000645
1356430806319,-0.08810118,0.023592085,-0.9958322,-0.5772687,0.81351864,0.07034379,0.8117876,0.5810601,-0.058052957
1356430806349,-0.13090697,0.010375559,-0.99134034,-0.5845463,0.8068286,0.08563399,0.8007303,0.5906944,-0.09955454
1356430806389,-0.17006797,-0.024558336,-0.98512626,-0.59754217,0.7975014,0.08327609,0.78359437,0.60281706,-0.15030408
1356430806419,-0.2087841,-0.046366125,-0.976862,-0.60670424,0.78956324,0.09219435,0.7670197,0.6119151,-0.1929788
1356430806458,-0.24233937,-0.04768908,-0.96901876,-0.6095072,0.7845676,0.113818526,0.7548328,0.6182066,-0.21919847
1356430806495,-0.27320814,-0.018478543,-0.96177745,-0.6037148,0.78169286,0.15647615,0.74892306,0.62338984,-0.2247206
1356430806525,-0.29843593,0.02333954,-0.95414424,-0.5940534,0.7779092,0.20483586,0.74701834,0.62794304,-0.2182911
1356430806568,-0.31805736,0.08731881,-0.94404185,-0.5794072,0.7702535,0.2664525,0.7504178,0.6317318,-0.19439161
1356430806634,-0.3275587,0.15586822,-0.9318854,-0.5654538,0.75782806,0.32551283,0.756946,0.63356274,-0.16009688
1356430806649,-0.3257439,0.21726882,-0.920155,-0.5564915,0.7427323,0.3723789,0.7643351,0.63335854,-0.12103224
1356430806689,-0.3128719,0.2621531,-0.9129003,-0.5554949,0.72912145,0.39975908,0.7704133,0.63218486,-0.08249688
1356430806729,-0.290442,0.28422505,-0.9137065,-0.5629333,0.7214003,0.40334558,0.7737891,0.6315043,-0.0495252
1356430806759,-0.26055425,0.28386635,-0.92278457,-0.57598525,0.72136694,0.3845396,0.77482414,0.63170373,-0.024452448
1356430806789,-0.23022875,0.269863,-0.93496984,-0.59027606,0.7251216,0.3546446,0.7736723,0.63353974,-0.007650137
1356430806829,-0.19998959,0.23987225,-0.9499818,-0.60680354,0.7309277,0.31230456,0.76928127,0.63891006,-6.226301E-4
1356430806869,-0.16590913,0.19744384,-0.9661729,-0.6241603,0.7375058,0.25789368,0.7634776,0.6458337,8.776784E-4
1356430806899,-0.13242461,0.1566588,-0.9787348,-0.6374923,0.7426491,0.20512418,0.75899106,0.6510993,0.0015237331
1356430806929,-0.104749516,0.12551099,-0.98654675,-0.6448533,0.7466232,0.16345647,0.75709426,0.6532999,0.002727747
1356430806969,-0.08336295,0.1051704,-0.9909539,-0.6446605,0.7526143,0.1341067,0.7599101,0.6500084,0.0050590634
1356430807009,-0.07060479,0.09428951,-0.993038,-0.63925767,0.759946,0.11760837,0.7657445,0.6431109,0.0066194534
1356430807049,-0.068162754,0.092344314,-0.99339134,-0.6316973,0.7666953,0.11461562,0.77221256,0.6353352,0.006073594
1356430807079,-0.076717675,0.101705045,-0.9918521,-0.6241782,0.77083784,0.127321,0.7775063,0.6288602,0.0043451786
1356430807119,-0.09125613,0.11497328,-0.989168,-0.61717546,0.77301234,0.14678682,0.78151566,0.62388545,4.1657686E-4
1356430807149,-0.11795464,0.14141177,-0.98289853,-0.6088987,0.7715931,0.1840828,0.78442925,0.620199,-0.0049075484
1356430807179,-0.14833121,0.16801427,-0.9745609,-0.59989464,0.76815903,0.22373646,0.7862087,0.61782104,-0.013151109
1356430807209,-0.18211131,0.19034381,-0.9646786,-0.5900464,0.763653,0.26206735,0.7865626,0.6169305,-0.026758194
1356430807249,-0.220031,0.19412507,-0.9559821,-0.58078754,0.76130605,0.28826886,0.7837552,0.61865056,-0.054765463
1356430807279,-0.26360366,0.19533099,-0.9446475,-0.569323,0.7590319,0.3158195,0.77870685,0.6210607,-0.08887714
1356430807319,-0.304959,0.17883092,-0.9354248,-0.55988765,0.76088536,0.32799283,0.77040625,0.6237571,-0.1319136
1356430807350,-0.34221417,0.16804646,-0.9244727,-0.5495737,0.7622396,0.34199345,0.7621404,0.6251009,-0.16849524
1356430807389,-0.37089854,0.17069487,-0.91285133,-0.5390094,0.7608838,0.361282,0.75624275,0.6260344,-0.19020456
1356430807429,-0.38982016,0.19150281,-0.9007591,-0.5289511,0.75412333,0.38924122,0.75382423,0.6281916,-0.19267684
1356430807469,-0.39818165,0.22541505,-0.88917905,-0.52144414,0.74186826,0.4215774,0.75468355,0.63152164,-0.17785698
1356430807509,-0.39596173,0.26399243,-0.8795011,-0.51797277,0.7266519,0.45131052,0.7582338,0.63425934,-0.15098548
1356430807549,-0.38355643,0.30153924,-0.87290233,-0.5191285,0.71132916,0.4738316,0.7637997,0.63488966,-0.116297245
1356430807589,-0.36183736,0.33182755,-0.8711855,-0.52571553,0.6991081,0.48463488,0.7698681,0.6333548,-0.07851648
1356430807629,-0.33287227,0.3503467,-0.8754732,-0.53746444,0.69236076,0.4814235,0.77480847,0.6307882,-0.042168856
1356430807669,-0.29893768,0.35299554,-0.88658357,-0.55339,0.69276834,0.4624192,0.777429,0.628861,-0.01175034
1356430807709,-0.26265916,0.33908743,-0.9033437,-0.5720549,0.6992065,0.4287932,0.777022,0.6293887,0.010323703
1356430807749,-0.22469765,0.31007499,-0.9237773,-0.59261835,0.7090592,0.38214993,0.7735079,0.63331556,0.024432182
1356430807789,-0.18623018,0.2726696,-0.9439118,-0.61295503,0.71858567,0.32851297,0.76785696,0.63975453,0.033311903
1356430807829,-0.14807574,0.23491932,-0.9606698,-0.6295997,0.72671485,0.27475396,0.7626781,0.64552176,0.040296257
1356430807869,-0.11227058,0.20201935,-0.9729252,-0.63913536,0.7350243,0.22637427,0.7608557,0.64724606,0.04659611
1356430807909,-0.081809536,0.17439803,-0.9812709,-0.6408385,0.74485016,0.18580708,0.7633041,0.644037,0.05082512
1356430807949,-0.059499696,0.151361,-0.9866861,-0.6369452,0.7553141,0.15427718,0.7686095,0.6376444,0.051467717
1356430807989,-0.047184378,0.13442037,-0.98980033,-0.63033855,0.7646861,0.13389723,0.77488506,0.63022715,0.048649132
1356430808029,-0.04598117,0.12637264,-0.9909166,-0.6226065,0.7721018,0.12735753,0.781183,0.62280715,0.04317826
1356430808069,-0.05678287,0.12795204,-0.9901535,-0.6140926,0.77748275,0.13568652,0.7871886,0.6157506,0.03442675
1356430808108,-0.080260605,0.13482513,-0.98761344,-0.6047688,0.781019,0.15576951,0.7923465,0.60977995,0.018853009
1356430808147,-0.11605643,0.1381135,-0.98359317,-0.5949902,0.7832742,0.18018954,0.7953097,0.60614043,-0.008727789
1356430808187,-0.1612491,0.1264299,-0.97878194,-0.58614266,0.78563046,0.19804429,0.7939997,0.60564035,-0.052576244
1356430808227,-0.21077643,0.09900974,-0.97250724,-0.57934374,0.7886596,0.20585653,0.787359,0.6068057,-0.10887015
1356430808267,-0.25770777,0.068225116,-0.96381116,-0.57373154,0.7918082,0.20945626,0.77744377,0.60694736,-0.16491222
1356430808307,-0.297197,0.05220735,-0.9533878,-0.5667662,0.7939203,0.22015144,0.7684074,0.60577637,-0.20636141
1356430808347,-0.32762933,0.061505377,-0.9428023,-0.55701435,0.79344153,0.24532732,0.7631475,0.60553086,-0.22569537
1356430808387,-0.3485846,0.09488082,-0.9324625,-0.54549927,0.78847116,0.28415453,0.7621806,0.6077095,-0.22309148
1356430808427,-0.3596859,0.14336178,-0.92199427,-0.5347568,0.77807343,0.32960123,0.76463145,0.6115956,-0.20319831
1356430808468,-0.36084825,0.19713531,-0.91155154,-0.5273607,0.7630101,0.37377304,0.76920694,0.6155918,-0.17136943
1356430808507,-0.3527848,0.24764223,-0.9023393,-0.52537835,0.7455606,0.4100207,0.77428705,0.6187186,-0.13291657
1356430808547,-0.33710086,0.28759462,-0.8964666,-0.5299222,0.7290766,0.4331625,0.7781681,0.621077,-0.0933696
1356430808587,-0.31581262,0.3117463,-0.8961454,-0.5409229,0.71680796,0.43998718,0.77952856,0.62369907,-0.05774629
1356430808632,-0.29064876,0.31791,-0.9024725,-0.5575668,0.7102301,0.42975867,0.77758765,0.62809753,-0.029171407
1356430808669,-0.26321155,0.3086352,-0.9140371,-0.5782778,0.70789856,0.40555447,0.77221394,0.63531405,-0.00785017
1356430808709,-0.2345458,0.29017448,-0.927786,-0.6000237,0.70768964,0.37302405,0.76482654,0.6441849,0.008125961
1356430808749,-0.20630324,0.27078164,-0.9402746,-0.6177598,0.7091748,0.33977026,0.7588227,0.65095955,0.020972908
1356430808789,-0.181614,0.25633463,-0.9493728,-0.6271999,0.71337473,0.31259686,0.75738794,0.6522186,0.031214297
1356430808829,-0.16384393,0.24822581,-0.9547456,-0.6275601,0.72050726,0.2950214,0.761133,0.64749765,0.037725866
1356430808869,-0.15578006,0.24674918,-0.9564766,-0.6211268,0.7284448,0.28908423,0.76807183,0.6391268,0.039785266
1356430808909,-0.15912779,0.25384,-0.9540669,-0.61068606,0.7340072,0.29714638,0.7757195,0.62991965,0.038215637
1356430808949,-0.17440395,0.271762,-0.9464294,-0.5974911,0.7347819,0.32109177,0.7826797,0.6214828,0.034226537
1356430808987,-0.20093466,0.29964286,-0.93265176,-0.5812454,0.729897,0.3597278,0.78852963,0.6143814,0.027504444
1356430809027,-0.2359649,0.32959598,-0.9141592,-0.56167537,0.7214082,0.40508142,0.7929951,0.6090457,0.014898956
1356430809067,-0.2761294,0.34830064,-0.8957897,-0.5404248,0.71446633,0.44438586,0.7947915,0.60681504,-0.00905484
1356430809107,-0.31790164,0.3441004,-0.88347805,-0.5219806,0.71437013,0.4660597,0.79150164,0.60931957,-0.04748571
1356430809147,-0.3568111,0.31425172,-0.8797339,-0.51167876,0.7221505,0.46549273,0.78158224,0.61623406,-0.09687543
1356430809187,-0.38921338,0.27200648,-0.8800712,-0.51020753,0.73180896,0.45182294,0.7669428,0.62487453,-0.1460501
1356430809233,-0.41371468,0.24033484,-0.8781111,-0.5123023,0.7358674,0.44277027,0.7525865,0.63303894,-0.18131506
1356430809269,-0.43054765,0.23297097,-0.87198234,-0.51253605,0.7321204,0.44867194,0.7429236,0.640097,-0.19580668
1356430809309,-0.44032553,0.25103775,-0.8620288,-0.5093461,0.7208203,0.4700901,0.73937815,0.6460636,-0.18953049
1356430809367,-0.44244874,0.28502244,-0.8502948,-0.5051139,0.7042433,0.49890003,0.7410122,0.6502334,-0.1676228
1356430809387,-0.4368618,0.32462817,-0.83890903,-0.5028392,0.68515664,0.5269849,0.7458582,0.6520559,-0.136083
1356430809428,-0.4241316,0.36159566,-0.8302776,-0.5049239,0.6666696,0.5482732,0.751774,0.651767,-0.10017735
1356430809465,-0.4047221,0.38706994,-0.82847863,-0.513571,0.65340084,0.5561585,0.7566008,0.65057224,-0.065657794
1356430809508,-0.37922087,0.39475355,-0.83687586,-0.52952987,0.64910495,0.5461327,0.7588081,0.6502557,-0.037120342
1356430809547,-0.34695658,0.38041916,-0.85726446,-0.5528629,0.65539026,0.5145932,0.75760394,0.6524913,-0.01707232
1356430809587,-0.30747667,0.3446799,-0.8869351,-0.5819309,0.6693562,0.46186444,0.7528709,0.65814745,-0.0052315593
1356430809631,-0.2605725,0.29329288,-0.9198267,-0.6129885,0.68580425,0.39232332,0.74588674,0.66607183,0.0010834336
1356430809669,-0.20827192,0.2371621,-0.94888204,-0.6393773,0.7011456,0.31558135,0.74014837,0.67242026,0.005607128
1356430809710,-0.15819533,0.18759076,-0.96942455,-0.6553526,0.7144196,0.24518901,0.7385711,0.67410266,0.009920299
1356430809749,-0.113169685,0.14452657,-0.98300797,-0.66088784,0.7278083,0.18309124,0.7419029,0.6703784,0.013150036
1356430809789,-0.077518895,0.10796055,-0.9911284,-0.6584302,0.74093944,0.13220587,0.74863917,0.66283727,0.0136476755
1356430809829,-0.054567188,0.07920459,-0.9953638,-0.65177476,0.7523632,0.09559932,0.756447,0.65396965,0.010569215
1356430809869,-0.046542585,0.06100419,-0.99705184,-0.6438365,0.7613157,0.07663521,0.76374626,0.6455052,0.0038431287
1356430809909,-0.05409406,0.054113954,-0.99706846,-0.6360316,0.7678932,0.076182604,0.7697646,0.63828814,-0.0071202517
1356430809949,-0.075967714,0.05410269,-0.9956414,-0.6290611,0.7721336,0.08995491,0.77363497,0.6331529,-0.024623334
1356430809989,-0.10852006,0.050178528,-0.99282706,-0.6239244,0.77408063,0.10732034,0.77391326,0.6310954,-0.052695632
1356430810029,-0.14618848,0.029830068,-0.98880696,-0.6223136,0.7742205,0.11536139,0.7689959,0.6322125,-0.0946185
1356430810069,-0.18332352,-0.010738701,-0.98299396,-0.6255547,0.7726379,0.10822222,0.7583362,0.6347562,-0.14836031
1356430810109,-0.2177464,-0.056730747,-0.9743552,-0.6314019,0.7694526,0.09630358,0.74425673,0.6361795,-0.20336545
1356430810149,-0.25138366,-0.08367485,-0.9642638,-0.63395816,0.7670417,0.098712236,0.7313708,0.6361176,-0.24586809
1356430810189,-0.28722858,-0.0747208,-0.95494324,-0.62800324,0.7674714,0.12883946,0.72326463,0.63671386,-0.26736468
1356430810229,-0.32519293,-0.02733171,-0.94525266,-0.61209565,0.76802045,0.18837067,0.72082484,0.6398418,-0.26648444
1356430810269,-0.36039194,0.045934856,-0.93166924,-0.58972627,0.7626369,0.2657212,0.72273123,0.64519364,-0.24775922
1356430810309,-0.38739803,0.12897497,-0.91284615,-0.5668121,0.74758863,0.34617233,0.727081,0.65151876,-0.21650982
1356430810349,-0.4027886,0.2065537,-0.891682,-0.5497243,0.7243322,0.41610813,0.7318227,0.6577829,-0.17820513
1356430810388,-0.406262,0.26909834,-0.87323385,-0.5426387,0.69784105,0.46750516,0.7351833,0.66378003,-0.13748318
1356430810427,-0.39813748,0.308791,-0.86379087,-0.547793,0.6752758,0.49388808,0.7358053,0.66981393,-0.09969908
1356430810467,-0.37992465,0.3240158,-0.8664127,-0.564301,0.6609824,0.49463794,0.73295397,0.6768427,-0.068281054
1356430810508,-0.3517706,0.31556797,-0.88129133,-0.59031856,0.6558753,0.47048008,0.72648567,0.6857437,-0.044432044
1356430810547,-0.31411487,0.28921872,-0.90425897,-0.6214424,0.6574273,0.426144,0.7177334,0.69580305,-0.026774943
1356430810587,-0.2700096,0.2555188,-0.9283345,-0.6507988,0.6621344,0.37153602,0.70961654,0.7044773,-0.012491286
1356430810631,-0.22308901,0.22333205,-0.94886994,-0.67199606,0.66990733,0.31566676,0.7061535,0.7080586,6.2924623E-4
1356430810669,-0.177448,0.19472338,-0.9646735,-0.6829713,0.6813891,0.26317123,0.70856357,0.7055435,0.012079358
1356430810709,-0.13883126,0.17147392,-0.97535765,-0.683664,0.6959532,0.21966483,0.71647,0.6973133,0.020610511
1356430810749,-0.11037655,0.15264529,-0.982098,-0.6778951,0.71105504,0.18670538,0.72682536,0.6863674,0.024993718
1356430810789,-0.0954351,0.1407749,-0.9854311,-0.66879404,0.72416574,0.1682216,0.7372968,0.67510474,0.0250386
1356430810829,-0.09652826,0.13936806,-0.98552465,-0.65823084,0.73377657,0.1682382,0.74660194,0.6649425,0.02090621
1356430810869,-0.1140189,0.1483267,-0.9823435,-0.64695156,0.7393162,0.18672194,0.7539584,0.65681857,0.011664152
1356430810909,-0.14507444,0.16012487,-0.9763777,-0.6354388,0.7413262,0.21599293,0.7584002,0.6517634,-0.0057979226
1356430810949,-0.18293837,0.15902047,-0.9701784,-0.6255699,0.7424481,0.23965196,0.7584167,0.6507559,-0.036343873
1356430810989,-0.21973,0.13159867,-0.9666439,-0.62082857,0.74546146,0.2426089,0.7525228,0.6534286,-0.082100034
1356430811029,-0.25018445,0.0793266,-0.964943,-0.6233382,0.7494136,0.2232235,0.74084896,0.6573329,-0.13804436
1356430811069,-0.27790776,0.02812326,-0.96019596,-0.62811875,0.750957,0.20379011,0.72679716,0.65975195,-0.19103205
1356430811109,-0.31184703,0.009714246,-0.9500827,-0.6256587,0.75044507,0.21303388,0.71505433,0.6608615,-0.22794628
1356430811149,-0.3577296,0.04019296,-0.93295974,-0.6084648,0.7478417,0.2655247,0.7083784,0.6626592,-0.24306911
1356430811189,-0.4123144,0.11583285,-0.9036479,-0.5741485,0.7370851,0.35645336,0.7073544,0.66579896,-0.23740554
1356430811229,-0.46438223,0.21497795,-0.8591471,-0.5279863,0.71164626,0.4634546,0.71104133,0.6688379,-0.21697044
1356430811269,-0.5043984,0.31553614,-0.8037531,-0.47979414,0.67149127,0.56470966,0.7178995,0.67047477,-0.1873067
1356430811309,-0.5286819,0.40115902,-0.74804217,-0.44030932,0.6238235,0.64573365,0.72568816,0.6707576,-0.15317011
1356430811349,-0.5386555,0.4629873,-0.7039126,-0.41706014,0.5794109,0.70024556,0.7320595,0.670765,-0.119009376
1356430811389,-0.53778183,0.49868184,-0.67978466,-0.41245943,0.5476046,0.7280154,0.73530126,0.67189705,-0.088805735
1356430811429,-0.52872777,0.50957566,-0.67880744,-0.42540848,0.5329474,0.7314333,0.73448926,0.67549956,-0.065006316
1356430811469,-0.51241183,0.4991672,-0.6987605,-0.45295542,0.5341966,0.71376836,0.72956526,0.68225074,-0.047628164
1356430811508,-0.4892462,0.47499326,-0.7314504,-0.4889426,0.54510677,0.6810241,0.72220045,0.6908256,-0.034447014
1356430811547,-0.46136913,0.4487194,-0.76536876,-0.5238079,0.5585042,0.64319384,0.71607524,0.69765604,-0.02263385
1356430811587,-0.43320996,0.4308977,-0.7916162,-0.5488002,0.5706045,0.6109246,0.7149458,0.69909775,-0.010714769
1356430811631,-0.40923557,0.42527708,-0.8072582,-0.56032246,0.5811236,0.5901984,0.72011465,0.69385505,4.7582388E-4
1356430811669,-0.39258915,0.42811954,-0.81399465,-0.5612246,0.5896536,0.58080596,0.72862923,0.68485194,0.008779585
1356430811709,-0.38542002,0.43803138,-0.8121451,-0.5531532,0.5947871,0.58330923,0.7385613,0.6740598,0.013055623
1356430811749,-0.39021838,0.4557335,-0.8000227,-0.5369848,0.5931774,0.5998231,0.7479149,0.6636622,0.013253272
1356430811789,-0.40664375,0.48051932,-0.7770084,-0.51309097,0.5835796,0.62942237,0.75589585,0.65462667,0.009241164
1356430811829,-0.43238005,0.5080575,-0.74493295,-0.4821713,0.5678346,0.6671391,0.76194376,0.6476429,-5.4967403E-4
1356430811868,-0.46303657,0.52831686,-0.711673,-0.44769832,0.55356705,0.70223194,0.7649598,0.64377385,-0.019795239
1356430811907,-0.4942617,0.5296131,-0.6893586,-0.4163046,0.55194545,0.72252804,0.76314867,0.6441011,-0.05232507
1356430811947,-0.5229703,0.5050611,-0.6865969,-0.39557126,0.56971323,0.720382,0.75500023,0.6483364,-0.0981555
1356430811987,-0.5482155,0.4641428,-0.6957236,-0.3857671,0.597755,0.7027607,0.74205357,0.6536516,-0.1486476
1356430812027,-0.5705495,0.43080103,-0.6992023,-0.37765276,0.61839485,0.6891779,0.72928166,0.6572658,-0.19013166
1356430812067,-0.59006053,0.4239002,-0.68712246,-0.36287576,0.6210183,0.6947356,0.7212142,0.65927607,-0.21261531
1356430812107,-0.6037481,0.44242546,-0.663135,-0.34379497,0.60601425,0.7173226,0.71923107,0.6610646,-0.21377635
1356430812147,-0.6079236,0.4738113,-0.6371276,-0.32883534,0.580136,0.7451909,0.72270054,0.6625293,-0.19687241
1356430812187,-0.6011344,0.5070534,-0.6176846,-0.32423657,0.55170166,0.7684374,0.7304164,0.6622101,-0.16724157
1356430812227,-0.5839273,0.5343134,-0.61117774,-0.33312324,0.5288478,0.780608,0.7403093,0.6594158,-0.13081646
1356430812267,-0.55800533,0.5506754,-0.62079525,-0.3557424,0.5171268,0.77847755,0.7497183,0.6552378,-0.092660904
1356430812307,-0.52439564,0.55017084,-0.6498625,-0.39191842,0.52160746,0.7578427,0.7559161,0.65210253,-0.057906628
1356430812366,-0.4833113,0.5281445,-0.698193,-0.43948388,0.5433767,0.71525913,0.757142,0.6525374,-0.030509114
1356430812387,-0.4336846,0.48206815,-0.76126736,-0.4950467,0.5784514,0.64832306,0.7528921,0.6580306,-0.012219191
1356430812428,-0.3755683,0.41503742,-0.82866913,-0.5531466,0.6170299,0.5597347,0.7436245,0.6685941,-0.0021603703
1356430812465,-0.31127363,0.3383144,-0.8880609,-0.6062209,0.6489668,0.4597155,0.7318505,0.68145835,0.0030869842
1356430812508,-0.24721003,0.26771343,-0.9312447,-0.6465752,0.67023283,0.36431906,0.7216839,0.692183,0.0074085593
1356430812547,-0.18952164,0.2123352,-0.9586424,-0.670789,0.6849792,0.28433356,0.71702415,0.6969342,0.012613714
1356430812587,-0.14233585,0.17227796,-0.9747107,-0.68016744,0.6983903,0.22276293,0.7191056,0.69467354,0.01777184
1356430812630,-0.107325,0.14340752,-0.983827,-0.67904377,0.71221745,0.17789274,0.72621,0.68715394,0.020941198
1356430812669,-0.085257664,0.12376097,-0.9886427,-0.67278135,0.724735,0.14874297,0.7349125,0.6778218,0.021474838
1356430812709,-0.074983686,0.112286896,-0.99084264,-0.6641557,0.7355566,0.13361779,0.7438243,0.66809297,0.01942128
1356430812749,-0.07585971,0.108288676,-0.9912209,-0.6548437,0.7442496,0.13142386,0.75194746,0.65906453,0.01445359
1356430812789,-0.08552331,0.105186164,-0.9907682,-0.64630896,0.7509464,0.13551465,0.7582681,0.651932,0.0037593246
1356430812829,-0.10084076,0.09109527,-0.9907234,-0.6403651,0.75616556,0.13470763,0.76142216,0.6480087,-0.01791811
1356430812869,-0.11802468,0.05499646,-0.99148655,-0.6389309,0.76012576,0.11822033,0.76015615,0.64744437,-0.05457461
1356430812909,-0.13327104,-0.0024992824,-0.99107647,-0.64273995,0.76140887,0.08450973,0.75440323,0.64826715,-0.10308015
1356430812949,-0.14422613,-0.06475046,-0.987424,-0.649793,0.75876886,0.045154363,0.74630284,0.64813364,-0.15150869
1356430812989,-0.15089133,-0.109707505,-0.9824439,-0.6562588,0.75435424,0.016556084,0.7392944,0.6472357,-0.18582201
1356430813029,-0.15434796,-0.1255804,-0.9800032,-0.65956926,0.7516057,0.0075675845,0.73562557,0.647548,-0.19883776
1356430813069,-0.15472966,-0.113796294,-0.98138124,-0.65932125,0.7516738,0.016791493,0.7357678,0.64964366,-0.19133455
1356430813109,-0.15122929,-0.08310512,-0.9849991,-0.6562556,0.7536225,0.037172854,0.7392282,0.6520328,-0.16850793
1356430813139,-0.1425618,-0.05182293,-0.98842835,-0.653056,0.7553396,0.054588586,0.7437701,0.65328133,-0.14152586
1356430813179,-0.13227758,-0.009425998,-0.9911678,-0.64791995,0.757573,0.07926452,0.7501348,0.65268236,-0.10631722
1356430813219,-0.11567493,0.027520746,-0.99290586,-0.64476216,0.75831395,0.096134126,0.75558007,0.65130836,-0.06997359
1356430813259,-0.094077244,0.051326156,-0.994241,-0.6454855,0.7571759,0.10016525,0.7579564,0.6511914,-0.038102746
1356430813298,-0.068174586,0.057058483,-0.99604046,-0.6509025,0.754073,0.08774871,0.7560941,0.6543074,-0.014269114
1356430813337,-0.039695576,0.047224075,-0.9980953,-0.6603749,0.7483992,0.06167391,0.74988616,0.6615653,0.0014774799
1356430813377,-0.010419667,0.028864324,-0.999529,-0.6715445,0.74042046,0.028382361,0.740891,0.6715239,0.011668742
1356430813417,0.017901078,0.009600282,-0.99979365,-0.6799894,0.7332039,-0.0051346123,0.7330034,0.67994106,0.019653201
1356430813458,0.04307355,-0.0062636137,-0.9990522,-0.68176985,0.7307773,-0.03397572,0.7302975,0.68258715,0.027206838
1356430813497,0.06269919,-0.01835075,-0.99786377,-0.67625034,0.73454034,-0.05599934,0.7339988,0.67831683,0.03364539
1356430813537,0.07469367,-0.027268887,-0.9968336,-0.6658958,0.7427333,-0.07021406,0.74229616,0.66903186,0.037319243
1356430813577,0.07756684,-0.03177762,-0.99648064,-0.65429,0.75252265,-0.07492831,0.75225526,0.65779924,0.037579
1356430813631,0.07084435,-0.02964735,-0.9970467,-0.64377177,0.7621539,-0.06840545,0.76193106,0.64671665,0.034908175
1356430813659,0.054720253,-0.020279258,-0.9982958,-0.63535535,0.77056825,-0.050479352,0.7702787,0.6370348,0.02928114
1356430813699,0.029859453,-0.0075570643,-0.9995256,-0.62981117,0.77635586,-0.024684519,0.7761741,0.6302495,0.018422008
1356430813739,-0.0017086193,-0.0014508963,-0.99999744,-0.62810886,0.77812546,-5.5760145E-5,0.77812356,0.6281072,-0.0022408366
1356430813779,-0.03571126,-0.014770448,-0.9992529,-0.63126194,0.7754903,0.011097163,0.774747,0.6311867,-0.037017763
1356430813819,-0.066849895,-0.05115354,-0.99645096,-0.63926244,0.7689811,0.0034105778,0.76607746,0.63722163,-0.08410686
1356430813859,-0.09118953,-0.0974929,-0.99104977,-0.64976025,0.75999165,-0.014976531,0.75464976,0.64257896,-0.13265032
1356430813898,-0.10869974,-0.13175672,-0.98530436,-0.6589582,0.75166506,-0.02781713,0.7442839,0.6462506,-0.16852796
1356430813937,-0.122210175,-0.1390132,-0.9827208,-0.66426873,0.7471374,-0.023080438,0.737436,0.64996994,-0.18364996
1356430813977,-0.13428843,-0.116637975,-0.98405397,-0.664876,0.74695057,0.0021973252,0.7347834,0.6545689,-0.17785662
1356430814025,-0.14529023,-0.069717616,-0.9869297,-0.6608249,0.7492283,0.044356704,0.7363432,0.6586323,-0.15492666
1356430814068,-0.15446453,-5.880594E-4,-0.9879981,-0.6521738,0.75124174,0.10151431,0.7421658,0.6600269,-0.116423726
1356430814107,-0.15122049,0.05623278,-0.98689926,-0.646134,0.74994755,0.14173722,0.748093,0.6591028,-0.077073514
1356430814147,-0.13928276,0.097720265,-0.9854193,-0.64366794,0.7472877,0.16508405,0.7525238,0.6572761,-0.041184902
1356430814187,-0.11691378,0.116283864,-0.98631084,-0.6462072,0.74523085,0.16446018,0.7541534,0.65658885,-0.011984289
1356430814227,-0.083777264,0.10926634,-0.9904757,-0.65363556,0.74423456,0.13738811,0.7521581,0.65892017,0.009070456
1356430814267,-0.043127283,0.08269173,-0.9956415,-0.66400355,0.74224365,0.09040812,0.7464846,0.66500854,0.022896647
1356430814307,0.0010634959,0.046980917,-0.9988953,-0.6735373,0.7383704,0.03401056,0.73915255,0.672757,0.03242868
1356430814347,0.043851957,0.012329757,-0.9989619,-0.6777737,0.7349796,-0.020681053,0.7339617,0.6779771,0.040587068
1356430814387,0.081383884,-0.017546803,-0.9965283,-0.674108,0.73549575,-0.06800321,0.73413557,0.6773021,0.048029065
1356430814427,0.110726506,-0.043423533,-0.9929018,-0.66345435,0.7406161,-0.106377244,0.7399783,0.6705238,0.05319631
1356430814467,0.12932256,-0.06512141,-0.98946184,-0.64968777,0.74826896,-0.13416138,0.7491204,0.6601914,0.054459453
1356430814507,0.13517034,-0.07958391,-0.98762107,-0.636971,0.75652,-0.14814022,0.75894463,0.6491101,0.051566422
1356430814547,0.12701994,-0.08235583,-0.98847526,-0.6280327,0.7646699,-0.14441198,0.76775044,0.63913804,0.045406163
1356430814587,0.10584259,-0.07412788,-0.99161613,-0.62331235,0.77203953,-0.1242443,0.7747768,0.6312369,0.035509825
1356430814630,0.07336518,-0.06235993,-0.9953535,-0.6225772,0.7768246,-0.09455755,0.7791117,0.6266217,0.018168032
1356430814669,0.03297788,-0.057491034,-0.9978012,-0.62531114,0.7776242,-0.06547183,0.77967834,0.62609535,-0.010305405
1356430814710,-0.005806029,-0.08168265,-0.99664146,-0.6330664,0.7718022,-0.059567273,0.7740757,0.63059443,-0.056191623
1356430814749,-0.04051035,-0.13056725,-0.9906115,-0.646942,0.7589808,-0.07358101,0.7614624,0.63788736,-0.11521602
1356430814789,-0.06937953,-0.18473868,-0.9803357,-0.6639072,0.74202895,-0.09284565,0.7445897,0.6444104,-0.17413098
1356430814829,-0.094237715,-0.21933232,-0.9710883,-0.6775018,0.7288455,-0.09887171,0.72945905,0.6485967,-0.21728277
1356430814869,-0.11699247,-0.22175717,-0.9680581,-0.6832764,0.7253598,-0.08358544,0.72072613,0.6516724,-0.23638308
1356430814909,-0.13743067,-0.19323811,-0.9714792,-0.68085563,0.73077387,-0.04904163,0.7194084,0.6546973,-0.23199803
1356430814948,-0.15352738,-0.14210308,-0.9778732,-0.67208105,0.74047464,-0.0020870864,0.72438693,0.6568897,-0.20918792
1356430814987,-0.16258532,-0.080153525,-0.9834335,-0.65994436,0.74977994,0.047994822,0.7335118,0.6568146,-0.1748001
1356430815028,-0.16337799,-0.01626718,-0.98642945,-0.6474579,0.75618637,0.094765365,0.744383,0.6541541,-0.13407648
1356430815067,-0.15429343,0.036617547,-0.9873463,-0.6389601,0.75851876,0.1279819,0.75360703,0.65062165,-0.09363729
1356430815107,-0.13610844,0.07009247,-0.9882113,-0.6371919,0.75760466,0.14149764,0.7585914,0.64893925,-0.058454037
1356430815148,-0.10948019,0.07910338,-0.9908364,-0.6430638,0.754475,0.13128734,0.7579466,0.6515444,-0.031731546
1356430815187,-0.076787174,0.067234695,-0.994778,-0.6550211,0.7488069,0.101171345,0.7516988,0.65936923,-0.01345861
1356430815227,-0.04116486,0.043924212,-0.99818647,-0.6697323,0.74015933,0.060189486,0.7414608,0.67099535,-0.0010511279
1356430815267,-0.0052798986,0.018921852,-0.999807,-0.6815979,0.731519,0.017443866,0.73170793,0.6815585,0.009034753
1356430815307,0.02784723,-0.0021647215,-0.9996099,-0.6856226,0.7276635,-0.020675987,0.72742444,0.68593085,0.018779218
1356430815347,0.05584848,-0.01941958,-0.9982504,-0.6804998,0.73088014,-0.052289784,0.73061687,0.6822295,0.027603507
1356430815387,0.07659444,-0.034419745,-0.9964681,-0.66885865,0.739396,-0.07695252,0.7394332,0.67239046,0.033611655
1356430815428,0.08811907,-0.046619534,-0.9950185,-0.6551355,0.7497474,-0.09314683,0.750355,0.66007996,0.035524905
1356430815465,0.08871734,-0.052734822,-0.9946599,-0.6430975,0.7595355,-0.09762922,0.760628,0.6483246,0.033470333
1356430815508,0.07748854,-0.05022216,-0.9957275,-0.63456607,0.7678297,-0.08811009,0.76897424,0.6386824,0.02762872
1356430815547,0.054023035,-0.039838046,-0.99774474,-0.63008964,0.77379614,-0.065012485,0.774641,0.6321807,0.016701281
1356430815587,0.020937197,-0.031916767,-0.9992712,-0.62977195,0.7758512,-0.037975967,0.7764978,0.6301081,-0.0038561225
1356430815627,-0.01755935,-0.04148382,-0.9989848,-0.6346334,0.77252996,-0.020924985,0.77261376,0.63362175,-0.039892137
1356430815668,-0.05659306,-0.07228318,-0.99577725,-0.644837,0.76408845,-0.018816918,0.76222205,0.64104915,-0.08985299
1356430815707,-0.09056491,-0.118570715,-0.9888069,-0.65920043,0.7513796,-0.029723912,0.74649376,0.64913,-0.14621049
1356430815747,-0.120957844,-0.15603414,-0.9803176,-0.6724353,0.7393416,-0.034709394,0.7302054,0.65500176,-0.19435203
1356430815787,-0.15098435,-0.16466329,-0.9747255,-0.67912936,0.7337788,-0.018762767,0.7183224,0.65913177,-0.22261679
1356430815827,-0.18160015,-0.13928977,-0.9734576,-0.6773199,0.7353851,0.021130651,0.71292293,0.6631795,-0.22788978
1356430815867,-0.21028703,-0.08696264,-0.97376424,-0.66803575,0.7400112,0.078176945,0.713798,0.6669489,-0.21370894
1356430815907,-0.23283169,-0.01958692,-0.9723198,-0.6540185,0.7430998,0.14164186,0.7197563,0.6688939,-0.18582737
1356430815947,-0.2455871,0.050632536,-0.9680514,-0.63921803,0.74229616,0.20098932,0.72875744,0.66815627,-0.14993316
1356430815987,-0.2462638,0.111572325,-0.9627595,-0.62835145,0.7379288,0.24624287,0.73792183,0.66559196,-0.11161852
1356430816027,-0.2342419,0.15292037,-0.96007615,-0.6252245,0.73253924,0.26922232,0.744463,0.6633262,-0.075981855
1356430816067,-0.21019118,0.16873181,-0.96298975,-0.63129765,0.7286894,0.26547143,0.7465139,0.6637329,-0.04664409
1356430816107,-0.1757887,0.1591922,-0.9714711,-0.6453555,0.726565,0.23583792,0.7433804,0.6684019,-0.024986327
1356430816148,-0.13389392,0.13085368,-0.98231864,-0.663875,0.7241005,0.18694548,0.73575985,0.67716753,-0.010082185
1356430816187,-0.08841132,0.09469241,-0.9915729,-0.68133426,0.7204173,0.12954739,0.72661346,0.68704605,8.241534E-4
1356430816227,-0.044489816,0.061338484,-0.99712497,-0.69244194,0.71756095,0.07503644,0.7201006,0.6937895,0.010549188
1356430816267,-0.005773559,0.034572154,-0.9993855,-0.69456303,0.718852,0.02888015,0.71940863,0.6943029,0.019862235
1356430816307,0.024364233,0.014185697,-0.9996025,-0.6884959,0.72521126,-0.0064896345,0.7248309,0.6883803,0.027436018
1356430816347,0.043365926,-4.23342E-4,-0.9990592,-0.67769086,0.73474586,-0.029727727,0.7340672,0.67834246,0.031576037
1356430816387,0.049092896,-0.0072052777,-0.9987682,-0.66583824,0.7451225,-0.03810361,0.7444792,0.6668887,0.031782687
1356430816427,0.039911352,-0.0024004877,-0.99920034,-0.65547466,0.75469816,-0.027994901,0.75416183,0.6560677,0.028547585
1356430816467,0.016037643,0.013951659,-0.999774,-0.64721036,0.7623114,2.5591254E-4,0.76214266,0.64706004,0.021255374
1356430816507,-0.021478266,0.03625202,-0.99911183,-0.6406798,0.76668084,0.041591376,0.76750773,0.6410041,0.0067589283
1356430816547,-0.06874925,0.051031172,-0.9963279,-0.6357327,0.76741517,0.08317369,0.7688416,0.6391164,-0.020317018
1356430816587,-0.11974135,0.043434024,-0.99185455,-0.6338989,0.7655461,0.110051066,0.7640904,0.6419132,-0.06413478
1356430816627,-0.16942172,0.012512296,-0.98546416,-0.6367761,0.7617874,0.1191473,0.7522051,0.6477062,-0.121095836
1356430816668,-0.21704124,-0.019551247,-0.9759666,-0.6410278,0.7568713,0.12739342,0.73619044,0.65327144,-0.1768052
1356430816707,-0.2638864,-0.02936843,-0.96410656,-0.64064777,0.7525531,0.15242806,0.7210648,0.6578764,-0.21740335
1356430816747,-0.31301755,-0.0012403727,-0.94974655,-0.6297852,0.7487941,0.20658673,0.71090835,0.66280156,-0.23516685
1356430816787,-0.36267614,0.06204295,-0.92984766,-0.6070746,0.74129915,0.2862446,0.7070548,0.668301,-0.23118687
1356430816827,-0.4073823,0.1483372,-0.90113026,-0.5751769,0.724762,0.3793304,0.7093738,0.6728418,-0.20993507
1356430816867,-0.4418394,0.24300186,-0.86355543,-0.53951603,0.6970973,0.47220522,0.7167289,0.67454094,-0.17690164
1356430816907,-0.46322802,0.3329902,-0.8213022,-0.5069605,0.66056526,0.55375487,0.7269187,0.6728826,-0.13717943
1356430816948,-0.47185224,0.40759853,-0.78180486,-0.4839398,0.62147874,0.61608964,0.7369923,0.6690498,-0.09599292
1356430816987,-0.47025633,0.45856306,-0.7540416,-0.47460893,0.5889338,0.65414315,0.7440465,0.66548985,-0.059311748
1356430817027,-0.46198946,0.48394397,-0.74321187,-0.47921458,0.5689231,0.6683411,0.74627006,0.66492456,-0.030923426
1356430817067,-0.44870362,0.4850606,-0.75058717,-0.49642655,0.56310105,0.6606648,0.7431188,0.66905415,-0.011868417
1356430817108,-0.43110716,0.46884102,-0.7709311,-0.521815,0.5674891,0.63691854,0.73610854,0.67686355,-2.9802322E-7
1356430817147,-0.41030777,0.446922,-0.7949266,-0.54778516,0.576117,0.606647,0.72909456,0.684361,0.008431971
1356430817187,-0.3894327,0.43004018,-0.8144983,-0.5667603,0.5851847,0.57994956,0.72603357,0.6874767,0.015839636
1356430817227,-0.37239102,0.4226343,-0.82625973,-0.5751177,0.5936568,0.56285983,0.72839856,0.68480057,0.021992028
1356430817267,-0.36293125,0.4251184,-0.82918954,-0.57265323,0.6002324,0.5583809,0.7350844,0.67749196,0.025602281
1356430817307,-0.3639407,0.4373098,-0.82237905,-0.5607766,0.6020951,0.56834066,0.7436914,0.6680132,0.026106179
1356430817347,-0.37671795,0.45949996,-0.80432785,-0.540384,0.5962298,0.593713,0.75237536,0.6583083,0.023695946
1356430817387,-0.40059716,0.48978844,-0.7743573,-0.5117435,0.58143103,0.63250023,0.7600267,0.64965004,0.017726362
1356430817427,-0.43284088,0.52085406,-0.73577166,-0.475998,0.5610806,0.6772108,0.76555514,0.64335036,0.005066812
