1356430858869,0.01571101,-0.024710089,-0.9995712,-0.9930936,0.115861535,-0.018473357,0.11626831,0.99295795,-0.022719085
1356430858908,0.65399987,-0.05929187,0.7541675,0.7475071,-0.10256557,-0.65628767,0.116264105,0.9929576,-0.0227568
1356430858947,0.6541955,-0.0591169,0.7540115,0.74734163,-0.10267632,-0.65645874,0.11622694,0.9929565,-0.022989854
1356430858987,0.6547526,-0.058601648,0.7535682,0.74687386,-0.10297556,-0.65694416,0.11609706,0.99295616,-0.02365549
1356430859029,0.65577734,-0.057587653,0.7527548,0.7460153,-0.103553176,-0.6578282,0.115832895,0.99295545,-0.024946585
1356430859067,0.6570535,-0.056161404,0.7517491,0.7449453,-0.10439964,-0.65890616,0.1154874,0.9929485,-0.026758984
1356430859107,0.65802735,-0.054741383,0.7510016,0.7441307,-0.10530181,-0.6596825,0.115193754,0.99293244,-0.028556734
1356430859149,0.6580885,-0.053886175,0.7510098,0.7440939,-0.105906785,-0.6596272,0.11508182,0.9929149,-0.029599681
1356430859187,0.65695655,-0.053946137,0.7519959,0.7450797,-0.105913654,-0.65851235,0.11517084,0.99291086,-0.029386505
1356430859227,0.6547653,-0.05498579,0.7538295,0.7469841,-0.10508461,-0.6564845,0.1153132,0.992942,-0.027732238
1356430859267,0.6520102,-0.05676928,0.756082,0.7494042,-0.10328798,-0.65400684,0.11522168,0.9930302,-0.024801686
1356430859309,0.64955544,-0.058712274,0.75804394,0.7516322,-0.10065395,-0.65185726,0.11457211,0.99318767,-0.021250293
1356430859347,0.6486552,-0.05979359,0.75873005,0.75264966,-0.09759453,-0.6511481,0.11298236,0.99342847,-0.018301591
1356430859387,0.6506789,-0.058778375,0.7570747,0.7513468,-0.09456071,-0.6530975,0.10997751,0.9937824,-0.017365724
1356430859427,0.65640694,-0.054845095,0.75241077,0.74704415,-0.091747954,-0.6584128,0.10514283,0.9942708,-0.0192523
1356430859475,0.66575205,-0.047895223,0.74463433,0.73966396,-0.08916445,-0.6670433,0.098343134,0.9948647,-0.02393502
1356430859507,0.6781415,-0.038314104,0.73393196,0.7294036,-0.08716451,-0.67850775,0.08996922,0.9954569,-0.031163424
1356430859547,0.6932029,-0.026325226,0.7202616,0.7161993,-0.086869285,-0.6924683,0.08079794,0.9958719,-0.041363955
1356430859587,0.7105657,-0.012030333,0.70352805,0.6999594,-0.08992198,-0.7084991,0.071786076,0.9958762,-0.05547473
1356430859627,0.72929335,0.004173875,0.6841885,0.68122065,-0.09766713,-0.72553396,0.063794434,0.9952104,-0.07407131
1356430859667,0.74785787,0.02150634,0.66351044,0.6613859,-0.110326186,-0.74188733,0.05724731,0.9936627,-0.09673229
1356430859708,0.7645463,0.03898701,0.64338875,0.6424713,-0.12655643,-0.75578713,0.051959038,0.99119294,-0.12180629
1356430859747,0.7781087,0.055886418,0.6256385,0.626349,-0.14398012,-0.766131,0.047263205,0.98800117,-0.14703658
1356430859804,0.7880328,0.071977705,0.611411,0.6141721,-0.16029933,-0.77272034,0.042390138,0.98444057,-0.17052785
1356430859829,0.7944118,0.087488204,0.6010456,0.606261,-0.17424825,-0.77594155,0.036845416,0.9808076,-0.19146553
1356430859869,0.7977,0.10292508,0.59420633,0.60228294,-0.18579936,-0.7763594,0.0304963,0.9771822,-0.21020216
1356430859928,0.7984061,0.11893578,0.59025574,0.6016615,-0.1958054,-0.7743795,0.023473859,0.9734036,-0.2278913
1356430859951,0.7969962,0.13629758,0.5884047,0.6037725,-0.20559263,-0.77018857,0.015996873,0.9690999,-0.24614927
1356430859988,0.7943728,0.15613051,0.58702224,0.6073794,-0.21670526,-0.76428336,0.007882893,0.96367115,-0.26697522
1356430860025,0.7913244,0.17917055,0.5845542,0.61139524,-0.22994483,-0.75717974,-0.0012490749,0.9565685,-0.29150498
1356430860068,0.7885171,0.2049684,0.57985234,0.6149091,-0.24543273,-0.74943286,-0.011295319,0.94749707,-0.31956482
1356430860108,0.78374684,0.23029898,0.57680434,0.6207473,-0.26005018,-0.73962593,-0.020337045,0.93772924,-0.346771
1356430860147,0.7747202,0.25111723,0.58030057,0.6317583,-0.26928282,-0.72688943,-0.026269525,0.9297456,-0.36726427
1356430860187,0.7588193,0.26443708,0.5952028,0.65068763,-0.2681402,-0.710427,-0.028265506,0.92637676,-0.3755359
1356430860227,0.734264,0.2687441,0.6234044,0.67832714,-0.25392964,-0.68948686,-0.026994675,0.92913747,-0.36874783
1356430860267,0.69974196,0.26336902,0.6640768,0.7140103,-0.22729823,-0.662212,-0.023462623,0.93753517,-0.3470983
1356430860307,0.6546903,0.24821872,0.71398044,0.75568014,-0.19228819,-0.6260773,-0.01811406,0.9494276,-0.31346315
1356430860347,0.59999603,0.2239326,0.7680228,0.79992914,-0.15489416,-0.5797595,-0.010864824,0.9622172,-0.2720661
1356430860387,0.53896904,0.19239286,0.8200593,0.8423238,-0.12108451,-0.5251944,-0.0017471611,0.973819,-0.2273179
1356430860427,0.4784944,0.15726498,0.8638928,0.87804854,-0.09532827,-0.46898118,0.008599132,0.9829447,-0.18370026
1356430860467,0.42840767,0.12349054,0.8951072,0.90338707,-0.07929635,-0.42143062,0.018936038,0.98917246,-0.14553094
1356430860507,0.39831996,0.09551939,0.91225946,0.9168303,-0.07141858,-0.39283776,0.02762869,0.9928622,-0.11602253
1356430860547,0.39244947,0.07526955,0.91668856,0.91918075,-0.06787291,-0.3879434,0.033018023,0.99485064,-0.09582302
1356430860587,0.40706435,0.061552584,0.9113232,0.91276133,-0.064701706,-0.4033366,0.034137756,0.99600446,-0.082520545
1356430860627,0.43180254,0.050843477,0.90053403,0.9013928,-0.059980184,-0.4288279,0.032211125,0.9969039,-0.07172951
1356430860667,0.45433345,0.039267898,0.88996583,0.89029443,-0.054706365,-0.45208737,0.030934274,0.99773,-0.0598149
1356430860707,0.46612227,0.024972439,0.8843678,0.88407534,-0.051310718,-0.46451917,0.033777326,0.9983705,-0.04599461
1356430860747,0.46535137,0.00945133,0.88507557,0.88416195,-0.051621944,-0.46431977,0.041300893,0.998622,-0.032378852
1356430860803,0.4531846,-0.0041672885,0.8914069,0.8899108,-0.055984735,-0.45268577,0.051791698,0.9984229,-0.02166292
1356430860829,0.42997688,-0.0133909285,0.9027406,0.90062594,-0.06361902,-0.42991337,0.063188374,0.9978844,-0.015294492
1356430860869,0.39553034,-0.017053127,0.91829455,0.9154419,-0.07357329,-0.39566794,0.07430935,0.997144,-0.013489276
1356430860909,0.35156575,-0.013817549,0.9360612,0.932361,-0.08485803,-0.35142863,0.08428818,0.99629724,-0.01695025
1356430860949,0.30518508,-6.300509E-4,0.95229286,0.94785905,-0.09618616,-0.30382776,0.09178883,0.9953631,-0.028757364
1356430860989,0.26657012,0.026578516,0.9634489,0.9591329,-0.10573128,-0.26245916,0.09489092,0.9940394,-0.053677112
1356430861029,0.24466425,0.070625186,0.9670323,0.9652487,-0.11220741,-0.23601824,0.09183931,0.9911719,-0.095624
1356430861069,0.23661283,0.1285547,0.9630618,0.96806884,-0.11567125,-0.22240263,0.08280766,0.98493344,-0.15181908
1356430861109,0.22813937,0.18933219,0.95504236,0.9710453,-0.11565313,-0.20903456,0.07087663,0.97507834,-0.21023521
1356430861149,0.20344236,0.23902547,0.94946194,0.9772583,-0.10881373,-0.18200463,0.059810758,0.9648971,-0.25572693
1356430861189,0.1554958,0.26843995,0.95066357,0.9865158,-0.09194741,-0.13539672,0.051065117,0.9588982,-0.2791177
1356430861229,0.087864965,0.27547815,0.95728344,0.99513936,-0.06717512,-0.07200861,0.04446882,0.95895743,-0.28004152
1356430861259,0.019177943,0.26990393,0.96269625,0.9990195,-0.043601364,-0.0076773465,0.039902747,0.9618995,-0.2704755
1356430861289,-0.045302123,0.25447837,0.9660169,0.9982698,-0.024756044,0.053336114,0.037487626,0.9667616,-0.25291657
1356430861329,-0.10951397,0.2263861,0.96786165,0.9932623,-0.012209147,0.11524376,0.03790632,0.9739611,-0.22352374
1356430861359,-0.1584059,0.19716653,0.96748805,0.9865991,-0.0072082877,0.16300386,0.039112836,0.9803435,-0.19338256
1356430861389,-0.1953671,0.1689795,0.96606296,0.97990453,-0.0067765713,0.19935161,0.040232956,0.98559624,-0.16425991
1356430861429,-0.2216978,0.14171654,0.96476245,0.9743137,-0.007919252,0.225056,0.03953436,0.9898756,-0.13632065
1356430861469,-0.23129445,0.11792937,0.9657099,0.9722508,-0.0077831745,0.23381147,0.035089523,0.99299145,-0.112856686
1356430861509,-0.22514588,0.09834543,0.969349,0.97396994,-0.004145026,0.22663966,0.026306957,0.9951438,-0.09485227
1356430861549,-0.20589799,0.08193338,0.9751375,0.9784628,0.002252698,0.20641083,0.0147152245,0.99663526,-0.08063263
1356430861589,-0.17634761,0.06714982,0.98203486,0.9843189,0.0077503324,0.17622781,0.004222572,0.99771285,-0.06746358
1356430861629,-0.13949502,0.053500503,0.98877645,0.99022245,0.008261859,0.139252,-7.1907043E-4,0.99853367,-0.0541299
1356430861669,-0.09818804,0.041873068,0.99428654,0.99516535,0.0018854737,0.09819546,0.002237022,0.9991212,-0.041855752
1356430861699,-0.055687547,0.033165067,0.99789727,0.99840784,-0.0071334243,0.055953175,0.008974075,0.99942446,-0.032715023
1356430861729,-0.017902613,0.027383119,0.99946475,0.999665,-0.018201709,0.018404871,0.01869595,0.9994594,-0.027048111
1356430861800,0.014813483,0.0250884,0.9995755,0.9993547,-0.033085227,-0.013979822,0.032720447,0.99913764,-0.025562346
1356430861809,0.039857686,0.025213957,0.9988872,0.9980184,-0.04971689,-0.03856805,0.048689097,0.99844503,-0.027145624
1356430861846,0.056118965,0.028302997,0.9980229,0.9963139,-0.066542566,-0.05413583,0.06487873,0.99738216,-0.03193304
1356430861887,0.06568551,0.037711024,0.99712753,0.99467206,-0.08204335,-0.062420875,0.07945374,0.99591506,-0.042899102
1356430861927,0.073381275,0.05931124,0.9955387,0.99324477,-0.09431788,-0.06759298,0.089888126,0.9937737,-0.06583169
1356430861968,0.082578,0.0975858,0.9917953,0.9921981,-0.10132134,-0.07264227,0.093401164,0.9900561,-0.10519138
1356430862007,0.09175968,0.14949578,0.9844954,0.99177724,-0.10229081,-0.07690549,0.08920777,0.98345697,-0.15765268
1356430862047,0.09395149,0.2021536,0.97483695,0.992383,-0.09738383,-0.07544786,0.07968131,0.9745,-0.20976317
1356430862088,0.08244154,0.24066007,0.96710193,0.9942709,-0.08610883,-0.0633297,0.068035126,0.96678233,-0.24638021
1356430862127,0.055607587,0.25729656,0.9647312,0.9968661,-0.06875613,-0.039122403,0.056265146,0.96388334,-0.26031357
1356430862167,0.016837597,0.25278917,0.9673748,0.99881315,-0.048477113,-0.0047169924,0.045703143,0.96630615,-0.25330538
1356430862208,-0.02846849,0.2321313,0.97226775,0.99888617,-0.03000766,0.0364123,0.037627935,0.97222143,-0.23101848
1356430862247,-0.07495093,0.20170605,0.9765742,0.99665,-0.016990244,0.08000094,0.03272891,0.9792988,-0.19975692
1356430862287,-0.118061215,0.16784346,0.97871864,0.9925411,-0.010221392,0.12148154,0.03039372,0.9857607,-0.16538477
1356430862327,-0.15440542,0.13593063,0.9786122,0.98758554,-0.007712662,0.15689254,0.028874248,0.9906883,-0.13305223
1356430862367,-0.18187219,0.10955086,0.9772006,0.982973,-0.0062277913,0.18364468,0.026204228,0.9939617,-0.10655284
1356430862407,-0.1997084,0.089749634,0.9757364,0.979626,-0.0032567978,0.20080405,0.021199852,0.995959,-0.08727068
1356430862447,-0.20830989,0.075250804,0.9751637,0.97796124,0.001648426,0.20878029,0.014103383,0.9971633,-0.07393575
1356430862487,-0.20870674,0.063756496,0.97589785,0.97795355,0.006505728,0.20872134,0.006958425,0.9979443,-0.06370866
1356430862528,-0.20187885,0.053830147,0.9779301,0.97940624,0.008131564,0.20173597,0.0029073954,0.99851704,-0.05436313
1356430862567,-0.18858618,0.04573688,0.980991,0.98204875,0.004775882,0.18856683,0.0039393604,0.99894214,-0.04581648
1356430862607,-0.16971928,0.04040709,0.98466367,0.98544943,-0.0023719668,0.16995212,0.009202898,0.99918044,-0.03941655
1356430862647,-0.14700735,0.037928373,0.98840785,0.9890028,-0.010721207,0.14750728,0.016191691,0.9992229,-0.035935163
1356430862687,-0.122501254,0.037345856,0.9917655,0.9922073,-0.01830846,0.12324524,0.022760421,0.99913466,-0.034812033
1356430862727,-0.09791547,0.03820756,0.99446106,0.9947897,-0.024749458,0.09889868,0.028391004,0.99896336,-0.035585165
1356430862798,-0.071846485,0.044516116,0.9964218,0.99685025,-0.030430257,0.07323691,0.033581614,0.99854505,-0.04218954
1356430862819,-0.04270923,0.059009284,0.9973434,0.9983783,-0.035086155,0.044829458,0.037638336,0.9976406,-0.057415128
1356430862859,-0.011013508,0.0885956,0.99600685,0.99915695,-0.038420558,0.0144658685,0.039548755,0.99532646,-0.08809781
1356430862916,0.021465123,0.13360032,0.99080276,0.9990077,-0.04154861,-0.016040415,0.03902349,0.9901639,-0.13435954
1356430862937,0.04986602,0.1858944,0.9813036,0.9980601,-0.04594624,-0.042013645,0.037277073,0.9814949,-0.1878249
1356430862978,0.06807786,0.23085749,0.970603,0.997046,-0.050418735,-0.057940453,0.035560608,0.9716803,-0.23360795
1356430863015,0.07357246,0.25763273,0.9634378,0.9967216,-0.051602244,-0.062315226,0.033661097,0.964864,-0.26058465
1356430863058,0.06808454,0.26352295,0.9622475,0.9971839,-0.04837382,-0.057308823,0.031445384,0.9634396,-0.26607436
1356430863097,0.055413216,0.25216338,0.96609676,0.9980116,-0.043095738,-0.045995206,0.03003639,0.9667245,-0.25405002
1356430863137,0.039004236,0.22808996,0.97285855,0.9987699,-0.03873405,-0.030961812,0.030620605,0.97286934,-0.22932017
1356430863177,0.021771282,0.1963661,0.9802889,0.99921155,-0.036836654,-0.0148126185,0.033201873,0.9798385,-0.19701326
1356430863217,0.0065491498,0.16263726,0.9866642,0.999316,-0.0369772,-5.379617E-4,0.036396593,0.9859928,-0.16276819
1356430863257,-0.0037013292,0.13240498,0.99118876,0.9992719,-0.03714794,0.008693814,0.037971705,0.9904993,-0.1321711
1356430863297,-0.0064620674,0.10898328,0.9940225,0.9993392,-0.03485033,0.010317624,0.035766453,0.99343246,-0.10868609
1356430863337,-4.1148067E-4,0.09225011,0.99573576,0.9995837,-0.028687268,0.0030708313,0.02884826,0.9953225,-0.09219986
1356430863377,0.014436573,0.079428345,0.99673605,0.9997121,-0.020252973,-0.012865692,0.01916495,0.99663484,-0.07969785
1356430863417,0.03678921,0.067478776,0.9970422,0.99926126,-0.013578683,-0.03595209,0.011112541,0.99762833,-0.06792849
1356430863457,0.06506252,0.055063426,0.9963608,0.997845,-0.012088537,-0.06449139,0.008493423,0.9984096,-0.055731267
1356430863497,0.09789747,0.04298675,0.9942677,0.99512637,-0.016083896,-0.09728664,0.0118097365,0.99894613,-0.044351816
1356430863537,0.13315552,0.03269261,0.9905559,0.99091643,-0.023372889,-0.13243264,0.01882258,0.9991922,-0.035507858
1356430863577,0.16739115,0.024754912,0.9855797,0.98552024,-0.03159967,-0.16658738,0.027020216,0.999194,-0.029685944
1356430863617,0.19687092,0.019251794,0.9802404,0.9798057,-0.03952104,-0.19600743,0.034966648,0.9990333,-0.026643574
1356430863658,0.2196522,0.01761952,0.97541916,0.97467136,-0.047065347,-0.21863365,0.042056233,0.9987364,-0.027511239
1356430863697,0.23699215,0.023821205,0.9712195,0.9703448,-0.05478409,-0.23543501,0.047599018,0.998214,-0.036098182
1356430863737,0.25438854,0.04428646,0.9660876,0.9657893,-0.06366578,-0.2513915,0.050373435,0.9969882,-0.058967263
1356430863801,0.27670863,0.08320692,0.9573448,0.9596981,-0.074843615,-0.27088383,0.049111754,0.9937178,-0.10056341
1356430863819,0.3027831,0.13606408,0.9432969,0.9520457,-0.08882311,-0.29277918,0.043949813,0.9867102,-0.15643334
1356430863859,0.32263312,0.18838727,0.9275873,0.9457991,-0.10251346,-0.30814776,0.03703904,0.97672987,-0.21125078
1356430863899,0.3254735,0.22602937,0.9181382,0.94505703,-0.10914868,-0.30814555,0.030563653,0.9679862,-0.24913564
1356430863939,0.30600318,0.24277222,0.9205562,0.95169926,-0.10351071,-0.28905728,0.025112301,0.96454513,-0.26272076
1356430863979,0.2648272,0.23993793,0.93396807,0.9640691,-0.08688402,-0.25104177,0.020912439,0.9668925,-0.25432605
1356430864023,0.20298958,0.21827897,0.95454156,0.9789846,-0.06475729,-0.19337928,0.019602865,0.97373545,-0.22683683
1356430864057,0.13545144,0.19041595,0.97231406,0.9905441,-0.047619224,-0.12866536,0.021800876,0.9805479,-0.1950655
1356430864097,0.06750849,0.1576668,0.98518205,0.9972999,-0.03927043,-0.062054038,0.028904676,0.98671114,-0.15989214
1356430864137,0.008871824,0.12594911,0.99199706,0.9992254,-0.039153725,-0.003965348,0.038340867,0.99126375,-0.12619895
1356430864177,-0.032495856,0.09982866,0.9944738,0.9984209,-0.04237628,0.036878735,0.045823663,0.9941019,-0.0982939
1356430864217,-0.051970065,0.08102593,0.9953562,0.9975467,-0.042598903,0.055552155,0.04690218,0.9958013,-0.07861328
1356430864257,-0.049045324,0.068406194,0.99645126,0.9980316,-0.035678506,0.051572442,0.039079815,0.9970193,-0.066521645
1356430864297,-0.026859105,0.059170842,0.9978864,0.9993385,-0.022893429,0.028255671,0.02451694,0.99798524,-0.0585168
1356430864337,0.009017259,0.05055368,0.9986806,0.99990714,-0.010662526,-0.0084885955,0.010219306,0.99866444,-0.050645113
1356430864377,0.052389383,0.041153878,0.9977784,0.9986204,-0.005727589,-0.052197367,0.0035667121,0.99913645,-0.041397154
1356430864417,0.09728032,0.031185895,0.9947683,0.99523246,-0.010076284,-0.09700981,0.006998241,0.99946284,-0.03201741
1356430864457,0.13801011,0.021709949,0.9901929,0.9902724,-0.020910949,-0.13756278,0.017719358,0.9995457,-0.024384677
1356430864497,0.16954848,0.013884783,0.9854241,0.9850243,-0.03415951,-0.16899842,0.03131503,0.99932,-0.019468606
1356430864537,0.18873572,0.009076655,0.9819859,0.9810128,-0.04719597,-0.18811238,0.044638366,0.9988444,-0.017811865
1356430864577,0.19686368,0.010132521,0.9803785,0.97883105,-0.05913189,-0.19594175,0.055986285,0.9981987,-0.02155894
1356430864617,0.20133412,0.022366166,0.97926724,0.9774468,-0.069639325,-0.19936922,0.06373641,0.9973215,-0.035882503
1356430864657,0.21319276,0.05201003,0.9756248,0.9748025,-0.07841432,-0.20883283,0.06564164,0.99556315,-0.06741682
1356430864697,0.23755062,0.10040331,0.96617234,0.9694886,-0.08646637,-0.22938058,0.060510784,0.99118257,-0.117880076
1356430864737,0.26683262,0.15911323,0.9505174,0.96242076,-0.095638126,-0.25416473,0.05046472,0.98261714,-0.17865324
1356430864800,0.28431562,0.21327385,0.93470794,0.9579129,-0.103453666,-0.26776886,0.039590836,0.9714997,-0.23371127
1356430864819,0.27432346,0.25032032,0.9284861,0.961151,-0.10208076,-0.2564534,0.03058505,0.9627665,-0.26859877
1356430864859,0.23237303,0.2657029,0.9356307,0.9723336,-0.08707622,-0.21676037,0.023877352,0.96011436,-0.278586
1356430864899,0.16313371,0.26097038,0.951463,0.9864001,-0.062746495,-0.15191364,0.02005598,0.9633055,-0.26765734
1356430864939,0.076171994,0.23998055,0.96778464,0.996878,-0.03855872,-0.068900466,0.020781815,0.9700116,-0.24216843
1356430864979,-0.014861494,0.20903578,0.97779506,0.9995214,-0.023430616,0.02020076,0.027133048,0.9776273,-0.20858753
1356430865018,-0.09574586,0.17555076,0.9798034,0.99468297,-0.020633042,0.10089666,0.03792876,0.9842542,-0.17264187
1356430865057,-0.15614146,0.14581135,0.976913,0.9864793,-0.026830792,0.1616751,0.049785376,0.9889486,-0.13965052
1356430865097,-0.19147485,0.12291479,0.9737707,0.9797878,-0.034597814,0.19702509,0.05790764,0.991814,-0.11380577
1356430865137,-0.20349485,0.1060555,0.973315,0.9773382,-0.03720051,0.20838946,0.05830872,0.9936641,-0.09608197
1356430865177,-0.19653183,0.09254107,0.9761206,0.979192,-0.032829642,0.20026267,0.050578237,0.9951675,-0.08416337
1356430865217,-0.17511344,0.07986024,0.98130405,0.98375607,-0.025783837,0.17764941,0.03948894,0.9964726,-0.07404786
1356430865257,-0.14296949,0.06677064,0.9874722,0.98920035,-0.022902727,0.14476839,0.032282114,0.9975054,-0.062775135
1356430865297,-0.1032545,0.053534776,0.9932133,0.99410236,-0.027729034,0.1048415,0.033153534,0.998181,-0.05035585
1356430865337,-0.05923009,0.04133889,0.99738806,0.99740076,-0.03861648,0.060831398,0.041030347,0.99839866,-0.038944185
1356430865377,-0.015890181,0.031151265,0.9993884,0.9985198,-0.05150366,0.017481774,0.052016795,0.9981868,-0.03028676
1356430865417,0.020373285,0.023341507,0.99951994,0.99780643,-0.06345737,-0.018856466,0.06298673,0.9977116,-0.02458316
1356430865457,0.045288563,0.018718153,0.99879855,0.9963473,-0.073302925,-0.043803632,0.07239503,0.99713403,-0.021969497
1356430865497,0.061237574,0.020112038,0.99792063,0.9949554,-0.080821395,-0.059426785,0.07945815,0.99652565,-0.024959892
1356430865537,0.07646403,0.03252527,0.99654174,0.9936408,-0.08533558,-0.07345629,0.08265129,0.99582124,-0.038843542
1356430865577,0.101417184,0.06114465,0.9929632,0.9916268,-0.086417496,-0.095959276,0.07994202,0.99438083,-0.06939688
1356430865617,0.13922566,0.10660875,0.98450536,0.9877163,-0.08617294,-0.13034841,0.07094139,0.9905598,-0.117296755
1356430865658,0.18010879,0.16123214,0.97034276,0.9819288,-0.087747574,-0.16767916,0.05810991,0.9830079,-0.1741226
1356430865697,0.19934967,0.20855847,0.95747745,0.97885084,-0.08819148,-0.18458968,0.045943618,0.9740254,-0.22172856
1356430865737,0.18671536,0.23785734,0.95318484,0.98175216,-0.080786765,-0.17215174,0.036057204,0.96793455,-0.24860105
1356430865800,0.13896233,0.24559757,0.9593598,0.98987687,-0.06268537,-0.12733513,0.028864622,0.9673429,-0.2518223
1356430865810,0.07598409,0.24083975,0.967586,0.99680865,-0.04216644,-0.067783356,0.02447474,0.9696485,-0.2432751
1356430865844,-0.0062571466,0.21758762,0.9760208,0.9996594,-0.023371786,0.011619002,0.025339484,0.97576094,-0.21736729
1356430865878,-0.085460454,0.18929791,0.97819364,0.99589777,-0.013069898,0.08953646,0.029733986,0.98183274,-0.1874044
1356430865917,-0.16165727,0.15531394,0.9745484,0.9860506,-0.014243901,0.16583532,0.039637864,0.9877625,-0.15084481
1356430865958,-0.22239453,0.123425186,0.9671127,0.9736293,-0.023631096,0.22690889,0.050860226,0.99207246,-0.11491495
1356430865995,-0.26142418,0.09872487,0.9601619,0.9634589,-0.033443093,0.2657605,0.05834797,0.9945526,-0.08637452
1356430866038,-0.2783103,0.0823752,0.95695233,0.9587183,-0.036682904,0.2819816,0.058332086,0.995926,-0.06876534
1356430866077,-0.2759717,0.07241985,0.9584336,0.9598757,-0.030879915,0.27872023,0.049781233,0.996896,-0.06099212
1356430866117,-0.25933653,0.06591046,0.9635353,0.9651505,-0.018529058,0.26103875,0.035058588,0.9976535,-0.058808267
1356430866157,-0.23237246,0.060589343,0.9707378,0.9724078,-0.006708026,0.23319092,0.020640612,0.9981402,-0.0573588
1356430866197,-0.19858259,0.055700988,0.9785001,0.9800004,-0.0017693639,0.19898775,0.012815088,0.998446,-0.054235697
1356430866237,-0.16144574,0.051389396,0.9855427,0.9867894,-0.0052417517,0.16192332,0.013487101,0.998665,-0.049864292
1356430866278,-0.1252994,0.047802478,0.9909667,0.9919088,-0.0145228505,0.1261191,0.020420432,0.99875116,-0.045596004
1356430866317,-0.09531492,0.044625938,0.99444634,0.9949811,-0.026294589,0.09654614,0.03045696,0.9986576,-0.041895688
1356430866357,-0.07518172,0.04184389,0.9962915,0.99629784,-0.038622558,0.07680434,0.04169318,0.9983774,-0.03878528
1356430866398,-0.06391221,0.041491717,0.9970926,0.9965253,-0.050819516,0.06599051,0.053409815,0.9978456,-0.038099587
1356430866437,-0.05536896,0.048495173,0.9972875,0.9963856,-0.06175989,0.058322042,0.0644207,0.9969121,-0.044900298
1356430866477,-0.04042059,0.06962496,0.99675405,0.9965648,-0.06935644,0.04525754,0.072282344,0.99515927,-0.06658238
1356430866517,-0.014793992,0.10884833,0.9939482,0.9971272,-0.07224691,0.02275315,0.07428634,0.99142945,-0.10746682
1356430866557,0.016588956,0.16194361,0.9866606,0.99737984,-0.072175056,-0.0049228966,0.07041502,0.9841571,-0.16271669
1356430866597,0.04008633,0.21517125,0.97575325,0.9971477,-0.071115136,-0.025283098,0.0639506,0.9739836,-0.21740824
1356430866637,0.043370098,0.25330797,0.966413,0.99737585,-0.067106456,-0.02717024,0.057970077,0.96505535,-0.25555366
1356430866677,0.023504466,0.26830265,0.96304786,0.99829185,-0.05783704,-0.008251339,0.05348602,0.96159685,-0.26920378
1356430866717,-0.01278913,0.26136863,0.9651543,0.9986057,-0.046099722,0.025716424,0.051214784,0.96413755,-0.26041466
1356430866757,-0.056163847,0.23772037,0.96970856,0.99703383,-0.037837505,0.067022175,0.05262384,0.97059643,-0.23489016
1356430866801,-0.09766528,0.20424762,0.974035,0.99349403,-0.037595302,0.10749987,0.05857572,0.9781971,-0.19924706
1356430866839,-0.12842679,0.16974014,0.9770849,0.9894647,-0.044462204,0.13777804,0.0668298,0.9844854,-0.1622417
1356430866879,-0.14746213,0.13805676,0.97938514,0.98622704,-0.054469824,0.15617049,0.0749073,0.98892534,-0.12812304
1356430866919,-0.15156215,0.112814724,0.98198867,0.98525137,-0.06258774,0.15925604,0.079426885,0.9916429,-0.10166496
1356430866959,-0.14124167,0.09555563,0.9853527,0.98692036,-0.06454033,0.14772522,0.07771093,0.99332964,-0.08519
1356430866999,-0.11810553,0.085460275,0.9893167,0.99062145,-0.058790445,0.1233398,0.068703026,0.99460554,-0.07771528
1356430867039,-0.08599007,0.07954565,0.9931154,0.9947971,-0.04780394,0.08996463,0.054631114,0.9956844,-0.07502109
1356430867079,-0.05042982,0.07425588,0.9959633,0.9978989,-0.036869228,0.053276718,0.040676534,0.9965574,-0.07224053
1356430867119,-0.01634401,0.06717667,0.99760723,0.99933815,-0.031330466,0.018482119,0.03249705,0.9972491,-0.06662017
1356430867159,0.0131781995,0.058336943,0.99820995,0.9993893,-0.03307721,-0.011260688,0.03236112,0.9977488,-0.05873722
1356430867199,0.036732465,0.04936692,0.99810505,0.9985889,-0.040144295,-0.034764707,0.038352013,0.9979736,-0.050771832
1356430867239,0.05326605,0.041554987,0.9977153,0.99747247,-0.04926473,-0.051201195,0.047024548,0.9979209,-0.04407412
1356430867279,0.062028468,0.035492808,0.9974431,0.99649715,-0.058363736,-0.059892863,0.056088716,0.9976642,-0.03898871
1356430867319,0.06418511,0.032767296,0.9973999,0.9958364,-0.06693342,-0.061885566,0.0647316,0.9972192,-0.036926955
1356430867359,0.06402114,0.037672132,0.99723727,0.9953352,-0.074680775,-0.061077893,0.072173536,0.99649566,-0.042277545
1356430867399,0.067435265,0.056410372,0.99612767,0.9947787,-0.08045548,-0.06278777,0.07660204,0.9951607,-0.06154129
1356430867439,0.078543186,0.09395778,0.9924731,0.9940214,-0.08312172,-0.07079658,0.07584417,0.9921001,-0.09992474
1356430867479,0.09264848,0.14637023,0.98488176,0.9932284,-0.08322111,-0.081065595,0.07009736,0.9857231,-0.1530894
1356430867520,0.09954128,0.2006906,0.97458446,0.9930917,-0.08119598,-0.08471131,0.062131643,0.976284,-0.2073865
1356430867559,0.089259624,0.2419127,0.96618366,0.9945185,-0.07468569,-0.07317749,0.054457515,0.9674194,-0.24725306
1356430867599,0.05878842,0.2615613,0.9633948,0.99712694,-0.061564684,-0.044131964,0.047767937,0.9632213,-0.2644291
1356430867639,0.011844337,0.25903127,0.96579623,0.99901307,-0.04441476,-3.3941865E-4,0.04280767,0.9648472,-0.25930172
1356430867679,-0.043982178,0.23928359,0.96995306,0.99817324,-0.029729873,0.052596062,0.04142201,0.9704944,-0.23753881
1356430867717,-0.10045034,0.20954478,0.9726257,0.99392295,-0.02309984,0.10762662,0.045020163,0.9775261,-0.20595098
1356430867757,-0.15082324,0.17720532,0.97254854,0.98715496,-0.025449991,0.15772557,0.052701175,0.98384476,-0.17109072
1356430867800,-0.19141215,0.14735523,0.97038543,0.979565,-0.0335266,0.19831392,0.061756283,0.98851526,-0.1379267
1356430867839,-0.21953738,0.124263644,0.9676579,0.97324383,-0.041056156,0.22607699,0.06782147,0.9913995,-0.11192548
1356430867879,-0.23587358,0.10873115,0.9656817,0.9694526,-0.042460203,0.24157554,0.06726977,0.993164,-0.09539449
1356430867918,-0.2415381,0.09864727,0.9653642,0.9685805,-0.036239743,0.24604604,0.059256315,0.9944624,-0.086794555
1356430867959,-0.23941964,0.0908899,0.96665263,0.96983325,-0.024620771,0.24252245,0.04584256,0.9955565,-0.0822534
1356430867999,-0.23191994,0.08280128,0.9692044,0.9721852,-0.013762951,0.233809,0.03269878,0.99647105,-0.07730621
1356430868039,-0.22121125,0.073658675,0.97244024,0.9749006,-0.0090482235,0.2224563,0.02518472,0.99724245,-0.069808304
1356430868077,-0.20822954,0.06460336,0.97594404,0.9777528,-0.012058437,0.20941362,0.025297135,0.99783814,-0.060655177
1356430868117,-0.19403821,0.05672872,0.97935236,0.9804838,-0.020978093,0.19547758,0.031634122,0.9981692,-0.051551044
1356430868157,-0.18023014,0.050010145,0.9823523,0.9827599,-0.0327093,0.18197009,0.041232407,0.99821293,-0.043252766
1356430868197,-0.16825819,0.044268638,0.98474836,0.9843844,-0.044884503,0.17021376,0.051735044,0.9980108,-0.036025226
1356430868237,-0.15732932,0.041319042,0.98668146,0.9856142,-0.055896997,0.15949994,0.06174293,0.9975812,-0.031930447
1356430868277,-0.14334476,0.04608947,0.98859906,0.9871884,-0.0640772,0.14612755,0.07008162,0.99688005,-0.03631383
1356430868317,-0.12020469,0.06527749,0.9906007,0.9898913,-0.06777871,0.12458503,0.07527423,0.9955627,-0.056470275
1356430868357,-0.08340156,0.10331681,0.9911457,0.99362206,-0.06712383,0.09060696,0.07589072,0.992381,-0.09705955
1356430868397,-0.035140783,0.15640181,0.9870682,0.996787,-0.0656493,0.04588899,0.07197747,0.9855093,-0.15359235
1356430868437,0.012972921,0.2095154,0.9777193,0.99774903,-0.067049,0.0011292696,0.065791756,0.9755038,-0.20991355
1356430868477,0.0493235,0.24721897,0.96770346,0.9970217,-0.06969869,-0.033011883,0.059286505,0.9664496,-0.24992043
1356430868517,0.06962684,0.2620551,0.9625379,0.99615496,-0.06969568,-0.05308363,0.05317387,0.9625329,-0.26590014
1356430868557,0.07751551,0.2551768,0.9637822,0.99581933,-0.06667301,-0.06243944,0.04832515,0.96459293,-0.25927818
1356430868597,0.08008769,0.23180848,0.969459,0.9957023,-0.063981205,-0.06695706,0.046505988,0.970655,-0.23593634
1356430868637,0.08430183,0.19768149,0.9766347,0.9952343,-0.06491095,-0.07276869,0.049009264,0.97811484,-0.20221156
1356430868677,0.09622732,0.15815401,0.9827144,0.9938351,-0.069884926,-0.086069226,0.055064797,0.98493826,-0.16390377
1356430868717,0.12213603,0.11876407,0.9853821,0.9905895,-0.07637295,-0.11357656,0.061767727,0.98998094,-0.12697431
1356430868758,0.16803631,0.084613115,0.98214275,0.9835955,-0.080694586,-0.16133285,0.06560272,0.99314094,-0.09678471
1356430868799,0.23957366,0.059339017,0.9690631,0.9687892,-0.0800519,-0.23460409,0.063654125,0.9950229,-0.07666537
1356430868839,0.33514592,0.04278958,0.94119406,0.94049484,-0.07467082,-0.33150217,0.056094885,0.99628973,-0.06526899
1356430868879,0.43986768,0.033958822,0.8974203,0.8969773,-0.065725625,-0.4371634,0.044137955,0.9972597,-0.059370875
1356430868927,0.5398476,0.02727127,0.8413209,0.8411216,-0.05647829,-0.53788906,0.032847464,0.9980313,-0.05342813
1356430868968,0.62692004,0.016568065,0.7789074,0.7785136,-0.05155824,-0.62550646,0.029795617,0.9985326,-0.045221373
1356430869005,0.6819923,0.001237452,0.7313583,0.73046774,-0.050515965,-0.6810763,0.036102504,0.99872243,-0.03535539
1356430869046,0.712664,-0.017010808,0.7012992,0.69978064,-0.05282277,-0.7124021,0.049163133,0.998459,-0.02574104
1356430869087,0.7266065,-0.034816206,0.6861711,0.68400604,-0.05730872,-0.7272216,0.06464273,0.9977492,-0.017826378
1356430869127,0.7279476,-0.049726874,0.6838271,0.6810037,-0.06326124,-0.72954226,0.07953763,0.9967574,-0.012186669
1356430869167,0.7197323,-0.059200972,0.691723,0.6881242,-0.071252435,-0.7220859,0.092035145,0.9956998,-0.010545045
1356430869207,0.70664406,-0.0589011,0.7051133,0.7004087,-0.08318439,-0.708878,0.10040814,0.9947919,-0.017526902
1356430869247,0.69557995,-0.043426514,0.7171351,0.7110318,-0.101447046,-0.6958034,0.1029675,0.99389267,-0.03968692
1356430869287,0.69172084,-0.010290295,0.7220917,0.71532106,-0.12756924,-0.68705297,0.09918669,0.9917762,-0.08088143
1356430869327,0.6928437,0.035481125,0.72021437,0.71534884,-0.15958045,-0.68030137,0.090794295,0.98654705,-0.1359457
1356430869367,0.6902502,0.0827477,0.7188237,0.71907413,-0.18902826,-0.6687307,0.08054206,0.97847897,-0.18997854
1356430869408,0.67546153,0.12131661,0.72734725,0.7340799,-0.20405607,-0.6476788,0.06984541,0.9714131,-0.22688812
1356430869447,0.644702,0.14627004,0.75030947,0.76215005,-0.19880766,-0.61611915,0.05904749,0.96906173,-0.23965144
1356430869487,0.5964638,0.15609321,0.7873156,0.8011229,-0.17605942,-0.57201856,0.04932612,0.97192496,-0.23006292
1356430869527,0.5310156,0.15121946,0.83375955,0.8462869,-0.14419489,-0.51284134,0.042672306,0.9779266,-0.20454475
1356430869567,0.45206782,0.13356191,0.8819274,0.89107174,-0.11231604,-0.4397457,0.04032129,0.9846555,-0.16978773
1356430869607,0.36865944,0.107459545,0.92333245,0.92861426,-0.08747786,-0.36058748,0.042022556,0.9903536,-0.132038
1356430869647,0.29502445,0.07976222,0.9521547,0.9543793,-0.07262707,-0.28962976,0.046050668,0.99416465,-0.09755021
1356430869687,0.24506831,0.05721414,0.9678161,0.96823704,-0.06549722,-0.24130291,0.049583316,0.9962111,-0.07144815
1356430869727,0.22639605,0.04354179,0.9730617,0.97279775,-0.060452193,-0.22362965,0.04908642,0.99722105,-0.056043565
1356430869802,0.24205276,0.040777802,0.9694059,0.96948695,-0.05012104,-0.23996472,0.038802385,0.9979104,-0.051665485
1356430869809,0.2827275,0.040653735,0.9583384,0.95886767,-0.038285702,-0.28125957,0.025256366,0.99843955,-0.049806
1356430869848,0.32561487,0.04088208,0.9446182,0.9454489,-0.024719715,-0.32483134,0.01007092,0.9988581,-0.046701014
1356430869889,0.3652118,0.03704074,0.9301872,0.9309244,-0.014761776,-0.3649134,2.1451712E-4,0.9992047,-0.039873302
1356430869929,0.39411813,0.027366072,0.91865224,0.91905963,-0.012166023,-0.39393052,3.9601326E-4,0.9995514,-0.02994588
1356430869969,0.41042686,0.0139323175,0.9117871,0.9118396,-0.017142773,-0.41018856,0.0099157095,0.999756,-0.019739896
1356430870010,0.41452202,1.5345216E-4,0.9100393,0.90968883,-0.027821809,-0.4143577,0.025255263,0.9996129,-0.011672407
1356430870049,0.4069724,-0.011268318,0.91337097,0.9124337,-0.041918814,-0.40707192,0.042874485,0.9990574,-0.0067781806
1356430870089,0.38889492,-0.01829943,0.9211004,0.91932,-0.057510436,-0.38928577,0.060096562,0.9981772,-0.005542487
1356430870129,0.3643479,-0.018148243,0.931086,0.9282618,-0.0731245,-0.36466804,0.074703276,0.9971577,-0.009796411
1356430870169,0.3417083,-0.0064511597,0.93978393,0.9359814,-0.0877887,-0.34092835,0.08470175,0.9961183,-0.023959994
1356430870209,0.33118045,0.02138418,0.94332504,0.939387,-0.10147619,-0.32749754,0.08872175,0.9946081,-0.053694963
1356430870249,0.33677948,0.06573197,0.9392863,0.93756294,-0.11549747,-0.32807893,0.08691996,0.9911304,-0.10052502
1356430870289,0.3504509,0.11866397,0.9290334,0.93304485,-0.13035122,-0.33531454,0.0813109,0.98434114,-0.1564005
1356430870329,0.35755157,0.16714147,0.9188148,0.9309552,-0.14177328,-0.3364859,0.07402268,0.97568643,-0.20629245
1356430870369,0.34773874,0.20101085,0.91579056,0.9352826,-0.14287376,-0.32378012,0.06575915,0.9691139,-0.23768473
1356430870409,0.31812412,0.2160849,0.923095,0.94631654,-0.13121396,-0.29541132,0.057289064,0.9675175,-0.24622703
1356430870449,0.27138418,0.21275243,0.93866235,0.9611229,-0.11150676,-0.25260437,0.050925016,0.9707227,-0.23474237
1356430870488,0.2127024,0.19353166,0.9577595,0.9758742,-0.09149915,-0.1982364,0.04926908,0.976818,-0.20832464
1356430870527,0.15269569,0.16415715,0.9745442,0.9868586,-0.07807097,-0.14147452,0.052859604,0.9833399,-0.17392096
1356430870567,0.10195741,0.130869,0.986143,0.9929769,-0.073191255,-0.09295088,0.0600127,0.98869425,-0.13741225
1356430870607,0.07217997,0.09972665,0.9923934,0.99511564,-0.07437956,-0.06490356,0.06734118,0.99223095,-0.10460833
1356430870647,0.07185909,0.07456803,0.99462354,0.99487543,-0.07647154,-0.0661442,0.07112816,0.9942795,-0.0796811
1356430870687,0.10561848,0.056387126,0.99280673,0.99205023,-0.074667394,-0.1012972,0.06841844,0.99561304,-0.0638251
1356430870728,0.1733754,0.04403466,0.98387086,0.983118,-0.06705895,-0.17024139,0.05848083,0.9967768,-0.054917634
1356430870803,0.26964468,0.035140723,0.96231854,0.9619876,-0.054727376,-0.2675535,0.043263108,0.9978828,-0.04856193
1356430870808,0.39125547,0.025735319,0.9199222,0.9197055,-0.04631403,-0.38986757,0.03257197,0.99859536,-0.04178953
1356430870834,0.4945876,0.015448242,0.8689904,0.86866486,-0.04141426,-0.493666,0.028362393,0.99902254,-0.033902317
1356430870878,0.56581455,-5.239248E-4,0.82453233,0.82379854,-0.04182504,-0.5653376,0.03478229,0.9991248,-0.023233578
1356430870917,0.617381,-0.018855125,0.78643835,0.7852646,-0.044840306,-0.61753464,0.046907812,0.99881625,-0.0128773
1356430870957,0.6498874,-0.035839945,0.75918496,0.75762856,-0.048801377,-0.6508588,0.060376078,0.9981652,-0.0045620054
1356430870997,0.6637432,-0.049239546,0.74633807,0.7444192,-0.0534959,-0.66556615,0.072698176,0.9973534,0.0011473149
1356430871037,0.65935457,-0.057534516,0.7496276,0.747211,-0.06023273,-0.66185194,0.08323136,0.996525,0.0032756627
1356430871077,0.6407339,-0.057777375,0.76558596,0.76228356,-0.07104798,-0.6433319,0.091563344,0.9957981,-0.0014801174
1356430871117,0.6182681,-0.044761658,0.78469163,0.7800591,-0.08723861,-0.6195944,0.0961895,0.99518126,-0.019020095
1356430871157,0.6052161,-0.014060408,0.79593706,0.79035974,-0.10883869,-0.60289776,0.09510574,0.99396,-0.054758146
1356430871197,0.6055145,0.032351404,0.79517645,0.79092157,-0.13531281,-0.59676933,0.08829123,0.99027467,-0.107521296
1356430871237,0.6062179,0.08451864,0.79079485,0.791378,-0.16271794,-0.58927405,0.078871846,0.98304605,-0.16552873
1356430871277,0.58907837,0.13137671,0.7973248,0.80502915,-0.18101227,-0.5649447,0.070105016,0.9746664,-0.2123925
1356430871317,0.54164314,0.16662434,0.823929,0.83825505,-0.18035683,-0.51458716,0.06285846,0.96938527,-0.23736274
1356430871357,0.45656908,0.18738356,0.86973107,0.88784015,-0.1589339,-0.43183315,0.057311326,0.9693438,-0.23893094
1356430871397,0.332194,0.19179714,0.9235047,0.9416312,-0.124082595,-0.31294438,0.054568976,0.97355914,-0.22182173
1356430871438,0.17779425,0.1795139,0.96755564,0.98248696,-0.08808711,-0.16419488,0.055753976,0.97980374,-0.19203141
1356430871477,0.020985961,0.15593025,0.98754513,0.9979638,-0.0627746,-0.011295497,0.060231447,0.98577136,-0.15693015
1356430871517,-0.11000472,0.12929448,0.9854856,0.9917295,-0.051677942,0.11748177,0.066117585,0.99025875,-0.122540295
1356430871557,-0.19899035,0.10713768,0.9741274,0.97745955,-0.0498482,0.20515344,0.07053813,0.9929937,-0.09480345
1356430871597,-0.2457099,0.09226376,0.9649425,0.96677846,-0.049044073,0.25086674,0.07047063,0.994526,-0.07714802
1356430871637,-0.25902653,0.083108485,0.962288,0.96376413,-0.043517232,0.26318225,0.06374881,0.99558985,-0.06882489
1356430871677,-0.25045115,0.07627511,0.96511984,0.9667766,-0.03297335,0.25348705,0.05115798,0.99654144,-0.065482855
1356430871717,-0.23003364,0.06915024,0.9707228,0.9724555,-0.022220612,0.23202708,0.037614793,0.9973588,-0.062134027
1356430871757,-0.20507437,0.060971826,0.9768454,0.9783,-0.017369926,0.20646393,0.029556245,0.99798834,-0.05608666
1356430871801,-0.18033761,0.052504122,0.98220253,0.98314303,-0.020972252,0.18163142,0.030135423,0.99840045,-0.04783696
1356430871839,-0.16020137,0.044751287,0.98606944,0.986354,-0.031164885,0.16166198,0.037965328,0.9985119,-0.039147913
1356430871879,-0.14775676,0.038409173,0.9882777,0.98779255,-0.044112384,0.14939865,0.049333602,0.9982879,-0.031422377
1356430871917,-0.14469123,0.03380215,0.98889935,0.9875977,-0.056631982,0.14643654,0.06095326,0.99782276,-0.025188744
1356430871958,-0.14934051,0.031571865,0.98828167,0.98617315,-0.067854464,0.1511896,0.07183272,0.9971956,-0.021001875
1356430871995,-0.1566447,0.0339531,0.98707116,0.984249,-0.077561796,0.15886483,0.08195302,0.9964092,-0.021268666
1356430872040,-0.15627855,0.046526372,0.9866166,0.98352844,-0.08452088,0.15977514,0.09082344,0.99533486,-0.03255117
1356430872077,-0.14762169,0.07184327,0.9864312,0.98430634,-0.08683109,0.15362778,0.09669,0.9936292,-0.057897627
1356430872117,-0.0880205,0.11118707,0.98989385,0.9912946,-0.08790475,0.098018706,0.097914755,0.9899041,-0.10248172
1356430872157,-0.08894837,0.16698447,0.9819391,0.9914279,-0.07988036,0.103392005,0.0957025,0.98271835,-0.15844786
1356430872197,-0.092065156,0.21861044,0.9714595,0.9914539,-0.07043493,0.10981014,0.09243032,0.97326696,-0.21025759
1356430872237,-0.110651106,0.25340396,0.9610114,0.9898773,-0.058372885,0.1293667,0.08887902,0.9655978,-0.24437982
1356430872277,-0.14645082,0.2661134,0.9527517,0.98557806,-0.04329437,0.16358924,0.084782064,0.96296895,-0.25593507
1356430872317,-0.19357187,0.25897944,0.9462873,0.977738,-0.028693616,0.20785826,0.0809834,0.96545655,-0.2476598
1356430872357,-0.24375677,0.2381388,0.9401449,0.9665983,-0.019494712,0.25555354,0.0791851,0.9710354,-0.22543257
1356430872397,-0.2898335,0.21032926,0.93367994,0.9537159,-0.018216372,0.30015665,0.080139995,0.9774609,-0.1953147
1356430872438,-0.32661945,0.18136877,0.9275911,0.94151527,-0.02362293,0.33614132,0.08287799,0.9831314,-0.16304576
1356430872477,-0.35036516,0.15583077,0.9235589,0.9327315,-0.031630337,0.35918182,0.08518404,0.9872772,-0.13426608
1356430872518,-0.35996062,0.13559908,0.9230608,0.9291288,-0.037555635,0.3678439,0.08454546,0.99005175,-0.11247051
1356430872557,-0.35574663,0.120067775,0.9268377,0.93125695,-0.038045228,0.36237147,0.078770876,0.99203646,-0.098279536
1356430872597,-0.33989483,0.107041806,0.934352,0.93805134,-0.032523453,0.3449666,0.06731421,0.9937225,-0.089356184
