1356431626678,-0.28607363,-0.22373898,0.9317203,-0.67474437,-0.643364,-0.36166662,0.6803543,-0.7321363,0.033082843
1356431626717,0.45090154,0.38257012,-0.8064291,0.5777474,0.5635877,0.59040403,0.68036443,-0.73212636,0.03309369
1356431626757,0.45085666,0.38257873,-0.8064501,0.5777189,0.5636474,0.59037495,0.6804184,-0.7320759,0.0331012
1356431626797,0.4505719,0.38263482,-0.8065826,0.57780534,0.5637375,0.59020424,0.6805336,-0.7319772,0.03291583
1356431626838,0.4497683,0.38279095,-0.806957,0.5783131,0.56370926,0.58973366,0.6806339,-0.7319173,0.032165527
1356431626877,0.44831198,0.38305265,-0.80764294,0.57954705,0.56333447,0.5888799,0.6805451,-0.73206896,0.030552566
1356431626917,0.44625777,0.3833387,-0.8086442,0.5816918,0.56242704,0.58763117,0.68006516,-0.7326167,0.02800244
1356431626957,0.4436636,0.3835181,-0.80998546,0.5848837,0.56088257,0.5859367,0.67902404,-0.73370606,0.024529696
1356431626997,0.44046015,0.3834876,-0.8117463,0.58925223,0.5586752,0.58366406,0.67733055,-0.73540413,0.020103216
1356431627037,0.43640557,0.38323668,-0.81405145,0.59496963,0.5557897,0.5806108,0.6749528,-0.7377177,0.014535546
1356431627077,0.4314497,0.38281807,-0.81688523,0.60214067,0.5520752,0.57674915,0.6717721,-0.74071807,0.0076823235
1356431627119,0.42648113,0.38223824,-0.8197608,0.6105369,0.5470398,0.57270604,0.66735196,-0.74474245,-6.836653E-5
1356431627157,0.42353094,0.38142347,-0.8216677,0.61944556,0.5398915,0.5699161,0.6609907,-0.7503555,-0.007610321
1356431627197,0.42497814,0.3802923,-0.8214447,0.62769866,0.53004414,0.5701295,0.6522178,-0.7579123,-0.013451755
1356431627238,0.43293366,0.37869558,-0.8180208,0.63350964,0.51775646,0.57497287,0.6412753,-0.7671492,-0.01575315
1356431627277,0.4486547,0.37631494,-0.8106146,0.6345518,0.50457317,0.5854485,0.6293274,-0.7770412,-0.01241219
1356431627317,0.47313228,0.37233126,-0.7984455,0.6286423,0.4922656,0.6020659,0.6172152,-0.7867935,-0.0011564493
1356431627357,0.50571626,0.36592394,-0.78124946,0.6147802,0.4824497,0.6239291,0.6052242,-0.7958278,0.019019872
1356431627397,0.5437876,0.356631,-0.7596771,0.5938156,0.4761465,0.64858884,0.59302443,-0.80380267,0.04714948
1356431627437,0.5836111,0.34461135,-0.735283,0.5682031,0.47358117,0.6729533,0.58012354,-0.8105331,0.08057797
1356431627477,0.6221554,0.33040035,-0.7097592,0.54073817,0.47424456,0.69476205,0.56614906,-0.8160439,0.116393775
1356431627517,0.65763545,0.31460184,-0.6845007,0.51373386,0.4772854,0.7129349,0.55099285,-0.82050246,0.15225816
1356431627567,0.6900705,0.29752365,-0.6597593,0.48790887,0.48205763,0.72771245,0.53455365,-0.8240753,0.18748933
1356431627599,0.7201504,0.27933344,-0.6351033,0.46292964,0.48837543,0.7397199,0.51679736,-0.8267178,0.22239202
1356431627639,0.7487131,0.2603388,-0.609633,0.43788198,0.49621767,0.7496849,0.49768275,-0.8282462,0.257527
1356431627668,0.77372247,0.24237832,-0.5853258,0.41461,0.50485295,0.7571143,0.47901157,-0.82847834,0.29012358
1356431627699,0.79657304,0.22610298,-0.56066823,0.39144835,0.5138407,0.76337147,0.46069467,-0.82755375,0.320804
1356431627728,0.817229,0.21188661,-0.5359485,0.36846092,0.5229705,0.7685951,0.4431403,-0.8255943,0.3493147
1356431627759,0.8350514,0.20042735,-0.5123651,0.34655756,0.5316751,0.7727998,0.427302,-0.82289153,0.3745164
1356431627789,0.8491887,0.19254813,-0.49173555,0.3272635,0.5389227,0.77618355,0.41446015,-0.8200534,0.3946331
1356431627819,0.85898864,0.18892184,-0.47586456,0.3121756,0.5434229,0.7792548,0.4058139,-0.81792426,0.4078173
1356431627849,0.86421895,0.18990201,-0.4659,0.30239588,0.54403394,0.78267735,0.4020974,-0.81729084,0.41273886
1356431627889,0.8617333,0.19730052,-0.4674272,0.303596,0.53762585,0.7866307,0.40650356,-0.8197749,0.40339047
1356431627918,0.8568061,0.20997618,-0.47094938,0.30651048,0.5270553,0.7926311,0.41465005,-0.8234821,0.38722432
1356431627949,0.8479935,0.22537835,-0.47969955,0.3150017,0.51356643,0.79813755,0.4262405,-0.8279216,0.36450642
1356431627979,0.8354652,0.24322844,-0.49278578,0.328386,0.49804467,0.80256724,0.4406365,-0.83234096,0.33622617
1356431628008,0.8192659,0.2630914,-0.50949615,0.34612,0.48151255,0.8051997,0.45716992,-0.83601946,0.3034256
1356431628039,0.7998648,0.2843541,-0.5285443,0.367015,0.46506056,0.805617,0.47488558,-0.8383683,0.26762336
1356431628069,0.77775586,0.30629897,-0.5488868,0.39003175,0.44961783,0.80356646,0.49292088,-0.83906186,0.23022659
1356431628098,0.7542629,0.3281256,-0.56870115,0.4132468,0.43583146,0.79954857,0.5102103,-0.8380838,0.19313465
1356431628127,0.7312027,0.3490027,-0.58612263,0.43467394,0.4238214,0.7946282,0.5257387,-0.83580655,0.15819696
1356431628169,0.70946586,0.36872968,-0.6005803,0.4541739,0.41240475,0.7897141,0.53887314,-0.8330431,0.12511969
1356431628197,0.69547415,0.38763613,-0.6050239,0.46488923,0.39929506,0.7902161,0.5478994,-0.8308439,0.09749153
1356431628237,0.6876818,0.40378588,-0.60336614,0.47153115,0.38352078,0.79408455,0.55204356,-0.83058345,0.07334265
1356431628277,0.68312824,0.41977033,-0.5976025,0.4751167,0.36599344,0.8001956,0.5546169,-0.8305671,0.05058056
1356431628319,0.6744449,0.43657595,-0.5954205,0.48067605,0.3524966,0.8029301,0.5604236,-0.8277365,0.02788794
1356431628357,0.6576801,0.45407093,-0.6010628,0.49008375,0.3480445,0.7991763,0.5720793,-0.82017344,0.0063691437
1356431628397,0.63479906,0.47023532,-0.613114,0.500961,0.35365164,0.78991675,0.58827555,-0.8085847,-0.011071831
1356431628438,0.6103008,0.48224443,-0.628469,0.5105852,0.36710763,0.77751833,0.6056696,-0.795407,-0.022180796
1356431628477,0.58641636,0.4880295,-0.6464852,0.51915944,0.38618666,0.7624523,0.6217631,-0.7827434,-0.02689889
1356431628517,0.5629741,0.48626518,-0.6682862,0.52849185,0.40986747,0.7434414,0.6354184,-0.771722,-0.026242435
1356431628567,0.5414202,0.47589836,-0.693098,0.5382961,0.43704045,0.7205782,0.6458339,-0.7632276,-0.019551754
1356431628616,0.52807164,0.4560836,-0.71632963,0.5450693,0.46479833,0.6977549,0.6511834,-0.7589138,-0.0031503737
1356431628649,0.5485339,0.42619148,-0.71935487,0.53254896,0.48517743,0.6935376,0.64459455,-0.7635206,0.039168417
1356431628688,0.584622,0.38241318,-0.71552587,0.514902,0.50667024,0.691492,0.62697136,-0.77268714,0.09930524
1356431628725,0.63635373,0.33569103,-0.69452536,0.4862643,0.5243723,0.6989855,0.59883296,-0.7825249,0.1704517
1356431628768,0.68254936,0.28884912,-0.6713365,0.4618991,0.54137015,0.7025437,0.56637067,-0.78961045,0.23609266
1356431628807,0.7059733,0.2443274,-0.66475993,0.45945546,0.5563045,0.6924059,0.5389827,-0.7942477,0.28047863
1356431628847,0.70183116,0.20337707,-0.6826938,0.48421925,0.5667047,0.6666165,0.5224603,-0.79842573,0.29925194
1356431628887,0.67035484,0.16552745,-0.723343,0.53141147,0.57327074,0.62366855,0.5179056,-0.802472,0.29633158
1356431628927,0.61390793,0.13042611,-0.7785282,0.59085196,0.5780929,0.5627634,0.5234606,-0.8054798,0.27783328
1356431628968,0.5379424,0.09872356,-0.83718073,0.6508235,0.58255,0.4868924,0.53576744,-0.80677694,0.24912673
1356431629007,0.45186928,0.07189554,-0.88918227,0.7016971,0.58683234,0.40404093,0.5508496,-0.8065103,0.21472266
1356431629048,0.36755043,0.051407397,-0.9285817,0.73896587,0.5900826,0.3251645,0.5646558,-0.80570453,0.17889678
1356431629087,0.2944576,0.03795865,-0.9549104,0.76415956,0.5906929,0.25911802,0.5738945,-0.80600315,0.14492756
1356431629127,0.23552243,0.03128645,-0.9713652,0.78185356,0.5875661,0.20849723,0.5772644,-0.80857116,0.11392355
1356431629167,0.18676326,0.030365735,-0.9819355,0.7954012,0.5819628,0.16928136,0.5765903,-0.81264824,0.084536314
1356431629207,0.14319946,0.033997327,-0.98910975,0.8045337,0.5780445,0.1363456,0.5763849,-0.81529677,0.055423677
1356431629247,0.1049016,0.04088837,-0.9936417,0.807509,0.579677,0.10910478,0.58045226,-0.8138199,0.027791321
1356431629287,0.07650907,0.049705684,-0.99582916,0.8044763,0.5869564,0.091104805,0.58903676,-0.8080913,0.004920423
1356431629327,0.06111668,0.05914381,-0.9963769,0.7980163,0.5967009,0.084368944,0.5995288,-0.8002813,-0.010729313
1356431629367,0.056557,0.06797016,-0.99608296,0.79075843,0.60602117,0.08625212,0.6095099,-0.79253924,-0.019473255
1356431629407,0.059056967,0.075259596,-0.9954136,0.78406096,0.61368954,0.09291646,0.61786777,-0.7859523,-0.022765458
1356431629447,0.06814234,0.08011475,-0.9944538,0.77834284,0.61929554,0.10322538,0.6241307,-0.78106,-0.020156503
1356431629487,0.08870818,0.080883056,-0.9927682,0.77359486,0.6222493,0.11982009,0.62744075,-0.7786294,-0.0073720813
1356431629527,0.12836993,0.07444513,-0.98892826,0.7691619,0.6219961,0.14666572,0.6260281,-0.7794734,0.022585213
1356431629568,0.19423209,0.056278497,-0.97933996,0.7629514,0.618855,0.18687883,0.6165867,-0.7834866,0.07726371
1356431629606,0.26896697,0.026268601,-0.9627911,0.75404835,0.6161747,0.22746384,0.59922266,-0.78717136,0.14592284
1356431629647,0.33549154,-0.010112286,-0.94198895,0.7450003,0.61484283,0.25873315,0.5765587,-0.7885848,0.21380824
1356431629687,0.37576237,-0.04454866,-0.92564464,0.74198747,0.6128849,0.27171084,0.55520916,-0.7889154,0.26335365
1356431629727,0.3850469,-0.07038057,-0.9202095,0.74793464,0.6079397,0.26646408,0.540678,-0.7908577,0.28672534
1356431629767,0.36758596,-0.08489564,-0.9261065,0.7604239,0.60072196,0.24675614,0.535384,-0.7949377,0.28537363
1356431629807,0.3305664,-0.088427275,-0.939631,0.77457345,0.5942487,0.21657452,0.53922343,-0.79940546,0.26493207
1356431629847,0.28163308,-0.08327401,-0.9559018,0.7862039,0.5911288,0.18013915,0.5500602,-0.80226684,0.23195177
1356431629887,0.22877146,-0.07303956,-0.9707362,0.79336643,0.5918451,0.14243978,0.5641218,-0.8027357,0.19334441
1356431629927,0.17942895,-0.06151712,-0.9818456,0.7965406,0.5948064,0.108297765,0.57734585,-0.8015117,0.15572637
1356431629967,0.13876075,-0.051332474,-0.9889947,0.7978228,0.5974356,0.08092931,0.5867064,-0.8002722,0.123854816
1356431630007,0.10808317,-0.043067455,-0.9932085,0.7995984,0.5974179,0.061108917,0.59072876,-0.8007728,0.09900749
1356431630047,0.08479132,-0.035427928,-0.99576867,0.80292046,0.5942122,0.047228754,0.5900246,-0.80352765,0.078829885
1356431630087,0.06440793,-0.02665335,-0.9975676,0.80699927,0.5894323,0.036355257,0.5870295,-0.80737793,0.059473336
1356431630127,0.04469247,-0.016002119,-0.9988726,0.80955565,0.58642983,0.026827097,0.58533937,-0.80984193,0.03916365
1356431630167,0.027003884,-0.004467398,-0.9996253,0.80909073,0.5873689,0.019231796,0.58706295,-0.809307,0.019475758
1356431630208,0.014199227,0.006306976,-0.9998793,0.80611944,0.5915581,0.015179038,0.5915825,-0.8062377,0.0033155084
1356431630247,0.007006362,0.015252829,-0.9998591,0.80207616,0.59704006,0.014728218,0.5971806,-0.8020663,-0.008050859
1356431630287,0.0037462264,0.022057474,-0.99974966,0.7977929,0.6027115,0.016287059,0.6029198,-0.7976543,-0.015339375
1356431630327,0.0036855638,0.026284397,-0.99964774,0.7933734,0.6084411,0.018923223,0.60872424,-0.79316366,-0.018610895
1356431630367,0.010739729,0.026174605,-0.9995997,0.789088,0.61378944,0.02455014,0.6141863,-0.7890358,-0.014062107
1356431630407,0.033627883,0.017945498,-0.99927324,0.78554714,0.6176628,0.0375278,0.6178873,-0.78623825,0.0066736937
1356431630447,0.080411404,-0.0033196807,-0.99675626,0.78272563,0.61936224,0.061082155,0.61715037,-0.7850983,0.05240214
1356431630487,0.14819083,-0.039732277,-0.9881603,0.7791986,0.6199995,0.09192443,0.6090066,-0.7835955,0.1228376
1356431630527,0.21863449,-0.08612177,-0.97199893,0.774675,0.62101835,0.11922592,0.59336126,-0.77905023,0.20249242
1356431630569,0.26866204,-0.1315305,-0.954212,0.7727169,0.62087876,0.13197827,0.5750908,-0.77279323,0.2684424
1356431630609,0.28822893,-0.1669681,-0.9428922,0.77676195,0.6165961,0.12825787,0.5599686,-0.76937044,0.3074153
1356431630649,0.2793306,-0.18866497,-0.94147754,0.7859495,0.6081886,0.111309975,0.5515957,-0.77104616,0.31816685
1356431630688,0.24967451,-0.19619572,-0.94824564,0.79614806,0.5990036,0.08569077,0.5511904,-0.7763388,0.3057568
1356431630727,0.20701176,-0.19063464,-0.95958567,0.8032485,0.59305596,0.055466592,0.55851424,-0.7822679,0.2758965
1356431630767,0.1607255,-0.17534548,-0.97129875,0.80529547,0.5922886,0.02633214,0.570672,-0.78641474,0.23640084
1356431630807,0.117844954,-0.15408677,-0.98100454,0.80347264,0.59533405,0.0030092597,0.5835617,-0.7885649,0.19396162
1356431630847,0.083602324,-0.13038662,-0.9879322,0.80105984,0.5984795,-0.011198372,0.5927173,-0.79045665,0.15448177
1356431630887,0.059618846,-0.10627642,-0.99254775,0.801232,0.5981421,-0.015918493,0.5953764,-0.7943119,0.120812595
1356431630927,0.044166133,-0.08180702,-0.9956691,0.80490613,0.5932589,-0.013039589,0.59175634,-0.80084425,0.09204888
1356431630968,0.03421904,-0.05586779,-0.9978516,0.8102506,0.586062,-0.0050268173,0.58508384,-0.80833787,0.065321386
1356431631007,0.02917026,-0.02799213,-0.9991824,0.81381214,0.5810799,0.0074795485,0.5803954,-0.813365,0.03973061
1356431631046,0.029182643,8.838177E-4,-0.9995737,0.813389,0.58121395,0.024260879,0.5809877,-0.81375027,0.016242445
1356431631087,0.036978006,0.029785931,-0.9988721,0.8090705,0.5857954,0.047419757,0.5865471,-0.8099115,-0.0024373531
1356431631127,0.053307787,0.057865024,-0.99690014,0.8024282,0.5917268,0.07725543,0.5943629,-0.8040591,-0.014888883
1356431631167,0.07655592,0.08489311,-0.9934447,0.7948643,0.5963216,0.11221072,0.6019385,-0.7982441,-0.021826565
1356431631207,0.10457654,0.11036143,-0.9883745,0.7869133,0.5985313,0.15009233,0.6081375,-0.7934612,-0.024252534
1356431631247,0.13761276,0.13214356,-0.98163176,0.7782775,0.59858495,0.18968424,0.6126555,-0.79008484,-0.020471454
1356431631287,0.17997873,0.14638606,-0.9727172,0.76784074,0.59717965,0.23194185,0.61484,-0.78863657,-0.0049215555
1356431631327,0.23822886,0.14865011,-0.95976573,0.75342834,0.5953027,0.2792142,0.6128563,-0.78963155,0.029821098
1356431631367,0.31526086,0.13695565,-0.9390707,0.73194945,0.5947411,0.332465,0.6040369,-0.79216546,0.08725399
1356431631407,0.39993063,0.11571297,-0.90921175,0.7029458,0.5978466,0.38528776,0.58815193,-0.7932149,0.15775722
1356431631466,0.47164884,0.09387615,-0.8767751,0.6729561,0.60420036,0.42669892,0.5698046,-0.79128325,0.22179589
1356431631488,0.51645935,0.07794425,-0.852757,0.65201867,0.6097654,0.4506194,0.55510485,-0.78874,0.26409793
1356431631527,0.53197545,0.0691151,-0.8439343,0.6460168,0.61119884,0.4572727,0.5474161,-0.78845364,0.2804933
1356431631565,0.52216595,0.06558052,-0.8503187,0.65426326,0.60875934,0.44872212,0.5470669,-0.79063976,0.2749665
1356431631608,0.49142665,0.06559628,-0.86844516,0.67262053,0.60485387,0.4263019,0.55324626,-0.7936302,0.2531199
1356431631647,0.44598252,0.06756082,-0.8924881,0.6950599,0.60209453,0.39290446,0.56390715,-0.79556125,0.22156483
1356431631688,0.39212582,0.07081494,-0.91718185,0.71678114,0.60141397,0.3528825,0.5765953,-0.79579294,0.18507111
1356431631727,0.3397357,0.07509428,-0.93751824,0.7343429,0.6016282,0.3142993,0.58763945,-0.79523855,0.14924961
1356431631767,0.2967338,0.08084825,-0.9515317,0.747875,0.5999289,0.28419757,0.59382826,-0.7959578,0.117554784
1356431631807,0.26684716,0.089372724,-0.95958585,0.75935745,0.5936148,0.26645386,0.5934381,-0.7997712,0.09053856
1356431631847,0.24777806,0.10179263,-0.9634543,0.7702443,0.582507,0.259633,0.5876476,-0.8064266,0.06592727
1356431631887,0.23458797,0.11839759,-0.9648577,0.7796148,0.5699697,0.25949034,0.5806627,-0.8130907,0.041403532
1356431631927,0.2249757,0.13828951,-0.96450084,0.78496754,0.5607116,0.2634929,0.57724506,-0.81638134,0.017593741
1356431631967,0.22060356,0.15953779,-0.9622275,0.7846786,0.55692613,0.27223668,0.5793217,-0.81509566,-0.0023260117
1356431632007,0.22283539,0.17965803,-0.9581583,0.7794632,0.55745375,0.2858014,0.5854755,-0.8105358,-0.01581639
1356431632047,0.22851336,0.19575813,-0.9536563,0.7717979,0.5606391,0.30001974,0.5933883,-0.80458844,-0.022972167
1356431632087,0.2325213,0.20500803,-0.95073944,0.7643236,0.56598973,0.30897415,0.601451,-0.7985157,-0.025087833
1356431632127,0.23350024,0.20527622,-0.9504416,0.7582346,0.57349104,0.31014216,0.6087346,-0.79307604,-0.021737278
1356431632167,0.23745233,0.1957252,-0.95147675,0.7525885,0.5822374,0.30758756,0.614188,-0.78910786,-0.009046912
1356431632207,0.25688407,0.1769678,-0.95010155,0.7448057,0.59021175,0.31131116,0.61585313,-0.78761196,0.019809365
1356431632247,0.30349845,0.15043965,-0.9408807,0.73147225,0.5960066,0.3312468,0.61060375,-0.7887611,0.07084465
1356431632287,0.37211284,0.11770859,-0.9206936,0.71133053,0.6010542,0.36433887,0.5962725,-0.79049265,0.13993025
1356431632327,0.4394862,0.081719905,-0.8945243,0.690037,0.60683733,0.3944582,0.5750658,-0.7906139,0.21030688
1356431632367,0.482575,0.046000123,-0.8746458,0.6791329,0.6109533,0.40683487,0.5530822,-0.7903291,0.26359057
1356431632407,0.4903919,0.01268357,-0.8714098,0.6868588,0.6098159,0.39541057,0.53641474,-0.7924416,0.29033694
1356431632447,0.46297908,-0.016912997,-0.8862078,0.711764,0.6029501,0.36033773,0.52824473,-0.7975997,0.2911913
1356431632487,0.405221,-0.04181087,-0.91326225,0.74550116,0.5933319,0.30362037,0.529173,-0.8038714,0.2716005
1356431632527,0.32775718,-0.060692698,-0.94281054,0.7771026,0.5848544,0.23250127,0.5372958,-0.8088645,0.23885465
1356431632567,0.24237156,-0.07260206,-0.96746314,0.79958785,0.579715,0.15681094,0.54946804,-0.81157833,0.19855821
1356431632607,0.16483915,-0.07689187,-0.98331875,0.81104684,0.5778958,0.09077099,0.56127626,-0.8124802,0.15762275
1356431632647,0.1040283,-0.07451728,-0.99177885,0.8153864,0.5773811,0.042144865,0.5694939,-0.8130672,0.12082434
1356431632687,0.063767195,-0.06603545,-0.99577767,0.81773394,0.5754211,0.014206409,0.5720534,-0.81518704,0.0906924
1356431632728,0.041440085,-0.052081823,-0.9977826,0.82101,0.5708976,0.004298836,0.5694078,-0.81936765,0.06641775
1356431632767,0.030510858,-0.03401962,-0.9989553,0.8247074,0.5655285,0.005929619,0.56473595,-0.8240268,0.045311034
1356431632807,0.027360067,-0.012883157,-0.9995426,0.8262466,0.5630992,0.015358716,0.56264377,-0.82628894,0.026051104
1356431632847,0.031850398,0.009957761,-0.99944305,0.8239738,0.56572956,0.03189507,0.5657321,-0.8245307,0.009813786
1356431632887,0.044005364,0.03274265,-0.9984946,0.8181795,0.5723429,0.054826885,0.5732764,-0.8193605,-0.0016031861
1356431632927,0.060669616,0.053091645,-0.996745,0.81032324,0.5804633,0.080240965,0.582834,-0.81255376,-0.00780493
1356431632967,0.076875016,0.06838846,-0.99469256,0.80207276,0.588375,0.10244113,0.592258,-0.80569094,-0.009621203
1356431633007,0.09065132,0.07685056,-0.9929131,0.79464686,0.59536815,0.118630946,0.6002656,-0.7997693,-0.0070981383
1356431633047,0.10696381,0.07827419,-0.99117696,0.78843737,0.6006703,0.13252044,0.6057434,-0.7956559,0.0025357008
1356431633087,0.13743249,0.073773116,-0.98775995,0.78288126,0.6028236,0.15394983,0.60680234,-0.7944565,0.025091946
1356431633127,0.19451576,0.06454331,-0.9787737,0.7754097,0.60100543,0.19373256,0.6007525,-0.7966346,0.06685752
1356431633167,0.2802062,0.05077523,-0.958596,0.7604361,0.59770435,0.25394168,0.58585095,-0.8001071,0.12886912
1356431633207,0.3715333,0.03161493,-0.9278812,0.73655915,0.59837925,0.315314,0.5651935,-0.800589,0.19903159
1356431633247,0.4377346,0.00802505,-0.8990685,0.71423167,0.60429144,0.353136,0.5461333,-0.79672295,0.2587875
1356431633287,0.46155563,-0.018305808,-0.8869223,0.70764136,0.6105343,0.35565633,0.53498596,-0.79177815,0.29474953
1356431633327,0.44396335,-0.045215756,-0.89490336,0.7201123,0.61233974,0.32631016,0.5332305,-0.7893007,0.30441687
1356431633367,0.395079,-0.070501834,-0.9159378,0.74397707,0.6094463,0.27399534,0.53889775,-0.7896865,0.29323116
1356431633407,0.32511598,-0.09197679,-0.94119066,0.7693534,0.6044631,0.2066876,0.5499045,-0.79130566,0.26728326
1356431633447,0.24689345,-0.10760838,-0.9630493,0.78827447,0.6003301,0.13500786,0.5636195,-0.79247975,0.23304254
1356431633487,0.1731087,-0.11597499,-0.9780507,0.7983539,0.59806085,0.07038686,0.5767708,-0.7930151,0.1961186
1356431633527,0.11348742,-0.116363436,-0.98670167,0.80264616,0.59604865,0.02202487,0.5855593,-0.79447186,0.16104269
1356431633569,0.07087456,-0.10899457,-0.99151254,0.8066312,0.59101003,-0.007309258,0.58679056,-0.7992668,0.12980598
1356431633608,0.04404424,-0.09412688,-0.9945855,0.81321794,0.581648,-0.019034177,0.5802903,-0.80797637,0.10216391
1356431633649,0.02591616,-0.07368505,-0.9969448,0.82226765,0.5687258,-0.020659715,0.56851053,-0.81922007,0.07532805
1356431633688,0.013248831,-0.048320472,-0.998744,0.8298245,0.55779564,-0.015978813,0.55786705,-0.82857054,0.047487676
1356431633727,0.004115328,-0.020466655,-0.9997821,0.8321074,0.5545579,-0.007927269,0.5545993,-0.83189344,0.01931262
1356431633767,0.0032621473,0.008302838,-0.9999602,0.828177,0.5604185,0.0073550045,0.5604572,-0.82816803,-0.0050480366
1356431633807,0.011498645,0.0352647,-0.99931186,0.81974626,0.5719605,0.029616386,0.5726114,-0.81952274,-0.022331357
1356431633847,0.025484368,0.05781004,-0.99800235,0.809644,0.5843832,0.054525435,0.5863679,-0.80941606,-0.031912923
1356431633887,0.040010497,0.073613524,-0.9964839,0.8000057,0.59514844,0.07608712,0.5986569,-0.80023706,-0.035079062
1356431633927,0.05373645,0.08150363,-0.99522334,0.79187775,0.60368013,0.09219521,0.60831076,-0.79304945,-0.032101274
1356431633968,0.07238507,0.08133829,-0.99405456,0.78537863,0.6096843,0.10707703,0.614769,-0.78846,-0.019749343
1356431634007,0.10697596,0.07300088,-0.9915781,0.7796781,0.61270183,0.12922296,0.61697507,-0.78693545,0.008627176
1356431634047,0.16625623,0.055551887,-0.98451656,0.77229613,0.61345166,0.16503274,0.6131212,-0.78777605,0.059087634
1356431634087,0.24405967,0.028176367,-0.9693508,0.760236,0.6150125,0.20928627,0.60205984,-0.78801376,0.12867904
1356431634127,0.31642374,-0.0068959594,-0.9485929,0.74592775,0.6195978,0.24431613,0.58606136,-0.7848892,0.20119935
1356431634167,0.3610221,-0.044125766,-0.9315127,0.7378266,0.62440544,0.256378,0.5703287,-0.77985305,0.25798136
1356431634207,0.37055886,-0.078104675,-0.9255192,0.741651,0.6247486,0.24421921,0.5591421,-0.7769098,0.28943256
1356431634247,0.34989733,-0.104807466,-0.9309067,0.7556379,0.6189274,0.2143367,0.55369955,-0.7784242,0.2957575
1356431634306,0.3081078,-0.122044295,-0.9434907,0.77401304,0.60878813,0.17401367,0.55314857,-0.7838891,0.28203624
1356431634327,0.25474495,-0.12881783,-0.95838976,0.7911533,0.5976507,0.12996194,0.5560409,-0.79134035,0.25416315
1356431634367,0.19899209,-0.12547791,-0.9719349,0.8037772,0.58829385,0.088614434,0.5606642,-0.7988527,0.21792209
1356431634405,0.1500032,-0.113726586,-0.9821229,0.8115858,0.58148295,0.056622684,0.56464815,-0.80557054,0.17952317
1356431634448,0.11349736,-0.09582296,-0.9889067,0.8169575,0.5754444,0.038003355,0.56541926,-0.81220794,0.14359468
1356431634487,0.091136545,-0.073339105,-0.9931342,0.8222668,0.5681151,0.033503532,0.5617575,-0.8196747,0.112080395
1356431634527,0.079347774,-0.04728967,-0.99572474,0.82794726,0.55941963,0.03940952,0.5551643,-0.82753456,0.08354205
1356431634571,0.07321961,-0.017903805,-0.9971551,0.8318416,0.55265033,0.0511581,0.5501622,-0.83322084,0.055357993
1356431634608,0.0727686,0.013668209,-0.99725515,0.83153796,0.5512612,0.06823188,0.5506807,-0.8342207,0.02874887
1356431634649,0.074785024,0.04440674,-0.99621046,0.82610404,0.55678713,0.08683437,0.5585332,-0.8294674,0.0049547553
1356431634688,0.08240378,0.07296038,-0.99392474,0.8171578,0.56595767,0.10929334,0.57049334,-0.82119954,-0.012983084
1356431634727,0.09492689,0.09724605,-0.990723,0.8067848,0.57549816,0.13379169,0.58316994,-0.8120007,-0.02382636
1356431634767,0.11028354,0.1159018,-0.9871192,0.7968346,0.5833047,0.1575126,0.5940472,-0.8039418,-0.028025627
1356431634807,0.1277695,0.12740493,-0.98358685,0.7882088,0.58890057,0.17867044,0.60199827,-0.79810035,-0.025178134
1356431634847,0.15091413,0.12960991,-0.9800134,0.7810484,0.59205633,0.19857651,0.6059606,-0.7954059,-0.0118819475
1356431634887,0.1873,0.119586915,-0.97499627,0.774446,0.592612,0.22145972,0.60427815,-0.79656136,0.018382609
1356431634927,0.24286139,0.09482816,-0.96541494,0.76618695,0.5916322,0.2508565,0.59495884,-0.8006116,0.07102853
1356431634967,0.31230325,0.056454957,-0.9483035,0.75418746,0.59224445,0.28363314,0.57764,-0.8037782,0.14238226
1356431635007,0.37623346,0.011643082,-0.9264517,0.7408792,0.59666204,0.30837065,0.55636895,-0.80240816,0.2158581
1356431635047,0.41479284,-0.030157357,-0.90941596,0.73365057,0.60228807,0.314652,0.53824127,-0.797709,0.27194977
1356431635087,0.42043287,-0.06322935,-0.90511787,0.7376615,0.6046573,0.30040842,0.52829146,-0.7939721,0.30085963
1356431635127,0.395557,-0.08637473,-0.91437083,0.7516656,0.602527,0.26825374,0.5277627,-0.7934107,0.3032587
1356431635167,0.3463415,-0.100351125,-0.93272567,0.77001166,0.5983296,0.2215485,0.5358448,-0.7949411,0.28449792
1356431635207,0.28196746,-0.107198596,-0.95341635,0.78608984,0.59553784,0.16552156,0.5500519,-0.79614264,0.25219
1356431635247,0.21140425,-0.108745605,-0.97133034,0.7959968,0.59585184,0.10653517,0.5671837,-0.7956978,0.2125268
1356431635287,0.1435634,-0.10713071,-0.98382545,0.7998216,0.59801626,0.05159369,0.58281636,-0.79429185,0.17153871
1356431635327,0.084360465,-0.10364288,-0.99103045,0.8010139,0.59861976,0.0055812597,0.592672,-0.7943,0.13351923
1356431635367,0.035596684,-0.098317206,-0.9945183,0.80346596,0.59459317,-0.030022621,0.5942856,-0.7979929,0.10016006
1356431635407,-0.0053032935,-0.09004858,-0.9959233,0.8087461,0.5853667,-0.05723372,0.58813417,-0.8057525,0.06972206
1356431635447,-0.04111603,-0.07776731,-0.9961233,0.81464154,0.5746294,-0.07848653,0.5785054,-0.8147105,0.03972608
1356431635487,-0.07140085,-0.062006623,-0.99551845,0.817546,0.56813574,-0.09402302,0.5714197,-0.8205955,0.010127902
1356431635527,-0.09255022,-0.04483497,-0.9946981,0.8159884,0.5690746,-0.10157287,0.5706114,-0.82106274,-0.016083121
1356431635569,-0.1019562,-0.028538138,-0.9943794,0.81126523,0.57611245,-0.09971517,0.5757201,-0.8168721,-0.035586238
1356431635608,-0.10065727,-0.014535487,-0.99481493,0.805843,0.585236,-0.09008777,0.58351105,-0.81073266,-0.047194958
1356431635649,-0.09254612,-0.0039105415,-0.9957007,0.80062,0.5942368,-0.07674801,0.5919821,-0.80428064,-0.05186349
1356431635689,-0.08080149,0.0026158988,-0.99672675,0.7960535,0.6019432,-0.06295377,0.5998082,-0.79853463,-0.050720274
1356431635727,-0.063948855,0.0038032234,-0.9979459,0.79297125,0.6073256,-0.048499465,0.6058936,-0.7944439,-0.041853607
1356431635767,-0.03532569,-0.002264291,-0.99937326,0.7925408,0.60911,-0.029394716,0.60879475,-0.7930825,-0.01972264
1356431635807,0.013798624,-0.017915934,-0.99974424,0.79482937,0.606833,9.557605E-5,0.60667604,-0.7946274,0.022613585
1356431635847,0.08419329,-0.043782175,-0.9954871,0.7968341,0.6028136,0.040880054,0.5983033,-0.79667985,0.08564001
1356431635887,0.16146487,-0.07585183,-0.9839591,0.7948034,0.6010123,0.08409384,0.5849929,-0.79563224,0.15732968
1356431635927,0.2231399,-0.10645914,-0.96895564,0.79007447,0.6019727,0.11580676,0.5709561,-0.7913882,0.21843481
1356431635967,0.25536472,-0.1292637,-0.95816475,0.78801644,0.6020306,0.1287992,0.5601954,-0.7879404,0.25559926
1356431636007,0.25754225,-0.14168167,-0.9558233,0.7912737,0.5986603,0.124465734,0.554579,-0.7883731,0.2662893
1356431636047,0.23639773,-0.1437451,-0.96096486,0.7978016,0.5932559,0.10751781,0.55464286,-0.79207623,0.25492442
1356431636087,0.20066692,-0.13658857,-0.970091,0.803822,0.58900285,0.083342165,0.5600028,-0.7965044,0.22798622
1356431636127,0.15913926,-0.12172365,-0.9797235,0.8069274,0.58779186,0.058042586,0.5688084,-0.79980254,0.19176286
1356431636167,0.12041856,-0.10064942,-0.9876077,0.80718434,0.58904994,0.038388163,0.5778866,-0.8018042,0.15217519
1356431636207,0.09185393,-0.074195325,-0.9930045,0.80655515,0.5903717,0.030495763,0.5839792,-0.80371404,0.114070594
1356431636247,0.078654185,-0.04185611,-0.99602294,0.80737996,0.58874047,0.039016634,0.58476603,-0.80723774,0.080100656
1356431636287,0.08321965,-0.0019387901,-0.99652934,0.81041336,0.58206695,0.06654477,0.5799178,-0.81313854,0.05001062
1356431636327,0.105500236,0.047389,-0.99328953,0.8132404,0.570731,0.1136058,0.57228476,-0.81976855,0.02167362
1356431636367,0.1455487,0.10687369,-0.98356175,0.81052524,0.55720097,0.18048802,0.56733096,-0.8234714,-0.0055239797
1356431636407,0.20032784,0.17349651,-0.9642446,0.7974787,0.54283744,0.26335388,0.5691191,-0.8217216,-0.02961433
1356431636447,0.26700056,0.24265802,-0.9326456,0.77172625,0.5257983,0.35773563,0.57719094,-0.8152627,-0.046877146
1356431636488,0.33783108,0.30717057,-0.88967204,0.7349604,0.5043948,0.4532318,0.5879655,-0.80698955,-0.055357933
1356431636527,0.4033733,0.36070967,-0.840939,0.6924838,0.4803971,0.53822374,0.5981272,-0.7994417,-0.056006253
1356431636569,0.45761153,0.3999052,-0.7941458,0.6504164,0.45843032,0.6056403,0.6062592,-0.7936734,-0.050321877
1356431636608,0.5005282,0.4241258,-0.7547111,0.6124394,0.44267872,0.6549455,0.6118738,-0.79003346,-0.038178116
1356431636649,0.54066,0.43375367,-0.72079444,0.57518,0.4346521,0.6929976,0.61388505,-0.78926253,-0.014487416
1356431636689,0.586266,0.4286388,-0.68743074,0.5327711,0.4352403,0.72575533,0.61028445,-0.79172885,0.026800215
1356431636727,0.6413773,0.40988034,-0.6485625,0.47980726,0.44534737,0.75594354,0.598682,-0.79603004,0.08897212
1356431636767,0.69721305,0.38120282,-0.6071065,0.4222685,0.46597886,0.77753,0.57929546,-0.798466,0.16391659
1356431636807,0.7406549,0.34934247,-0.5739253,0.3759678,0.4924565,0.78494257,0.55684704,-0.797149,0.23339877
1356431636847,0.7643976,0.32000878,-0.55972373,0.35530552,0.5153377,0.7798622,0.5380095,-0.79499775,0.28022206
1356431636887,0.76876354,0.2956707,-0.5670815,0.36305475,0.5282148,0.76758087,0.52649206,-0.79596984,0.29872763
1356431636927,0.7548979,0.27666402,-0.59463114,0.3952868,0.5315456,0.749138,0.523333,-0.8005725,0.291901
1356431636967,0.72161204,0.2627804,-0.64048606,0.44674113,0.5300021,0.72077733,0.52886516,-0.80625314,0.26506108
1356431637007,0.6690985,0.25309688,-0.6987483,0.50890636,0.5291522,0.67897886,0.5415916,-0.8099012,0.22525233
1356431637047,0.6009056,0.24680988,-0.7602614,0.57193285,0.53168994,0.6246588,0.55839527,-0.8101795,0.17833674
1356431637087,0.52832663,0.24350771,-0.81337255,0.62531924,0.5364208,0.56677026,0.5743229,-0.80805737,0.13113537
1356431637145,0.4655123,0.24381031,-0.8507965,0.66410446,0.5392203,0.5178867,0.5850329,-0.8061004,0.089098185
1356431637167,0.42168325,0.24874039,-0.8719584,0.68998474,0.53589803,0.4865536,0.5883063,-0.8068095,0.054352164
1356431637208,0.39671457,0.25874254,-0.88072115,0.7074641,0.52517045,0.47295922,0.5849034,-0.81070846,0.025291681
1356431637245,0.3836477,0.2733277,-0.8821034,0.71962446,0.51014507,0.4710548,0.57875305,-0.8155023,-9.773374E-4
1356431637287,0.37481803,0.2909907,-0.88024765,0.72741985,0.49633998,0.47382173,0.5747798,-0.8179065,-0.025635242
1356431637327,0.36826673,0.30985296,-0.8765676,0.73007655,0.48738346,0.47900486,0.57564557,-0.816363,-0.046729267
1356431637367,0.36477143,0.32723302,-0.8716997,0.7278872,0.48358917,0.48612937,0.5806221,-0.81182516,-0.061789215
1356431637407,0.36472666,0.34059855,-0.8665836,0.72281253,0.48312163,0.49410066,0.5869552,-0.8065891,-0.069981575
1356431637447,0.36501065,0.347754,-0.86361706,0.71763194,0.48585406,0.4989492,0.5931034,-0.80188096,-0.072217464
1356431637487,0.36319888,0.3470431,-0.8646662,0.7138042,0.49280405,0.49762213,0.59880733,-0.7979381,-0.068734884
1356431637527,0.36344686,0.33755386,-0.86831087,0.70902586,0.5043658,0.49284637,0.6043084,-0.79477835,-0.056024253
1356431637571,0.37597334,0.31902045,-0.8699828,0.69839376,0.51949173,0.4923154,0.60900754,-0.792688,-0.02748686
1356431637608,0.41186717,0.29237843,-0.86306447,0.67652845,0.53639925,0.50456417,0.61047083,-0.7917011,0.023122907
1356431637649,0.46953684,0.2588786,-0.8441073,0.6426672,0.55534095,0.52780235,0.605404,-0.79030263,0.09438026
1356431637687,0.5278859,0.22097035,-0.82006615,0.60721344,0.57690996,0.54632103,0.59382504,-0.78635037,0.1703665
1356431637728,0.56667954,0.18278961,-0.80340666,0.585149,0.5971889,0.5486038,0.5800646,-0.78099513,0.23145556
1356431637767,0.5771013,0.1472155,-0.80329436,0.58589447,0.61059976,0.5328186,0.56893045,-0.77813596,0.2661251
1356431637807,0.55822116,0.11533059,-0.82163733,0.60925174,0.6152448,0.5002861,0.5632064,-0.7798543,0.2731773
1356431637847,0.51200914,0.08774188,-0.85448694,0.64780986,0.6138111,0.45119655,0.5640824,-0.7845619,0.25743684
1356431637887,0.44356427,0.06533387,-0.8938581,0.6904814,0.6109315,0.38729575,0.5713897,-0.788983,0.22587556
1356431637927,0.36387074,0.04968226,-0.9301235,0.7264384,0.6098752,0.316764,0.5829968,-0.7909386,0.18582463
1356431637967,0.28899223,0.042842478,-0.95637226,0.75005543,0.61065453,0.25400373,0.59489524,-0.7907373,0.14434016
1356431638007,0.23300996,0.04661581,-0.97135645,0.76326966,0.6101767,0.21237662,0.6025992,-0.79089284,0.10659683
1356431638047,0.2020554,0.061978042,-0.97741103,0.77171195,0.6044111,0.19785818,0.603021,-0.7942581,0.07429534
1356431638087,0.19503514,0.08907732,-0.9767428,0.7784258,0.59177953,0.2094047,0.5966696,-0.8011631,0.04607773
1356431638127,0.20776328,0.12705964,-0.96989185,0.78124374,0.57511514,0.24269477,0.5886362,-0.80814505,0.02022326
1356431638167,0.23607653,0.1738815,-0.95605075,0.7756251,0.55896974,0.2931867,0.5853832,-0.81075156,-0.0029072165
1356431638207,0.2758027,0.22603816,-0.9342589,0.7592696,0.544799,0.3559548,0.58944255,-0.80752766,-0.021366835
1356431638247,0.32203546,0.27875876,-0.90475786,0.7334739,0.5307798,0.42460436,0.5985893,-0.80035394,-0.03353238
1356431638287,0.3689148,0.32698727,-0.8700467,0.70168245,0.51590025,0.49141487,0.60954374,-0.7917867,-0.039117992
1356431638327,0.4104867,0.36656713,-0.8349426,0.6684792,0.5017877,0.54894865,0.6201905,-0.7834779,-0.0390653
1356431638367,0.44533244,0.39499986,-0.8035261,0.63663363,0.49134353,0.594373,0.6295846,-0.77624524,-0.032658935
1356431638407,0.47917297,0.41140485,-0.7753318,0.6048337,0.48536566,0.6313449,0.6360578,-0.7714702,-0.016257405
1356431638447,0.5230935,0.41629437,-0.7436882,0.56627154,0.48237318,0.6683207,0.6369535,-0.77072376,0.016590595
1356431638487,0.5821614,0.4103721,-0.70191365,0.51424825,0.4828458,0.70880795,0.6297911,-0.77359855,0.07006109
1356431638527,0.6477751,0.3952019,-0.6513086,0.45037153,0.49088377,0.74578726,0.6144534,-0.7764332,0.13999459
1356431638571,0.70086545,0.3735815,-0.6076384,0.3929226,0.50877213,0.7660043,0.59531456,-0.7756208,0.20979217
1356431638608,0.7310523,0.34897843,-0.58632463,0.361652,0.5304946,0.7666703,0.57859343,-0.77252156,0.26161054
1356431638649,0.7365837,0.32213977,-0.59470195,0.3664026,0.5490234,0.75121397,0.5685012,-0.7712323,0.28636885
1356431638689,0.71832144,0.2917947,-0.63156176,0.40499422,0.5627398,0.72062725,0.56568015,-0.7734209,0.28605288
1356431638729,0.67480844,0.25638795,-0.6920251,0.47005838,0.5735713,0.6708659,0.5689277,-0.7779982,0.26653343
1356431638767,0.6031232,0.21463118,-0.768229,0.5513699,0.5837879,0.5959722,0.57639706,-0.783023,0.23375487
1356431638807,0.5042523,0.16763592,-0.84712917,0.63444775,0.5935794,0.4951157,0.58583754,-0.7871224,0.19295755
1356431638847,0.38934016,0.12043187,-0.91318697,0.703653,0.6008691,0.37924784,0.59437937,-0.79022306,0.14920026
1356431638887,0.28097185,0.08134946,-0.956262,0.75019157,0.6028174,0.27170536,0.5985544,-0.7937212,0.10834706
1356431638927,0.19950171,0.056973994,-0.9782397,0.7778353,0.59795207,0.19345683,0.59596246,-0.7995044,0.07497609
1356431638968,0.15241101,0.048914403,-0.98710597,0.7950413,0.58723867,0.15185547,0.5870948,-0.80793446,0.050612688
1356431639007,0.13524051,0.054530323,-0.9893111,0.80607605,0.5745579,0.14186129,0.5761522,-0.8166454,0.03374797
1356431639047,0.13712831,0.06880149,-0.9881611,0.81058097,0.56559306,0.15186518,0.5693456,-0.82180953,0.02178967
1356431639087,0.14686804,0.08623728,-0.9853897,0.80800223,0.56418,0.16980395,0.5705806,-0.8211359,0.013180077
1356431639127,0.15761352,0.10231754,-0.98218584,0.80022526,0.5695532,0.18774614,0.57861674,-0.8155613,0.007892191
1356431639167,0.16616763,0.11375764,-0.9795139,0.7905965,0.57831013,0.2012822,0.58936024,-0.80784684,0.006160021
1356431639208,0.16996613,0.11815351,-0.9783411,0.7819207,0.5880549,0.2068612,0.5997597,-0.8001445,0.0075627565
1356431639247,0.16723683,0.11399123,-0.9793048,0.7756804,0.597906,0.20206007,0.60856533,-0.7934195,0.011571169
1356431639287,0.16470128,0.10295504,-0.9809555,0.7707048,0.60721886,0.19313037,0.6155385,-0.78783596,0.020661771
1356431639327,0.17390957,0.08653575,-0.98095214,0.7653367,0.61496735,0.1899339,0.6196896,-0.78378993,0.040719748
1356431639367,0.21135813,0.06699434,-0.97511005,0.7567767,0.6201521,0.2066409,0.6185603,-0.78161573,0.08037442
1356431639407,0.27718222,0.042562872,-0.95987415,0.74277556,0.62421024,0.24216962,0.6094707,-0.7800962,0.14140534
1356431639447,0.35465646,0.011775732,-0.9349225,0.72363454,0.62974757,0.28243774,0.59209114,-0.77671057,0.21482271
1356431639487,0.4133567,-0.025616378,-0.9102087,0.708676,0.6367216,0.30391425,0.57176435,-0.7706681,0.2813469
1356431639527,0.43468264,-0.06624031,-0.8981443,0.70852745,0.64076316,0.2956543,0.5559135,-0.76487565,0.32546172
1356431639571,0.41817367,-0.10529566,-0.9022436,0.72423065,0.6381769,0.26118994,0.54828894,-0.76265526,0.34312713
1356431639608,0.3722655,-0.13800868,-0.9178083,0.7485802,0.62924004,0.20900884,0.5486767,-0.7648599,0.33755487
1356431639649,0.30729932,-0.16092518,-0.93790734,0.7727325,0.61741674,0.14724508,0.5553843,-0.76999974,0.31408387
1356431639689,0.23506601,-0.1723038,-0.9565852,0.79003143,0.60717726,0.08477092,0.56621045,-0.7756592,0.27885216
1356431639727,0.16524076,-0.17251927,-0.9710473,0.79861695,0.60113585,0.029099107,0.57871115,-0.78030306,0.23710895
1356431639767,0.106575966,-0.1631952,-0.9808205,0.8006052,0.59905803,-0.012681335,0.58963794,-0.7838985,0.19450009
1356431639807,0.063279554,-0.14638177,-0.98720217,0.80054176,0.5981105,-0.037372857,0.59592664,-0.78793156,0.15503287
1356431639847,0.03507735,-0.123249054,-0.9917557,0.80220014,0.5953107,-0.0456084,0.59602404,-0.7939867,0.11975229
1356431639887,0.017908037,-0.09458083,-0.9953561,0.8060282,0.5904134,-0.041600585,0.59160614,-0.8015401,0.086807966
1356431639927,0.008308679,-0.06146592,-0.99807453,0.8092783,0.5866895,-0.02939403,0.5873666,-0.80747586,0.054617643
1356431639985,0.0069531947,-0.02591613,-0.99964,0.80909646,0.5875974,-0.009605885,0.5876348,-0.8087383,0.025054336
1356431640016,0.015743002,0.00934279,-0.9998324,0.80327475,0.5953302,0.018211037,0.59540045,-0.80342686,0.0018674731
1356431640067,0.04250154,0.043311268,-0.9981572,0.7935934,0.6054765,0.0600636,0.60696214,-0.7946838,-0.008637905
1356431640104,0.07339007,0.0715045,-0.9947367,0.7842245,0.61206,0.10185543,0.61612165,-0.787572,-0.01115644
1356431640148,0.104607895,0.09056741,-0.99038106,0.77574,0.6157242,0.13824281,0.6223219,-0.7827395,-0.005847156
1356431640187,0.1378127,0.099069625,-0.9854912,0.76854146,0.61694074,0.16949403,0.6247814,-0.7807492,0.008883178
1356431640227,0.18307969,0.096407145,-0.97835964,0.7615335,0.6154638,0.20315275,0.62173027,-0.7822468,0.03926164
1356431640267,0.24901691,0.080961466,-0.9651093,0.751547,0.61238235,0.24528554,0.6108746,-0.7864052,0.09164721
1356431640307,0.33201098,0.052161574,-0.9418321,0.734921,0.6116164,0.29294455,0.59132034,-0.789433,0.16472876
1356431640347,0.41094053,0.014069617,-0.9115536,0.71420664,0.6164609,0.33148885,0.56660104,-0.7872598,0.24328017
1356431640387,0.46109337,-0.024416,-0.8870157,0.7006601,0.623397,0.3470614,0.544489,-0.7815242,0.30455154
1356431640427,0.47489458,-0.05515346,-0.8783127,0.7018986,0.62577385,0.34021395,0.53086114,-0.77805215,0.33588874
1356431640467,0.45693767,-0.07364249,-0.8864449,0.7161063,0.621603,0.3174924,0.52763593,-0.7798631,0.33676973
1356431640507,0.4165358,-0.0782029,-0.9057496,0.7355673,0.614485,0.28521743,0.53426474,-0.785043,0.3134785
1356431640570,0.3636254,-0.068748355,-0.9290049,0.7527431,0.60918045,0.24955344,0.5487753,-0.7900461,0.27326334
1356431640589,0.3087107,-0.04689172,-0.94999945,0.76369214,0.607596,0.2181777,0.56698513,-0.79286087,0.22338217
1356431640629,0.26102751,-0.015634835,-0.9652048,0.7690973,0.6076396,0.19814998,0.58339864,-0.794059,0.17063534
1356431640669,0.22932155,0.021148026,-0.97312105,0.7718668,0.60512716,0.19504565,0.5929868,-0.79584795,0.122445226
1356431640708,0.21737635,0.059748977,-0.97425747,0.77494264,0.59630865,0.20947546,0.59347403,-0.8005286,0.08332139
