1356431480904,0.017591774,-0.28964326,0.956973,0.04375241,-0.95598125,-0.2901474,0.9988875,0.04697407,-0.004144757
1356431481049,-0.033834442,0.79330933,-0.60787785,-0.0294362,0.6071712,0.7940256,0.9989939,0.044759035,0.00280869
1356431481086,-0.029309958,0.79533494,-0.60546106,-0.03255388,0.6046405,0.795833,0.99904007,0.043035954,0.008169293
1356431481127,-0.025043264,0.7987101,-0.6011946,-0.035458356,0.6002951,0.79899216,0.9990573,0.04132673,0.013287604
1356431481169,-0.02093418,0.80034876,-0.59916914,-0.038179964,0.5982234,0.80041933,0.9990516,0.03963238,0.018033981
1356431481208,-0.01781945,0.8012707,-0.59803665,-0.040168196,0.597075,0.8011791,0.99903405,0.038298607,0.021546066
1356431481245,-0.016270325,0.8009547,-0.5985038,-0.041133225,0.59754014,0.8007833,0.9990212,0.037647456,0.023223698
1356431481288,-0.016579732,0.7991629,-0.60088587,-0.041076005,0.5999167,0.79900736,0.99901855,0.037929296,0.022879958
1356431481327,-0.018743902,0.79596794,-0.60504854,-0.040195376,0.60406566,0.79592013,0.99901605,0.03923884,0.020671666
1356431481367,-0.022589132,0.7915507,-0.61068577,-0.03866893,0.6096928,0.7916939,0.9989967,0.041498274,0.016835988
1356431481407,-0.027541265,0.7863505,-0.61716616,-0.036634177,0.61619174,0.78674364,0.99894905,0.04427737,0.011836648
1356431481447,-0.03295274,0.7808223,-0.6238835,-0.034067452,0.6229823,0.7814938,0.9988761,0.047006518,0.0060716867
1356431481487,-0.038321793,0.7752598,-0.6304789,-0.03092295,0.62972015,0.7762064,0.99878687,0.04924193,-1.5866756E-4
1356431481527,-0.043265432,0.7698556,-0.63675,-0.02736029,0.6361947,0.7710433,0.99868894,0.05078116,-0.006461799
1356431481567,-0.04722634,0.7650076,-0.6422873,-0.02380398,0.64196026,0.76636827,0.99860054,0.051481754,-0.0121071935
1356431481607,-0.049238637,0.7616173,-0.6461538,-0.020734936,0.6460196,0.76303923,0.9985719,0.050968945,-0.01601702
1356431481647,-0.047972456,0.7610551,-0.64691097,-0.018526912,0.6468673,0.76237756,0.99867684,0.048558414,-0.016931772
1356431481687,-0.04235503,0.7644808,-0.6432535,-0.017348826,0.64317155,0.7655256,0.998952,0.0435836,-0.01397866
1356431481727,-0.032275915,0.77203375,-0.6347616,-0.017344773,0.6345641,0.77267563,0.9993285,0.035948604,-0.0070903897
1356431481767,-0.018536612,0.78282976,-0.6219597,-0.01907739,0.6216764,0.78304183,0.9996462,0.0263803,0.0034105778
1356431481807,-0.0020184666,0.7957555,-0.60561454,-0.023747474,0.60540694,0.7955618,0.9997159,0.015987664,0.017675221
1356431481847,0.01660797,0.809765,-0.58651936,-0.03261575,0.5867268,0.80912787,0.99933004,0.0056917667,0.036155403
1356431481887,0.036407873,0.8235531,-0.56606966,-0.04565859,0.5672245,0.8222966,0.99829346,-0.004092157,0.058253706
1356431481943,0.059396878,0.83796334,-0.5424844,-0.06381914,0.5455198,0.8356645,0.9961922,-0.015014946,0.08588028
1356431481978,0.080548406,0.8481475,-0.5236008,-0.08030662,0.52912205,0.84473705,0.99351037,-0.025993645,0.11073178
1356431482009,0.09892288,0.8548446,-0.5093672,-0.093539774,0.5175996,0.8504945,0.9906889,-0.03648731,0.13116443
1356431482037,0.11548984,0.8597256,-0.4975278,-0.10377914,0.5085817,0.8547365,0.98787236,-0.047080338,0.14795762
1356431482079,0.13277268,0.86421776,-0.48528242,-0.111785024,0.49955022,0.8590423,0.9848225,-0.059810013,0.16293323
1356431482117,0.15139553,0.8674273,-0.47397193,-0.11921817,0.49202225,0.8623811,0.98125756,-0.0740546,0.17790306
1356431482157,0.17167982,0.87010866,-0.46199232,-0.12835968,0.48471406,0.8652029,0.9767547,-0.08923668,0.19490248
1356431482197,0.19414368,0.87309647,-0.44722587,-0.14144328,0.47605082,0.8679686,0.9707225,-0.10525358,0.21591586
1356431482237,0.21810722,0.87636805,-0.4294278,-0.15891623,0.46604127,0.87037414,0.96289915,-0.12159181,0.24091607
1356431482277,0.240942,0.8792259,-0.41098508,-0.1782865,0.45635062,0.8717557,0.9540235,-0.13676944,0.26670808
1356431482317,0.2584143,0.8805864,-0.39722747,-0.19448027,0.45019707,0.871493,0.9462555,-0.14795339,0.28759402
1356431482357,0.26662457,0.87967265,-0.39381135,-0.20246944,0.45060658,0.8694595,0.94229376,-0.15208447,0.29824957
1356431482397,0.26350355,0.87593734,-0.40410355,-0.19925308,0.45929652,0.86564714,0.943856,-0.14758223,0.29555947
1356431482437,0.2491023,0.86877346,-0.42799628,-0.18455696,0.47641158,0.8596341,0.9507296,-0.13514715,0.27901334
1356431482477,0.22474116,0.85732037,-0.46313417,-0.16076702,0.50140285,0.85014653,0.9610647,-0.116606206,0.2505147
1356431482517,0.1923486,0.8407818,-0.50605136,-0.13203618,0.53316545,0.83564407,0.97240347,-0.09391785,0.21356726
1356431482557,0.15484011,0.81946266,-0.55182004,-0.1030027,0.568903,0.8159288,0.98255527,-0.06949952,0.1724959
1356431482597,0.116221234,0.79563546,-0.59452236,-0.07711014,0.6040001,0.7932452,0.99022555,-0.046348274,0.13154918
1356431482637,0.08152014,0.77421653,-0.627649,-0.05596012,0.63230705,0.7726942,0.9950995,-0.02786684,0.094870985
1356431482677,0.055749208,0.76161623,-0.6456258,-0.039176345,0.6478021,0.7608006,0.9976759,-0.017120749,0.065951824
1356431482717,0.04248707,0.7632558,-0.6446979,-0.025445282,0.645898,0.76299953,0.99877286,-0.016013056,0.046863616
1356431482757,0.041891634,0.77936924,-0.625163,-0.013713986,0.62610185,0.77962065,0.999028,-0.024086118,0.036916673
1356431482797,0.04922697,0.80291545,-0.59405684,-0.0041740537,0.59493816,0.8037607,0.99877894,-0.037087083,0.03263843
1356431482837,0.05573857,0.8228263,-0.5655529,0.0024243593,0.5663203,0.8241817,0.9984425,-0.047309846,0.029571056
1356431482877,0.053825334,0.8311409,-0.5534507,0.005922556,0.5539787,0.83250976,0.9985328,-0.048087955,0.024895608
1356431482943,0.042083085,0.8261291,-0.56190735,0.0061260164,0.5621816,0.82699114,0.9990954,-0.038244605,0.018597424
1356431482959,0.024814606,0.809896,-0.5860483,0.0028510988,0.5861691,0.8101837,0.99968797,-0.021775246,0.012236476
1356431482998,0.0066789985,0.78422153,-0.6204449,-0.0033096373,0.6204727,0.78422105,0.9999722,-0.0031843483,0.0067396164
1356431483039,-0.009879455,0.74890393,-0.66260487,-0.011518538,0.662508,0.7489662,0.9998848,0.015031606,0.0020810366
1356431483068,-0.023016185,0.7041116,-0.70971626,-0.021040738,0.7094059,0.704486,0.9995137,0.03114754,-0.0015127659
1356431483099,-0.03199765,0.65738904,-0.7528717,-0.032196283,0.75218856,0.6581609,0.99896926,0.04529929,-0.0029028058
1356431483128,-0.03436909,0.61143184,-0.7905505,-0.045122534,0.7892617,0.61239684,0.9983901,0.056719154,4.631281E-4
1356431483157,-0.026607938,0.5716395,-0.8200734,-0.05924046,0.81802034,0.5721305,0.9978891,0.063804746,0.012098372
1356431483197,0.00274802,0.55467236,-0.8320642,-0.07551287,0.8298068,0.55291814,0.99714094,0.061312214,0.044165254
1356431483237,0.05216077,0.54796946,-0.8348704,-0.09270319,0.8350556,0.54229903,0.99432653,0.049108446,0.0943557
1356431483277,0.109972455,0.5423499,-0.8329242,-0.10803755,0.83956444,0.5324092,0.9880455,0.03143677,0.15092313
1356431483317,0.16034624,0.52379227,-0.8366187,-0.11585903,0.85171425,0.5110378,0.98023766,0.014986828,0.19725525
1356431483357,0.19225192,0.4841175,-0.85362136,-0.11096285,0.87499326,0.47124732,0.975052,0.0041220337,0.2219382
1356431483398,0.20186076,0.42297912,-0.883369,-0.093882516,0.9061394,0.4124288,0.97490424,-3.2027066E-4,0.2226243
1356431483437,0.19028181,0.3457072,-0.9188468,-0.07132363,0.9383417,0.33827177,0.9791352,0.0011685193,0.20320642
1356431483477,0.16162392,0.26142877,-0.95159477,-0.051997505,0.96518916,0.25633198,0.98548156,0.008051172,0.16959131
1356431483517,0.12264389,0.18165883,-0.9756836,-0.041609786,0.9831821,0.17782457,0.99157804,0.018788904,0.12814003
1356431483557,0.08294019,0.119289905,-0.9893891,-0.03953356,0.9924221,0.11634151,0.99577004,0.0294647,0.08702761
1356431483597,0.049598873,0.08110425,-0.99547076,-0.03948321,0.9960776,0.07918646,0.99798846,0.035376824,0.052606583
1356431483637,0.026209235,0.06918018,-0.99725986,-0.03429112,0.99707764,0.068266325,0.99906814,0.032407947,0.028504908
1356431483677,0.012760967,0.08053026,-0.9966705,-0.020428194,0.9965646,0.08026016,0.99970984,0.01933598,0.014362216
1356431483717,0.0067653954,0.109380595,-0.9939769,-0.0010424703,0.9939999,0.10937603,0.9999766,2.9622018E-4,0.006838858
1356431483757,0.0044081216,0.14843711,-0.98891205,0.015690863,0.9887896,0.14848867,0.99986714,-0.016171448,0.0020295978
1356431483797,0.0020473595,0.1906198,-0.9816618,0.023024179,0.98139465,0.19061592,0.99973285,-0.022992216,-0.0023795962
1356431483837,-0.0022670021,0.2306582,-0.9730322,0.020192452,0.97284687,0.23056722,0.99979347,-0.019125193,-0.006862998
1356431483877,-0.008821547,0.265439,-0.96408725,0.010621041,0.9640953,0.26534402,0.99990463,-0.007898852,-0.011324048
1356431483963,-0.017245203,0.293292,-0.95586735,-0.0019180775,0.95599806,0.29336673,0.9998495,0.006892577,-0.015923798
1356431483967,-0.027164904,0.31335276,-0.9492482,-0.01664348,0.94932526,0.31385452,0.9994924,0.02432461,-0.02057302
1356431483998,-0.034868237,0.32757884,-0.94418025,-0.03033726,0.9439724,0.32862705,0.9989314,0.040102452,-0.022976816
1356431484035,-0.03472126,0.34036642,-0.9396516,-0.044349357,0.93876755,0.341685,0.9984125,0.05353667,-0.017500162
1356431484064,-0.025221918,0.3500128,-0.93640524,-0.05826536,0.93459624,0.35090598,0.99798244,0.06341052,-0.003178656
1356431484108,0.008689549,0.36917782,-0.92931813,-0.074062064,0.92703825,0.36757964,0.9972158,0.06563313,0.03539759
1356431484147,0.06356686,0.38744426,-0.91969895,-0.09296416,0.9198545,0.38108438,0.99363816,0.061274722,0.09449071
1356431484187,0.12632352,0.39753634,-0.9088495,-0.113308445,0.915975,0.38490403,0.98549664,0.054357886,0.16075343
1356431484227,0.17897439,0.39111948,-0.90277004,-0.1282196,0.9190324,0.37274548,0.9754629,0.049040914,0.21463245
1356431484268,0.21031266,0.36606997,-0.9065105,-0.13105276,0.92943686,0.34492362,0.96881044,0.04625891,0.24344683
1356431484307,0.21811384,0.3249963,-0.9202195,-0.121405326,0.9446331,0.3048426,0.9683425,0.045229122,0.24549383
1356431484347,0.20546973,0.272881,-0.9398501,-0.10479351,0.96095365,0.2560984,0.97303677,0.045869723,0.22604305
1356431484387,0.1788255,0.21644026,-0.9597786,-0.08831353,0.97509634,0.20344001,0.97990924,0.04838118,0.19348669
1356431484427,0.14413792,0.16219923,-0.976174,-0.07539677,0.9854077,0.15260069,0.9866811,0.05160482,0.15426391
1356431484467,0.108826965,0.116783395,-0.987177,-0.065105215,0.9917803,0.11015073,0.99192643,0.052282996,0.11553562
1356431484507,0.078725934,0.08489084,-0.9932752,-0.053128902,0.995309,0.080853716,0.9954795,0.046406344,0.08286679
1356431484547,0.056688994,0.068804264,-0.9960183,-0.035821006,0.99712044,0.066841625,0.9977491,0.031889185,0.05899042
1356431484587,0.04190424,0.0671739,-0.99686086,-0.012601316,0.9976935,0.06670029,0.99904215,0.009766735,0.042654097
1356431484628,0.031084955,0.07690363,-0.9965539,0.0115054995,0.9969421,0.07729247,0.99945056,-0.013868488,0.030105114
1356431484667,0.020462036,0.09367058,-0.9953929,0.028827548,0.99513215,0.09423863,0.99937487,-0.030623041,0.017662108
1356431484707,0.007828772,0.11380102,-0.99347264,0.034970675,0.9928643,0.11400689,0.99935764,-0.03563494,0.0037932396
1356431484747,-0.0067539215,0.13496214,-0.9908277,0.031672567,0.9903821,0.13468555,0.9994755,-0.03047239,-0.010963559
1356431484787,-0.022515148,0.15562314,-0.9875599,0.023427531,0.9876212,0.15509868,0.999472,-0.019644037,-0.025882304
1356431484827,-0.039236158,0.17437708,-0.9838969,0.013146676,0.98466,0.17398807,0.9991434,-0.006108351,-0.040926754
1356431484867,-0.055716097,0.19066188,-0.98007333,0.0012117103,0.9816103,0.190892,0.99844587,0.0094482,-0.05492252
1356431484939,-0.06645483,0.2060568,-0.97628087,-0.01568202,0.9781073,0.20750974,0.9976662,0.02910009,-0.06176853
1356431484950,-0.06689167,0.22025532,-0.97314596,-0.032753117,0.9743201,0.22277242,0.99722254,0.04677517,-0.057959855
1356431484989,-0.041216552,0.24101058,-0.96964693,-0.050080538,0.9687534,0.24291727,0.9978944,0.058572657,-0.027858734
1356431485029,0.012309402,0.26274404,-0.96478695,-0.06718027,0.9628973,0.2613723,0.99766487,0.06159734,0.029503882
1356431485067,0.081866145,0.27815974,-0.95703983,-0.08320783,0.95881814,0.27155888,0.99316394,0.0574017,0.10163981
1356431485107,0.14645317,0.27996486,-0.9487736,-0.09528833,0.95864755,0.26816976,0.9846176,0.05113271,0.16707438
1356431485147,0.19019213,0.26685494,-0.9447832,-0.100074336,0.96260613,0.25174326,0.97663295,0.04666896,0.20978546
1356431485187,0.20855871,0.24240968,-0.9474919,-0.09757993,0.9691193,0.22646394,0.97312975,0.045225143,0.22577262
1356431485227,0.2054444,0.21254925,-0.9553091,-0.09170468,0.97601724,0.19743508,0.9743628,0.047044367,0.22000903
1356431485267,0.18678376,0.18265192,-0.96527207,-0.08656363,0.98180234,0.16902944,0.9785799,0.051985506,0.19919574
1356431485307,0.15759736,0.15665711,-0.9749983,-0.083406046,0.9859202,0.14493035,0.9839749,0.05848011,0.16844457
1356431485347,0.12293857,0.13769805,-0.982815,-0.08032844,0.9884586,0.1284406,0.9891579,0.06315769,0.13258076
1356431485387,0.08938688,0.12916133,-0.9875866,-0.073667035,0.9896973,0.12276974,0.99326897,0.06177858,0.09798086
1356431485427,0.06297776,0.13418332,-0.98895335,-0.060023937,0.98963577,0.13045353,0.9962083,0.051145203,0.07037926
1356431485467,0.046289444,0.1543196,-0.98693615,-0.038814873,0.98752683,0.15259148,0.9981738,0.031244416,0.051701963
1356431485507,0.03800395,0.18868342,-0.9813023,-0.014124796,0.982015,0.18827343,0.99917775,0.00670556,0.039985538
1356431485547,0.033896178,0.23395965,-0.97165525,0.006205775,0.972146,0.23429427,0.9994061,-0.01397156,0.03150016
1356431485587,0.029280035,0.28435475,-0.9582719,0.016953632,0.95840377,0.28491193,0.9994275,-0.024588421,0.023241282
1356431485627,0.021236092,0.33523116,-0.9418965,0.018778443,0.94180906,0.33562338,0.9995981,-0.024814665,0.013705254
1356431485667,0.009087682,0.3826971,-0.92382914,0.015709862,0.92369866,0.3827976,0.9998353,-0.017992005,0.0023821592
1356431485707,-0.0064750053,0.42396265,-0.9056566,0.010809675,0.9056522,0.42388338,0.9999206,-0.0070451945,-0.010447025
1356431485747,-0.02371842,0.45698774,-0.8891567,0.0046821386,0.8894479,0.45701253,0.9997077,0.0066764653,-0.023235977
1356431485787,-0.039016932,0.48107693,-0.87580967,-0.003848374,0.8763982,0.48157164,0.9992311,0.022159904,-0.03234303
1356431485827,-0.04595057,0.49803305,-0.8659398,-0.016477406,0.86635953,0.49914885,0.99880785,0.03720461,-0.031603456
1356431485868,-0.035630256,0.5130169,-0.8576387,-0.034477994,0.8570417,0.51409215,0.9987701,0.047886893,-0.012848794
1356431485907,-0.0032189414,0.5298046,-0.8481135,-0.05758527,0.8466124,0.5290854,0.9983353,0.050541982,0.027783751
1356431485946,0.048005395,0.5488439,-0.83454525,-0.085473254,0.8347011,0.5440297,0.9951832,0.04521498,0.086981654
1356431485987,0.100989066,0.55913025,-0.82290626,-0.11362697,0.8282047,0.5487858,0.9883776,0.038082927,0.14717185
1356431486027,0.14079514,0.55309427,-0.82113546,-0.13436945,0.8323983,0.53764105,0.98087794,0.034638256,0.19151664
1356431486067,0.16134822,0.52670807,-0.834593,-0.14163852,0.84927726,0.5085929,0.9766808,0.03614992,0.21163154
1356431486107,0.16379195,0.48027188,-0.86169076,-0.13557605,0.87615806,0.46256477,0.9771342,0.04106027,0.20862103
1356431486147,0.15166745,0.41736785,-0.8959917,-0.12171301,0.90746546,0.4021098,0.9809092,0.048066884,0.18843204
1356431486187,0.12965813,0.34491378,-0.9296361,-0.106867746,0.9369499,0.3327223,0.985783,0.05620797,0.15834332
1356431486227,0.10333189,0.27345687,-0.95631784,-0.094582096,0.9598093,0.26423547,0.9901398,0.063146584,0.12504303
1356431486267,0.07827896,0.2149466,-0.9734836,-0.08336461,0.9744713,0.20846123,0.99343985,0.064835966,0.09419954
1356431486307,0.058294,0.17865038,-0.98218423,-0.06864128,0.98224616,0.17458768,0.9959368,0.057240967,0.069521844
1356431486347,0.044555396,0.16871463,-0.98465735,-0.046647504,0.98491246,0.16664755,0.99791723,0.038506776,0.051753283
1356431486387,0.036502063,0.18465236,-0.98212576,-0.018333599,0.9827391,0.18408626,0.9991653,0.011286385,0.039257348
1356431486427,0.032374978,0.2219361,-0.97452354,0.008875117,0.97493243,0.22232404,0.9994364,-0.015846752,0.029593706
1356431486467,0.028635144,0.27081597,-0.9622052,0.025900833,0.96207565,0.27155036,0.99925435,-0.032697804,0.020534813
1356431486507,0.020942777,0.31877464,-0.9475992,0.029440999,0.94719934,0.31929082,0.9993471,-0.03458509,0.010451913
1356431486547,0.008017598,0.3579275,-0.9337149,0.023838669,0.9334112,0.35801578,0.9996837,-0.025128946,-0.0010488033
1356431486587,-0.008905176,0.3841713,-0.92321885,0.014663368,0.9232064,0.38402468,0.9998528,-0.010117695,-0.013854563
1356431486627,-0.02762181,0.3966319,-0.9175622,0.0049577504,0.9179554,0.39665264,0.9996062,0.0064071864,-0.027321994
1356431486667,-0.045107126,0.39617628,-0.91706574,-0.005308792,0.91789216,0.39679438,0.998968,0.022766754,-0.039300263
1356431486707,-0.05644277,0.38751414,-0.92013425,-0.017811567,0.9210659,0.3889991,0.99824697,0.038345233,-0.04508525
1356431486765,-0.05333078,0.3804278,-0.92327166,-0.033062458,0.9234078,0.38239366,0.9980295,0.05091898,-0.03666818
1356431486787,-0.027186181,0.38657683,-0.9218564,-0.050224513,0.9205044,0.387491,0.9983679,0.05683419,-0.0056093335
1356431486827,0.023384776,0.40861154,-0.91240877,-0.069728956,0.9111023,0.40623933,0.99729186,0.05412151,0.049797952
1356431486865,0.08609101,0.43249217,-0.89751816,-0.09163043,0.9004818,0.42513096,0.9920646,0.045640036,0.11715281
1356431486945,0.14533642,0.4434287,-0.88444805,-0.11073832,0.8956132,0.43082947,0.9831655,0.035327062,0.17926979
1356431486952,0.18771338,0.42082036,-0.88751006,-0.116744876,0.90672576,0.4052395,0.9752612,0.027543336,0.21933317
1356431486984,0.20539325,0.37360004,-0.90456426,-0.10677141,0.92730725,0.3587494,0.9728378,0.022896916,0.23035246
1356431487028,0.20052463,0.30038112,-0.9325027,-0.08574234,0.95356417,0.2887276,0.97592944,0.02205792,0.21696848
1356431487067,0.17802042,0.21146625,-0.9610363,-0.064231224,0.97705066,0.20309198,0.9819282,0.025574021,0.1875177
1356431487108,0.14393407,0.12063835,-0.9822064,-0.050228767,0.9921527,0.11449939,0.9883117,0.032854646,0.14886409
1356431487147,0.107165426,0.04524793,-0.9932111,-0.04524793,0.99815077,0.040590815,0.9932111,0.040590815,0.10901463
1356431487187,0.075944364,-8.903984E-4,-0.9971116,-0.04307963,0.9990629,-0.004173273,0.99618095,0.043272138,0.07583481
1356431487227,0.05429563,-0.012197748,-0.9984504,-0.03473887,0.999297,-0.014097186,0.9979204,0.03545045,0.053833723
1356431487267,0.042369485,0.009805097,-0.9990539,-0.016728831,0.9998186,0.009103139,0.998962,0.016327308,0.042525828
1356431487307,0.038422555,0.059436105,-0.99749243,0.005047813,0.9982052,0.05967302,0.99924886,-0.007327946,0.038053572
1356431487347,0.038924247,0.1262563,-0.9912337,0.019928798,0.99169004,0.12709701,0.99904346,-0.024701256,0.036084652
1356431487387,0.03911069,0.19629762,-0.97976404,0.022100352,0.98010445,0.19724804,0.9989905,-0.029367633,0.033994317
1356431487427,0.036028832,0.25679228,-0.96579486,0.013704918,0.96620446,0.25741246,0.9992568,-0.022510417,0.031291902
1356431487467,0.02971679,0.3020875,-0.952817,5.803406E-4,0.9532325,0.30223736,0.99955827,-0.009534508,0.028151691
1356431487507,0.021194935,0.32947242,-0.9439272,-0.012917921,0.9441508,0.32926035,0.9996919,0.0052149296,0.024267316
1356431487547,0.012155656,0.3388275,-0.94077,-0.02508597,0.9406467,0.33845896,0.9996113,0.019485965,0.019933999
1356431487587,0.0062587596,0.3351128,-0.9421572,-0.036166146,0.94163513,0.33468685,0.99932617,0.03197947,0.01801318
1356431487627,0.010420833,0.32935375,-0.94414914,-0.046346888,0.9433447,0.3285616,0.9988711,0.040334478,0.025094926
1356431487667,0.032056812,0.33445513,-0.9418662,-0.05557026,0.9414894,0.33242995,0.99794,0.041683123,0.04876691
1356431487707,0.074018806,0.35699153,-0.9311704,-0.06569885,0.9334489,0.35264266,0.9950904,0.035074607,0.0925467
1356431487747,0.12735516,0.38437176,-0.9143517,-0.07905458,0.9228591,0.376937,0.9887017,0.02427879,0.14791721
1356431487787,0.17558283,0.39503616,-0.9017301,-0.092032984,0.9185351,0.3844778,0.9801534,0.015481234,0.19763535
1356431487827,0.20635459,0.3749588,-0.903783,-0.09638713,0.92696,0.36256695,0.97371835,0.012295678,0.22742367
1356431487867,0.2151722,0.32144424,-0.9221575,-0.0879133,0.946818,0.30952704,0.97261095,0.014468282,0.23198813
1356431487908,0.20230365,0.24005964,-0.94944435,-0.070901066,0.97053677,0.23028539,0.97675294,0.02072902,0.21336359
1356431487947,0.17147517,0.14244765,-0.9748358,-0.05507181,0.98933053,0.13487846,0.983648,0.030557666,0.17749047
1356431487988,0.13413787,0.050421722,-0.9896791,-0.048293255,0.99785066,0.044292532,0.9897852,0.041853517,0.13628459
1356431488027,0.09923872,-0.021200089,-0.9948378,-0.049009226,0.9984555,-0.026166033,0.993856,0.051352914,0.09804642
1356431488067,0.07275081,-0.06510098,-0.9952231,-0.049563676,0.99639845,-0.06880096,0.9961178,0.05433224,0.06926215
1356431488107,0.05586961,-0.08170929,-0.99508905,-0.042140566,0.9955646,-0.08411433,0.99754834,0.046633046,0.052178502
1356431488147,0.04642442,-0.07561882,-0.9960556,-0.023942247,0.99675995,-0.0767882,0.99863493,0.027412664,0.044463515
1356431488187,0.040812463,-0.053032838,-0.9977584,6.595608E-4,0.99859166,-0.053050146,0.9991666,0.0015070271,0.04078996
1356431488227,0.03547412,-0.02024399,-0.9991655,0.022161728,0.9995649,-0.019465258,0.9991248,-0.021452723,0.035907328
1356431488267,0.02840507,0.017357875,-0.99944574,0.032679286,0.99929863,0.018284092,0.9990621,-0.03318054,0.027817905
1356431488307,0.019664437,0.05623708,-0.9982238,0.03113201,0.9978982,0.056832027,0.9993218,-0.032194283,0.017872334
1356431488348,0.010025531,0.09310137,-0.9956062,0.021217495,0.99541223,0.093296885,0.9997246,-0.022059623,0.008004129
1356431488387,-3.7908787E-5,0.12450524,-0.99221903,0.007596016,0.99219036,0.12450136,0.9999712,-0.007532198,-9.833574E-4
1356431488427,-0.010045469,0.14755017,-0.98900354,-0.007595457,0.9890137,0.14762881,0.9999207,0.008994937,-0.0088143945
1356431488467,-0.017286956,0.16321315,-0.9864394,-0.023668021,0.98624355,0.16359553,0.9995704,0.026175134,-0.013186216
1356431488507,-0.015384734,0.17724144,-0.9840472,-0.03978966,0.98327553,0.17772454,0.9990897,0.04188913,-0.008075058
1356431488547,0.0038863719,0.19678682,-0.98043865,-0.054312207,0.9790404,0.19629088,0.9985165,0.05248692,0.014492869
1356431488587,0.04727283,0.22708006,-0.97272813,-0.067535326,0.9723151,0.22370154,0.99659634,0.055118494,0.06129998
1356431488627,0.11144805,0.262363,-0.9585119,-0.083079785,0.9636039,0.25409693,0.9902914,0.051314354,0.12918884
1356431488667,0.1799739,0.28761888,-0.94068325,-0.101684526,0.9566148,0.27303553,0.97840166,0.046513617,0.20141208
1356431488707,0.23612002,0.2927966,-0.9265622,-0.11706592,0.9551506,0.27199817,0.9646466,0.04424464,0.2598067
1356431488747,0.27150995,0.27621827,-0.9219467,-0.12214691,0.96007425,0.2516696,0.95465297,0.044282183,0.29440892
1356431488787,0.2862003,0.24336132,-0.9267495,-0.11673816,0.96885896,0.21836786,0.95103186,0.045690075,0.30569732
1356431488827,0.28379822,0.20178182,-0.93741274,-0.10578479,0.9782292,0.17854178,0.95303106,0.048494168,0.29896516
1356431488867,0.26823625,0.15841615,-0.9502387,-0.09398994,0.9859843,0.13784361,0.95875704,0.05233823,0.27936625
1356431488907,0.24367294,0.119344786,-0.9624865,-0.0832642,0.99131024,0.101838805,0.96627665,0.05532532,0.25149262
1356431488946,0.21528408,0.09039359,-0.9723588,-0.07257472,0.99443424,0.07637745,0.97385097,0.054125827,0.22064614
1356431488987,0.18951353,0.077985,-0.9787762,-0.059969157,0.9958992,0.06773789,0.9800451,0.045859143,0.19341308
1356431489029,0.16992342,0.08342378,-0.9819198,-0.04147377,0.9961329,0.077454194,0.98458415,0.027562635,0.17272621
1356431489067,0.1554533,0.106522486,-0.9820831,-0.020621147,0.9943022,0.10458374,0.987628,0.0039937943,0.15676415
1356431489107,0.1424019,0.13742727,-0.98022205,-1.9401312E-5,0.9903149,0.13883945,0.98980886,-0.019751977,0.14102536
1356431489147,0.1266132,0.17156254,-0.9770032,0.013520047,0.98453987,0.17463808,0.9918599,-0.03532061,0.12233621
1356431489187,0.10690078,0.20360357,-0.9731998,0.017141916,0.9782858,0.20655054,0.99412197,-0.038762935,0.10108936
1356431489227,0.084996134,0.23082036,-0.9692769,0.012789093,0.97246426,0.23270088,0.99629927,-0.032174855,0.07970375
1356431489267,0.063053906,0.2513223,-0.9658475,0.004203588,0.96769774,0.25207818,0.99800134,-0.019954555,0.059960663
1356431489307,0.042421997,0.2632836,-0.9637853,-0.006508574,0.96470606,0.26324862,0.9990785,-0.004894659,0.04263836
1356431489347,0.025102705,0.2663699,-0.96354395,-0.019606978,0.9637934,0.2659281,0.9994926,0.012216672,0.029416502
1356431489387,0.016010882,0.2633263,-0.96457404,-0.03546354,0.9642402,0.2626465,0.99924284,0.030001983,0.024776816
1356431489427,0.023437142,0.26046306,-0.96519935,-0.053356737,0.96441436,0.2589556,0.99830043,0.045430705,0.036500573
1356431489467,0.055420727,0.26278245,-0.9632621,-0.07130323,0.96332335,0.25869676,0.99591386,0.054346524,0.072125316
1356431489507,0.11240387,0.26946384,-0.95642805,-0.08771676,0.9614611,0.26057297,0.9897834,0.054605357,0.13170844
1356431489547,0.17968792,0.2698446,-0.94598943,-0.100222945,0.9616594,0.2552774,0.97860485,0.048939608,0.19984317
1356431489606,0.23738027,0.25417283,-0.937575,-0.1043934,0.96624774,0.23551503,0.9657912,0.041970022,0.2559021
1356431489627,0.27181017,0.2179249,-0.93735164,-0.096547425,0.9752836,0.19874722,0.9574956,0.036477365,0.2861321
1356431489667,0.27960488,0.16384302,-0.946032,-0.078594714,0.9859308,0.147524,0.9568929,0.033104695,0.2885483
1356431489705,0.26517463,0.099175826,-0.9590863,-0.05805759,0.99453354,0.086789146,0.96245086,0.032667965,0.26948297
1356431489748,0.23600903,0.03256993,-0.9712049,-0.042950712,0.9988111,0.023058416,0.97080123,0.036271945,0.23712736
1356431489787,0.2014721,-0.027621014,-0.97910476,-0.036459457,0.9986981,-0.03567608,0.97881544,0.04288536,0.20020276
1356431489827,0.16917083,-0.075661525,-0.98267823,-0.035331644,0.9959426,-0.08276525,0.9849532,0.0487211,0.16581118
1356431489867,0.14425957,-0.10851474,-0.9835719,-0.032608364,0.9929078,-0.114327386,0.98900247,0.048565492,0.13969797
1356431489907,0.12808034,-0.12597229,-0.9837309,-0.022062633,0.991293,-0.12981318,0.9915184,0.038330212,0.12418586
1356431489947,0.11815885,-0.13010426,-0.98443455,-0.0024670362,0.99133795,-0.13131273,0.9929916,0.017944396,0.116814375
1356431489987,0.11016533,-0.12441425,-0.9860957,0.019401088,0.9922147,-0.12301881,0.9937239,-0.005578913,0.111721456
1356431490027,0.10122055,-0.11280678,-0.98844784,0.03402477,0.99336195,-0.10988335,0.99428207,-0.022509258,0.104386866
1356431490067,0.09109494,-0.096903495,-0.9911162,0.03441968,0.99496603,-0.09411633,0.9952472,-0.025540385,0.09397173
1356431490107,0.08119795,-0.07737211,-0.9936903,0.022152187,0.9968762,-0.07581004,0.9964518,-0.01585679,0.08265823
1356431490147,0.07210326,-0.055905208,-0.9958291,0.0030752942,0.9984356,-0.055828862,0.9973924,9.629782E-4,0.07216239
1356431490187,0.0638465,-0.03379436,-0.99738735,-0.017546523,0.9992339,-0.034980144,0.9978054,0.01973404,0.06320459
1356431490227,0.056980014,-0.01154332,-0.9983086,-0.03730438,0.9992103,-0.013682949,0.9976781,0.038020935,0.05650443
1356431490267,0.05374688,0.012275588,-0.9984791,-0.054941338,0.9984461,0.009317759,0.99704194,0.05435698,0.0543378
1356431490307,0.05881384,0.041700523,-0.9973976,-0.06848154,0.9969419,0.037643306,0.99591726,0.066089384,0.0614897
1356431490347,0.07888237,0.083122924,-0.99341244,-0.07590121,0.9941257,0.07715565,0.99399024,0.06931497,0.08472812
1356431490387,0.11741081,0.14056745,-0.9830846,-0.07929852,0.9880976,0.13181353,0.98991233,0.062480826,0.12716013
1356431490427,0.1691333,0.21026161,-0.9629039,-0.085592054,0.97642154,0.19817919,0.98186964,0.048898228,0.18314213
1356431490468,0.21796918,0.27859405,-0.93534744,-0.09880876,0.95976627,0.26284128,0.97094095,0.03512922,0.236727
1356431490507,0.24822706,0.33224425,-0.90994346,-0.11325007,0.94285494,0.3133672,0.96205914,0.025264934,0.2716688
1356431490547,0.25459453,0.36661816,-0.8948591,-0.12075572,0.93016106,0.3467252,0.95947886,0.019784987,0.28108513
1356431490587,0.24054155,0.38549888,-0.8908032,-0.11986877,0.9225221,0.36685747,0.9632088,0.018535033,0.26811415
1356431490627,0.21210673,0.39449295,-0.8940839,-0.113981515,0.91864336,0.37828895,0.9705766,0.021671414,0.23981535
1356431490667,0.17550778,0.39986736,-0.8996128,-0.10662295,0.91614217,0.3864131,0.97868717,0.028100848,0.20342511
1356431490707,0.13644877,0.40726644,-0.90305907,-0.098798275,0.91263473,0.39665687,0.9857082,0.035097346,0.16476512
1356431490747,0.10172236,0.4257769,-0.8990921,-0.09034549,0.90399927,0.41787916,0.9907019,0.03872128,0.13042396
1356431490787,0.076910436,0.46334028,-0.8828367,-0.0800751,0.8854696,0.45774615,0.9938173,0.035487756,0.10520387
1356431490828,0.064269185,0.52220786,-0.8503932,-0.06719312,0.8524855,0.5184145,0.99566793,0.023822471,0.08987731
1356431490867,0.062212795,0.5959035,-0.80064255,-0.052856714,0.8030379,0.5935792,0.9966622,0.0053911507,0.08145672
1356431490907,0.06464629,0.66963625,-0.73987037,-0.03963536,0.7425592,0.6686067,0.9971208,-0.013897896,0.074544966
1356431490950,0.06302713,0.7283938,-0.6822537,-0.028860658,0.68465716,0.72829366,0.9975945,-0.026212007,0.06417388
1356431490988,0.05346456,0.7682535,-0.6379092,-0.020457625,0.6395315,0.7684927,0.99836016,-0.028037041,0.049908936
1356431491029,0.03677234,0.7913121,-0.6103057,-0.013792723,0.6110624,0.7914622,0.99922854,-0.02068618,0.033384502
1356431491067,0.017601088,0.80355704,-0.59496754,-0.008787841,0.595161,0.8035584,0.99980646,-0.008915067,0.017536998
1356431491107,-0.001240015,0.8069054,-0.5906792,-0.005672008,0.5906646,0.80689716,0.999983,0.0043509603,0.0038443804
1356431491147,-0.018592179,0.8012507,-0.59803987,-0.0058195293,0.5980464,0.80144036,0.9998102,0.01838085,-0.006456077
1356431491187,-0.031622708,0.7874698,-0.61554146,-0.012023389,0.6155052,0.7880411,0.99942756,0.032320887,-0.009995878
1356431491227,-0.033897415,0.77057683,-0.63644505,-0.027408868,0.6358547,0.7713219,0.9990494,0.04359004,-4.3320656E-4
1356431491267,-0.017380655,0.7591895,-0.6506375,-0.05349019,0.6490979,0.75882185,0.998417,0.047991574,0.029327452
1356431491307,0.020353675,0.75793386,-0.6520138,-0.08931193,0.65092,0.7538744,0.9957957,0.042888492,0.08094114
1356431491347,0.07061124,0.7603208,-0.6456983,-0.1303277,0.64879733,0.7497178,0.98895335,0.03121388,0.14490324
1356431491387,0.11919476,0.7547077,-0.64514256,-0.1667619,0.6557618,0.7363199,0.9787661,0.019819707,0.20401984
1356431491427,0.15619795,0.73354673,-0.6614464,-0.18735662,0.67951214,0.70933825,0.9697936,0.013129175,0.24357325
1356431491467,0.17781135,0.69496566,-0.6967107,-0.18720275,0.7189524,0.6693747,0.96609426,0.011403739,0.25793737
1356431491507,0.18377475,0.6391251,-0.746824,-0.17017432,0.7689782,0.61620885,0.9681258,0.013846576,0.25008142
1356431491547,0.17534775,0.56909835,-0.80335563,-0.14518248,0.8220242,0.5506344,0.9737429,0.020080626,0.22676319
1356431491587,0.15575251,0.49183947,-0.8566418,-0.12032479,0.870214,0.47775477,0.9804403,0.02866374,0.19471848
1356431491627,0.13090706,0.41881648,-0.8985855,-0.099573225,0.9073565,0.4083985,0.9863815,0.03601286,0.16048229
1356431491667,0.10857123,0.36382633,-0.9251177,-0.082017794,0.93072444,0.3564058,0.99069947,0.037180707,0.13089013
1356431491707,0.09478155,0.3369696,-0.9367326,-0.063312635,0.9411042,0.33213603,0.99348277,0.027826622,0.110533714
1356431491747,0.09075773,0.33987308,-0.93608195,-0.0405875,0.9404425,0.3375212,0.9950456,0.007360548,0.09914702
1356431491787,0.09283316,0.36539048,-0.92621374,-0.01704429,0.9306776,0.36544317,0.99553585,-0.018138602,0.09262556
1356431491827,0.094724506,0.40118527,-0.91108596,-1.4863908E-4,0.9152068,0.40298438,0.99550354,-0.03803706,0.08675212
1356431491867,0.0909985,0.43532908,-0.89566046,0.0053067952,0.8991673,0.43757272,0.9958368,-0.04457152,0.079512656
1356431491907,0.08045125,0.4618317,-0.8833114,5.722493E-4,0.8861624,0.46337444,0.99675834,-0.03778453,0.07102859
1356431491951,0.06491351,0.47866753,-0.8755934,-0.010687292,0.8777271,0.4790417,0.9978337,-0.021738589,0.062092006
1356431491988,0.049042307,0.48850957,-0.8711792,-0.023297101,0.87255096,0.48796725,0.9985249,-0.0036350638,0.054172814
1356431492029,0.03408832,0.49002355,-0.87104243,-0.036550954,0.87157714,0.48889396,0.99875027,0.015171856,0.04762143
1356431492070,0.022631764,0.48440468,-0.8745513,-0.050365523,0.874217,0.48291615,0.9984745,0.03311798,0.04418236
1356431492108,0.019530326,0.47780454,-0.87824917,-0.06501348,0.8771645,0.4757687,0.9976933,0.047806084,0.048195064
1356431492149,0.032370083,0.4813238,-0.875945,-0.08051273,0.8748118,0.47772586,0.99622786,0.055060685,0.067070425
1356431492187,0.06566354,0.50206196,-0.8623353,-0.097615376,0.8632872,0.49518317,0.9930557,0.051661685,0.10569543
1356431492227,0.1143292,0.53596693,-0.83646184,-0.11871357,0.8433203,0.52413553,0.9863245,0.03937538,0.1600427
1356431492267,0.1641393,0.56801826,-0.8064822,-0.14252931,0.82264805,0.55039585,0.9760859,0.02460578,0.21598816
1356431492307,0.20113736,0.58411264,-0.7863562,-0.16041812,0.8115661,0.5618063,0.9663383,0.013145596,0.25693852
1356431492347,0.22002012,0.58037513,-0.78406364,-0.16451204,0.8143231,0.55660903,0.96152323,0.006522715,0.27464616
1356431492387,0.22166431,0.5589754,-0.79900646,-0.15458316,0.8291724,0.53719383,0.9627923,0.0044362545,0.2702061
1356431492446,0.20867705,0.52355903,-0.82603854,-0.13619502,0.85196066,0.5055828,0.9684548,0.006998867,0.24909079
1356431492467,0.1841594,0.4787603,-0.8584135,-0.11606133,0.8778332,0.464692,0.9760199,0.014051244,0.2172268
1356431492507,0.15294021,0.4328639,-0.8883908,-0.099376574,0.9011464,0.4219709,0.9832262,0.02374889,0.18083805
1356431492545,0.12243521,0.40044528,-0.9081041,-0.08834098,0.9157533,0.39190775,0.988537,0.032239527,0.14749616
1356431492588,0.099509,0.39682454,-0.91248465,-0.08084814,0.9172286,0.39007092,0.99174666,0.034957126,0.12335503
1356431492627,0.08698556,0.43119216,-0.8980572,-0.07321797,0.90180326,0.42589897,0.99351525,0.028706864,0.110014856
1356431492667,0.08352217,0.49969319,-0.8621663,-0.064121276,0.8660914,0.49575627,0.9944408,0.013876557,0.10437882
1356431492707,0.0836404,0.58552146,-0.8063305,-0.056387544,0.8106503,0.5828092,0.99489933,-0.0032793581,0.10081923
1356431492747,0.080247104,0.664497,-0.7429699,-0.052326232,0.74715424,0.66258776,0.99540067,-0.014293969,0.094727576
1356431492787,0.06936593,0.72168595,-0.6887364,-0.050927877,0.6920609,0.7200403,0.9962905,-0.014870405,0.084759355
1356431492827,0.05253987,0.7564253,-0.6519665,-0.050219357,0.65404356,0.75478816,0.9973553,-0.0069151223,0.07235056
1356431492867,0.03346853,0.77262294,-0.6339823,-0.049157977,0.6348426,0.77107614,0.9982301,0.005358517,0.059227824
1356431492907,0.014928982,0.77210224,-0.635323,-0.04789716,0.6352166,0.77084744,0.99874073,0.01892218,0.046464622
1356431492950,-0.0016049892,0.7541082,-0.65674824,-0.048261076,0.6559254,0.75328135,0.9988335,0.032904357,0.035341322
1356431492988,-0.012267873,0.7197657,-0.6941087,-0.052833617,0.69272465,0.7192644,0.998528,0.045496076,0.029529572
1356431493029,-0.009766981,0.68287647,-0.7304685,-0.06367639,0.72859603,0.68197733,0.9979228,0.053174496,0.03636694
1356431493067,0.013591573,0.6577206,-0.7531394,-0.08019072,0.75149983,0.6548416,0.99668694,0.05149442,0.06295717
1356431493107,0.057994112,0.6531805,-0.75497824,-0.10213277,0.7561649,0.6463618,0.9930789,0.039622813,0.11056423
1356431493147,0.112108484,0.6545154,-0.7476906,-0.12748751,0.7556895,0.64240193,0.98548394,0.023302525,0.16816175
1356431493187,0.16179915,0.6403508,-0.75084746,-0.14731023,0.76802045,0.623253,0.9757668,0.009765714,0.21859527
1356431493227,0.19843847,0.5958109,-0.77822334,-0.14988944,0.8031217,0.576653,0.96858424,0.0022173226,0.248676
1356431493267,0.21859205,0.51649034,-0.8279223,-0.13183862,0.856293,0.49938047,0.9668693,-8.493662E-6,0.2552722
1356431493308,0.22100419,0.40597287,-0.88675994,-0.100283414,0.913883,0.39339694,0.9701033,0.001984924,0.2426843
1356431493347,0.20701653,0.2775162,-0.9381518,-0.06771706,0.96068937,0.2692403,0.97599095,0.007791698,0.21767116
1356431493387,0.18168467,0.15107727,-0.9716822,-0.04426219,0.9883827,0.14539774,0.9823601,0.01659225,0.186261
1356431493427,0.15262997,0.0452599,-0.9872465,-0.03252493,0.9986397,0.04075381,0.987748,0.025889868,0.15389442
1356431493467,0.12687647,-0.029011354,-0.9914942,-0.027545884,0.99908364,-0.03275833,0.991536,0.031467844,0.12596107
1356431493507,0.107866555,-0.070448466,-0.9916662,-0.021356964,0.99709177,-0.07315696,0.99393594,0.029070169,0.106048286
1356431493547,0.095374554,-0.08393729,-0.9918963,-0.0088838,0.99632716,-0.08516645,0.99540186,0.016934521,0.094278574
1356431493587,0.08689731,-0.076943025,-0.99324155,0.007938754,0.9970347,-0.07654232,0.99618566,-0.0012337789,0.08725047
1356431493627,0.07935816,-0.05817508,-0.99514717,0.022746088,0.9981414,-0.056536227,0.9965866,-0.018149095,0.08053392
1356431493667,0.07058054,-0.03413351,-0.9969219,0.029584045,0.9990463,-0.03211174,0.99706733,-0.027226519,0.07152301
1356431493707,0.060687482,-0.008308209,-0.9981223,0.027942717,0.9995876,-0.0066214427,0.9977656,-0.02748841,0.06089461
1356431493747,0.051269174,0.018243225,-0.99851817,0.0215255,0.9995807,0.019367868,0.99845284,-0.02248658,0.05085498
1356431493787,0.043085545,0.043471824,-0.9981252,0.013573053,0.99893516,0.04409301,0.9989792,-0.015447381,0.042449594
1356431493827,0.036154956,0.064933725,-0.99723446,0.0048472714,0.99786365,0.06515044,0.99933445,-0.007189378,0.035762966
1356431493867,0.031986594,0.08292364,-0.99604243,-0.0055465326,0.99655175,0.08278793,0.9994729,0.0028764755,0.032336235
1356431493907,0.03492105,0.10145181,-0.9942273,-0.017906576,0.9947379,0.10087497,0.99922955,0.014280558,0.03655392
1356431493949,0.052386373,0.12787545,-0.9904058,-0.031494044,0.9914857,0.12634906,0.9981302,0.024572909,0.05596763
1356431493988,0.088540435,0.16368423,-0.9825314,-0.045011595,0.9860553,0.16021508,0.99505496,0.030039795,0.094673455
1356431494031,0.14098337,0.20446202,-0.96866864,-0.058868922,0.9784414,0.1979568,0.9882601,0.029115863,0.14998043
1356431494069,0.19408691,0.23254026,-0.9530243,-0.07168634,0.9722626,0.22263527,0.97836155,0.025108233,0.2053734
1356431494107,0.23195544,0.2354038,-0.94381225,-0.07839221,0.97164303,0.2230793,0.9695624,0.02224309,0.2438317
1356431494147,0.2477411,0.21132015,-0.9454989,-0.07549934,0.9771652,0.19861516,0.96588,0.022179402,0.25803852
1356431494187,0.24211228,0.16590585,-0.95595866,-0.065316945,0.98582405,0.15454638,0.9680472,0.025022708,0.24951655
1356431494227,0.21988904,0.10793719,-0.9695352,-0.0542109,0.99367625,0.098329835,0.97401744,0.030937724,0.22434992
1356431494267,0.18760818,0.047465857,-0.9810964,-0.047465857,0.9981029,0.039212074,0.9810964,0.039212074,0.18950528
1356431494307,0.1525588,-0.006743312,-0.98827136,-0.046578765,0.99881643,-0.014005594,0.9871961,0.048169136,0.15206414
1356431494347,0.121300936,-0.04650261,-0.9915259,-0.04650261,0.997539,-0.052473646,0.9915259,0.052473646,0.11883992
1356431494387,0.09780297,-0.06827724,-0.992861,-0.04077038,0.99653137,-0.07254579,0.9943704,0.047574513,0.09468001
1356431494427,0.08275998,-0.071721,-0.9939854,-0.026254958,0.99690384,-0.07411759,0.9962237,0.032231018,0.080620706
1356431494467,0.07491544,-0.059677087,-0.9954026,-0.004813105,0.9981744,-0.060205504,0.9971782,0.009301297,0.07449144
1356431494507,0.07123333,-0.036266953,-0.9968002,0.015641216,0.99925655,-0.035238568,0.9973371,-0.013081002,0.07174766
1356431494548,0.06795749,-0.007195416,-0.99766225,0.02664315,0.99963045,-0.005394767,0.9973324,-0.02621425,0.068124115
1356431494587,0.06305027,0.02276263,-0.9977507,0.025519274,0.9993762,0.024412338,0.99768394,-0.02700108,0.062430024
1356431494627,0.056738377,0.051459808,-0.997062,0.015246201,0.9985097,0.052402116,0.9982727,-0.018174618,0.05586928
1356431494667,0.04991594,0.078479424,-0.9956653,6.666407E-4,0.9969052,0.07861057,0.9987532,-0.004587669,0.04970914
1356431494707,0.04314637,0.10381134,-0.9936607,-0.015340753,0.9945385,0.10323692,0.99895096,0.010789208,0.04450327
1356431494747,0.03790143,0.12874085,-0.9909537,-0.031664483,0.99132305,0.12757775,0.99877965,0.026542656,0.041649103
