1356431189723,-0.13768625,-0.33123004,0.93345016,-0.2969817,-0.8852594,-0.3579353,0.9449044,-0.32650036,0.023518793
1356431189869,0.24306506,0.6414616,-0.7276306,0.22502163,0.69237643,0.68555087,0.9435489,-0.33036608,0.023949742
1356431189907,0.24358103,0.63535523,-0.7327974,0.22890086,0.6965513,0.68001527,0.94248223,-0.33337682,0.024233341
1356431189947,0.24433076,0.6306404,-0.73661065,0.23254755,0.69935936,0.67588323,0.9413948,-0.3364361,0.024221122
1356431189989,0.2443372,0.6250305,-0.7413745,0.23715372,0.70281315,0.6706801,0.94024324,-0.33969182,0.023495078
1356431190027,0.2425969,0.61717474,-0.7484932,0.24334858,0.70815986,0.6627903,0.9391103,-0.34293565,0.02160877
1356431190067,0.23847908,0.60657024,-0.7584195,0.25137284,0.7157821,0.65151185,0.93805087,-0.34601802,0.018223763
1356431190109,0.23203084,0.5934603,-0.7706922,0.26106054,0.7252532,0.6370676,0.9370214,-0.34901667,0.0133520365
1356431190147,0.2245479,0.5791151,-0.7837117,0.27156663,0.7351984,0.6210756,0.9358578,-0.35229117,0.007818878
1356431190187,0.21885684,0.5659858,-0.7948344,0.28149843,0.74332476,0.6068171,0.9342699,-0.3565507,0.0033575892
1356431190227,0.21823815,0.55694914,-0.80136114,0.28960156,0.747204,0.59817815,0.931935,-0.36262074,0.0017750859
1356431190268,0.22495052,0.55408907,-0.80148786,0.29500827,0.7452317,0.59799665,0.92863744,-0.37096524,0.004179418
1356431190307,0.2374394,0.5565125,-0.79618865,0.29728398,0.7386729,0.6049666,0.9247944,-0.380337,0.009947836
1356431190348,0.2548514,0.56354016,-0.78579473,0.29521048,0.72848904,0.6181865,0.9208157,-0.38952053,0.019293487
1356431190388,0.27634868,0.5740873,-0.7707498,0.28694487,0.716113,0.6362742,0.91722083,-0.39699626,0.033165455
1356431190428,0.30032206,0.5862502,-0.75240785,0.27192053,0.7034667,0.6566536,0.9142571,-0.40180272,0.05185312
1356431190467,0.32547995,0.5983054,-0.732184,0.25049376,0.6921209,0.67692053,0.91176516,-0.40373158,0.0753997
1356431190508,0.34924832,0.6077039,-0.71324724,0.22592708,0.68411016,0.69350576,0.90938586,-0.4033476,0.10162753
1356431190547,0.3699582,0.61291885,-0.6981843,0.20184796,0.6805259,0.70437336,0.90685624,-0.40151572,0.12804973
1356431190587,0.38718152,0.6135296,-0.6882383,0.18062101,0.68152356,0.7091557,0.9041386,-0.3988823,0.15305698
1356431190627,0.40131202,0.60983366,-0.6834117,0.16300346,0.6866696,0.7084594,0.90132046,-0.39571166,0.1761638
1356431190667,0.41314083,0.60249037,-0.6828763,0.14861739,0.69520426,0.7032808,0.8984584,-0.39204133,0.19767672
1356431190707,0.42350286,0.5921627,-0.6855572,0.13685715,0.70626515,0.6945932,0.8954974,-0.38798562,0.2180636
1356431190762,0.4355305,0.5810747,-0.68750656,0.123979256,0.7177491,0.68517536,0.89159536,-0.38365132,0.24056041
1356431190798,0.44823563,0.5660919,-0.6918271,0.11447981,0.73120415,0.67248404,0.88655466,-0.38063154,0.26294565
1356431190829,0.4621901,0.5528949,-0.6933163,0.10558812,0.74196106,0.66207623,0.88047224,-0.37921107,0.28454792
1356431190858,0.4787624,0.54433405,-0.6888302,0.09482643,0.7479429,0.6569545,0.8728084,-0.37984443,0.30646965
1356431190889,0.49753356,0.5401453,-0.67875135,0.08215882,0.7496117,0.65675884,0.8635452,-0.38252503,0.32857928
1356431190919,0.51644397,0.5390246,-0.6653857,0.06899525,0.74830955,0.65975183,0.85353696,-0.38663334,0.3492698
1356431190949,0.5324701,0.53890723,-0.6527286,0.058035776,0.7460794,0.66332304,0.844457,-0.39108133,0.36598903
1356431190989,0.5408583,0.53629017,-0.64797,0.055022925,0.7461625,0.6634863,0.839312,-0.39450532,0.37405995
1356431191029,0.53753954,0.52828026,-0.65724516,0.06423329,0.7515123,0.65658456,0.8407885,-0.39515716,0.3700344
1356431191069,0.52129954,0.51332396,-0.68172234,0.086264476,0.7630654,0.6405386,0.84900254,-0.39272094,0.35350403
1356431191109,0.4932199,0.49134704,-0.71785253,0.11749521,0.7800189,0.6146262,0.8619333,-0.3874901,0.32698992
1356431191138,0.46138892,0.46785653,-0.7538107,0.14726835,0.7974784,0.58509845,0.8748899,-0.3809704,0.29904723
1356431191169,0.42668927,0.44205335,-0.7890026,0.17449799,0.81577355,0.55142003,0.8874045,-0.37296438,0.27094442
1356431191199,0.39047438,0.41488013,-0.8218298,0.19762608,0.8341114,0.5149778,0.8991517,-0.36350065,0.24370801
1356431191239,0.3505797,0.3842523,-0.854075,0.21694928,0.853827,0.47319388,0.9110581,-0.35118312,0.21597117
1356431191269,0.31485215,0.3574444,-0.879262,0.22961108,0.8701767,0.4359717,0.92094886,-0.33915493,0.19190383
1356431191299,0.2853952,0.33550757,-0.8977663,0.23690061,0.88296235,0.4052846,0.92866987,-0.32834765,0.17251128
1356431191328,0.26345372,0.32008287,-0.91002154,0.24044701,0.8917861,0.383279,0.93422556,-0.31978825,0.1579814
1356431191359,0.24814987,0.31096777,-0.91745335,0.24262509,0.8969393,0.369639,0.93784577,-0.31432304,0.1471268
1356431191389,0.23661393,0.30607525,-0.9221344,0.24549201,0.89945686,0.3615398,0.9400785,-0.31192198,0.137685
1356431191429,0.22228989,0.29976594,-0.92775404,0.25128347,0.9017998,0.35158738,0.94204235,-0.31128356,0.12513477
1356431191459,0.20593679,0.29433313,-0.9332513,0.25526258,0.90451723,0.3415986,0.94468564,-0.30857185,0.111141145
1356431191489,0.18516147,0.28498527,-0.94047797,0.25649318,0.9098381,0.32619923,0.94864464,-0.30162573,0.09537017
1356431191519,0.16150129,0.27249667,-0.9485057,0.25400773,0.9172632,0.30677074,0.95362335,-0.29047167,0.07892293
1356431191549,0.13751972,0.25828892,-0.9562297,0.24782406,0.92572385,0.28568965,0.9589951,-0.27626467,0.06329507
1356431191579,0.1154041,0.24339283,-0.9630378,0.2387132,0.9343072,0.26473746,0.9642084,-0.26044163,0.049721777
1356431191619,0.09462887,0.22664234,-0.9693702,0.225326,0.943593,0.24261162,0.96967703,-0.24138239,0.03822273
1356431191649,0.0764994,0.20597163,-0.9755632,0.21203852,0.95268893,0.21776931,0.97426254,-0.22351618,0.029206216
1356431191689,0.0636408,0.18681113,-0.9803323,0.19746135,0.9605458,0.19585934,0.9782427,-0.20604238,0.024241924
1356431191768,0.06291857,0.16959392,-0.98350346,0.18255796,0.9668734,0.17840518,0.98117983,-0.19077139,0.02987355
1356431191769,0.07863498,0.15501888,-0.984777,0.17016973,0.9712505,0.16647774,0.98227227,-0.1806702,0.049994767
1356431191824,0.11979774,0.15224187,-0.981056,0.16141863,0.9720368,0.17055325,0.9795879,-0.17879261,0.09187311
1356431191848,0.18136406,0.15443382,-0.97121435,0.15609103,0.9705523,0.1834769,0.97094935,-0.18487397,0.15191758
1356431191888,0.24581328,0.15109386,-0.95746875,0.15420891,0.9691005,0.19251983,0.956972,-0.19497414,0.21491772
1356431191914,0.2940528,0.13525796,-0.94617033,0.15740871,0.96956587,0.18752223,0.9427383,-0.20407689,0.26381278
1356431191956,0.31766856,0.11029697,-0.94176495,0.16848536,0.9708402,0.17053433,0.93311274,-0.21284701,0.28982198
1356431191997,0.3153646,0.07765162,-0.94578826,0.18596703,0.972265,0.14183448,0.9305705,-0.22061501,0.29217732
1356431192038,0.29106972,0.043571807,-0.9557091,0.20408195,0.97314113,0.10652154,0.9346812,-0.22604817,0.2743597
1356431192077,0.25166118,0.014119133,-0.9677124,0.21699958,0.9736126,0.07063767,0.94317436,-0.22776994,0.24195665
1356431192117,0.20643994,-0.005546756,-0.9784435,0.2222752,0.9741056,0.04137525,0.9528779,-0.22602522,0.20232719
1356431192158,0.16480324,-0.012317121,-0.98624957,0.22181903,0.97477007,0.024892412,0.9610599,-0.22287127,0.16337746
1356431192197,0.13350475,-0.0052134693,-0.9910345,0.22002922,0.9751853,0.024510607,0.96631455,-0.22132882,0.13133895
1356431192237,0.11411959,0.01422631,-0.99336517,0.22091869,0.9744986,0.03933566,0.96859264,-0.22394189,0.1080665
1356431192277,0.103685915,0.04260713,-0.99369705,0.2256589,0.97202057,0.06522376,0.968673,-0.23099938,0.09117019
1356431192317,0.097344965,0.07577733,-0.9923616,0.2317369,0.9679656,0.09664647,0.96789557,-0.23937486,0.07666618
1356431192357,0.09134853,0.109653875,-0.9897633,0.23497961,0.9634784,0.12842885,0.9676983,-0.244306,0.062245905
1356431192397,0.08475277,0.14102826,-0.98637116,0.23274523,0.9597456,0.1572198,0.96883786,-0.24289799,0.048517466
1356431192437,0.078245044,0.16744266,-0.9827719,0.22526063,0.9573303,0.18104246,0.9711515,-0.23554549,0.037188113
1356431192477,0.07188609,0.18662444,-0.9797978,0.21450329,0.9564607,0.19791709,0.9740743,-0.22439732,0.02872467
1356431192517,0.064977735,0.19665937,-0.9783165,0.20223434,0.9574486,0.20589656,0.9771792,-0.21122786,0.022441566
1356431192557,0.058571428,0.19712004,-0.9786282,0.18889439,0.96041334,0.20475654,0.9802491,-0.19685026,0.019017935
1356431192597,0.058349937,0.19022046,-0.98000586,0.174152,0.9646859,0.19761592,0.9829885,-0.18220085,0.023162067
1356431192637,0.07417524,0.18032314,-0.9808066,0.15860225,0.96886474,0.19012219,0.9845524,-0.16966048,0.043266118
1356431192677,0.11358631,0.17081779,-0.9787336,0.14410463,0.97185934,0.186342,0.9830219,-0.16220593,0.0857743
1356431192717,0.17206186,0.1601922,-0.97197384,0.13239734,0.97397625,0.18395962,0.9761483,-0.16033919,0.14637512
1356431192761,0.23184264,0.14280088,-0.9622145,0.1257851,0.9764605,0.17522262,0.96458644,-0.16165633,0.20842296
1356431192799,0.27436984,0.11439784,-0.9547954,0.12758994,0.97978944,0.1540567,0.9531222,-0.16409081,0.25422865
1356431192839,0.2915039,0.075598836,-0.95357764,0.1382841,0.98307025,0.12020974,0.9465215,-0.16690622,0.2761147
1356431192868,0.29216868,0.033105616,-0.9557936,0.15227428,0.98504084,0.080666125,0.9441663,-0.1691109,0.28275692
1356431192909,0.2718578,-0.0098993555,-0.9622865,0.16597572,0.9854447,0.036752596,0.94791627,-0.16970769,0.2695439
1356431192949,0.23868093,-0.050493557,-0.9697844,0.1753626,0.9844706,-0.0080984235,0.9551331,-0.16813098,0.24382907
1356431192989,0.20126396,-0.08419262,-0.9759121,0.17913748,0.98266065,-0.04783101,0.96301746,-0.16519578,0.21285623
1356431193028,0.16662353,-0.10834402,-0.98005,0.17957613,0.98065645,-0.07788036,0.9695303,-0.16301692,0.18285644
1356431193069,0.13931027,-0.12200071,-0.98270464,0.18088053,0.9788206,-0.09587653,0.9735886,-0.16439556,0.1584273
1356431193109,0.11961472,-0.12588403,-0.9848073,0.18656442,0.97710836,-0.10223979,0.97513384,-0.17150062,0.14036202
1356431193148,0.10445127,-0.121678084,-0.9870584,0.19689229,0.975373,-0.099402286,0.9748453,-0.18396151,0.12583643
1356431193177,0.09194729,-0.11069344,-0.9895922,0.20679547,0.9742577,-0.089763895,0.9740541,-0.19638963,0.11247122
1356431193217,0.077460796,-0.09824072,-0.99214345,0.21442454,0.9734874,-0.079652384,0.9736642,-0.20656995,0.09647232
1356431193257,0.06340894,-0.07986008,-0.9947873,0.21550678,0.97437084,-0.064484425,0.97444147,-0.21029451,0.078994215
1356431193297,0.051485747,-0.056326777,-0.99708396,0.20946392,0.9768094,-0.044365488,0.9764599,-0.20656893,0.062090218
1356431193337,0.042064846,-0.02853822,-0.99870723,0.19800591,0.9800036,-0.019663893,0.9792978,-0.19692278,0.046874464
1356431193377,0.034480304,0.0022267178,-0.9994029,0.18323597,0.9830321,0.008512057,0.9824641,-0.18342006,0.0334872
1356431193417,0.029146492,0.034732774,-0.9989715,0.16679066,0.9852159,0.039120883,0.98556143,-0.16775936,0.022922456
1356431193458,0.029613733,0.06832964,-0.99722314,0.14982224,0.9860867,0.07201572,0.9882693,-0.15153886,0.01896441
1356431193497,0.042082995,0.10300812,-0.9937899,0.13369635,0.98514473,0.10777354,0.9901284,-0.13740152,0.02768606
1356431193537,0.07393813,0.13884372,-0.98755026,0.119140476,0.98193884,0.14697486,0.99012053,-0.12852424,0.05606079
1356431193577,0.12586531,0.17452325,-0.97657543,0.10554843,0.9764607,0.1881063,0.9864165,-0.12675208,0.104481876
1356431193617,0.18652296,0.20594758,-0.9606221,0.092384875,0.9697721,0.22584753,0.9780972,-0.13087271,0.16185832
1356431193657,0.23767263,0.22840214,-0.9441103,0.082242645,0.9637395,0.25385487,0.96785736,-0.13798048,0.2102701
1356431193697,0.26632765,0.23958376,-0.93363225,0.07919765,0.9599018,0.2689168,0.9606234,-0.14556146,0.23667389
1356431193758,0.27032942,0.24004735,-0.9323622,0.083305344,0.9589544,0.27104738,0.959157,-0.15094283,0.23923635
1356431193779,0.25453204,0.23192312,-0.9388425,0.09001194,0.9609208,0.26178053,0.96286625,-0.15113856,0.22370929
1356431193819,0.22637421,0.2178339,-0.9493699,0.09401339,0.96523494,0.24389137,0.9694928,-0.14446421,0.19802499
1356431193859,0.19400138,0.20114353,-0.9601586,0.09331838,0.9705315,0.22217163,0.9765526,-0.13270205,0.16951406
1356431193899,0.16409159,0.18567564,-0.96881294,0.089534745,0.97526824,0.20207766,0.98237336,-0.11990166,0.1434089
1356431193937,0.14196983,0.17589456,-0.97411793,0.08588757,0.97818553,0.18914647,0.9861379,-0.110517725,0.12376571
1356431193977,0.13081542,0.17611817,-0.9756381,0.0853826,0.97843695,0.18807167,0.9877232,-0.1079052,0.11295718
1356431194023,0.13121724,0.18996117,-0.9729834,0.09007022,0.97512585,0.20252638,0.9872535,-0.11421178,0.11084348
1356431194057,0.13550651,0.21706593,-0.9667059,0.09495515,0.9683688,0.2307495,0.9862157,-0.12306176,0.11060876
1356431194097,0.13839754,0.24692768,-0.9591,0.09935751,0.9600718,0.2615151,0.9853802,-0.13148683,0.10833746
1356431194137,0.1367679,0.2793839,-0.95038897,0.0996113,0.95066273,0.29379916,0.9855822,-0.13485177,0.102190375
1356431194177,0.13087654,0.3106624,-0.94146705,0.09549014,0.94126976,0.3238717,0.9867892,-0.13228804,0.09352493
1356431194217,0.122650415,0.33736217,-0.9333507,0.08909856,0.9329106,0.3489114,0.9884423,-0.1259543,0.0843634
1356431194257,0.11290309,0.3557089,-0.9277521,0.08233835,0.92716134,0.3655026,0.9901884,-0.11765592,0.075390875
1356431194297,0.1020889,0.36255854,-0.9263527,0.07568395,0.92568815,0.37063923,0.99189204,-0.107948184,0.06706262
1356431194337,0.093126774,0.35812333,-0.92901844,0.068170756,0.9285902,0.36479184,0.9933178,-0.09730378,0.062063098
1356431194377,0.092999846,0.3480175,-0.9328638,0.058240756,0.93341863,0.3540307,0.9939613,-0.08725548,0.06653899
1356431194417,0.10960063,0.34058604,-0.9338035,0.045036763,0.93679655,0.3469637,0.9929549,-0.08008295,0.08733457
1356431194457,0.14633328,0.34239668,-0.92809004,0.02784507,0.9363919,0.34984982,0.9888434,-0.07703741,0.12749124
1356431194497,0.19424224,0.34763902,-0.9172879,0.008415744,0.93447316,0.35593408,0.9809175,-0.076857105,0.17858851
1356431194537,0.23706934,0.34374678,-0.9086452,-0.0068668276,0.9358779,0.3522575,0.9714684,-0.07726993,0.22422844
1356431194578,0.26255748,0.32119018,-0.9098904,-0.0100646615,0.94383365,0.33026785,0.9648639,-0.07755658,0.25104326
1356431194617,0.2665163,0.2776594,-0.9229704,0.00129053,0.95750296,0.28842056,0.96382964,-0.07805989,0.2548318
1356431194657,0.2500645,0.2161907,-0.94378453,0.022040136,0.9732297,0.22877537,0.9679783,-0.07800974,0.23860532
1356431194698,0.21721637,0.14336236,-0.9655383,0.04307546,0.9867845,0.15620762,0.9751726,-0.07552185,0.20817035
1356431194753,0.16835484,0.06173383,-0.98379153,0.05683403,0.9957688,0.072211355,0.9840867,-0.068069965,0.1641339
1356431194774,0.12620068,0.0012078471,-0.99200404,0.059996888,0.99815935,0.008848021,0.99018884,-0.06063378,0.12589592
1356431194818,0.09358749,-0.04135523,-0.9947518,0.05836682,0.99764645,-0.035984352,0.99389875,-0.054692812,0.09578103
1356431194857,0.07270539,-0.055840824,-0.99578905,0.057776343,0.9969905,-0.051689785,0.99567866,-0.05377492,0.07571286
1356431194897,0.061019003,-0.04649472,-0.9970531,0.0625265,0.99713063,-0.042671755,0.9961762,-0.059738457,0.06375104
1356431194937,0.053798556,-0.019477095,-0.9983617,0.07184298,0.9972942,-0.015584877,0.99596393,-0.07088685,0.05505228
1356431194977,0.046530098,0.0174288,-0.9987648,0.081088394,0.99648213,0.021166682,0.9956202,-0.08197313,0.044953167
1356431195017,0.03745243,0.05717239,-0.99766153,0.08574906,0.99449575,0.060210004,0.99561256,-0.08780354,0.032343805
1356431195057,0.028301626,0.096449144,-0.99493545,0.08397891,0.9915859,0.098513275,0.99606556,-0.08634168,0.0199638
1356431195097,0.020867705,0.13132308,-0.99111986,0.07665115,0.9882079,0.13255109,0.9968395,-0.078736514,0.010555565
1356431195137,0.015139759,0.15612353,-0.98762155,0.06595762,0.98542744,0.1567878,0.9977076,-0.06751491,0.004621625
1356431195177,0.010570765,0.16574503,-0.986112,0.05343837,0.9846642,0.16607453,0.99851525,-0.054451752,0.0015515089
1356431195217,0.009207636,0.160831,-0.98693895,0.04014152,0.9861258,0.161073,0.99915147,-0.04110033,0.002623856
1356431195257,0.01780495,0.1518489,-0.98824334,0.027027633,0.9879657,0.15229319,0.9994761,-0.029421449,0.013486564
1356431195297,0.04563433,0.15309861,-0.98715675,0.015422128,0.98796046,0.15393619,0.99883926,-0.022248834,0.042723835
1356431195337,0.09813231,0.17412066,-0.97982246,0.0047949627,0.9844805,0.17542866,0.99516183,-0.021913432,0.09577447
1356431195377,0.16794318,0.20690152,-0.9638396,-0.00732141,0.9779614,0.20865726,0.98576945,-0.027985893,0.16575676
1356431195417,0.23598662,0.22975343,-0.94420534,-0.018529557,0.9725355,0.2320159,0.9715796,-0.03725694,0.23376256
1356431195457,0.28523844,0.2252425,-0.93161404,-0.01989092,0.9731759,0.22920102,0.95825005,-0.04684627,0.28206748
1356431195497,0.30864438,0.18889251,-0.932233,-0.005627893,0.9804286,0.19679481,0.9511609,-0.055493124,0.30366683
1356431195537,0.3062928,0.12561685,-0.94361275,0.020887848,0.9901296,0.13858944,0.95170814,-0.06215899,0.3006457
1356431195577,0.2821729,0.04582701,-0.9582684,0.050157495,0.9967877,0.06243854,0.95805144,-0.065682806,0.27896792
1356431195632,0.23002672,-0.053960033,-0.97168726,0.075112276,0.99646765,-0.03755488,0.9702814,-0.064347014,0.23326725
1356431195664,0.18198764,-0.1254031,-0.9752716,0.08452108,0.9901585,-0.111545496,0.9796616,-0.062131085,0.19079584
1356431195706,0.14321572,-0.17275755,-0.9744968,0.08641647,0.9830692,-0.16157715,0.9859114,-0.061072186,0.15572006
1356431195758,0.118382275,-0.1879604,-0.9750161,0.08978601,0.9799248,-0.17800525,0.9889004,-0.06647014,0.13288194
1356431195789,0.10366455,-0.16808093,-0.9803073,0.09314343,0.9829267,-0.1586804,0.99024135,-0.074859664,0.11755031
1356431195834,0.0971033,-0.13619103,-0.9859122,0.10421526,0.9865393,-0.1260134,0.9898031,-0.09051078,0.109989405
1356431195869,0.09519678,-0.08698943,-0.99165034,0.11617993,0.9903376,-0.075721204,0.98865557,-0.108001456,0.10438341
1356431195909,0.09316188,-0.031032693,-0.9951672,0.12291983,0.9922263,-0.019433938,0.9880342,-0.120515294,0.0962522
1356431195949,0.08882463,0.02252058,-0.9957927,0.12135836,0.9920513,0.033261135,0.98862654,-0.12380217,0.0853855
1356431195987,0.082790524,0.06742843,-0.9942832,0.112476714,0.9907012,0.07655106,0.9901993,-0.118171416,0.074436545
1356431196027,0.07589653,0.098698504,-0.9922189,0.099495344,0.9893731,0.106025994,0.9921393,-0.10676816,0.06526995
1356431196067,0.068217546,0.11257145,-0.9912992,0.08514643,0.9893316,0.118207484,0.9940304,-0.09246941,0.05790472
1356431196107,0.06083533,0.10945383,-0.99212843,0.07072039,0.99099886,0.11366564,0.99563926,-0.077078596,0.052547097
1356431196147,0.057907164,0.096348196,-0.9936619,0.056511402,0.9934197,0.09961802,0.99672127,-0.061921824,0.052081347
1356431196187,0.06672731,0.08509905,-0.9941357,0.042852767,0.9951925,0.08806584,0.99685067,-0.048477866,0.06275982
1356431196227,0.09424734,0.086084515,-0.99182,0.030013714,0.995556,0.08926081,0.9950963,-0.03818079,0.09124482
1356431196267,0.13945717,0.09817936,-0.98534894,0.017434709,0.994675,0.10157615,0.99007463,-0.031344797,0.13700283
1356431196307,0.19045621,0.108391315,-0.97569346,0.005693022,0.9937472,0.11150822,0.9816792,-0.02679208,0.18864822
1356431196347,0.23144916,0.10161326,-0.9675258,-6.270036E-4,0.99454564,0.104301,0.9728468,-0.02353374,0.23025048
1356431196387,0.25264534,0.071668446,-0.964901,0.003095232,0.997188,0.074877016,0.967554,-0.021903923,0.25171304
1356431196427,0.25306553,0.022648929,-0.96718395,0.015736489,0.9994973,0.027523104,0.96732116,-0.022185229,0.2525819
1356431196467,0.23593554,-0.036889657,-0.97106826,0.03181576,0.9990368,-0.030222028,0.9712478,-0.023764823,0.23688197
1356431196507,0.20708159,-0.09749659,-0.97345346,0.045566775,0.9949032,-0.08995153,0.97726196,-0.025729828,0.21046871
1356431196547,0.17324406,-0.15068942,-0.9732827,0.054140627,0.98818856,-0.14336021,0.98338974,-0.027857821,0.17935622
1356431196587,0.14158976,-0.18956885,-0.97160494,0.058676742,0.98137444,-0.18292415,0.9881849,-0.031110413,0.15007585
1356431196627,0.11721262,-0.21046847,-0.97054845,0.06333336,0.97687984,-0.20419273,0.99108535,-0.037534125,0.1278323
1356431196667,0.10067451,-0.21403873,-0.9716234,0.07234308,0.9755748,-0.20741338,0.99228585,-0.04940898,0.113699734
1356431196707,0.088855594,-0.20376983,-0.9749782,0.08629197,0.9767446,-0.1962747,0.99229956,-0.06669268,0.10437292
1356431196762,0.07658225,-0.18469507,-0.9798076,0.10144072,0.97903764,-0.17662129,0.9918896,-0.08586633,0.09371251
1356431196798,0.06581065,-0.149353,-0.98659146,0.10664966,0.98412406,-0.1418654,0.99211633,-0.095883384,0.08069432
1356431196828,0.05673486,-0.10982126,-0.9923308,0.104133904,0.9891615,-0.103516825,0.99294376,-0.09746226,0.06755608
1356431196869,0.046201527,-0.074745424,-0.99613184,0.08987514,0.9934634,-0.0703767,0.99488086,-0.08627597,0.052617252
1356431196909,0.03568086,-0.039786357,-0.99857086,0.069335006,0.99689806,-0.037242234,0.9969551,-0.06790709,0.038328767
1356431196949,0.025276214,-0.008573834,-0.9996437,0.046846587,0.99887484,-0.0073827133,0.99858224,-0.04664329,0.025649428
1356431196987,0.015820801,0.016714025,-0.9997351,0.024947125,0.9995424,0.01710559,0.9995636,-0.02521114,0.015396595
1356431197027,0.010697454,0.03696128,-0.9992595,0.0049947146,0.99930215,0.037016332,0.9999304,-0.005386999,0.010505378
1356431197068,0.017031193,0.05683496,-0.9982384,-0.011288619,0.9983304,0.056647606,0.9997913,0.010303952,0.017644346
1356431197107,0.042814195,0.0814031,-0.9957613,-0.02190823,0.996512,0.08052249,0.99884284,0.018367855,0.044448256
1356431197147,0.090186596,0.1111507,-0.989703,-0.026803482,0.99366355,0.10915303,0.99556416,0.016683344,0.092594385
1356431197187,0.14920998,0.13851643,-0.97905546,-0.028033819,0.9903341,0.13583973,0.988408,0.007178031,0.15165085
1356431197227,0.20265827,0.15317902,-0.9671948,-0.025766447,0.98818207,0.15110396,0.97891045,-0.0057012886,0.20421016
1356431197267,0.23731324,0.14944772,-0.95986867,-0.017632753,0.98859525,0.1495609,0.9712732,-0.018567659,0.23724192
1356431197307,0.24928868,0.12833044,-0.95988876,-0.0031777322,0.9912842,0.13170251,0.968424,-0.02978168,0.24752373
1356431197347,0.24145764,0.094809175,-0.9657688,0.014298666,0.9947603,0.10123016,0.97030604,-0.038252,0.23883682
1356431197387,0.21937913,0.054867327,-0.97409564,0.030188039,0.99755764,0.062987596,0.97517246,-0.0432242,0.21718699
1356431197427,0.18932486,0.014166405,-0.98181224,0.04131832,0.99889535,0.02238039,0.98104477,-0.044804,0.18853039
1356431197467,0.15817976,-0.022075098,-0.98716354,0.047414076,0.9987666,-0.014737093,0.98627126,-0.044474337,0.15903133
1356431197507,0.13266766,-0.049370393,-0.9899302,0.05142665,0.9977563,-0.042868644,0.98982555,-0.045221515,0.13490897
1356431197565,0.11629188,-0.06569707,-0.9910399,0.057868645,0.9965631,-0.059272703,0.9915278,-0.050457206,0.119693995
1356431197587,0.1075041,-0.072201826,-0.99157935,0.06927364,0.99547946,-0.064975366,0.9917882,-0.061705202,0.11201984
1356431197628,0.101453066,-0.07222301,-0.99221534,0.083191216,0.99448395,-0.06388192,0.99135596,-0.076062575,0.106901765
1356431197665,0.09377545,-0.06903674,-0.9931969,0.09350696,0.99379396,-0.060249515,0.9911925,-0.0872209,0.09964889
1356431197708,0.08322254,-0.0643757,-0.9944495,0.09530018,0.9938517,-0.05636161,0.9919636,-0.090080656,0.08884585
1356431197762,0.069456846,-0.059686273,-0.9957978,0.08444059,0.9949779,-0.053747404,0.9940048,-0.08035263,0.074148
1356431197798,0.05812159,-0.05063702,-0.9970244,0.06961386,0.99648726,-0.046551596,0.9958794,-0.06670107,0.061442435
1356431197839,0.04873985,-0.04251884,-0.99790615,0.05333478,0.9977789,-0.03990843,0.9973865,-0.051277973,0.050899327
1356431197879,0.04142171,-0.03673556,-0.99846625,0.037320662,0.99868333,-0.03519529,0.99844456,-0.035805568,0.04273814
1356431197919,0.0391106,-0.031893507,-0.9987258,0.023321282,0.9992474,-0.030996889,0.99896276,-0.02207926,0.039824963
1356431197957,0.048659056,-0.024240728,-0.9985213,0.013524297,0.99962974,-0.023608586,0.998724,-0.012355523,0.04896885
1356431197997,0.07760516,-0.009614501,-0.9969378,0.010714235,0.99990374,-0.008809071,0.9969266,-0.009997796,0.077700675
1356431198037,0.12553051,0.010577713,-0.99203336,0.014926893,0.99980986,0.012549459,0.99197745,-0.016383316,0.12534875
1356431198077,0.18064761,0.028823249,-0.9831255,0.023337077,0.99916345,0.0335816,0.98327106,-0.029009713,0.17982382
1356431198117,0.22508293,0.03526059,-0.97370136,0.034052882,0.99844974,0.044028543,0.9737444,-0.04306741,0.22353327
1356431198157,0.24703404,0.025096614,-0.9686817,0.04719313,0.9981667,0.03789574,0.9678569,-0.05507666,0.24539673
1356431198197,0.24444422,-2.8056093E-4,-0.96966326,0.061212473,0.99800986,0.015142404,0.96772933,-0.06305696,0.24397492
1356431198237,0.22172588,-0.036029913,-0.97444314,0.07196834,0.9971963,-0.020495448,0.9724496,-0.06558469,0.22369725
1356431198278,0.18633577,-0.07607261,-0.9795366,0.07519434,0.9951778,-0.06298324,0.9796044,-0.061919577,0.19115746
1356431198317,0.14681423,-0.1142801,-0.98254037,0.06974391,0.9920276,-0.104962215,0.9867022,-0.053116266,0.1536141
1356431198357,0.11158487,-0.14520642,-0.9830889,0.05886114,0.9884959,-0.13932405,0.9920102,-0.042319287,0.118848205
1356431198397,0.08622068,-0.16500267,-0.98251724,0.048835278,0.9857042,-0.16125235,0.99507844,-0.03407821,0.09304601
1356431198437,0.07128009,-0.17217287,-0.98248446,0.0452599,0.98453367,-0.16924834,0.99642897,-0.03240312,0.07797021
1356431198477,0.063684344,-0.16731809,-0.98384404,0.050047517,0.98514014,-0.16429895,0.9967145,-0.038775675,0.07111186
1356431198517,0.05923274,-0.15140355,-0.98669577,0.05987615,0.98719037,-0.147885,0.99644685,-0.0503199,0.06753945
1356431198557,0.055069894,-0.12532394,-0.9905863,0.06859449,0.99022275,-0.12146456,0.99612355,-0.061259724,0.063127995
1356431198597,0.050677985,-0.089136615,-0.99472916,0.071396515,0.9937842,-0.085414514,0.9961597,-0.06669158,0.05672705
1356431198637,0.04660079,-0.04296328,-0.99798924,0.0671433,0.9969499,-0.039783303,0.99665445,-0.06515436,0.049343348
1356431198677,0.042413205,0.011240913,-0.99903697,0.057489477,0.9982525,0.013672752,0.9974448,-0.058014013,0.041692853
1356431198717,0.036667854,0.069287166,-0.9969226,0.044752065,0.9964788,0.07090235,0.9983249,-0.04721418,0.033437967
1356431198762,0.029087275,0.12713672,-0.9914586,0.030949648,0.9912882,0.12802286,0.99909765,-0.03440913,0.024899006
1356431198798,0.02262953,0.18301521,-0.98284954,0.017051741,0.98288774,0.1834149,0.99959844,-0.020909883,0.019121587
1356431198839,0.024933636,0.24122515,-0.9701488,0.003170915,0.97042656,0.24137571,0.9996841,-0.009094626,0.02343136
1356431198879,0.04498273,0.30899075,-0.95000064,-0.011661947,0.9510609,0.3087834,0.9989197,-0.0028110594,0.04638475
1356431198919,0.08578661,0.38806728,-0.9176298,-0.030858785,0.9216182,0.38686907,0.9958355,-0.004871249,0.09103781
1356431198957,0.13646111,0.46630734,-0.8740343,-0.056987286,0.88452166,0.46300524,0.98900497,-0.01337336,0.1472764
1356431198997,0.18011948,0.5273157,-0.8303584,-0.084846795,0.84934765,0.52096987,0.97997856,-0.023383543,0.19772512
1356431199037,0.20590717,0.562813,-0.8005273,-0.10367191,0.8259993,0.55405533,0.9730645,-0.03109178,0.22842705
1356431199077,0.21296102,0.5750643,-0.7899041,-0.107316315,0.8173251,0.5660944,0.9711492,-0.03578639,0.23577219
1356431199117,0.20469838,0.5693873,-0.7961764,-0.09723982,0.8212055,0.5622864,0.9739831,-0.037679106,0.22346658
1356431199157,0.1847521,0.5506029,-0.8140657,-0.07863225,0.8339513,0.5462071,0.9796344,-0.036901087,0.1973694
1356431199197,0.15725493,0.5238774,-0.837152,-0.05734493,0.85111266,0.52184176,0.9858917,-0.0340558,0.16388339
1356431199237,0.12839752,0.49722153,-0.8580704,-0.038241982,0.867071,0.4967147,0.99098516,-0.030962601,0.13034451
1356431199277,0.105395705,0.4808492,-0.87044567,-0.022965506,0.87626445,0.48128286,0.9941651,-0.030734926,0.10339743
1356431199317,0.09285298,0.4822889,-0.8710774,-0.009462506,0.87524486,0.48358762,0.9956349,-0.03666,0.085832775
1356431199357,0.09037098,0.50165486,-0.8603345,0.004998535,0.86362994,0.5041014,0.9958956,-0.04985653,0.07553953
1356431199397,0.09301701,0.53190434,-0.84168017,0.02014339,0.8441669,0.53570193,0.99546075,-0.06678368,0.067807496
1356431199437,0.094067656,0.56283593,-0.82119846,0.032871217,0.82265043,0.56759644,0.995023,-0.08038625,0.058883727
1356431199477,0.08917767,0.5870291,-0.80463904,0.04012105,0.805085,0.591801,0.99520725,-0.08505833,0.048243403
1356431199517,0.078532934,0.60207546,-0.7945677,0.040914685,0.7944112,0.6060007,0.9960716,-0.08010054,0.0377537
1356431199557,0.06460646,0.6076478,-0.79157454,0.03657967,0.79125655,0.61038923,0.99724025,-0.06839064,0.028892696
1356431199597,0.049411625,0.60280716,-0.7963554,0.029337138,0.7961093,0.6044412,0.9983476,-0.053229213,0.0216524
1356431199637,0.03498593,0.58699334,-0.8088354,0.02015987,0.8087517,0.5878046,0.99918437,-0.036870897,0.016461194
1356431199677,0.026044786,0.5633005,-0.8258415,0.007829756,0.82598144,0.563643,0.99963015,-0.021146089,0.017102003
1356431199717,0.03130302,0.5406754,-0.8406486,-0.009899706,0.84118724,0.5406532,0.9994609,-0.008601844,0.03168422
1356431199762,0.05880008,0.52886295,-0.8466679,-0.033870608,0.848704,0.52778244,0.99769497,-0.0023564994,0.067816734
1356431199799,0.108444445,0.53071225,-0.84058577,-0.0630908,0.8475421,0.52696484,0.9920985,-0.0041131973,0.12539428
1356431199839,0.16796342,0.536003,-0.8273385,-0.09249847,0.84412825,0.5281018,0.98144394,-0.012174219,0.19136214
1356431199879,0.21959865,0.5292958,-0.8195257,-0.111852154,0.8481509,0.5178119,0.9691571,-0.02204509,0.24545568
1356431199919,0.25295535,0.5038684,-0.8259117,-0.11376983,0.8632439,0.49179906,0.9607653,-0.030439362,0.27568716
1356431199957,0.26524073,0.45916858,-0.8478276,-0.09835932,0.88762134,0.44994873,0.95915216,-0.035953,0.28059685
1356431199997,0.25757545,0.39850727,-0.8802538,-0.07185772,0.9163698,0.393831,0.9635825,-0.038188145,0.2646702
1356431200037,0.23229054,0.32704607,-0.9160142,-0.04196036,0.94426787,0.32649285,0.97174096,-0.037404925,0.23306745
1356431200077,0.19528553,0.2543865,-0.9471806,-0.015827157,0.9664669,0.2563031,0.9806187,-0.035061114,0.19276321
1356431200117,0.15573701,0.19350359,-0.96866,0.0031965077,0.9805213,0.19638693,0.9877933,-0.033681042,0.15208495
1356431200157,0.122703016,0.15605974,-0.9800966,0.017026432,0.9870828,0.15930377,0.9922974,-0.036234606,0.11846089
1356431200197,0.10072133,0.14729562,-0.98395073,0.030471139,0.9880594,0.15102983,0.9944478,-0.045194015,0.09503037
1356431200237,0.08887473,0.16508034,-0.9822676,0.04644153,0.9844108,0.1696425,0.9949595,-0.060694933,0.07982266
1356431200277,0.0825122,0.2024031,-0.97582,0.061917417,0.9762261,0.20772287,0.9946647,-0.07755992,0.06801826
1356431200317,0.07661128,0.2488558,-0.9655058,0.07173737,0.96446633,0.25428015,0.994477,-0.08874358,0.05603671
1356431200357,0.06841612,0.2972836,-0.9523348,0.07282548,0.9505368,0.3019541,0.9949953,-0.090012744,0.043382227
1356431200397,0.057956427,0.34295335,-0.9375629,0.06656903,0.93572354,0.3463956,0.99609727,-0.08248851,0.031401098
1356431200455,0.04599631,0.3819545,-0.9230358,0.05638233,0.9215481,0.3841485,0.9973492,-0.06971231,0.020852327
1356431200477,0.032835897,0.41054803,-0.91124755,0.04490392,0.9102126,0.41169977,0.99845153,-0.054437116,0.011452436
1356431200518,0.019542038,0.42690378,-0.9040858,0.032616824,0.903505,0.42733455,0.9992768,-0.037839398,0.0037320852
1356431200555,0.010529939,0.43457258,-0.90057534,0.018344253,0.9003897,0.4346975,0.9997763,-0.02109775,0.00150913
1356431200598,0.014293607,0.44412312,-0.89585173,5.4079294E-4,0.8959397,0.44417536,0.9998977,-0.0068333447,0.01256603
1356431200637,0.038702186,0.46686462,-0.8834815,-0.021484375,0.8843283,0.46637097,0.99901986,9.314716E-4,0.044255733
1356431200677,0.0839219,0.5061272,-0.85836613,-0.048936144,0.8624588,0.5037559,0.99527,-2.7102232E-4,0.09714711
1356431200717,0.13753563,0.54941225,-0.8241542,-0.08063388,0.8355102,0.54352635,0.98720926,-0.00829947,0.15921366
1356431200762,0.18248257,0.57909715,-0.79457325,-0.10813403,0.8150609,0.5691948,0.9772447,-0.017947704,0.2113545
1356431200799,0.21011072,0.5876604,-0.7813507,-0.121531054,0.80869085,0.5755427,0.97009474,-0.025969356,0.2413336
1356431200839,0.21964431,0.5745558,-0.78844273,-0.11691658,0.8178563,0.5634195,0.9685489,-0.031569898,0.24681258
1356431200878,0.21412331,0.54283154,-0.8120869,-0.09807262,0.83911526,0.53503954,0.97187084,-0.03492096,0.23291105
1356431200917,0.19692317,0.49634725,-0.8454943,-0.07184844,0.86736786,0.49245393,0.9777827,-0.036228165,0.20646662
1356431200957,0.171781,0.44081655,-0.8810063,-0.04510641,0.89688146,0.43996483,0.98410195,-0.035838544,0.17395085
1356431200997,0.14471605,0.38813776,-0.91016835,-0.023047164,0.92092407,0.38906002,0.9892048,-0.03532645,0.142218
1356431201037,0.12288213,0.35450247,-0.9269455,-0.006361842,0.9342864,0.35646656,0.9924008,-0.03790629,0.11706239
1356431201077,0.11027849,0.34962326,-0.93037754,0.008752748,0.935709,0.35266423,0.9938622,-0.04703465,0.10012841
1356431201117,0.10619366,0.37322384,-0.9216436,0.024615392,0.9256139,0.37766787,0.9940407,-0.06279257,0.089107275
1356431201157,0.106711864,0.41454816,-0.90374905,0.039483458,0.90645546,0.42045164,0.99350566,-0.08055031,0.08036178
1356431201197,0.10700464,0.4582247,-0.88237196,0.049870655,0.88387656,0.46505392,0.9930071,-0.09376745,0.07172692
1356431201237,0.10405645,0.49129158,-0.8647571,0.054261968,0.8653778,0.4981736,0.9930901,-0.09876162,0.06338966
1356431201277,0.09808338,0.50767314,-0.8559483,0.05382526,0.8561304,0.513949,0.9937215,-0.0964815,0.056646526
1356431201317,0.090121746,0.5038866,-0.85905546,0.050992772,0.8590995,0.50926197,0.99462444,-0.089701205,0.051728964
1356431201357,0.080679536,0.47643703,-0.875499,0.048003957,0.87548584,0.48085356,0.9955834,-0.08082245,0.04776293
1356431201397,0.07080722,0.42469254,-0.90256447,0.04484552,0.9025653,0.42821112,0.9964815,-0.07079643,0.04486257
1356431201437,0.064988494,0.3569523,-0.9318592,0.03902696,0.9322097,0.35980833,0.9971226,-0.059751034,0.04665214
1356431201477,0.072368294,0.292917,-0.95339525,0.028173402,0.9549198,0.29552394,0.99697995,-0.048246942,0.06085342
1356431201517,0.10213673,0.25348377,-0.9619324,0.012064993,0.9666027,0.25599548,0.9946972,-0.03775224,0.09566736
1356431201557,0.1538862,0.24020284,-0.9584475,-0.007929139,0.9702706,0.24189281,0.9880567,-0.029624306,0.15121585
1356431201597,0.21399954,0.23211893,-0.94885457,-0.02712787,0.9723948,0.23175932,0.976457,-0.02385597,0.21438897
1356431201637,0.26503387,0.20493852,-0.9422087,-0.035790086,0.97857,0.20278004,0.9635747,-0.020021848,0.26668894
1356431201677,0.29564357,0.14661548,-0.9439803,-0.025837533,0.9890181,0.14551857,0.95494884,-0.018631503,0.29618502
1356431201717,0.30140626,0.05808212,-0.9517251,0.0016244072,0.99811023,0.06142736,0.9534944,-0.02006058,0.30074233
1356431201761,0.2832914,-0.049755793,-0.95774233,0.036222402,0.9984958,-0.04115873,0.9583496,-0.023031808,0.28466755
1356431201799,0.24756688,-0.15964173,-0.95562816,0.064686775,0.98685455,-0.14810035,0.966709,-0.02515176,0.2546392
1356431201839,0.20333123,-0.25563705,-0.9451487,0.078840286,0.9664543,-0.24443862,0.9759306,-0.024813801,0.21666485
1356431201879,0.16106093,-0.32615265,-0.9314955,0.07928005,0.945043,-0.3171882,0.98375505,-0.022762373,0.17806691
1356431201918,0.1276167,-0.36779428,-0.9211087,0.073870465,0.92964745,-0.36096922,0.98906875,-0.021977067,0.14580768
1356431201957,0.10449061,-0.38290077,-0.9178609,0.07128996,0.9234227,-0.37710518,0.9919675,-0.026030287,0.12378597
1356431201997,0.089009225,-0.37680513,-0.9220061,0.07556847,0.92556703,-0.37096512,0.99315995,-0.036655292,0.11085862
1356431202038,0.07794082,-0.35367712,-0.9321146,0.08348191,0.9339905,-0.34740835,0.9934566,-0.050737426,0.102321625
1356431202077,0.06973034,-0.31711555,-0.94582,0.08823268,0.9463725,-0.31079584,0.99365616,-0.061780356,0.093970835
1356431202117,0.06365672,-0.27096903,-0.96048087,0.08491407,0.96041334,-0.2653222,0.99435276,-0.0646688,0.084145844
1356431202157,0.05886665,-0.22000258,-0.9737215,0.07373114,0.9737071,-0.21554187,0.9955393,-0.059105366,0.07353991
1356431202197,0.054157972,-0.17068371,-0.9838363,0.058288846,0.9841426,-0.16752818,0.9968296,-0.048273716,0.0632481
1356431202237,0.048473984,-0.12926376,-0.99042475,0.042035095,0.99097586,-0.12727839,0.9979396,-0.03546291,0.053470135
1356431202277,0.042107522,-0.099333525,-0.99416286,0.026693989,0.994802,-0.098266765,0.99875647,-0.022400402,0.044540226
1356431202317,0.03851384,-0.07953371,-0.99608785,0.013116032,0.9967818,-0.07908198,0.9991719,-0.010018971,0.039433062
1356431202357,0.044970363,-0.06327794,-0.9969823,0.0028357562,0.997996,-0.06321438,0.9989844,1.5575439E-5,0.04505968
1356431202397,0.07036814,-0.042060792,-0.99663395,-0.0017312672,0.99910396,-0.042287275,0.99751955,0.004701115,0.07023227
1356431202437,0.116545945,-0.014646472,-0.9930773,-5.1227864E-4,0.9998902,-0.014807073,0.99318516,0.0022344366,0.11652565
1356431202477,0.1749394,0.0120684905,-0.98450524,0.0035839053,0.9999104,0.0128941685,0.9845727,-0.005784072,0.17488045
1356431202517,0.22753036,0.023266753,-0.9734929,0.009370519,0.9996159,0.026081227,0.97372586,-0.015056404,0.22722495
1356431202557,0.25943422,0.009630656,-0.9657127,0.019583909,0.9996922,0.015230643,0.96556216,-0.022863781,0.25916576
1356431202597,0.26539582,-0.027970605,-0.9637337,0.034869038,0.9992036,-0.019397715,0.9635087,-0.028456395,0.26615977
1356431202637,0.24876529,-0.080428734,-0.96521866,0.049956307,0.9962853,-0.07014221,0.96727467,-0.030769806,0.25185913
1356431202677,0.21790132,-0.1353522,-0.9665396,0.05776378,0.99038905,-0.12566948,0.97426,-0.028447434,0.22362554
1356431202717,0.18173239,-0.1822941,-0.9663034,0.055871554,0.9829934,-0.17493495,0.9817595,-0.022197522,0.1888268
1356431202761,0.14795005,-0.21428798,-0.96550065,0.04832138,0.97664464,-0.20935673,0.98781365,-0.015679978,0.15484929
1356431202788,0.121521205,-0.22842981,-0.96594644,0.040740505,0.9734864,-0.22508754,0.9917524,-0.012000233,0.12760562
1356431202829,0.10371649,-0.22967911,-0.96772444,0.040893354,0.9731337,-0.22658017,0.99376595,-0.016073376,0.110322356
1356431202869,0.09264073,-0.21313739,-0.9726203,0.04983435,0.9765893,-0.2092605,0.9944518,-0.02908384,0.10109353
1356431202909,0.08434048,-0.1834846,-0.9793978,0.06485708,0.98182654,-0.17835446,0.99432397,-0.04847838,0.094708025
1356431202948,0.075960904,-0.14447053,-0.9865892,0.07865247,0.98723304,-0.13850908,0.9940039,-0.0670764,0.08635408
1356431202987,0.067053795,-0.09841566,-0.99288374,0.08413957,0.9921365,-0.092659265,0.9941953,-0.077327654,0.07480717
1356431203027,0.05794835,-0.04818938,-0.9971558,0.07925362,0.9959039,-0.04352317,0.9951687,-0.07650612,0.061530173
1356431203067,0.049025834,0.0043602865,-0.998788,0.066695996,0.9977442,0.007629527,0.9965682,-0.066989206,0.048624456
1356431203107,0.040001392,0.056775026,-0.9975853,0.050933927,0.9969706,0.0587824,0.9979006,-0.053162314,0.036988437
1356431203147,0.03048262,0.105985306,-0.9939003,0.034423523,0.9936613,0.107015565,0.99894226,-0.037475657,0.026641011
1356431203187,0.022594154,0.15125442,-0.9882366,0.0181733,0.9882635,0.15167403,0.9995795,-0.021386467,0.019580185
1356431203227,0.02247405,0.19422978,-0.9806986,0.0025527254,0.980932,0.1943345,0.9997442,-0.0068709403,0.021549702
1356431203268,0.03873214,0.23835796,-0.9704047,-0.012780465,0.97117215,0.23803635,0.99916786,0.003182575,0.04066193
1356431203325,0.07745072,0.28669384,-0.9548863,-0.029877454,0.95800066,0.2852055,0.9965483,0.0064402223,0.08276355
1356431203347,0.13259375,0.33647412,-0.93231106,-0.05142249,0.94168484,0.3325438,0.9898356,0.0038485527,0.14216387
1356431203387,0.1869399,0.3799494,-0.9059205,-0.07568739,0.9250067,0.3723359,0.9794513,-0.0010376722,0.20167804
1356431203425,0.22439459,0.4108778,-0.88364387,-0.09483066,0.91167116,0.39982843,0.9698733,-0.0059227794,0.2435379
1356431203468,0.2389212,0.42824107,-0.87150806,-0.10140695,0.90359676,0.4162084,0.9657294,-0.0110640675,0.259315
1356431203507,0.23264346,0.43448177,-0.8701165,-0.09482768,0.90053487,0.4243167,0.96792805,-0.016203374,0.25070447
1356431203547,0.20981205,0.43208173,-0.87708855,-0.07982561,0.90163064,0.4250765,0.97447765,-0.019172043,0.22366416
