1356431418799,0.08304483,0.10778016,-0.99070036,-0.80269676,-0.5819137,-0.13059306,-0.59057736,0.80607694,0.0381898
1356431418838,0.26138481,0.14632243,0.9540795,0.7634858,0.57342315,-0.29711175,-0.5905653,0.80608666,0.038169026
1356431418878,0.2614208,0.14649981,0.9540424,0.76354706,0.5732689,-0.29725176,-0.59047014,0.8061641,0.038004935
1356431418917,0.2614759,0.147077,0.95393854,0.763765,0.572768,-0.2976576,-0.590164,0.8064151,0.03743279
1356431418959,0.26157355,0.14851716,0.95368856,0.76427555,0.5715775,-0.29863346,-0.5894591,0.8069955,0.036001503
1356431418998,0.26156884,0.15087822,0.95331925,0.76524615,0.56950724,-0.30009973,-0.58820075,0.8080206,0.033506334
1356431419037,0.26095706,0.15305504,0.9531399,0.7668437,0.56688666,-0.30098227,-0.5863892,0.8094528,0.030563772
1356431419079,0.2592688,0.15362886,0.95350826,0.7693305,0.5639986,-0.3000602,-0.5838752,0.8113592,0.02803582
1356431419117,0.255935,0.15106165,0.9548181,0.77296185,0.56118554,-0.29597434,-0.58054054,0.8137882,0.026862144
1356431419157,0.25089183,0.1447523,0.95713115,0.77772546,0.5585722,-0.28834042,-0.57636476,0.8167275,0.027563632
1356431419197,0.24458328,0.1350322,0.96017987,0.7833899,0.55602,-0.27774447,-0.57138366,0.82012683,0.030210376
1356431419239,0.23779908,0.12314537,0.9634764,0.78941476,0.5534384,-0.26557526,-0.5659293,0.8237361,0.034394383
1356431419278,0.2314201,0.11040479,0.96656895,0.7950573,0.5511082,-0.25330552,-0.5606501,0.82709765,0.039759398
1356431419317,0.22615121,0.09754422,0.96919596,0.79945695,0.5498725,-0.24188611,-0.5565288,0.8295332,0.046371937
1356431419359,0.2219416,0.083256215,0.971499,0.80216503,0.5508341,-0.23046261,-0.5543223,0.8304518,0.055467784
1356431419406,0.21853338,0.06524822,0.9736457,0.80329573,0.5544629,-0.21745563,-0.554039,0.8296467,0.06875503
1356431419437,0.21656923,0.043550014,0.9752954,0.8035761,0.5593636,-0.20341548,-0.5544034,0.8277776,0.08614522
1356431419477,0.21588212,0.017184317,0.97626823,0.80417943,0.5639535,-0.1877549,-0.55379635,0.8256278,0.10792822
1356431419517,0.21808155,-0.011860251,0.97585845,0.80567676,0.5664793,-0.17316511,-0.5507499,0.8239906,0.13309425
1356431419557,0.22434112,-0.041639328,0.97362065,0.80826676,0.5660839,-0.16203037,-0.54440415,0.82329535,0.16065162
1356431419597,0.23517326,-0.07124379,0.9693389,0.81187236,0.56271505,-0.15561196,-0.5343753,0.82357514,0.19017637
1356431419637,0.25045085,-0.100530684,0.96289563,0.816209,0.556809,-0.15416402,-0.52065074,0.8245346,0.22150737
1356431419677,0.26907694,-0.13017526,0.95428085,0.82111776,0.5488378,-0.15666112,-0.50335205,0.8257309,0.25456882
1356431419737,0.28945762,-0.1608836,0.94357336,0.8265672,0.5391282,-0.16164008,-0.48270166,0.82671475,0.2890359
1356431419759,0.30987412,-0.1923177,0.9311241,0.8324007,0.5281146,-0.16794077,-0.4594423,0.82710874,0.3237344
1356431419799,0.3278218,-0.22428411,0.91773057,0.83887225,0.515914,-0.17356867,-0.43454134,0.8267583,0.35727358
1356431419839,0.34232453,-0.25402114,0.9045923,0.8452575,0.5036895,-0.17842802,-0.41030908,0.8256937,0.38713858
1356431419879,0.3535716,-0.27721563,0.893386,0.85008824,0.49373752,-0.18323013,-0.39030394,0.8242419,0.4102293
1356431419909,0.36122516,-0.29267654,0.8853568,0.85311854,0.48702338,-0.18707433,-0.37643716,0.8228904,0.42561296
1356431419949,0.37079826,-0.29192537,0.8816395,0.8508498,0.4872795,-0.1965025,-0.37224075,0.8230056,0.42906708
1356431419979,0.3757528,-0.28425488,0.8820482,0.8480805,0.48917365,-0.2036381,-0.37358958,0.82456553,0.4248794
1356431420020,0.3848039,-0.25755623,0.8863356,0.83981264,0.49610347,-0.22044542,-0.3829371,0.82918406,0.40720147
1356431420059,0.3901887,-0.21984467,0.8941035,0.8305956,0.50308883,-0.23877284,-0.39732054,0.83580494,0.3789016
1356431420099,0.3897553,-0.17644143,0.903858,0.8225659,0.50802535,-0.2555299,-0.41409677,0.84307694,0.34314024
1356431420139,0.38177913,-0.13228413,0.91473806,0.81757116,0.50993234,-0.26748174,-0.43107095,0.8499823,0.30283323
1356431420179,0.36533657,-0.09153128,0.92636454,0.81688064,0.5087031,-0.2718953,-0.44635764,0.85606253,0.260618
1356431420219,0.34010524,-0.05791959,0.938602,0.821175,0.50467414,-0.26641256,-0.45825765,0.8613648,0.21920443
1356431420249,0.30572295,-0.036421448,0.95142365,0.83013046,0.49956584,-0.24762371,-0.46627998,0.86551,0.18296325
1356431420287,0.27042103,-0.021764934,0.96249604,0.8406358,0.49263257,-0.22504345,-0.46925887,0.8699652,0.15151459
1356431420324,0.22673701,-0.018508613,0.97378016,0.8540374,0.48441046,-0.18964869,-0.46819916,0.87464505,0.12564081
1356431420355,0.17896818,-0.022349805,0.983601,0.8666501,0.47681373,-0.14685437,-0.46571222,0.87872016,0.10470396
1356431420398,0.13611604,-0.024713099,0.99038464,0.8758062,0.4702788,-0.108633816,-0.46307224,0.8821718,0.085656345
1356431420437,0.09500635,-0.025586486,0.9951478,0.88085526,0.4678681,-0.07206538,-0.46375397,0.88342786,0.06698847
1356431420477,0.05965936,-0.023560077,0.9979408,0.8807546,0.47174972,-0.041516274,-0.46980014,0.88141763,0.04889494
1356431420517,0.03218919,-0.020823032,0.99926484,0.8765441,0.48097688,-0.018213242,-0.480244,0.87648594,0.03373456
1356431420557,0.014432162,-0.0191333,0.9997128,0.8702123,0.49266693,-0.0031336248,-0.4924655,0.87000763,0.023760319
1356431420597,0.008271605,-0.01798883,0.999804,0.86360466,0.504166,0.0019263029,-0.5041019,0.8634194,0.019705474
1356431420637,0.015097648,-0.016104668,0.99975634,0.857792,0.51397574,-0.0046743453,-0.5137751,0.8576535,0.021574318
1356431420677,0.034608424,-0.0146026015,0.9992943,0.85313797,0.52122426,-0.02193001,-0.5205362,0.85329485,0.030496776
1356431420737,0.06327829,-0.019630134,0.99780285,0.849919,0.52510893,-0.043569177,-0.5230999,0.8508086,0.049911976
1356431420759,0.09427515,-0.04071185,0.9947133,0.8489826,0.5251199,-0.058971077,-0.5199429,0.8500539,0.08406943
1356431420799,0.119454384,-0.084763795,0.9892147,0.8517312,0.5207332,-0.05823177,-0.510181,0.8495011,0.13439983
1356431420839,0.13570079,-0.14566052,0.9799838,0.8581364,0.51163626,-0.042780876,-0.4951638,0.8467652,0.19442612
1356431420879,0.14768863,-0.20386586,0.9677948,0.8654591,0.50026816,-0.026690453,-0.47871563,0.84152865,0.25032145
1356431420909,0.16207308,-0.24290237,0.95641553,0.87052274,0.49160606,-0.022663802,-0.4646746,0.8362547,0.29112816
1356431420949,0.18540454,-0.25154287,0.9499218,0.8712471,0.48916978,-0.040514916,-0.45448178,0.8351282,0.30985028
1356431420988,0.21698129,-0.2328363,0.94800127,0.8671784,0.4919039,-0.077667,-0.44824183,0.8389385,0.30864453
1356431421029,0.2520916,-0.1939528,0.94806767,0.85887396,0.4962284,-0.12685806,-0.44585362,0.8462504,0.291676
1356431421067,0.28445268,-0.14342749,0.9479005,0.8479539,0.49894488,-0.17896432,-0.44728166,0.85468274,0.2635461
1356431421107,0.30845618,-0.08941159,0.94702715,0.8371062,0.49835378,-0.22560287,-0.451783,0.86235094,0.2285673
1356431421149,0.31879735,-0.041277617,0.9469236,0.83026147,0.49407506,-0.25798374,-0.4572024,0.8684388,0.19178104
1356431421188,0.31152612,-0.007965654,0.95020413,0.8311821,0.48691422,-0.26842263,-0.46052969,0.87341344,0.15830743
1356431421229,0.2858032,0.006518811,0.95826614,0.84095335,0.47775382,-0.25406465,-0.45947155,0.8784696,0.1310615
1356431421269,0.24421556,0.0052519143,0.9697068,0.85682213,0.46711242,-0.21831605,-0.45410872,0.88418233,0.109576166
1356431421298,0.1922867,-0.0044030547,0.98132896,0.87296355,0.45757368,-0.16899997,-0.4482863,0.8891608,0.091829
1356431421328,0.14247401,-0.013313204,0.98970896,0.88462067,0.45026112,-0.12128919,-0.4440127,0.89279765,0.075927675
1356431421359,0.09629345,-0.02043873,0.99514306,0.8914313,0.4465512,-0.07708642,-0.44280672,0.8945246,0.061219692
1356431421388,0.054843426,-0.026488274,0.99814355,0.893883,0.4467492,-0.03725916,-0.44493294,0.894267,0.048178673
1356431421418,0.019025385,-0.032654136,0.9992856,0.893083,0.44988602,-0.0023022592,-0.44948944,0.89248884,0.03772211
1356431421447,-0.009873569,-0.039209485,0.9991823,0.8902499,0.45469272,0.026639998,-0.45536548,0.88978493,0.030416787
1356431421487,-0.030886233,-0.04667017,0.99843276,0.8858634,0.46135455,0.04896921,-0.46291688,0.8859875,0.027093887
1356431421527,-0.036637902,-0.050406963,0.99805653,0.88146865,0.4689057,0.056040227,-0.47081923,0.8818087,0.027252436
1356431421567,-0.025874555,-0.04987687,0.9984201,0.8779212,0.4765362,0.046557486,-0.47810552,0.8777389,0.03145778
1356431421607,-0.0012491345,-0.049910963,0.99875295,0.8753609,0.48281175,0.02522248,-0.48346853,0.8743007,0.043087006
1356431421647,0.028885812,-0.06222877,0.9976438,0.87397337,0.48594806,0.0050063133,-0.48511466,0.87176955,0.06842327
1356431421687,0.053071856,-0.09945047,0.9936262,0.874907,0.4842878,0.001740843,-0.4813742,0.86923814,0.112711966
1356431421737,0.06540713,-0.16113779,0.9847621,0.8790331,0.47635916,0.019562542,-0.4722527,0.864359,0.17280275
1356431421769,0.07335177,-0.22555146,0.97146595,0.88447344,0.46477452,0.04112637,-0.46078873,0.8562192,0.23358631
1356431421809,0.08978045,-0.26744655,0.959381,0.8881278,0.4574461,0.04440978,-0.45074227,0.84806573,0.2785964
1356431421838,0.11625689,-0.28365582,0.9518528,0.8888585,0.4573422,0.0277268,-0.44318733,0.842839,0.30529904
1356431421868,0.15114072,-0.2762627,0.9491235,0.8861658,0.46332613,-0.006254226,-0.43802592,0.842026,0.314842
1356431421899,0.19064385,-0.2508814,0.94905925,0.8800684,0.47198927,-0.05201608,-0.43489596,0.8451536,0.31077465
1356431421928,0.230124,-0.2134994,0.949453,0.87124443,0.47986436,-0.10326317,-0.43356204,0.85096896,0.29643843
1356431421969,0.2719935,-0.15804061,0.9492327,0.8584994,0.48548886,-0.16516423,-0.43473926,0.8598393,0.2677276
1356431422007,0.30150795,-0.100529134,0.9481492,0.84712696,0.48461467,-0.21800119,-0.43757156,0.86893183,0.2312761
1356431422049,0.31423068,-0.050040185,0.94802696,0.8408661,0.47822344,-0.25346905,-0.4406851,0.87681144,0.19234952
1356431422087,0.307995,-0.01391089,0.9512863,0.84247476,0.4685361,-0.265914,-0.4420129,0.8833349,0.1560263
1356431422128,0.28334802,0.004025936,0.95900875,0.852363,0.45725727,-0.25375816,-0.43953532,0.8893254,0.12613136
1356431422169,0.24315163,0.0049887,0.9699755,0.86808276,0.44505838,-0.21989837,-0.4327927,0.89548767,0.10388607
1356431422208,0.19367152,-0.0042933226,0.98105705,0.88487965,0.4325863,-0.17279193,-0.42365003,0.90158224,0.087578714
1356431422247,0.14141408,-0.01599878,0.9898212,0.8981085,0.42266282,-0.12147957,-0.4164171,0.90614575,0.07413918
1356431422287,0.0927946,-0.025336415,0.9953629,0.9050977,0.41876423,-0.07372004,-0.41495457,0.9077414,0.061791003
1356431422327,0.051574945,-0.032467216,0.9981412,0.9059347,0.4221232,-0.033079892,-0.42026454,0.90595686,0.051184177
1356431422368,0.020882368,-0.038633764,0.99903524,0.90240914,0.4308746,-0.0022002459,-0.43037382,0.90158445,0.04386115
1356431422407,0.004110962,-0.04304883,0.99906445,0.89680755,0.44215396,0.0153618455,-0.44240162,0.8959055,0.040424228
1356431422447,0.004627794,-0.043120027,0.9990591,0.8910633,0.45361593,0.015450835,-0.45385537,0.89015347,0.04052192
1356431422487,0.023988277,-0.03768611,0.9990016,0.88608694,0.46350357,-0.0037918687,-0.4628979,0.8852933,0.044511855
1356431422527,0.060025573,-0.030736983,0.99772346,0.88181615,0.47001326,-0.03857258,-0.46775767,0.88212407,0.055317163
1356431422567,0.10473263,-0.0337483,0.9939276,0.8784882,0.47159064,-0.07655585,-0.46614334,0.8811715,0.07903838
1356431422607,0.1499258,-0.05714783,0.9870443,0.877141,0.46836242,-0.106114894,-0.45623022,0.88168633,0.12034631
1356431422647,0.1911532,-0.0998165,0.9764718,0.87803733,0.4620745,-0.1246497,-0.43876055,0.88120586,0.17596966
1356431422687,0.2319046,-0.14431924,0.9619732,0.8782565,0.45622012,-0.1432788,-0.4181936,0.8780861,0.2325488
1356431422734,0.2788856,-0.1688639,0.94536126,0.8729669,0.4548087,-0.17628938,-0.40018964,0.8744336,0.27425218
1356431422769,0.3325503,-0.16417381,0.9286858,0.8597307,0.45754355,-0.22697344,-0.3876511,0.8738998,0.2933015
1356431422809,0.38729736,-0.13392618,0.9121757,0.8395536,0.46008584,-0.28891295,-0.38098615,0.87771565,0.29062822
1356431422849,0.43475908,-0.08892113,0.89614594,0.816607,0.45844924,-0.3506812,-0.37965444,0.8842609,0.2719286
1356431422889,0.46924335,-0.03890887,0.88221127,0.79573154,0.45182484,-0.4033181,-0.38291234,0.8912577,0.24297681
1356431422927,0.48826984,0.008729041,0.8726491,0.7809859,0.44184348,-0.4414016,-0.3894273,0.89704967,0.20892158
1356431422967,0.49147308,0.04796824,0.8695707,0.7750882,0.43119025,-0.4618583,-0.39710492,0.900985,0.1747388
1356431423014,0.48043984,0.07662803,0.8736737,0.77861893,0.42121607,-0.46511245,-0.40364602,0.9037174,0.14270496
1356431423045,0.44923997,0.08668849,0.88919544,0.79529893,0.41465116,-0.44222623,-0.4070419,0.9058419,0.117334634
1356431423088,0.41601917,0.08760679,0.90512604,0.81405175,0.407721,-0.41362226,-0.40527505,0.9088942,0.09830329
1356431423127,0.376638,0.082760304,0.9226562,0.8347231,0.40160286,-0.37676573,-0.40172264,0.9120668,0.08217698
1356431423167,0.33645332,0.08001307,0.9382949,0.85178995,0.3990239,-0.33946127,-0.40156344,0.9134429,0.06609857
1356431423207,0.2993396,0.08115113,0.9506893,0.86261743,0.40281433,-0.3059931,-0.407783,0.9116771,0.050575852
1356431423247,0.26823187,0.08334854,0.95974195,0.86746776,0.41239858,-0.27825737,-0.41898856,0.9071827,0.03831625
1356431423287,0.24548522,0.083809674,0.9657706,0.8683218,0.4239215,-0.25750297,-0.43099222,0.90181285,0.031292677
1356431423327,0.233143,0.08266309,0.9689226,0.86668086,0.43422475,-0.24558711,-0.4410312,0.89700365,0.029593945
1356431423367,0.23279001,0.080921054,0.9691546,0.8633882,0.44147968,-0.24424702,-0.44762674,0.8936148,0.032905817
1356431423407,0.24405678,0.07635796,0.9667501,0.8593682,0.44490194,-0.25208828,-0.44935793,0.8923181,0.042961776
1356431423447,0.26435483,0.061877757,0.96243834,0.8560808,0.44449735,-0.2637193,-0.44411966,0.8936404,0.06453264
1356431423487,0.2896812,0.030381083,0.9566409,0.85481095,0.4414106,-0.2728644,-0.43056136,0.8967908,0.10189825
1356431423527,0.31444216,-0.020892352,0.94904673,0.8566458,0.43699914,-0.27420738,-0.40900376,0.8992193,0.1553083
1356431423567,0.33659935,-0.080292374,0.9382185,0.86006653,0.4318776,-0.27160126,-0.38338804,0.89835113,0.21442655
1356431423607,0.3570587,-0.12877196,0.92516327,0.86227375,0.4262703,-0.27345526,-0.35915628,0.8953835,0.2632402
1356431423648,0.37783712,-0.1530312,0.91313773,0.86105454,0.42059982,-0.28579852,-0.34032947,0.8942467,0.29068643
1356431423687,0.39888275,-0.15127563,0.90443814,0.8560002,0.4151491,-0.30808276,-0.32887125,0.8970881,0.29508778
1356431423736,0.41757184,-0.12920225,0.89941126,0.8483958,0.40987098,-0.335008,-0.3253588,0.9029466,0.28076524
1356431423769,0.43024307,-0.09446746,0.8977566,0.84051293,0.40469223,-0.36022526,-0.32928553,0.9095604,0.25351715
1356431423809,0.43381888,-0.05364561,0.8994017,0.83472705,0.39969218,-0.3787836,-0.33916372,0.9150784,0.21817344
1356431423849,0.42544442,-0.0143098235,0.90487146,0.8337671,0.39498913,-0.38576674,-0.35189417,0.91857433,0.17997697
1356431423888,0.40383017,0.016468495,0.9146857,0.83946157,0.39074498,-0.37765417,-0.36362827,0.9203516,0.14396992
1356431423927,0.3686461,0.03357628,0.9289633,0.8523538,0.38657004,-0.3522168,-0.37093556,0.9216486,0.11388859
1356431423967,0.32170933,0.037074924,0.9461123,0.8706536,0.381117,-0.31098554,-0.37210926,0.92378306,0.09032947
1356431424007,0.26609498,0.032002926,0.9634154,0.8907123,0.37395465,-0.2584365,-0.36854437,0.9268946,0.071002066
1356431424047,0.20807259,0.025720954,0.97777516,0.9078025,0.36708468,-0.20283863,-0.36414343,0.92983186,0.05303073
1356431424087,0.15383705,0.02238655,0.98784256,0.91904944,0.3639162,-0.15137094,-0.36288056,0.93116266,0.03540951
1356431424127,0.10786879,0.021346956,0.99393594,0.92425895,0.36612105,-0.10817021,-0.36621,0.93032235,0.019762874
1356431424167,0.07363102,0.020498812,0.99707484,0.9250302,0.37222144,-0.07596326,-0.3726898,0.9279176,0.0084450245
1356431424207,0.053890347,0.019586414,0.99835473,0.92326224,0.37987465,-0.05728957,-0.38037175,0.92483056,0.0023881793
1356431424247,0.051169723,0.020242572,0.99848485,0.92038816,0.3871161,-0.055015594,-0.38764325,0.9218087,0.001177609
1356431424287,0.06534472,0.022334427,0.99761283,0.9170475,0.39278767,-0.068861336,-0.39338806,0.919358,0.0051848292
1356431424327,0.09308991,0.02101779,0.99543583,0.9134287,0.39604637,-0.09378305,-0.39620984,0.91798997,0.017669678
1356431424367,0.12758395,0.006858796,0.99180406,0.91007173,0.39675435,-0.11981383,-0.39432436,0.91789925,0.044377446
1356431424407,0.1599752,-0.028685868,0.98670405,0.9082994,0.39567837,-0.13575998,-0.38652307,0.917941,0.0893541
1356431424447,0.18493885,-0.08328694,0.97921443,0.90890944,0.3934272,-0.13819787,-0.37373948,0.9155754,0.14846027
1356431424487,0.20603642,-0.13832012,0.968719,0.9101,0.3908181,-0.13776511,-0.35953724,0.91001576,0.20640787
1356431424527,0.22990423,-0.1746265,0.9574182,0.90926087,0.3892761,-0.14733893,-0.3469707,0.90441674,0.2482773
1356431424567,0.26098868,-0.18337765,0.9477645,0.9044874,0.3895246,-0.17370439,-0.33732405,0.90257585,0.2675243
1356431424607,0.29734972,-0.1675373,0.93995446,0.8955251,0.39033,-0.21372235,-0.33108598,0.9053031,0.26609835
1356431424647,0.3333568,-0.13524246,0.93305016,0.88371,0.3896765,-0.25924638,-0.3285266,0.91096747,0.24941647
1356431424687,0.36340344,-0.09450507,0.9268262,0.8715348,0.3860091,-0.30236408,-0.3291884,0.9176414,0.2226415
1356431424737,0.38245124,-0.053553104,0.92242247,0.86250234,0.378748,-0.33561838,-0.33139223,0.9239491,0.1910423
1356431424769,0.3879137,-0.01869443,0.9215061,0.85942805,0.36858082,-0.35430425,-0.333026,0.92940766,0.15904406
1356431424809,0.37815133,0.005209625,0.92572916,0.86412686,0.35673997,-0.35499498,-0.33209404,0.9341892,0.13039988
1356431424849,0.3534261,0.016721427,0.935313,0.8763639,0.34382612,-0.3372979,-0.3272251,0.9388844,0.10686308
1356431424888,0.31693247,0.019301772,0.94825166,0.8932635,0.32998487,-0.30527073,-0.318801,0.9437888,0.08734137
1356431424928,0.273834,0.01947236,0.9615798,0.9102804,0.31751692,-0.26565504,-0.31049082,0.94805264,0.069221646
1356431424967,0.23012215,0.022605658,0.9728992,0.92327356,0.3109128,-0.22560826,-0.30758682,0.95016956,0.050676703
1356431425007,0.18920279,0.028493792,0.9815246,0.93077385,0.31324542,-0.18851346,-0.31282952,0.9492447,0.0327456
1356431425047,0.15392476,0.034176946,0.9874913,0.93322754,0.3233341,-0.15665701,-0.32464367,0.9456675,0.017874181
1356431425087,0.1268622,0.03752902,0.99121016,0.9320059,0.33752647,-0.1320642,-0.33951586,0.9405676,0.007842064
1356431425127,0.11097258,0.038801104,0.9930657,0.92857265,0.35205334,-0.11752111,-0.354172,0.93517536,0.0030386448
1356431425167,0.10842469,0.038888663,0.99334365,0.92404807,0.36452684,-0.115131885,-0.36657768,0.93038046,0.003588736
1356431425207,0.11812386,0.035255462,0.9923729,0.9194385,0.37359598,-0.12271494,-0.37507296,0.9269213,0.011715353
1356431425247,0.1342811,0.019929558,0.9907428,0.9162102,0.37840444,-0.1317912,-0.37752804,0.92542577,0.03255284
1356431425287,0.14677384,-0.017607957,0.9890134,0.91666603,0.3781583,-0.12930465,-0.3717268,0.92557347,0.071644366
1356431425327,0.14734986,-0.080823064,0.98577666,0.9224247,0.37092212,-0.107468665,-0.3569604,0.9251402,0.12920856
1356431425367,0.13932657,-0.1546421,0.9780971,0.93133986,0.3560524,-0.076372534,-0.33644342,0.9215815,0.19363189
1356431425410,0.13503072,-0.21484584,0.9672682,0.93932563,0.3384317,-0.055958807,-0.31533167,0.916136,0.24750891
1356431425447,0.14672452,-0.2450907,0.9583331,0.943051,0.32705522,-0.060741395,-0.29854065,0.9126693,0.27912015
1356431425487,0.1774801,-0.24122816,0.9541015,0.9412928,0.3245144,-0.093049616,-0.28717345,0.91460335,0.2846612
1356431425527,0.2202645,-0.21217576,0.95208454,0.93403196,0.3272453,-0.1431601,-0.28119004,0.92081046,0.2702595
1356431425567,0.26686653,-0.1663757,0.94926363,0.9220893,0.3304983,-0.20130113,-0.28023845,0.92902637,0.24161217
1356431425607,0.30848166,-0.11277184,0.9445219,0.9081031,0.330507,-0.2571262,-0.2831745,0.937042,0.20436382
1356431425647,0.33804667,-0.059850365,0.93922436,0.89593315,0.3260165,-0.30169052,-0.28814638,0.9434677,0.16383073
1356431425687,0.35013312,-0.015523434,0.9365713,0.88969964,0.31825483,-0.32733536,-0.29298693,0.9478781,0.12524277
1356431425737,0.3407219,0.014019519,0.9400596,0.8925377,0.30938524,-0.32811174,-0.2954405,0.95083344,0.09290138
1356431425786,0.31014323,0.027984172,0.9502779,0.90413344,0.3002861,-0.303926,-0.2938604,0.95343864,0.067830265
1356431425807,0.2620389,0.030915648,0.96456206,0.9207243,0.2914474,-0.259471,-0.28914085,0.9560872,0.047905743
1356431425847,0.20397332,0.029981375,0.97851723,0.9364048,0.285574,-0.20394477,-0.28555363,0.95788753,0.030174732
1356431425885,0.1430912,0.028951705,0.98928595,0.94702995,0.2863648,-0.14535972,-0.28750506,0.9576831,0.013558149
1356431425928,0.084747076,0.027073741,0.9960346,0.9514555,0.294649,-0.08896312,-0.29588917,0.9552219,-7.8880787E-4
1356431425967,0.032583296,0.02180311,0.99923116,0.95086086,0.30731332,-0.03771153,-0.3078993,0.95135856,-0.010718405
1356431426007,-0.008400619,0.013034999,0.9998798,0.94719493,0.32063615,0.0037779808,-0.32054836,0.9471128,-0.015040219
1356431426047,-0.03210613,0.0035769641,0.9994781,0.9429014,0.33179823,0.029101282,-0.33152094,0.94334364,-0.01402545
1356431426087,-0.0359011,-0.0050913393,0.9993423,0.93992627,0.33952716,0.035496384,-0.33948457,0.9405825,-0.00740391
1356431426128,-0.021833062,-0.016022593,0.9996332,0.9390105,0.34290367,0.026005268,-0.3431945,0.9392339,0.007558763
1356431426167,-0.00106287,-0.039557546,0.9992167,0.9399501,0.34100378,0.014499724,-0.34131023,0.93922925,0.036819696
1356431426207,0.010925293,-0.08702281,0.9961464,0.9429084,0.3325264,0.018707931,-0.33287293,0.9390704,0.08568746
1356431426247,0.005483359,-0.15824604,0.9873845,0.94791794,0.31528196,0.045265377,-0.31846756,0.93571126,0.15173304
1356431426287,-0.005526781,-0.2318933,0.9727255,0.95335984,0.2923414,0.07510966,-0.30178535,0.9277726,0.2194621
1356431426327,-0.0032126307,-0.28457654,0.95864797,0.9579419,0.27420568,0.08460873,-0.2869444,0.91860086,0.2717268
1356431426367,0.027469933,-0.30371442,0.952367,0.96079814,0.27096403,0.058698624,-0.2758848,0.91341996,0.29925162
1356431426407,0.08852556,-0.28888515,0.9532621,0.95915127,0.28287414,-0.0033477843,-0.26868615,0.91461885,0.30212605
1356431426447,0.16932696,-0.24765345,0.95393723,0.9492011,0.30145794,-0.090224236,-0.26522762,0.9207556,0.28611788
1356431426487,0.25573274,-0.18896738,0.94809926,0.92959094,0.3173459,-0.18748969,-0.26544598,0.92929167,0.2568181
1356431426527,0.33273944,-0.1238848,0.9348459,0.90395737,0.324262,-0.2787744,-0.26859912,0.9378202,0.21988133
1356431426567,0.38921368,-0.06328845,0.9189707,0.8796988,0.3214326,-0.35044402,-0.2732081,0.9448151,0.18078077
1356431426607,0.41765305,-0.016909957,0.9084492,0.86535895,0.3121942,-0.3920314,-0.27698335,0.9498677,0.14502206
1356431426647,0.4158858,0.010284036,0.90935874,0.86605525,0.30060494,-0.39948097,-0.27746603,0.9536934,0.11611077
1356431426687,0.38701886,0.020012587,0.9218546,0.8805288,0.28868806,-0.3759363,-0.27365187,0.957214,0.09410611
1356431426737,0.3397846,0.020227522,0.94028574,0.9015509,0.27774104,-0.33176205,-0.26786667,0.960443,0.07613596
1356431426769,0.2875605,0.02030319,0.9575473,0.9204843,0.27035722,-0.28216264,-0.26460862,0.962546,0.05905527
1356431426809,0.23969272,0.023930937,0.9705538,0.9332291,0.26991245,-0.23713002,-0.26763934,0.96258736,0.042362988
1356431426848,0.20027947,0.02876088,0.9793166,0.9397563,0.27699888,-0.20032403,-0.2770311,0.9604397,0.02844894
1356431426887,0.17259082,0.03194326,0.9844756,0.9413949,0.28871801,-0.17440629,-0.289807,0.95688117,0.01975888
1356431426927,0.16228393,0.033997,0.98615825,0.9391297,0.3013834,-0.16493478,-0.302819,0.95289683,0.016982079
1356431426968,0.17657927,0.037755698,0.983562,0.93285453,0.31236866,-0.17946652,-0.31400988,0.9492104,0.019937277
1356431427007,0.22088201,0.045333087,0.9742464,0.92059064,0.32017046,-0.22361514,-0.3220621,0.94627464,0.028986692
1356431427047,0.28105718,0.047937244,0.9584931,0.9026841,0.32589155,-0.28099132,-0.32583478,0.9441911,0.048321933
1356431427087,0.34133595,0.034420848,0.9393109,0.8821811,0.33318263,-0.332785,-0.32441685,0.9422338,0.083361775
1356431427127,0.38687438,-0.002316773,0.9221295,0.8655497,0.34581167,-0.36226785,-0.31804392,0.9383011,0.13579094
1356431427167,0.42221057,-0.052119553,0.9049983,0.8522766,0.36292106,-0.37671337,-0.30880883,0.93036115,0.19764939
1356431427207,0.47024396,-0.088632435,0.8780745,0.8301661,0.38206056,-0.40602207,-0.29949093,0.9198772,0.25324133
1356431427247,0.5459541,-0.09016597,0.8329491,0.7855655,0.4006915,-0.47152215,-0.2912404,0.9117655,0.28959045
1356431427287,0.63535565,-0.057861447,0.77004886,0.7182618,0.41048753,-0.56178284,-0.28358984,0.9100286,0.30236524
1356431427327,0.71106976,-0.01196599,0.7030196,0.64647585,0.4043067,-0.646997,-0.27649367,0.9145452,0.29522598
1356431427367,0.76267433,0.032518417,0.64596474,0.5874114,0.3831706,-0.7128311,-0.27069485,0.92310506,0.27313268
1356431427407,0.7924654,0.07002798,0.6058834,0.54835653,0.35311055,-0.75803566,-0.2670275,0.9329572,0.24142759
1356431427447,0.8054631,0.09991741,0.58416235,0.5298385,0.32020375,-0.7853284,-0.26551896,0.94206476,0.20497221
1356431427487,0.80414075,0.12070978,0.5820539,0.53207546,0.29043692,-0.79532504,-0.26505342,0.94924986,0.16932547
1356431427527,0.7891352,0.13070296,0.60015184,0.55466676,0.26806855,-0.78770804,-0.26383764,0.95449245,0.13904575
1356431427567,0.7591846,0.12894925,0.6379741,0.5966327,0.25386903,-0.76130146,-0.26013112,0.9586045,0.1157981
1356431427607,0.7120484,0.11763179,0.69220644,0.65464896,0.24515632,-0.7150756,-0.2538144,0.9623207,0.09755565
1356431427647,0.6488176,0.1038619,0.75382257,0.7195084,0.23870343,-0.65217197,-0.2476758,0.9655223,0.08014551
1356431427687,0.5749104,0.09530789,0.81264657,0.78029746,0.23498519,-0.5795842,-0.24619883,0.967315,0.06072694
1356431427737,0.49601853,0.09301877,0.8633152,0.83101,0.23743092,-0.5030398,-0.2517699,0.9669406,0.04047057
1356431427769,0.41746086,0.09285241,0.9039386,0.8697139,0.24740684,-0.4270687,-0.263295,0.9644524,0.022527605
1356431427809,0.3435291,0.08999872,0.9348198,0.89718765,0.2627411,-0.3549951,-0.27756467,0.96065986,0.009513468
1356431427849,0.28038576,0.083313465,0.956265,0.9145721,0.2792938,-0.29249418,-0.2914476,0.95658445,0.002113849
1356431427888,0.23407565,0.07421443,0.9693817,0.9238026,0.29375094,-0.24555883,-0.3029808,0.9529966,2.0045042E-4
1356431427927,0.20618626,0.062263995,0.97652984,0.92786133,0.30448118,-0.2153242,-0.31074193,0.9504812,0.005007446
1356431427967,0.19006166,0.041020155,0.98091483,0.9304798,0.31119332,-0.19330293,-0.31318352,0.9494609,0.020977497
1356431428007,0.1744164,9.0011954E-4,0.9846716,0.9349271,0.31367365,-0.16589183,-0.3090149,0.9495304,0.053868234
1356431428047,0.15012753,-0.061933577,0.9867249,0.9424929,0.31040686,-0.12391451,-0.2986117,0.9485842,0.10497254
1356431428087,0.12095696,-0.1351636,0.9834125,0.9508566,0.3002385,-0.07568684,-0.2850282,0.94423926,0.16483718
1356431428127,0.100329965,-0.19708925,0.9752383,0.9570784,0.28699097,-0.040462732,-0.27190983,0.9374391,0.21742365
1356431428167,0.098724365,-0.2326847,0.96752846,0.9603032,0.2771942,-0.03132361,-0.26090476,0.93221307,0.2508137
1356431428207,0.116053194,-0.23958367,0.96391463,0.96071523,0.27340385,-0.047712743,-0.25210682,0.93158466,0.26190105
1356431428247,0.14380667,-0.22355714,0.9640238,0.95860136,0.2734008,-0.0795961,-0.2457706,0.9355609,0.25361902
1356431428287,0.17035943,-0.19345433,0.96620554,0.95508736,0.27368373,-0.11360201,-0.24245793,0.9421638,0.23139039
1356431428327,0.18650872,-0.15739602,0.9697633,0.9521584,0.27219212,-0.13894507,-0.24209249,0.94928277,0.20063218
1356431428367,0.18556118,-0.12278351,0.97493136,0.9519739,0.26836687,-0.14739332,-0.2435418,0.9554597,0.1666852
1356431428407,0.16307753,-0.09609109,0.9819227,0.9557343,0.2624318,-0.13304654,-0.24490315,0.9601542,0.13463429
1356431428447,0.11873919,-0.08077225,0.98963475,0.9624816,0.25427508,-0.094727844,-0.24398807,0.9637531,0.10793418
1356431428487,0.058417886,-0.07508534,0.99546444,0.96920484,0.2432228,-0.038531214,-0.23922655,0.96705997,0.086981654
1356431428527,-0.009005427,-0.07362175,0.99724555,0.9727181,0.23055065,0.02580434,-0.23181543,0.9702712,0.069536924
1356431428567,-0.074092686,-0.07122761,0.99470437,0.97126657,0.221057,0.0881761,-0.22616693,0.97265637,0.052802324
1356431428608,-0.13182485,-0.06738776,0.9889799,0.9649258,0.21977073,0.1435934,-0.22702533,0.9732213,0.036052883
1356431428654,-0.17930564,-0.064204276,0.9816961,0.95427054,0.23127261,0.18942198,-0.2392011,0.9707681,0.019799829
1356431428685,-0.21525624,-0.06455636,0.9744215,0.9435041,0.24365714,0.2245689,-0.25192213,0.96771055,0.008460462
1356431428727,-0.24032763,-0.06956226,0.96819615,0.9333058,0.25759098,0.25017428,-0.26680133,0.9637469,0.003016591
1356431428757,-0.24508017,-0.07225487,0.96680665,0.9282007,0.27047926,0.25550812,-0.2799629,0.9600106,7.778406E-4
1356431428797,-0.24083754,-0.07703993,0.96750313,0.92573714,0.2812222,0.25283384,-0.29156166,0.95654535,0.003589809
1356431428837,-0.21756247,-0.0825831,0.97254646,0.9288753,0.28849897,0.23229074,-0.29976192,0.95391214,0.013942838
1356431428877,-0.18501121,-0.09773058,0.97786486,0.9349486,0.28901082,0.20577604,-0.30272415,0.9523242,0.037902832
1356431428917,-0.15560266,-0.13262981,0.97887546,0.9413145,0.28056356,0.18764606,-0.29952425,0.9506279,0.08118993
1356431428957,-0.13830477,-0.18854475,0.97227705,0.9465587,0.26365572,0.18577468,-0.29137325,0.9460108,0.1420039
1356431428997,-0.13021892,-0.25132015,0.95910436,0.95067406,0.24303001,0.19275701,-0.28153485,0.9368962,0.20727646
1356431429037,-0.117084205,-0.2988444,0.947092,0.95480365,0.22847438,0.19013008,-0.27320558,0.9265481,0.25858694
1356431429077,-0.0878762,-0.3184795,0.9438477,0.959589,0.22721994,0.1660119,-0.26733238,0.9202944,0.28564227
1356431429117,-0.039828718,-0.30878797,0.95029664,0.96380436,0.23904192,0.118068725,-0.26361895,0.92060256,0.2880904
1356431429157,0.020379871,-0.27555904,0.9610681,0.9648396,0.25737146,0.053334177,-0.26204818,0.9261896,0.27111545
1356431429197,0.081053406,-0.22766271,0.9703608,0.9614239,0.2746128,-0.01587826,-0.2628587,0.93421495,0.24113858
1356431429237,0.13005629,-0.17499694,0.97594124,0.9552686,0.28579238,-0.076055676,-0.26560706,0.94217765,0.2043382
1356431429277,0.1573906,-0.1276057,0.97925746,0.95030344,0.2892912,-0.115039855,-0.26861086,0.9486978,0.16679579
1356431429317,0.15548071,-0.09484169,0.9832756,0.95042646,0.28570482,-0.122728884,-0.2692868,0.9536131,0.13456163
1356431429357,0.12378523,-0.0803512,0.9890505,0.9562197,0.27601787,-0.0972524,-0.2651813,0.957788,0.1110003
1356431429397,0.066082984,-0.081382066,0.9944898,0.9644778,0.26068094,-0.04275638,-0.25576493,0.96198875,0.09571779
1356431429437,-0.006492406,-0.089369476,0.9959774,0.9697911,0.24231723,0.028064907,-0.24385068,0.9660722,0.08509642
1356431429477,-0.08189532,-0.09654096,0.9919542,0.9685217,0.22704634,0.102057785,-0.23507237,0.9690871,0.07490796
1356431429517,-0.15112385,-0.10066581,0.9833758,0.96050847,0.22016636,0.17014757,-0.23363426,0.9702542,0.06341803
1356431429557,-0.20938039,-0.10365024,0.9723252,0.9479641,0.22238028,0.22784027,-0.23984167,0.9694346,0.05169463
1356431429597,-0.2537164,-0.10748127,0.96128863,0.9342687,0.23018086,0.27232134,-0.25053972,0.9671942,0.04201573
1356431429637,-0.2805193,-0.11152533,0.9533472,0.92331636,0.24005741,0.2997655,-0.26228943,0.96433115,0.03563249
1356431429677,-0.28667384,-0.11382046,0.9512428,0.91832733,0.25022614,0.30669487,-0.27293396,0.9614737,0.032791197
1356431429738,-0.27178973,-0.114190966,0.9555578,0.92028236,0.25954676,0.29277268,-0.28144395,0.95895565,0.03454584
1356431429759,-0.2406497,-0.11714715,0.96351665,0.92719454,0.26583415,0.2638987,-0.28705066,0.9568745,0.04464525
1356431429799,-0.20722467,-0.13364127,0.96912223,0.93474174,0.2652353,0.23644894,-0.28864473,0.9548771,0.06995684
1356431429839,-0.1871925,-0.17312127,0.9669478,0.9399583,0.25439322,0.22751382,-0.2853724,0.95147943,0.115106285
1356431429879,-0.18669963,-0.23278782,0.95443857,0.9422364,0.23257512,0.24103785,-0.27808937,0.9443085,0.17591947
1356431429919,-0.19122905,-0.2932902,0.93670297,0.94369715,0.20751351,0.25763124,-0.2699392,0.93323046,0.23709452
1356431429959,-0.17927665,-0.33420557,0.9252926,0.94783026,0.19331807,0.2534677,-0.26358613,0.9224613,0.28211272
1356431429997,-0.13810521,-0.34566095,0.9281409,0.95594645,0.19856358,0.21619219,-0.25902414,0.91711015,0.30301064
1356431430037,-0.069081664,-0.32732424,0.9423834,0.96441054,0.21976149,0.14702752,-0.25522527,0.91900146,0.3004935
1356431430077,0.013206959,-0.28612357,0.95810175,0.9675326,0.24552494,0.059985608,-0.25240123,0.9262024,0.28007644
1356431430117,0.091518074,-0.23131222,0.96856546,0.9634536,0.2664707,-0.02739665,-0.25175714,0.93567514,0.2472454
1356431430157,0.15003452,-0.17420062,0.9732131,0.9555819,0.27811906,-0.09753439,-0.25367853,0.94461834,0.20819044
1356431430197,0.17801464,-0.12614691,0.9759087,0.9499942,0.28060192,-0.13701668,-0.25655764,0.9514986,0.16979006
1356431430237,0.17287993,-0.0942781,0.9804204,0.9506544,0.2763306,-0.1410591,-0.25762135,0.9564273,0.13739792
1356431430277,0.137135,-0.08030468,0.9872919,0.9573975,0.26645872,-0.11130938,-0.25413388,0.9604951,0.1134243
1356431430317,0.08015823,-0.07893732,0.9936516,0.96620524,0.25116628,-0.057991058,-0.24499407,0.9647199,0.096402705
1356431430357,0.01440084,-0.08129847,0.9965857,0.97234726,0.23348624,0.004996538,-0.23309526,0.9689555,0.08241278
1356431430397,-0.048035294,-0.080967695,0.99555856,0.9734254,0.21963635,0.064830124,-0.22391003,0.97221607,0.06826562
1356431430437,-0.1021665,-0.07822278,0.99168706,0.9696858,0.21461734,0.11682856,-0.22197187,0.9735608,0.05392486
1356431430477,-0.1457231,-0.07653865,0.98636025,0.96279263,0.21837986,0.1591869,-0.22758514,0.97285765,0.041867852
1356431430517,-0.1764403,-0.07793051,0.9812215,0.9552302,0.22696692,0.18979278,-0.23749548,0.97077954,0.034395456
1356431430557,-0.19159198,-0.08141369,0.9780922,0.94948226,0.23699164,0.20571432,-0.24854758,0.96809435,0.03189516
1356431430597,-0.1881226,-0.08436188,0.9785156,0.94755316,0.24650034,0.2034218,-0.25836548,0.9654639,0.033565104
1356431430637,-0.1658102,-0.086220294,0.9823812,0.9497746,0.25412878,0.18261075,-0.2653961,0.96331954,0.03975278
1356431430677,-0.12925407,-0.091276616,0.9874016,0.95455945,0.25820103,0.14882338,-0.26853225,0.9617696,0.053755403
1356431430738,-0.08922976,-0.10839221,0.9900956,0.95948875,0.25736636,0.11464697,-0.26724413,0.9602155,0.08103633
1356431430758,-0.057303876,-0.14359629,0.98797584,0.9632921,0.25201538,0.09250113,-0.26226795,0.95701003,0.123883724
1356431430799,-0.03761053,-0.19230562,0.9806142,0.9660618,0.24396235,0.084895134,-0.25555876,0.9505267,0.1766035
1356431430839,-0.019578278,-0.23736468,0.97122335,0.9682927,0.23747474,0.077557445,-0.24905038,0.94194686,0.22518909
1356431430878,0.010306478,-0.2628491,0.9647819,0.9699701,0.23710036,0.054234713,-0.24300563,0.93525064,0.25739944
1356431430917,0.05952254,-0.26173085,0.96330374,0.96964103,0.24444643,0.006502241,-0.23717803,0.93367183,0.26833498
1356431430957,0.1254543,-0.23537275,0.9637743,0.9644517,0.25667465,-0.06285742,-0.23258153,0.9373995,0.25920653
1356431430997,0.19780338,-0.19036013,0.9615804,0.95259064,0.2686808,-0.14276451,-0.23118159,0.9442318,0.23448119
1356431431037,0.26174334,-0.1375125,0.95529085,0.93644613,0.27573135,-0.2168889,-0.23357862,0.9513477,0.20094398
1356431431077,0.3060851,-0.087046415,0.9480163,0.92170763,0.27631795,-0.2722195,-0.23825824,0.9571161,0.16480815
1356431431118,0.32205865,-0.04887879,0.9454571,0.9151894,0.27166316,-0.29770368,-0.24229452,0.96115035,0.13222477
1356431431157,0.30638686,-0.02859053,0.95147765,0.92042744,0.2638252,-0.28846076,-0.24277654,0.96414673,0.10714805
1356431431197,0.2616425,-0.02502513,0.9648404,0.9353781,0.25301,-0.24709067,-0.2379308,0.96713996,0.08960611
1356431431237,0.19683623,-0.030328423,0.97996724,0.95327663,0.23955184,-0.18406141,-0.22917071,0.97040975,0.07606381
1356431431277,0.124308646,-0.035280645,0.99161613,0.96713704,0.227696,-0.113138705,-0.22179541,0.9730929,0.06242585
1356431431317,0.052928984,-0.036675096,0.99792457,0.9737719,0.22334087,-0.043439865,-0.22128415,0.97405016,0.047534406
1356431431357,-0.011681676,-0.036883026,0.9992513,0.9734081,0.2282204,0.019803286,-0.22877997,0.97291064,0.033236206
1356431431398,-0.06583205,-0.039138764,0.9970629,0.9682938,0.23881635,0.07330707,-0.24098411,0.97027576,0.022176027
1356431431444,-0.10528475,-0.044323802,0.99345386,0.9609443,0.25257194,0.11310819,-0.25593188,0.9665624,0.016000807
1356431431475,-0.115309656,-0.045241594,0.99229884,0.95662475,0.26399022,0.12320018,-0.26753095,0.9634638,0.012838602
1356431431518,-0.11432782,-0.048593313,0.992254,0.95462275,0.27110943,0.12326887,-0.27499953,0.96132123,0.0153928995
1356431431557,-0.09054986,-0.054536343,0.9943975,0.9563066,0.27395627,0.102106065,-0.27798995,0.9601946,0.02734673
1356431431597,-0.057997048,-0.07395741,0.9955735,0.95952404,0.27116662,0.07604095,-0.2755901,0.9596869,0.055237055
1356431431637,-0.029237926,-0.11466488,0.9929739,0.9631927,0.26233453,0.058654428,-0.26721695,0.95814013,0.10277426
1356431431677,-0.008896261,-0.1721822,0.9850249,0.96705616,0.24913618,0.05228299,-0.25440755,0.9530396,0.16429353
1356431431739,0.012763172,-0.22775766,0.97363424,0.97043824,0.23751685,0.042839915,-0.24101174,0.9443052,0.22405618
1356431431759,0.05141148,-0.2611603,0.96392536,0.9717657,0.23564199,0.012013763,-0.23027882,0.936092,0.2659013
1356431431799,0.11520058,-0.26255363,0.9580159,0.9679237,0.24644959,-0.04885006,-0.22327688,0.93291384,0.28252298
1356431431839,0.199527,-0.23380437,0.95159054,0.95480824,0.26471213,-0.1351623,-0.22029603,0.9355549,0.2760555
1356431431879,0.29141033,-0.18281168,0.9389674,0.93057555,0.28156596,-0.23398653,-0.22160572,0.9419663,0.25217134
1356431431919,0.3767835,-0.119978726,0.91849846,0.8981926,0.28974032,-0.33060637,-0.2264604,0.9495555,0.21693334
1356431431958,0.4441884,-0.05692166,0.8941233,0.8652348,0.28625736,-0.41161323,-0.23251972,0.9564605,0.17640275
1356431431997,0.4867553,-0.0044568777,0.873527,0.84083813,0.27343518,-0.46714503,-0.23677105,0.96188015,0.13684353
1356431432037,0.5033014,0.031208664,0.8635472,0.8310746,0.2562027,-0.4936346,-0.23664883,0.96611917,0.103010446
1356431432077,0.49548525,0.04910013,0.86722755,0.83735883,0.23842408,-0.49191892,-0.23092127,0.9699192,0.07702118
1356431432117,0.46938014,0.05413094,0.8813354,0.85503507,0.22132577,-0.4689668,-0.22044781,0.97369635,0.057602078
1356431432157,0.43321562,0.05433154,0.8996512,0.8766101,0.20659213,-0.4345969,-0.2094732,0.9769175,0.04187137
1356431432197,0.3963514,0.056288153,0.9163718,0.8952874,0.1974169,-0.39935833,-0.20338646,0.97870237,0.027852356
1356431432237,0.3656965,0.061686814,0.9286877,0.9078894,0.19607161,-0.37053037,-0.20494616,0.97864735,0.015697867
1356431432277,0.34566328,0.06903228,0.935816,0.9138242,0.20179537,-0.35242608,-0.21317214,0.976992,0.006669849
1356431432317,0.34025583,0.07723132,0.93715596,0.91299343,0.21143886,-0.3489078,-0.22509786,0.9743351,0.0014315844
1356431432358,0.3532222,0.086886644,0.93149596,0.9047313,0.22168934,-0.36375138,-0.23810786,0.9712386,-3.0344725E-4
1356431432397,0.38518077,0.097839385,0.9176401,0.8882227,0.23049347,-0.39740813,-0.25039223,0.9681426,0.0018785
1356431432437,0.43159324,0.10598332,0.89582074,0.8637471,0.23782124,-0.44427696,-0.26013112,0.96550953,0.011099279
1356431432477,0.48076755,0.101649165,0.8709363,0.8356839,0.24764098,-0.49021065,-0.265509,0.9635048,0.0341112
1356431432517,0.521406,0.075412065,0.84996986,0.8110225,0.2658816,-0.52110404,-0.26528892,0.9610515,0.077471375
1356431432557,0.5489483,0.026378602,0.83544,0.79452085,0.2939583,-0.5313428,-0.25960058,0.9554542,0.14040956
1356431432597,0.5704732,-0.030601263,0.82074594,0.78226185,0.32473072,-0.5316167,-0.25025332,0.9453113,0.20918837
1356431432637,0.5972581,-0.07378194,0.79864824,0.76554704,0.3494241,-0.5402227,-0.23920831,0.93405515,0.26517987
1356431432677,0.633598,-0.090890914,0.7683049,0.7394408,0.3632323,-0.5668242,-0.22755402,0.9272547,0.29735172
