1356431280218,0.063601404,-0.0018748641,-0.9979737,-0.6659145,0.74473894,-0.043838263,0.7433121,0.6673533,0.0461179
1356431280257,0.2195887,-0.30854702,0.92551583,0.63189536,-0.67780226,-0.3758887,0.7432961,0.6673701,0.04613173
1356431280297,0.21951264,-0.30853105,0.9255392,0.6320489,-0.6776986,-0.37581754,0.74318796,0.66748273,0.04624328
1356431280339,0.21924108,-0.30847,0.9256239,0.63254714,-0.67737466,-0.37556297,0.7428441,0.6678396,0.046613544
1356431280377,0.2188049,-0.3083861,0.925755,0.6335386,-0.67667556,-0.37515178,0.7421274,0.6685866,0.047314614
1356431280417,0.21859968,-0.30840486,0.92579734,0.6349346,-0.67548335,-0.3749404,0.7409941,0.66978264,0.04815647
1356431280458,0.21917665,-0.30868018,0.9255691,0.63646096,-0.6737773,-0.37542206,0.73951274,0.67137235,0.04878658
1356431280497,0.22081095,-0.30926836,0.92498416,0.63780934,-0.67170644,-0.37684196,0.737863,0.6731743,0.048934042
1356431280537,0.22318035,-0.3100794,0.9241435,0.6386756,-0.6696973,-0.37894452,0.73639935,0.6748009,0.04857689
1356431280579,0.22520113,-0.31088048,0.9233839,0.6388416,-0.66845316,-0.3808567,0.73563975,0.67566544,0.048066944
1356431280617,0.22524542,-0.31134805,0.9232155,0.63829494,-0.6687452,-0.3812604,0.7361007,0.6751609,0.048100084
1356431280657,0.22199672,-0.3112201,0.9240452,0.6371571,-0.67106116,-0.37908804,0.7380707,0.6729182,0.049322754
1356431280697,0.21481174,-0.31020743,0.92608166,0.6356823,-0.6754623,-0.3737094,0.7414607,0.6689708,0.05209613
1356431280738,0.2041195,-0.30884305,0.9289516,0.634163,-0.68118733,-0.36581564,0.74576974,0.6637769,0.05681324
1356431280777,0.18889302,-0.3067373,0.9328621,0.6334285,-0.6878539,-0.35443678,0.7503918,0.65785205,0.06436536
1356431280817,0.16785318,-0.30370793,0.9378629,0.63413286,-0.69514346,-0.3386015,0.7547853,0.65156496,0.0759092
1356431280857,0.14037299,-0.29961056,0.94367844,0.6363457,-0.70289063,-0.3178193,0.7585246,0.64511895,0.09198892
1356431280897,0.10821009,-0.29478505,0.9494169,0.6392014,-0.71080846,-0.29355252,0.7613884,0.6386339,0.11151031
1356431280937,0.074502885,-0.29006946,0.95410115,0.64151394,-0.71856666,-0.26855525,0.7634849,0.63207734,0.13254827
1356431280977,0.04228717,-0.28658926,0.9571198,0.6425239,-0.72580147,-0.24571365,0.76509786,0.6253629,0.1534484
1356431281017,0.013357937,-0.28529346,0.95834714,0.6422203,-0.73216397,-0.22691186,0.76640373,0.61850107,0.17344105
1356431281057,-0.012035072,-0.28653026,0.95799553,0.6410846,-0.7374602,-0.21251579,0.7673758,0.6115986,0.19256556
1356431281097,-0.03447938,-0.29015863,0.95635724,0.6396904,-0.74162894,-0.20194744,0.767859,0.6048095,0.21118253
1356431281141,-0.055722117,-0.29521424,0.9538048,0.6383752,-0.74505603,-0.19330952,0.76770574,0.5981138,0.22997355
1356431281179,-0.077480316,-0.3003066,0.95069075,0.6370568,-0.7484128,-0.18449105,0.76691294,0.5913496,0.24929959
1356431281219,-0.1019761,-0.30332392,0.9474151,0.63510627,-0.75287557,-0.17267986,0.76566374,0.58410007,0.2694183
1356431281249,-0.12743115,-0.30317563,0.9443759,0.63209945,-0.75856024,-0.15822917,0.7643373,0.57677615,0.28830144
1356431281279,-0.15495598,-0.2989861,0.9415922,0.627349,-0.7660496,-0.14000402,0.7631656,0.5690125,0.30627263
1356431281319,-0.18709654,-0.28939396,0.93874705,0.61934227,-0.7765129,-0.11594321,0.76250243,0.5597132,0.32451677
1356431281348,-0.21938735,-0.2736207,0.93648326,0.60914385,-0.78820735,-0.087595135,0.7621108,0.5512358,0.3395971
1356431281379,-0.2457937,-0.25705945,0.9346154,0.5990348,-0.7983166,-0.062031776,0.7620648,0.54462004,0.35020876
1356431281409,-0.26403993,-0.24108692,0.933895,0.59070754,-0.80584234,-0.041019246,0.7624614,0.5408281,0.35518655
1356431281439,-0.2724498,-0.22701924,0.9350044,0.585508,-0.8102457,-0.026117295,0.76351255,0.54033697,0.35367298
1356431281469,-0.27010107,-0.21576828,0.93834394,0.5840145,-0.8115323,-0.018500686,0.7654883,0.5430094,0.34520763
1356431281509,-0.24768388,-0.21115333,0.94555116,0.58870417,-0.8079236,-0.026210368,0.7694675,0.550158,0.32441643
1356431281538,-0.2222445,-0.20438427,0.95332813,0.59322757,-0.80431056,-0.03414026,0.7737496,0.557953,0.29999998
1356431281569,-0.19181097,-0.19933985,0.9609746,0.5981715,-0.8000146,-0.046555817,0.77807415,0.5658977,0.272691
1356431281598,-0.15825957,-0.195049,0.967941,0.6028046,-0.7954965,-0.061740547,0.7820361,0.5737083,0.24347138
1356431281629,-0.12334877,-0.1907061,0.97386664,0.6067591,-0.79104435,-0.0780538,0.78525704,0.5812745,0.21328694
1356431281659,-0.089203,-0.18547039,0.9785927,0.60985273,-0.7869726,-0.09356232,0.7874786,0.5884514,0.18330985
1356431281699,-0.05440229,-0.17972478,0.9822115,0.6122627,-0.7830532,-0.10937111,0.78878057,0.5954214,0.15263867
1356431281728,-0.03140849,-0.16714193,0.98543245,0.61285806,-0.7820553,-0.11311303,0.7895686,0.60037744,0.12699744
1356431281757,-0.01908058,-0.1518786,0.98821497,0.6118878,-0.78345424,-0.10859457,0.7907144,0.6026046,0.10788142
1356431281797,-0.020261943,-0.1330953,0.9908961,0.60771465,-0.7886319,-0.09350094,0.7938969,0.60028756,0.09686324
1356431281838,-0.03126794,-0.10980348,0.99346143,0.6008871,-0.7963412,-0.0691044,0.7987221,0.5947974,0.0908794
1356431281877,-0.042867005,-0.086610645,0.9953196,0.5937854,-0.803401,-0.044336855,0.80348074,0.58910567,0.085867494
1356431281918,-0.049278736,-0.066999376,0.99653536,0.58989674,-0.80708873,-0.025092036,0.8059736,0.5866164,0.07929504
1356431281957,-0.04897946,-0.0532009,0.99738187,0.5913005,-0.8063302,-0.013972491,0.8049626,0.58906806,0.0709514
1356431281997,-0.04232174,-0.046751827,0.9980096,0.5977025,-0.801625,-0.012205899,0.8006001,0.59599626,0.061869897
1356431282038,-0.029070675,-0.049180597,0.9983668,0.6075016,-0.7940295,-0.021425366,0.79378635,0.6058866,0.052960224
1356431282077,-0.008180976,-0.06193742,0.9980465,0.6190444,-0.78414553,-0.043588728,0.7853135,0.6174785,0.044757046
1356431282161,0.020381153,-0.085802376,0.9961037,0.6308206,-0.7718563,-0.07939333,0.77566105,0.6299808,0.03839454
1356431282164,0.052158237,-0.11929387,0.991488,0.6415135,-0.7568894,-0.1248149,0.7653364,0.6425631,0.037050657
1356431282198,0.07521665,-0.15713355,0.9847089,0.6509501,-0.7403292,-0.1678596,0.75538504,0.6536221,0.046600968
1356431282234,0.071654916,-0.1903156,0.97910446,0.66089714,-0.72615355,-0.18951492,0.74704784,0.660667,0.07374662
1356431282278,0.025704801,-0.2090041,0.97757685,0.67159635,-0.7207356,-0.17175116,0.7404711,0.6609519,0.12184003
1356431282317,-0.05277008,-0.21192715,0.97585976,0.67682517,-0.7261163,-0.12109083,0.73425007,0.6540964,0.18175477
1356431282357,-0.13335735,-0.20679213,0.9692538,0.67233646,-0.73740226,-0.064821005,0.7281343,0.6430203,0.2373718
1356431282397,-0.18151069,-0.2081623,0.96110475,0.665052,-0.74593073,-0.035959244,0.7244029,0.63265765,0.27383322
1356431282437,-0.1845085,-0.2238939,0.95698905,0.6632509,-0.7469277,-0.046873152,0.72529626,0.6260754,0.28631246
1356431282477,-0.14947242,-0.25154647,0.9562334,0.6663747,-0.740101,-0.09052724,0.73048115,0.62367845,0.27824897
1356431282517,-0.09149438,-0.28330398,0.95465577,0.66882116,-0.7277464,-0.15186636,0.73777163,0.62459904,0.25606441
1356431282558,-0.024542272,-0.3119732,0.94977385,0.66636,-0.71332794,-0.21708874,0.7452261,0.6275635,0.22539318
1356431282597,0.03926909,-0.33236217,0.942334,0.65781796,-0.7012748,-0.27475306,0.7521526,0.6306735,0.19109532
1356431282637,0.08935094,-0.34126714,0.93571,0.644868,-0.6961477,-0.31547374,0.7590532,0.6315973,0.1578708
1356431282677,0.11798078,-0.3371035,0.9340459,0.63064516,-0.70113844,-0.33270338,0.767051,0.6283041,0.12987185
1356431282718,0.12315154,-0.31978983,0.939451,0.6171937,-0.71662205,-0.3248459,0.7771137,0.6198285,0.10911912
1356431282757,0.11066395,-0.2915843,0.9501221,0.60387117,-0.7395621,-0.29730013,0.78936243,0.6066518,0.09423658
1356431282797,0.09173924,-0.25670606,0.96212566,0.59043586,-0.7640092,-0.2601447,0.80185366,0.591939,0.08147895
1356431282837,0.0761407,-0.22032347,0.9724506,0.57953453,-0.7838521,-0.22296986,0.811383,0.5805458,0.068002045
1356431282877,0.06593728,-0.18580016,0.98037267,0.57460594,-0.7961804,-0.18953854,0.8157698,0.57582563,0.05426386
1356431282917,0.05801791,-0.15497124,0.9862139,0.57619095,-0.8015315,-0.15984741,0.81525326,0.57752156,0.042789847
1356431282958,0.050960004,-0.13025852,0.9901696,0.58224344,-0.8016562,-0.13542496,0.81141585,0.583421,0.034989744
1356431282997,0.04732108,-0.11521125,0.9922132,0.5902361,-0.7981367,-0.12082574,0.80584234,0.5913577,0.030233264
1356431283037,0.05009091,-0.112762675,0.99235857,0.59867346,-0.7919222,-0.12020594,0.7994255,0.60011995,0.027839802
1356431283077,0.05603695,-0.12198931,0.9909483,0.6070833,-0.7837963,-0.13081804,0.7926599,0.6089188,0.030136012
1356431283140,0.051820457,-0.13597861,0.98935556,0.61594677,-0.7754563,-0.13884203,0.78608155,0.61658525,0.043571062
1356431283159,0.019085586,-0.14405634,0.98938537,0.62555486,-0.77022856,-0.12421389,0.7799467,0.62128556,0.07541489
1356431283199,-0.052538276,-0.13778107,0.9890683,0.63197947,-0.771454,-0.07389647,0.77320224,0.62118846,0.12760568
1356431283239,-0.14884412,-0.11956963,0.9816051,0.6277267,-0.77843386,3.630221E-4,0.76407117,0.6162337,0.19092229
1356431283269,-0.22982001,-0.10569054,0.96747726,0.6157849,-0.7855915,0.060456336,0.7536523,0.609652,0.24562728
1356431283299,-0.28377002,-0.10030547,0.95363176,0.60435796,-0.79082817,0.096656024,0.7444637,0.60376304,0.2850336
1356431283339,-0.29331726,-0.113785535,0.9492196,0.60460687,-0.7911948,0.09198615,0.7405509,0.60088575,0.30086654
1356431283379,-0.26273876,-0.14382647,0.95408714,0.6161574,-0.7859573,0.05119762,0.7425082,0.60131943,0.2951212
1356431283409,-0.21922576,-0.17491327,0.9598674,0.62836033,-0.77792054,0.0017545819,0.7463936,0.60352725,0.2804487
1356431283437,-0.1660977,-0.20553328,0.964452,0.6391436,-0.76722926,-0.0534302,0.75093746,0.60754865,0.25880027
1356431283477,-0.09614438,-0.2379642,0.9665036,0.6476399,-0.75230944,-0.12080225,0.7558564,0.61433184,0.22644538
1356431283519,-0.028718948,-0.26066425,0.9650023,0.6487076,-0.7393461,-0.1804047,0.76049566,0.62082326,0.19032809
1356431283557,0.021158576,-0.2685703,0.9630277,0.6426939,-0.7341929,-0.21887317,0.7658309,0.62356305,0.15707394
1356431283597,0.044932127,-0.26027066,0.96448964,0.6321271,-0.74019337,-0.22919211,0.7735608,0.6199782,0.13126567
1356431283637,0.04403001,-0.23802462,0.97026056,0.618086,-0.7565236,-0.21363907,0.7848764,0.60911095,0.11381
1356431283677,0.02868396,-0.20693858,0.9779334,0.6005858,-0.778489,-0.18235043,0.7990457,0.5925634,0.10195416
1356431283717,0.01241219,-0.17383315,0.9846969,0.5821507,-0.7994121,-0.14846203,0.8129862,0.5750847,0.09127459
1356431283758,0.0040466785,-0.14474218,0.9894611,0.5678156,-0.8141515,-0.121419474,0.8231458,0.5623228,0.07889226
1356431283797,0.004586339,-0.123103306,0.9923833,0.56103367,-0.8211759,-0.10445818,0.8277803,0.55723953,0.065298855
1356431283837,0.011673629,-0.11093268,0.99375933,0.5614394,-0.8216567,-0.09831615,0.82743555,0.55908334,0.0526903
1356431283877,0.0242576,-0.11008316,0.99362636,0.56645024,-0.81745714,-0.10439438,0.82373893,0.5653722,0.042526964
1356431283917,0.04333484,-0.12216346,0.9915635,0.5735004,-0.8096412,-0.12481412,0.8180583,0.57407093,0.03497508
1356431283957,0.06827974,-0.14701469,0.9867749,0.5807531,-0.7983754,-0.15913114,0.81121135,0.583938,0.030866299
1356431283997,0.092033386,-0.18073674,0.9792161,0.5876807,-0.7839998,-0.19993933,0.8038416,0.5938675,0.034061316
1356431284037,0.100726426,-0.21603495,0.97117615,0.5959365,-0.7685555,-0.23277074,0.7966894,0.60220546,0.0513292
1356431284077,0.08043587,-0.24519907,0.96613014,0.60803163,-0.7559752,-0.24248491,0.7898276,0.6069422,0.08828133
1356431284138,0.03019023,-0.26503718,0.96376544,0.6227618,-0.7491994,-0.22553937,0.7818288,0.60700536,0.14243653
1356431284159,-0.030166745,-0.27946445,0.95968205,0.6353253,-0.7465792,-0.19743693,0.77165526,0.6037542,0.20007268
1356431284199,-0.07335359,-0.29570866,0.9524577,0.6439463,-0.7433081,-0.18118064,0.7615462,0.60004133,0.24494469
1356431284239,-0.08244485,-0.31846446,0.94434273,0.64965093,-0.7357441,-0.19140086,0.755749,0.5977131,0.267549
1356431284279,-0.057340026,-0.34598243,0.9364872,0.65151656,-0.7237239,-0.22748601,0.75646436,0.59709287,0.26691163
1356431284319,-0.007890642,-0.37273872,0.9279029,0.64717364,-0.70928967,-0.27941835,0.76230186,0.5983094,0.24682334
1356431284357,0.05261141,-0.39306903,0.9180026,0.63611245,-0.69544923,-0.33423257,0.76980066,0.60153735,0.21344751
1356431284397,0.11131877,-0.4035629,0.9081548,0.6206447,-0.6854764,-0.38068646,0.7761497,0.60601896,0.1741628
1356431284437,0.1582914,-0.4036209,0.9011293,0.6045448,-0.68196154,-0.41164812,0.78068525,0.60993344,0.13605824
1356431284477,0.18642414,-0.39408916,0.89996654,0.5911324,-0.68667024,-0.42313874,0.78473467,0.61088264,0.10494703
1356431284517,0.19424695,-0.3767477,0.9057203,0.5806806,-0.69999635,-0.4157105,0.79061884,0.60668474,0.082797915
1356431284557,0.1866191,-0.35352033,0.91662246,0.57075435,-0.7203958,-0.39404255,0.79963297,0.5967021,0.06733361
1356431284597,0.17317486,-0.32674706,0.92911077,0.5598175,-0.7434951,-0.36581337,0.81031775,0.58348215,0.054164052
1356431284637,0.16278785,-0.29937088,0.94014746,0.54984355,-0.76365757,-0.33837745,0.819251,0.5720177,0.04029292
1356431284677,0.15858334,-0.27438802,0.9484527,0.5443114,-0.7771547,-0.31584144,0.8237575,0.5663408,0.026108684
1356431284717,0.15909344,-0.25426865,0.95395845,0.54458946,-0.78335863,-0.29961908,0.8234753,0.56718314,0.01384482
1356431284757,0.16263306,-0.24075009,0.95686466,0.54930055,-0.7835063,-0.2904942,0.81964594,0.5728502,0.0048201066
1356431284797,0.16907686,-0.23492701,0.95719504,0.55550224,-0.77951354,-0.28944087,0.8141439,0.5806617,-0.0012952387
1356431284837,0.1781556,-0.23662603,0.9551276,0.56138766,-0.7727458,-0.29615533,0.80814886,0.58895856,-0.004830124
1356431284877,0.18632323,-0.2448753,0.9514829,0.5668443,-0.76421213,-0.3076807,0.8024782,0.59667075,-0.0035843253
1356431284936,0.1849696,-0.25743353,0.9484272,0.57360125,-0.7553535,-0.3168953,0.7979773,0.602635,0.007946758
1356431284957,0.16098893,-0.27039066,0.94919515,0.5844176,-0.74888617,-0.31245062,0.7953229,0.60502744,0.037458748
1356431284998,0.10694176,-0.28023553,0.95395577,0.5986236,-0.7479207,-0.28681815,0.79385984,0.6017332,0.087771535
1356431285035,0.032271206,-0.28494415,0.9580008,0.61043656,-0.7533402,-0.24463385,0.79140747,0.59269327,0.14962915
1356431285078,-0.03964287,-0.28560424,0.95752734,0.61526084,-0.76205,-0.20182611,0.78732616,0.5811281,0.20593107
1356431285141,-0.086473525,-0.285702,0.95440906,0.6146793,-0.7692165,-0.17457211,0.78402275,0.5715596,0.24213195
1356431285159,-0.10031319,-0.28763446,0.9524724,0.6125959,-0.7721888,-0.16867328,0.78400475,0.56656057,0.2536644
1356431285199,-0.085122764,-0.29131305,0.95283306,0.610825,-0.7707798,-0.1810843,0.7871766,0.56659985,0.24355209
1356431285239,-0.051068366,-0.2949205,0.9541561,0.60910344,-0.76633424,-0.20426607,0.79144484,0.5707482,0.21877265
1356431285279,-0.008452952,-0.2966683,0.9549431,0.6064383,-0.7608367,-0.23099796,0.7950856,0.57716143,0.18634239
1356431285318,0.03292209,-0.29502687,0.9549216,0.6019726,-0.756846,-0.2545843,0.79783785,0.58321804,0.15268111
1356431285357,0.06392139,-0.28870457,0.955282,0.59558964,-0.75703585,-0.26864386,0.80074155,0.5861282,0.12355873
1356431285397,0.07934719,-0.277184,0.95753485,0.587233,-0.7632024,-0.269591,0.8055193,0.5836874,0.10221368
1356431285437,0.08010894,-0.26067615,0.96209687,0.57617664,-0.7755046,-0.25809506,0.81338984,0.5750135,0.08807069
1356431285477,0.07358748,-0.24091373,0.9677527,0.5625284,-0.79125315,-0.23975007,0.8234966,0.562031,0.07729459
1356431285517,0.068461,-0.22098,0.97287256,0.5487402,-0.80605906,-0.22170456,0.833185,0.5490324,0.066077024
1356431285557,0.0690428,-0.20362136,0.9766122,0.5391065,-0.81608224,-0.20826405,0.8394029,0.54087716,0.053429008
1356431285597,0.07480466,-0.19104871,0.978726,0.53604317,-0.8199083,-0.2010174,0.8408698,0.5396764,0.041077435
1356431285637,0.08386922,-0.18504994,0.9791437,0.5387092,-0.8182174,-0.20077969,0.8383067,0.544313,0.031064961
1356431285677,0.0961048,-0.18738079,0.97757477,0.5444427,-0.81228584,-0.20922217,0.8332743,0.5523406,0.023953527
1356431285717,0.11293775,-0.1995496,0.9733576,0.5504906,-0.80296475,-0.22848998,0.827167,0.56162935,0.019165158
1356431285757,0.13431507,-0.2218758,0.96577984,0.55499417,-0.79056925,-0.2588088,0.8209391,0.57076406,0.016954305
1356431285797,0.15535557,-0.25257406,0.95502406,0.55755484,-0.7756395,-0.2958309,0.8154736,0.57843727,0.020324023
1356431285837,0.16404998,-0.28608072,0.94405794,0.5607746,-0.7602972,-0.32784152,0.8115537,0.58318615,0.035700053
1356431285877,0.14959687,-0.3170135,0.93654853,0.56844443,-0.74744314,-0.34380183,0.80900663,0.58380747,0.068389416
1356431285917,0.11061782,-0.34128287,0.933429,0.5816741,-0.7393051,-0.33923918,0.8058653,0.5804774,0.1167351
1356431285957,0.06180775,-0.35997814,0.9309111,0.59645236,-0.734511,-0.3236327,0.80026513,0.57524717,0.16931131
1356431285997,0.027294636,-0.37878966,0.9250802,0.6078325,-0.7283983,-0.3161891,0.793596,0.5709241,0.2103593
1356431286037,0.022741854,-0.40202844,0.9153447,0.6137152,-0.7171498,-0.3302271,0.78919995,0.5692709,0.23042163
1356431286077,0.04736036,-0.42848283,0.90230787,0.61312336,-0.7006589,-0.36490658,0.78856623,0.5705082,0.22952935
1356431286141,0.08989358,-0.45317447,0.88687766,0.6055658,-0.68209845,-0.40991685,0.79070175,0.57391167,0.21311066
1356431286159,0.13755643,-0.4714414,0.87110347,0.59235954,-0.66570216,-0.45381802,0.79384404,0.578432,0.18769118
1356431286199,0.18123257,-0.48106143,0.8577498,0.57625455,-0.65482795,-0.48901036,0.79692256,0.5829068,0.15853763
1356431286239,0.21299696,-0.48100698,0.8504497,0.56121004,-0.6522822,-0.5094815,0.7997973,0.5857989,0.13101178
1356431286280,0.2277059,-0.47138748,0.85202336,0.5503446,-0.65954435,-0.5119785,0.8032875,0.585487,0.10924345
1356431286319,0.22342086,-0.45219886,0.86348087,0.544032,-0.67719895,-0.49540958,0.808772,0.58044606,0.09471032
1356431286359,0.20362574,-0.42377004,0.88258463,0.5393195,-0.7038144,-0.4623634,0.81711143,0.5701442,0.085232675
1356431286399,0.17796421,-0.38815948,0.90424603,0.5329677,-0.7344444,-0.42016298,0.8272087,0.5567079,0.07617164
1356431286438,0.15711135,-0.34950456,0.92366797,0.52557,-0.7622506,-0.37782305,0.8361173,0.54481244,0.06393087
1356431286477,0.14521873,-0.3120934,0.9388872,0.52083606,-0.7827061,-0.34073585,0.8412141,0.53848755,0.04888597
1356431286517,0.14028037,-0.279152,0.94994503,0.52126384,-0.79488117,-0.31056088,0.84178704,0.5387376,0.034005582
1356431286557,0.13888156,-0.2528183,0.957494,0.52643406,-0.80009055,-0.28761482,0.83879626,0.5440019,0.021974325
1356431286597,0.14070326,-0.2354978,0.96163577,0.5341486,-0.79975283,-0.27400857,0.8335994,0.5522103,0.013263019
1356431286637,0.14702564,-0.22922707,0.96220493,0.54227173,-0.7948805,-0.27222472,0.8272393,0.56180054,0.007435592
1356431286677,0.1559785,-0.23394641,0.9596561,0.54999757,-0.7864341,-0.28111243,0.8204715,0.57165605,0.00600305
1356431286717,0.1579997,-0.24538545,0.9564633,0.5589321,-0.7762906,-0.29149216,0.8140214,0.5806538,0.014500169
1356431286757,0.13825184,-0.25570434,0.9568185,0.5721483,-0.7679573,-0.28790265,0.8084137,0.5872452,0.040129244
1356431286797,0.083049715,-0.25482678,0.9634138,0.5902428,-0.76635987,-0.25358623,0.8029422,0.5897083,0.08676371
1356431286837,-0.0058787465,-0.23781794,0.97129196,0.6057402,-0.7736731,-0.18576531,0.79564077,0.5872585,0.14860412
1356431286877,-0.09898114,-0.21387552,0.97183335,0.6099438,-0.7846931,-0.11056802,0.7862387,0.58181953,0.20812187
1356431286917,-0.16067427,-0.200422,0.9664445,0.6072179,-0.7920102,-0.06329593,0.7781197,0.5766723,0.24895543
1356431286957,-0.17401397,-0.20930348,0.9622428,0.6075294,-0.7918444,-0.062372178,0.77500135,0.57373714,0.2649501
1356431286997,-0.14253563,-0.23973647,0.9603176,0.6124306,-0.7835589,-0.10470961,0.7775681,0.5732031,0.25850704
1356431287037,-0.08363372,-0.28024507,0.95627826,0.6157114,-0.76907426,-0.17153484,0.78352076,0.57444537,0.23687065
1356431287077,-0.017156065,-0.31767735,0.94804364,0.61250544,-0.75277984,-0.24116287,0.79028016,0.5765444,0.20749387
1356431287142,0.04149729,-0.34316772,0.938357,0.6028813,-0.7403264,-0.29740718,0.796751,0.57805955,0.17616782
1356431287159,0.08108574,-0.3517668,0.9325692,0.5901245,-0.73708135,-0.32933906,0.80322987,0.5770366,0.1478194
1356431287199,0.0958423,-0.3422015,0.9347258,0.5774291,-0.7457843,-0.33223715,0.81079584,0.57158035,0.1261194
1356431287239,0.085511565,-0.31501013,0.9452283,0.5654826,-0.7657522,-0.30635458,0.8203153,0.56070703,0.112651974
1356431287279,0.058215618,-0.27468815,0.9597694,0.55204,-0.7921768,-0.2602072,0.8317829,0.5449792,0.10552183
1356431287317,0.027950823,-0.22899695,0.97302574,0.5365811,-0.8178405,-0.20788848,0.84338576,0.52791786,0.10001612
1356431287357,0.006330788,-0.18593071,0.98254246,0.52334994,-0.83663636,-0.1616924,0.85209435,0.5152372,0.09201026
1356431287397,-0.0031912923,-0.15036713,0.98862505,0.51743203,-0.84624153,-0.1270407,0.8557184,0.5111409,0.08050537
1356431287437,-0.0037077665,-0.123701155,0.9923126,0.5201627,-0.84774387,-0.1037357,0.85405916,0.5157794,0.067487955
1356431287477,0.0013917089,-0.107039645,0.99425375,0.52916944,-0.84356207,-0.09155716,0.84851503,0.52625614,0.055468112
1356431287518,0.011629522,-0.102481306,0.99466693,0.54093146,-0.83596957,-0.092455104,0.84098625,0.53912187,0.045713484
1356431287557,0.028561294,-0.11251779,0.99323916,0.5525133,-0.82628125,-0.10949214,0.8330146,0.5519051,0.038567808
1356431287597,0.05100912,-0.13725297,0.9892218,0.56205094,-0.81481564,-0.14203648,0.82552826,0.5632382,0.03558007
1356431287637,0.06933379,-0.17079704,0.9828638,0.5693305,-0.8022567,-0.17957415,0.8191798,0.57202494,0.041616466
1356431287677,0.065532625,-0.20076446,0.97744524,0.5766156,-0.7918292,-0.20129855,0.81438327,0.5768018,0.0638732
1356431287717,0.024223983,-0.2142159,0.97648585,0.5853977,-0.78875387,-0.18755443,0.81038415,0.576176,0.10629481
1356431287776,-0.04590857,-0.21089153,0.97643083,0.59115595,-0.7936667,-0.14362359,0.80524963,0.57062936,0.1611059
1356431287797,-0.11325896,-0.20507945,0.97217005,0.59082955,-0.800569,-0.10004787,0.7988071,0.5630555,0.21183869
1356431287838,-0.1459822,-0.21566917,0.9654926,0.59036124,-0.8021155,-0.08991194,0.7938279,0.55686384,0.24441743
1356431287875,-0.13134229,-0.25161362,0.9588742,0.59505934,-0.793625,-0.12674278,0.7928767,0.55394036,0.25396156
1356431287917,-0.075464725,-0.30731827,0.9486098,0.6007301,-0.7733176,-0.2027395,0.7958822,0.55455875,0.24297354
1356431287957,0.0023146868,-0.36715055,0.9301587,0.59919184,-0.74418175,-0.29523316,0.80060214,0.5580269,0.21827105
1356431287997,0.083824456,-0.41827473,0.9044444,0.58729607,-0.7125106,-0.3839428,0.8050198,0.56336045,0.18592522
1356431288037,0.15364772,-0.45267126,0.87833995,0.5682402,-0.68673176,-0.45332396,0.8083907,0.5687603,0.15171123
1356431288077,0.20077789,-0.4670952,0.8611099,0.5488686,-0.67445135,-0.4938204,0.8114379,0.5717844,0.12095901
1356431288143,0.21879476,-0.46046725,0.8602899,0.53573716,-0.6801928,-0.50032324,0.8155455,0.5703574,0.09786683
1356431288158,0.2078414,-0.4335887,0.876814,0.5303437,-0.7032486,-0.47347334,0.82191086,0.5634202,0.083786845
1356431288199,0.17475814,-0.3889485,0.9045323,0.52858925,-0.7379994,-0.41946435,0.8306943,0.5514308,0.076622605
1356431288238,0.13499993,-0.33504975,0.9324788,0.5251421,-0.77385503,-0.35408217,0.8402386,0.5374849,0.07147837
1356431288267,0.10258645,-0.28356713,0.95344937,0.52014744,-0.8017293,-0.2944091,0.847893,0.5261367,0.06525013
1356431288307,0.0904544,-0.2485258,0.96439254,0.5152227,-0.81702507,-0.25887382,0.85226965,0.52029324,0.054142565
1356431288347,0.09288138,-0.22910978,0.9689591,0.5136297,-0.8226599,-0.24375238,0.8529699,0.5203262,0.041267782
1356431288387,0.10503405,-0.22610778,0.968423,0.51471186,-0.82086813,-0.24748164,0.8509052,0.5244528,0.030161291
1356431288427,0.12610698,-0.24209876,0.9620214,0.5157973,-0.81236786,-0.272051,0.84737843,0.53051555,0.022428572
1356431288467,0.15855289,-0.28044504,0.94668454,0.5138515,-0.79529405,-0.32165825,0.8431,0.53745514,0.018010944
1356431288507,0.20226085,-0.34066492,0.9181709,0.50671476,-0.7658927,-0.3957883,0.8380517,0.5453033,0.01770991
1356431288547,0.24898165,-0.4141521,0.87549204,0.49559772,-0.72216123,-0.48256215,0.83210045,0.55404097,0.025447845
1356431288587,0.2830643,-0.4858319,0.82694745,0.4883754,-0.6690475,-0.56023663,0.8254478,0.5624438,0.04788485
1356431288627,0.29037118,-0.5429873,0.78793985,0.49650925,-0.6184117,-0.6091349,0.81802386,0.56809473,0.09002933
1356431288667,0.2713232,-0.58398896,0.76507556,0.5220404,-0.57852286,-0.6267258,0.8086146,0.5694456,0.14789909
1356431288707,0.24730915,-0.618776,0.74562347,0.5514813,-0.54283494,-0.63340235,0.7966846,0.5678437,0.2069954
1356431288747,0.24976403,-0.66022056,0.7083267,0.5670629,-0.4932207,-0.6596763,0.7848933,0.56642926,0.25119787
1356431288788,0.2900204,-0.7072547,0.6447317,0.55796975,-0.42237753,-0.7143298,0.77753323,0.56691104,0.27212858
1356431288827,0.3483284,-0.7450302,0.5688561,0.5248104,-0.34782958,-0.77690977,0.7766862,0.56916136,0.26984063
1356431288867,0.40079665,-0.76592565,0.50271267,0.47879994,-0.29270458,-0.82769233,0.7810971,0.5724351,0.24941015
1356431288907,0.43876034,-0.77334315,0.45763493,0.4321726,-0.26490593,-0.8620045,0.7878555,0.5759907,0.21798748
1356431288948,0.46334425,-0.77264094,0.43397945,0.39167002,-0.26074228,-0.8823877,0.79492563,0.578826,0.1818068
1356431288987,0.4748082,-0.7668958,0.43177325,0.36340368,-0.27598432,-0.88981485,0.80155784,0.57939935,0.1476531
1356431289027,0.47257078,-0.7574719,0.45045888,0.35059968,-0.30735976,-0.8846524,0.80855227,0.57599163,0.12032014
1356431289067,0.4544931,-0.74316233,0.4910658,0.35430604,-0.3549801,-0.86513364,0.8172534,0.5671848,0.10197097
1356431289143,0.4164849,-0.7202543,0.5547738,0.37142527,-0.42216718,-0.8269329,0.8298093,0.5504621,0.091694415
1356431289148,0.37103266,-0.6831681,0.6289802,0.39288288,-0.49823552,-0.7729194,0.84141415,0.53389394,0.08354342
1356431289174,0.32980078,-0.6404426,0.69358826,0.40857506,-0.5654923,-0.716439,0.85105693,0.519665,0.075169116
1356431289218,0.30047077,-0.5978913,0.7431308,0.41731355,-0.61818933,-0.6661016,0.8576518,0.5102626,0.06376034
1356431289257,0.27943903,-0.55464184,0.7837642,0.42647225,-0.6596465,-0.6188603,0.86025304,0.5071874,0.052208334
1356431289297,0.2640239,-0.5141237,0.81606877,0.4379141,-0.68996125,-0.57635486,0.85937345,0.5095395,0.042975694
1356431289337,0.2530228,-0.47968677,0.8401667,0.45046988,-0.7101284,-0.54110503,0.8561871,0.5153817,0.036405712
1356431289377,0.24807966,-0.45524806,0.85510564,0.46185404,-0.7203418,-0.51749253,0.8515558,0.5233134,0.03155601
1356431289417,0.24883646,-0.44226018,0.8616765,0.4717398,-0.7216593,-0.5066255,0.84589714,0.532554,0.029056609
1356431289457,0.24735117,-0.43652755,0.8650209,0.483787,-0.71787286,-0.50060815,0.83950436,0.54231185,0.03361973
1356431289497,0.22852051,-0.42901716,0.87391233,0.5043361,-0.7156526,-0.4832045,0.8327205,0.55116767,0.052827477
1356431289537,0.17555845,-0.40864268,0.89565074,0.5370329,-0.72274154,-0.43501744,0.82509077,0.55736494,0.09257123
1356431289577,0.08708024,-0.37080836,0.92461795,0.57244617,-0.74098027,-0.35107523,0.8153052,0.5598657,0.14774299
1356431289617,-0.01182282,-0.32430768,0.94587773,0.59510964,-0.76245564,-0.25398034,0.8035576,0.5598982,0.20201296
1356431289657,-0.08537328,-0.28711948,0.9540827,0.6029674,-0.77720857,-0.17993659,0.7931845,0.559919,0.23947653
1356431289697,-0.11692476,-0.2692664,0.95594144,0.604944,-0.7826808,-0.14646995,0.7876365,0.5611651,0.25440592
1356431289737,-0.112537384,-0.26695037,0.95711696,0.6061325,-0.7817068,-0.14675772,0.78736186,0.56362396,0.24977851
1356431289777,-0.085570455,-0.27110678,0.9587381,0.6065612,-0.77756923,-0.16573928,0.7904184,0.5673509,0.23097986
1356431289817,-0.05037141,-0.27243286,0.96085536,0.6054389,-0.77347463,-0.18756527,0.79429626,0.57229125,0.20390251
1356431289857,-0.015438199,-0.2665896,0.9636865,0.6026112,-0.7715756,-0.2037912,0.7978856,0.5775821,0.17256159
1356431289897,0.009162664,-0.24904437,0.96844876,0.59776086,-0.77503103,-0.20496099,0.80162215,0.5807787,0.14176756
1356431289937,0.015487075,-0.21727456,0.97598773,0.5902748,-0.78587687,-0.18431863,0.80705386,0.57895553,0.11608067
1356431289977,0.0034847856,-0.17301102,0.9849138,0.57819754,-0.8032419,-0.14314413,0.8158895,0.5699735,0.09723532
1356431290018,-0.0196774,-0.12025227,0.9925484,0.560526,-0.82337904,-0.08864409,0.8279031,0.5546049,0.08360636
1356431290057,-0.043224096,-0.06574525,0.99689984,0.5402873,-0.8408708,-0.032029122,0.8403697,0.53722787,0.07186726
1356431290097,-0.061352074,-0.0149053335,0.99800485,0.52370065,-0.8516797,0.019474417,0.84969026,0.52385056,0.060058296
1356431290141,-0.07532525,0.029441968,0.99672425,0.5148858,-0.85485417,0.06416267,0.853943,0.5180322,0.049232922
1356431290178,-0.087642014,0.06495839,0.99403185,0.5136842,-0.85201764,0.1009686,0.85349137,0.51946753,0.04130438
1356431290219,-0.09860116,0.089705974,0.9910755,0.51787794,-0.84581196,0.12808077,0.84975314,0.525885,0.036941253
1356431290259,-0.10539937,0.10154818,0.9892315,0.5254872,-0.8388509,0.1421,0.84424776,0.5348058,0.035052024
1356431290298,-0.10544652,0.09960908,0.98942363,0.53556824,-0.83265406,0.14090396,0.8378829,0.5447617,0.034453005
1356431290337,-0.10016322,0.08501536,0.9913323,0.54698867,-0.8275671,0.12623826,0.8311262,0.55489194,0.036389343
1356431290377,-0.09707326,0.061205745,0.99339354,0.5573661,-0.8235742,0.10520786,0.82457256,0.5638967,0.04583296
1356431290417,-0.11149049,0.037205994,0.99306875,0.5637663,-0.8205636,0.09403628,0.8183748,0.57034284,0.070509605
1356431290457,-0.15389907,0.021158367,0.98786,0.56375897,-0.81918997,0.10537392,0.8114745,0.5731319,0.11414429
1356431290497,-0.2166444,0.0148486495,0.9761376,0.55612373,-0.8199133,0.13589858,0.8023662,0.57229495,0.16937202
1356431290537,-0.2738639,0.010258079,0.96171373,0.54539144,-0.8219653,0.1640767,0.79217845,0.56944513,0.21951205
1356431290596,-0.3013035,-0.003861934,0.95352054,0.54134464,-0.82390237,0.16772285,0.78496003,0.5667187,0.2503353
1356431290617,-0.29018968,-0.033551246,0.9563808,0.5492592,-0.82422143,0.13774396,0.7836481,0.5652728,0.2576089
1356431290658,-0.24566895,-0.07664545,0.9663188,0.5650958,-0.8212798,0.078523904,0.78759974,0.56535363,0.2450751
1356431290695,-0.18101478,-0.124623954,0.9755524,0.58049124,-0.81425804,0.003691703,0.7938914,0.56696784,0.21973592
1356431290738,-0.10992694,-0.16837053,0.9795751,0.5897072,-0.80439377,-0.072083816,0.80010086,0.56973857,0.18771386
1356431290777,-0.04647851,-0.19972348,0.9787494,0.59085506,-0.7955252,-0.13427648,0.8054379,0.5720581,0.15498233
1356431290817,-0.0014696717,-0.21397649,0.97683775,0.5851891,-0.79229915,-0.17267285,0.81089556,0.57138103,0.12638107
1356431290857,0.018695712,-0.20891045,0.977756,0.5747263,-0.7979678,-0.1814857,0.81813204,0.5653351,0.10514775
1356431290897,0.0153205395,-0.1859067,0.9824479,0.56025815,-0.81223506,-0.16243444,0.8281763,0.55291307,0.09171191
1356431290937,-0.0030869842,-0.1495105,0.98875535,0.5420654,-0.8311396,-0.12398493,0.8403307,0.5355873,0.08361006
1356431290977,-0.02472502,-0.10628596,0.9940282,0.52357864,-0.8484275,-0.077694446,0.8516185,0.51853085,0.07662633
1356431291017,-0.041566968,-0.062900454,0.9971539,0.5103483,-0.8593371,-0.032932818,0.85896266,0.5075268,0.067821056
1356431291057,-0.053582728,-0.02227728,0.9983149,0.5059491,-0.86252713,0.007908687,0.8608975,0.5055203,0.057487667
1356431291097,-0.06371933,0.013481393,0.9978768,0.50954795,-0.859309,0.04414648,0.85807973,0.51127905,0.047885187
1356431291142,-0.072827995,0.041356742,0.9964867,0.5176991,-0.8524245,0.0732137,0.85245746,0.5212123,0.040669955
1356431291178,-0.07816702,0.057161942,0.9953002,0.5279718,-0.8444833,0.08996509,0.845657,0.5325227,0.035830863
1356431291219,-0.07675737,0.057332903,0.9954001,0.5393299,-0.8372912,0.089815035,0.8385891,0.54374295,0.03334692
1356431291259,-0.070231736,0.04160872,0.99666256,0.5506369,-0.8315013,0.07351524,0.83178514,0.5539623,0.03548649
1356431291299,-0.07061356,0.018377513,0.9973344,0.5596473,-0.82691294,0.054861546,0.82571703,0.56202954,0.048106343
1356431291339,-0.09604579,0.0016039908,0.9953757,0.5630878,-0.82452047,0.055662155,0.8207968,0.56583,0.078288466
1356431291379,-0.1548922,0.0017673671,0.98792976,0.55675125,-0.8259227,0.08876757,0.81611055,0.56378055,0.12694502
1356431291419,-0.23190057,0.01481095,0.9726267,0.53910935,-0.8303184,0.14118221,0.80968094,0.5570924,0.18456665
1356431291459,-0.29423416,0.021172121,0.9554988,0.52034247,-0.83504313,0.17873612,0.801667,0.5497769,0.23468155
1356431291497,-0.31787294,0.003273636,0.9481277,0.5160632,-0.8382922,0.17591174,0.7953839,0.54521143,0.264781
1356431291537,-0.29646248,-0.04368849,0.95404476,0.5310864,-0.83779657,0.12666607,0.79376155,0.5442319,0.27157754
1356431291577,-0.23620653,-0.11161962,0.96527064,0.55635524,-0.82997304,0.040168524,0.7966651,0.5465214,0.25814527
1356431291617,-0.15331978,-0.18336463,0.97101516,0.57795167,-0.813682,-0.06239763,0.8015391,0.551633,0.23072943
1356431291657,-0.0672698,-0.24226712,0.9678747,0.5881231,-0.7932514,-0.15768138,0.80596894,0.55862224,0.19584477
1356431291697,0.0045086145,-0.27796197,0.96058154,0.58752567,-0.7765753,-0.22747397,0.809193,0.5653919,0.15980849
1356431291737,0.049566925,-0.28669554,0.9567386,0.5813705,-0.7706256,-0.26104486,0.8121277,0.5691588,0.12847885
1356431291777,0.06230575,-0.2691878,0.96107024,0.5739888,-0.7780973,-0.25515002,0.8164894,0.5675409,0.10603079
1356431291817,0.046441197,-0.23037603,0.9719928,0.56513786,-0.7962901,-0.21573393,0.8236882,0.5593289,0.09321362
1356431291857,0.014005601,-0.17852339,0.983836,0.55199385,-0.8190347,-0.15647715,0.83373064,0.54526293,0.08707267
1356431291897,-0.018502235,-0.12396702,0.99211395,0.5356513,-0.8390947,-0.09485738,0.8442366,0.52967197,0.081928164
1356431291937,-0.039592862,-0.0754343,0.9963645,0.52275705,-0.85136175,-0.04368326,0.8515618,0.519127,0.073141664
1356431291977,-0.04778683,-0.037463218,0.99815476,0.51865065,-0.85495543,-0.0072580874,0.85364974,0.51734674,0.060285926
1356431292017,-0.047148526,-0.011402041,0.9988228,0.52311754,-0.85212916,0.014965832,0.85095537,0.52320737,0.046141237
1356431292057,-0.040827155,0.0016171336,0.99916494,0.5324097,-0.84617096,0.023124427,0.84550166,0.5329093,0.03368572
1356431292097,-0.028603613,-1.309812E-4,0.9995908,0.54337347,-0.83934903,0.015438855,0.8390036,0.5435927,0.024079643
1356431292141,-0.0097587705,-0.017810196,0.99979377,0.5539738,-0.8324807,-0.009422481,0.83247685,0.5537676,0.017990373
1356431292178,0.010992587,-0.048531204,0.9987612,0.5627005,-0.82536334,-0.046298742,0.8265878,0.56251234,0.018235661
1356431292219,0.02071923,-0.08459976,0.9961996,0.56911516,-0.8182266,-0.081322476,0.8219968,0.5686372,0.03119392
1356431292257,0.0037044883,-0.11506142,0.99335146,0.57451904,-0.8128074,-0.096291274,0.8184829,0.571056,0.06309393
1356431292297,-0.05037421,-0.12871613,0.99040127,0.57863754,-0.81202644,-0.07610297,0.81402767,0.5692497,0.115385175
1356431292337,-0.12642765,-0.12747973,0.98375046,0.5776668,-0.81566614,-0.031459033,0.80642235,0.5643027,0.17676362
1356431292377,-0.19265717,-0.124349326,0.97335523,0.57224774,-0.8200367,0.008503199,0.7971297,0.5586386,0.22914457
1356431292417,-0.2235986,-0.13362509,0.9654781,0.5699398,-0.82148266,0.018298745,0.79067844,0.554356,0.25984064
1356431292457,-0.21272057,-0.16051933,0.9638379,0.57511425,-0.8180202,-0.009305924,0.78993267,0.5523374,0.2663266
1356431292497,-0.16828126,-0.1998143,0.965275,0.58410406,-0.8090204,-0.06563941,0.79404277,0.55277514,0.25285524
1356431292538,-0.10459697,-0.2413956,0.9647733,0.5904476,-0.7956922,-0.13507585,0.80026937,0.5555196,0.22575846
1356431292577,-0.03695929,-0.27545017,0.9606046,0.5903149,-0.78163826,-0.20141977,0.80632645,0.5596149,0.19149113
1356431292617,0.020441115,-0.2948391,0.95532835,0.58389807,-0.77211905,-0.25078964,0.8115697,0.5629407,0.15637293
1356431292657,0.056401372,-0.29550228,0.9536757,0.57389545,-0.7720287,-0.2731586,0.816984,0.56271666,0.12604395
1356431292697,0.065491915,-0.27625793,0.9588495,0.5621465,-0.78370506,-0.26419246,0.82444054,0.5563163,0.10397115
1356431292737,0.050958574,-0.23903276,0.96967345,0.54784214,-0.8051224,-0.2272599,0.83502835,0.5428088,0.089924276
1356431292777,0.024704456,-0.19053227,0.98137003,0.52936876,-0.83024824,-0.17451811,0.84803206,0.523818,0.080350995
1356431292817,2.568364E-4,-0.13865247,0.9903411,0.5103278,-0.85165536,-0.119368136,0.8599799,0.50542927,0.070539415
1356431292857,-0.015233159,-0.09066722,0.99576473,0.49720445,-0.864713,-0.07112838,0.8674997,0.49401516,0.058252398
1356431292897,-0.023403823,-0.049477726,0.998501,0.49378332,-0.86901474,-0.031487674,0.86927,0.4923062,0.044769492
1356431292937,-0.028264046,-0.016682088,0.9994613,0.49851435,-0.86688143,-3.7156045E-4,0.8664206,0.4982353,0.032817774
1356431292977,-0.030574977,0.005117953,0.9995194,0.5078424,-0.8612191,0.019944549,0.86090726,0.50820816,0.023732632
1356431293017,-0.02825147,0.01304853,0.9995157,0.5193223,-0.8541881,0.025830016,0.8541114,0.5198005,0.017355613
1356431293057,-0.019828498,0.00537315,0.99978894,0.5315778,-0.846875,0.015093952,0.8467774,0.53176486,0.01393602
1356431293097,-0.009732664,-0.015239596,0.9998365,0.54345995,-0.8394015,-0.007504046,0.83937865,0.54329807,0.016451776
1356431293141,-0.009828925,-0.040798128,0.99911904,0.55370003,-0.83222705,-0.02853614,0.8326582,0.5529318,0.030769877
1356431293178,-0.037033916,-0.058054,0.9976263,0.56103885,-0.8273386,-0.027317673,0.82696056,0.55869544,0.06321014
1356431293219,-0.09774339,-0.05887276,0.99346876,0.5625962,-0.82670736,0.0063610673,0.82093346,0.5595435,0.11392677
1356431293257,-0.17128766,-0.05092925,0.98390377,0.5568839,-0.8288301,0.054045558,0.81273663,0.55717754,0.17033005
1356431293297,-0.22851443,-0.04896131,0.9723086,0.5496659,-0.83080536,0.0873481,0.8035225,0.5544052,0.21676344
1356431293337,-0.24793082,-0.06716779,0.9664466,0.5506034,-0.83057773,0.083526045,0.7970987,0.5528374,0.24290857
1356431293377,-0.22482741,-0.10949884,0.96822655,0.5621943,-0.8261721,0.037110925,0.79585814,0.552675,0.24730575
1356431293436,-0.16657305,-0.17001706,0.97126085,0.57762307,-0.81513715,-0.04362452,0.79912764,0.553756,0.23398563
1356431293457,-0.08726168,-0.23701358,0.9675794,0.58723956,-0.79681987,-0.14222462,0.80469567,0.5557902,0.20871553
1356431293498,-0.0033929348,-0.2982908,0.95446897,0.5853876,-0.77443373,-0.23994519,0.81074643,0.5579202,0.17724335
1356431293535,0.06871796,-0.34459296,0.93623364,0.57292366,-0.7546403,-0.31980678,0.81672287,0.55836695,0.14556819
1356431293578,0.1175974,-0.37193108,0.92078125,0.55501026,-0.7442709,-0.3715163,0.8234892,0.5547324,0.11890128
1356431293617,0.13934636,-0.38072932,0.9141268,0.5364697,-0.74690187,-0.39285856,0.83233577,0.54514474,0.100171685
1356431293657,0.13956779,-0.37516868,0.9163892,0.51822865,-0.7609151,-0.39044493,0.8437772,0.5293927,0.088223934
1356431293697,0.13095754,-0.36180812,0.9230087,0.5001008,-0.77978027,-0.37661922,0.8560078,0.5109185,0.078822345
1356431293737,0.12602198,-0.34785867,0.92903864,0.4846242,-0.7955627,-0.36361963,0.8655968,0.4960587,0.06832239
1356431293778,0.13036317,-0.33845973,0.93190694,0.47580194,-0.8032654,-0.35829765,0.8698379,0.49011195,0.056323558
1356431293817,0.1437698,-0.33673352,0.93055946,0.4744709,-0.8017473,-0.36342633,0.8684513,0.4937731,0.044503152
1356431293857,0.16501606,-0.34510863,0.9239425,0.47764152,-0.7916428,-0.3809991,0.86291844,0.50418425,0.034204453
1356431293897,0.19427568,-0.3661277,0.91005903,0.48040447,-0.77335423,-0.41368446,0.85525936,0.51756525,0.025645465
1356431293937,0.23218352,-0.4010696,0.8861343,0.47874627,-0.7459157,-0.46304616,0.84669524,0.53174514,0.01882124
1356431293977,0.27566576,-0.4477758,0.85059106,0.4710829,-0.7084004,-0.52559453,0.8379077,0.54558736,0.015657842
1356431294024,0.3099848,-0.49648756,0.81080794,0.46549642,-0.6643466,-0.5847706,0.8289888,0.55869824,0.02517584
1356431294067,0.3252743,-0.5452724,0.77257663,0.46925315,-0.61623704,-0.6324978,0.82097393,0.56826925,0.05542466
