1356430647540,0.081649035,0.07015203,0.9941892,0.53031063,0.84153163,-0.10293263,-0.8438626,0.53563344,0.03150785
1356430647577,-0.052625954,-0.024335653,-0.9983177,-0.5339159,-0.84413266,0.048722327,-0.8438983,0.5355817,0.031430162
1356430647618,-0.051701367,-0.023899674,-0.9983766,-0.5336147,-0.84437317,0.047846556,-0.8441459,0.5352222,0.030902028
1356430647659,-0.04875022,-0.022374094,-0.99856037,-0.5326391,-0.8451485,0.044940412,-0.84493726,0.53406316,0.029283859
1356430647697,-0.042897582,-0.019055247,-0.9988978,-0.5305789,-0.8467407,0.038938344,-0.8465494,0.53166443,0.026212811
1356430647737,-0.034422576,-0.013765365,-0.9993125,-0.52722645,-0.8492,0.029858574,-0.8490273,0.5278918,0.021974236
1356430647778,-0.024691343,-0.006916225,-0.99967116,-0.52271295,-0.85230124,0.018807381,-0.8521511,0.5230055,0.017429262
1356430647817,-0.0154618025,7.932484E-4,-0.99988014,-0.51744676,-0.85568404,0.0073227584,-0.8555756,0.517498,0.013640881
1356430647857,-0.008383632,0.008662581,-0.9999273,-0.51200277,-0.858978,-0.0031487346,-0.85894287,0.51193917,0.011636667
1356430647897,-0.0046483874,0.016113207,-0.99985933,-0.50688213,-0.86193824,-0.011534035,-0.86200285,0.50675726,0.012174077
1356430647939,-0.00466758,0.022732437,-0.9997307,-0.50219786,-0.8645793,-0.017314598,-0.86474013,0.5019818,0.015451729
1356430647977,-0.0077410936,0.028394565,-0.99956685,-0.4976378,-0.86713606,-0.020778716,-0.8673504,0.4972614,0.020842735
1356430648017,-0.012089968,0.03329593,-0.9993725,-0.49264485,-0.8699259,-0.023023397,-0.8701465,0.4920573,0.026920382
1356430648058,-0.015720308,0.037709832,-0.99916506,-0.48648638,-0.87332165,-0.02530624,-0.8735467,0.48568237,0.032074153
1356430648097,-0.01724261,0.04181847,-0.9989764,-0.47849903,-0.8776261,-0.028479546,-0.8779188,0.47751817,0.035142656
1356430648137,-0.015960634,0.045823455,-0.998822,-0.46877682,-0.88269967,-0.033005252,-0.8831724,0.46769786,0.03556955
1356430648177,-0.01189214,0.049989805,-0.998679,-0.4583912,-0.88789505,-0.038985938,-0.888671,0.457322,0.03347385
1356430648217,-0.005931556,0.05449201,-0.99849665,-0.44885188,-0.8924196,-0.04603657,-0.8935865,0.447904,0.029752221
1356430648257,4.0084124E-4,0.059357405,-0.9982368,-0.4415384,-0.8956499,-0.053434655,-0.8972423,0.44078124,0.025849495
1356430648297,0.0057609677,0.064611465,-0.99789387,-0.43762228,-0.89711356,-0.060612604,-0.8991404,0.43704975,0.02310723
1356430648337,0.010154307,0.070639595,-0.9974502,-0.4383149,-0.8962504,-0.06793478,-0.8987641,0.43788716,0.021861583
1356430648377,0.01583457,0.078510836,-0.9967874,-0.44457096,-0.8923976,-0.077350974,-0.89560366,0.4443676,0.020772964
1356430648417,0.026639342,0.08962858,-0.99561894,-0.456268,-0.8850856,-0.09188616,-0.88944364,0.45671684,0.017316554
1356430648476,0.04569429,0.10473913,-0.99344945,-0.4717229,-0.8743619,-0.11388098,-0.88056207,0.47383654,0.009454455
1356430648499,0.07253301,0.12260598,-0.98980135,-0.48802948,-0.8611277,-0.14243026,-0.86980814,0.49338317,-0.0026248358
1356430648539,0.10343146,0.14006962,-0.9847246,-0.5027043,-0.84691566,-0.17326939,-0.8582484,0.5129468,-0.017184172
1356430648579,0.13339633,0.15307698,-0.9791694,-0.514238,-0.8339003,-0.20042336,-0.8472099,0.53026193,-0.03252122
1356430648619,0.15891379,0.1580068,-0.9745667,-0.52209485,-0.8243483,-0.21878514,-0.8379519,0.5435842,-0.04850578
1356430648659,0.17932957,0.15248671,-0.97189957,-0.52614284,-0.8198932,-0.2257186,-0.8312729,0.551836,-0.06680131
1356430648688,0.19193685,0.13408609,-0.97220427,-0.52897453,-0.8202753,-0.21756455,-0.8266476,0.5560299,-0.08651292
1356430648720,0.2051785,0.11177161,-0.97232133,-0.52831876,-0.82363534,-0.20616509,-0.8238817,0.5559963,-0.109941214
1356430648759,0.2309947,0.089637324,-0.96881706,-0.5184098,-0.8312906,-0.20051728,-0.8233424,0.5485627,-0.14555487
1356430648798,0.2620232,0.058186144,-0.9633059,-0.5031179,-0.84356517,-0.18780364,-0.82353884,0.53386533,-0.19175917
1356430648837,0.29678047,0.022151321,-0.9546888,-0.4845409,-0.8579848,-0.1705349,-0.822886,0.5131972,-0.24389991
1356430648877,0.32882088,-0.015873745,-0.9442589,-0.46747983,-0.8715027,-0.14814064,-0.8205726,0.49013373,-0.29398894
1356430648919,0.34911877,-0.05533871,-0.9354431,-0.45769724,-0.8811502,-0.118691325,-0.8176976,0.4695871,-0.33295444
1356430648958,0.34943044,-0.09666018,-0.9319631,-0.45855302,-0.88504654,-0.08013581,-0.8170848,0.45535636,-0.35358602
1356430648997,0.32549798,-0.13981096,-0.93514913,-0.4689703,-0.88266015,-0.031271294,-0.82104677,0.44873595,-0.3528713
1356430649039,0.277017,-0.18359123,-0.94316274,-0.4846112,-0.87428623,0.027848557,-0.82970697,0.44935268,-0.3311625
1356430649077,0.20881099,-0.22517642,-0.95167935,-0.49949965,-0.86118096,0.094166845,-0.8407723,0.45570043,-0.2922996
1356430649119,0.12949342,-0.26094338,-0.9566295,-0.50836986,-0.8457841,0.1618926,-0.85134685,0.4653576,-0.24217924
1356430649157,0.049500287,-0.28766507,-0.95645106,-0.508524,-0.8314665,0.22375612,-0.8596238,0.47530228,-0.1874424
1356430649197,-0.019640207,-0.3027572,-0.9528653,-0.5008762,-0.82184935,0.271453,-0.86529607,0.48259893,-0.13550259
1356430649239,-0.06957871,-0.30536968,-0.94968843,-0.4893576,-0.81913525,0.29924333,-0.8693031,0.4855582,-0.09244059
1356430649277,-0.09792018,-0.29624486,-0.9500792,-0.4777605,-0.8234709,0.30600753,-0.87301576,0.48387465,-0.060899675
1356430649317,-0.10886949,-0.27774423,-0.95446604,-0.4674489,-0.8330837,0.2957414,-0.87729067,0.47836134,-0.039133772
1356430649359,-0.110990405,-0.25366932,-0.9609022,-0.45885128,-0.844572,0.27595955,-0.88155353,0.47154003,-0.022657111
1356430649397,-0.11275923,-0.22857973,-0.966973,-0.453769,-0.85392374,0.25477058,-0.8839565,0.4675101,-0.007434681
1356430649438,-0.11866027,-0.2066825,-0.9711859,-0.45409214,-0.85852593,0.23818815,-0.88301754,0.46927136,0.0080200285
1356430649480,-0.12982345,-0.19150542,-0.97286767,-0.45974445,-0.85770017,0.23018534,-0.87851053,0.47715402,0.023306102
1356430649517,-0.14351356,-0.18546261,-0.972115,-0.4669295,-0.85338825,0.23174453,-0.8725714,0.4871676,0.03587477
1356430649557,-0.15862733,-0.18882705,-0.9691139,-0.4742965,-0.8462987,0.2425313,-0.86595625,0.4981194,0.044686034
1356430649597,-0.17502093,-0.20332937,-0.9633404,-0.48056632,-0.8363305,0.2638317,-0.85931575,0.5091251,0.04866214
1356430649637,-0.18909359,-0.22687308,-0.9553911,-0.48652816,-0.82347906,0.2918434,-0.852956,0.5200104,0.04533446
1356430649677,-0.19174403,-0.25438803,-0.94790345,-0.49488825,-0.8089874,0.31721437,-0.84753746,0.52993023,0.029224917
1356430649717,-0.16920477,-0.2783201,-0.9454669,-0.5088905,-0.796859,0.32564718,-0.844038,0.5362402,-0.0068021268
1356430649757,-0.109102845,-0.290636,-0.9505931,-0.528111,-0.79322606,0.30313545,-0.84213734,0.53509164,-0.06694479
1356430649797,-0.01572007,-0.2881642,-0.957452,-0.5440046,-0.80097353,0.25000072,-0.83893496,0.5247883,-0.14417128
1356430649837,0.08411217,-0.27626044,-0.9573951,-0.54820746,-0.8151561,0.18705389,-0.83210206,0.5091176,-0.22001258
1356430649877,0.15907288,-0.26594827,-0.950772,-0.5438802,-0.8273304,0.14042327,-0.82394785,0.4947686,-0.27624983
1356430649918,0.19361258,-0.2654229,-0.9444918,-0.5395849,-0.83283377,0.12343438,-0.819367,0.48573512,-0.3044653
1356430649958,0.18901646,-0.27566636,-0.9424865,-0.5387541,-0.8315485,0.13517071,-0.8209853,0.48221898,-0.30569273
1356430649997,0.15579098,-0.29202712,-0.94363624,-0.5391338,-0.8256004,0.16648948,-0.8276859,0.48280865,-0.28606278
1356430650038,0.10611951,-0.30850017,-0.9452864,-0.5370864,-0.81783265,0.20661058,-0.8368255,0.48577505,-0.25247926
1356430650077,0.051563323,-0.319903,-0.9460461,-0.5301336,-0.8115838,0.2455405,-0.8463448,0.48886997,-0.21143927
1356430650117,0.0018640757,-0.3229084,-0.9464284,-0.5178523,-0.8099538,0.27532512,-0.85546803,0.4895969,-0.16872872
1356430650157,-0.03689909,-0.3164509,-0.94789106,-0.50161,-0.8145203,0.29145187,-0.8643066,0.48622584,-0.12867992
1356430650197,-0.063173175,-0.30124703,-0.95145124,-0.4834076,-0.8248165,0.29324877,-0.873113,0.4784642,-0.09351881
1356430650256,-0.07982975,-0.27954552,-0.956808,-0.4646714,-0.838763,0.28382605,-0.8818774,0.46725905,-0.062938616
1356430650277,-0.09212035,-0.25466743,-0.9626309,-0.44647238,-0.8535519,0.268536,-0.89004284,0.45452574,-0.035072476
1356430650317,-0.10457075,-0.23041409,-0.96745765,-0.43051702,-0.8664314,0.252887,-0.8965044,0.44295156,-0.008593865
1356430650355,-0.119015336,-0.21046294,-0.9703302,-0.41890782,-0.87539333,0.24125224,-0.9001953,0.43519163,0.016020723
1356430650398,-0.13620836,-0.19830573,-0.9706298,-0.41250116,-0.8794362,0.23756051,-0.90071654,0.4327436,0.037985094
1356430650438,-0.15644938,-0.19666934,-0.9679075,-0.41039163,-0.8784307,0.24482289,-0.8983888,0.43552348,0.05671843
1356430650478,-0.18040073,-0.2068002,-0.9616077,-0.4118038,-0.8719583,0.26477617,-0.8932375,0.4437595,0.07214075
1356430650516,-0.20635974,-0.22940975,-0.95120287,-0.41430062,-0.86019903,0.2973425,-0.88643706,0.45544347,0.08246592
1356430650557,-0.22652793,-0.25718257,-0.9394372,-0.42104366,-0.8438798,0.33254945,-0.878298,0.4708758,0.08287725
1356430650597,-0.2305156,-0.28641152,-0.92996293,-0.4354111,-0.8243264,0.3618054,-0.8702182,0.48831794,0.065313354
1356430650637,-0.20410645,-0.31054166,-0.9283881,-0.4615279,-0.80581874,0.37100983,-0.86332655,0.5042025,0.021149099
1356430650677,-0.1403203,-0.3249346,-0.93526876,-0.49685395,-0.7939569,0.35038352,-0.8564148,0.5138579,-0.050036788
1356430650717,-0.051448524,-0.3292586,-0.94283706,-0.5292096,-0.79164755,0.30533785,-0.84692985,0.51466763,-0.13351767
1356430650757,0.032334268,-0.3287279,-0.943871,-0.54790354,-0.79565287,0.25833744,-0.8359164,0.5087971,-0.20583804
1356430650797,0.085042536,-0.32996577,-0.94015443,-0.553773,-0.8000684,0.23070778,-0.82831347,0.50101215,-0.25076598
1356430650837,0.10052228,-0.33503377,-0.9368285,-0.5525668,-0.8018292,0.22746386,-0.8273845,0.4947952,-0.26573026
1356430650877,0.08707923,-0.3412278,-0.9359385,-0.54745907,-0.80131507,0.24121101,-0.83228946,0.49138355,-0.25658613
1356430650917,0.05657035,-0.34466833,-0.93701845,-0.5390532,-0.8005143,0.26191315,-0.8403699,0.49028626,-0.23107992
1356430650957,0.019107044,-0.34270036,-0.93925047,-0.5270264,-0.8017629,0.28181463,-0.8496342,0.48962516,-0.19593146
1356430650997,-0.017112374,-0.33409357,-0.9423846,-0.5114256,-0.8069689,0.29537284,-0.8591572,0.4870141,-0.15705492
1356430651037,-0.046693742,-0.31893486,-0.9466257,-0.4933598,-0.8166451,0.2994778,-0.86857116,0.48101082,-0.11921741
1356430651077,-0.067860246,-0.29825523,-0.9520708,-0.4743252,-0.8298828,0.29378566,-0.8777303,0.47152755,-0.08515386
1356430651117,-0.081857264,-0.27361214,-0.95835054,-0.45526326,-0.8451264,0.28017253,-0.88658595,0.45923597,-0.05538577
1356430651157,-0.091980636,-0.24707517,-0.9646209,-0.43704227,-0.86041814,0.26205876,-0.8947255,0.4456844,-0.028840542
1356430651198,-0.10190976,-0.22114488,-0.96990174,-0.42181286,-0.87338513,0.2434592,-0.9009375,0.43392786,-0.0042752847
1356430651237,-0.113028884,-0.198331,-0.97359604,-0.41255158,-0.8820487,0.22757678,-0.9038947,0.42738134,0.017875217
1356430651277,-0.12507504,-0.18115136,-0.97546935,-0.41050038,-0.8856384,0.21710365,-0.90324175,0.42758477,0.036408566
1356430651317,-0.13752466,-0.17159423,-0.9755217,-0.41439733,-0.8845744,0.2140165,-0.89964545,0.43368608,0.05054254
1356430651357,-0.15111709,-0.17126994,-0.9735657,-0.42164373,-0.8796206,0.22019076,-0.89408064,0.4437725,0.060710877
1356430651397,-0.16629112,-0.18044968,-0.96942514,-0.43093413,-0.8709647,0.2360428,-0.886929,0.4570102,0.06707183
1356430651437,-0.1799388,-0.19800627,-0.96354324,-0.4425661,-0.8584982,0.2590676,-0.8784972,0.47304785,0.06684628
1356430651480,-0.18307912,-0.22024705,-0.95810926,-0.45836788,-0.84304374,0.2813828,-0.8697016,0.49068177,0.053389475
1356430651519,-0.16069633,-0.24058786,-0.95723253,-0.48135903,-0.82757646,0.2888091,-0.8616671,0.5071831,0.017179355
1356430651559,-0.10192412,-0.25297523,-0.9620889,-0.5096856,-0.8172628,0.26889044,-0.8543021,0.5177692,-0.045639023
1356430651599,-0.010822475,-0.2537086,-0.9672201,-0.5334652,-0.8166599,0.2201847,-0.8457528,0.5183613,-0.12650639
1356430651639,0.08518118,-0.24706034,-0.9652489,-0.54235005,-0.82417125,0.16308956,-0.83582336,0.5096106,-0.20419706
1356430651679,0.15372366,-0.24322659,-0.95771074,-0.5385499,-0.83324414,0.12517275,-0.8284522,0.49653304,-0.25907898
1356430651719,0.17985374,-0.24988264,-0.95142597,-0.5316661,-0.8384518,0.11970706,-0.8276375,0.48431116,-0.2836528
1356430651759,0.16723692,-0.2672844,-0.94899464,-0.5267055,-0.8379032,0.1431766,-0.8334346,0.47589624,-0.28090852
1356430651799,0.12773633,-0.29055128,-0.948295,-0.52267516,-0.8323045,0.18460767,-0.84290814,0.47206908,-0.25817943
1356430651838,0.074667335,-0.3134207,-0.94667435,-0.51667196,-0.82412475,0.2320959,-0.85292137,0.47179008,-0.22347087
1356430651879,0.01888901,-0.33113882,-0.94339293,-0.5068047,-0.81652826,0.27646077,-0.8618539,0.4728939,-0.1832461
1356430651919,-0.029609025,-0.33993268,-0.9399835,-0.49308318,-0.81304497,0.30955893,-0.8694781,0.47265583,-0.14354156
1356430651959,-0.06695807,-0.33916232,-0.9383419,-0.47609738,-0.8156201,0.32877806,-0.8768397,0.46875647,-0.10686189
1356430651999,-0.09499353,-0.33012024,-0.9391469,-0.45594165,-0.8242148,0.33583826,-0.8849257,0.46009862,-0.072220534
1356430652037,-0.11859363,-0.3154335,-0.94150794,-0.43400788,-0.83635914,0.33487374,-0.89306927,0.44833577,-0.03771369
1356430652077,-0.14123398,-0.29796132,-0.944072,-0.4145774,-0.8481813,0.32971808,-0.89898753,0.43795833,-0.0037359893
1356430652117,-0.16322488,-0.28020862,-0.9459603,-0.40235725,-0.8565525,0.32315108,-0.9008143,0.43336025,0.027066648
1356430652157,-0.18294096,-0.26409596,-0.9469878,-0.39916372,-0.86032265,0.31703806,-0.89844364,0.43600243,0.051970795
1356430652197,-0.20000994,-0.25210136,-0.9468057,-0.40318817,-0.8595456,0.31403938,-0.8929924,0.44455186,0.070273384
1356430652236,-0.21520972,-0.24672669,-0.9448866,-0.41116375,-0.8547289,0.31683257,-0.8857929,0.45668855,0.082500964
1356430652277,-0.23040795,-0.25285748,-0.93966764,-0.41972902,-0.8453766,0.33040264,-0.8779178,0.47053316,0.08864987
1356430652317,-0.24250776,-0.26891404,-0.93213475,-0.42861974,-0.8322585,0.35161185,-0.87033045,0.48479998,0.08656727
1356430652357,-0.23982364,-0.28313547,-0.9286113,-0.44251657,-0.8194958,0.36415055,-0.864097,0.49825785,0.07124238
1356430652397,-0.21167535,-0.2916183,-0.9328196,-0.4648844,-0.80951554,0.3585625,-0.8596953,0.5095521,0.03578569
1356430652438,-0.14610201,-0.28646538,-0.94688535,-0.49655506,-0.8066103,0.32064456,-0.855621,0.5170275,-0.024398446
1356430652478,-0.044504166,-0.2636605,-0.9635883,-0.52759147,-0.8128617,0.24678542,-0.84833163,0.519364,-0.10292925
1356430652516,0.058591306,-0.2349332,-0.970244,-0.54354167,-0.82272524,0.16638976,-0.8373347,0.5176191,-0.17590055
1356430652557,0.13139671,-0.21447027,-0.967852,-0.54613906,-0.83045685,0.10987984,-0.8273252,0.5141439,-0.22624989
1356430652597,0.15441376,-0.21464497,-0.9644086,-0.5456336,-0.83228844,0.09787674,-0.82367486,0.51110023,-0.24563429
1356430652637,0.13169247,-0.2343124,-0.9632003,-0.54627407,-0.8279645,0.12672563,-0.827189,0.50948256,-0.23703548
1356430652677,0.08078915,-0.26273698,-0.96147925,-0.54488266,-0.8193752,0.17812094,-0.83461124,0.5095031,-0.20935747
1356430652717,0.019843698,-0.288834,-0.95717347,-0.538603,-0.80965793,0.23315404,-0.8423259,0.5109099,-0.1716335
1356430652757,-0.03525132,-0.30401143,-0.95201606,-0.5282681,-0.80297506,0.27597827,-0.8483456,0.5126483,-0.13229367
1356430652797,-0.075033665,-0.30450884,-0.94954956,-0.51651067,-0.80267096,0.29822153,-0.85298693,0.5128291,-0.09705472
1356430652837,-0.09509283,-0.28871885,-0.9526798,-0.5044738,-0.81104916,0.29615092,-0.8581745,0.50876385,-0.068526134
1356430652877,-0.098021805,-0.2584189,-0.961047,-0.490222,-0.82786894,0.27260834,-0.8660682,0.49784797,-0.04553336
1356430652917,-0.0921002,-0.21836886,-0.97151047,-0.47162446,-0.8497144,0.2357029,-0.87697655,0.4798964,-0.024729282
1356430652957,-0.086600065,-0.17531866,-0.9806955,-0.45051986,-0.8710959,0.19550863,-0.88855624,0.4587539,-0.003547527
1356430652997,-0.0856992,-0.13461646,-0.987185,-0.4328517,-0.88740623,0.15858681,-0.8973824,0.44089544,0.017780922
1356430653037,-0.088431776,-0.09955153,-0.99109507,-0.42367056,-0.8967445,0.127877,-0.9014894,0.43120617,0.037123717
1356430653077,-0.093434215,-0.07320188,-0.9929307,-0.42355794,-0.89962465,0.106179625,-0.9010375,0.4304845,0.053050548
1356430653117,-0.10210788,-0.059758812,-0.9929768,-0.42959845,-0.8976649,0.09819843,-0.8972286,0.43660814,0.06598637
1356430653157,-0.11744785,-0.06365898,-0.99103653,-0.4380674,-0.892281,0.10923086,-0.89123666,0.44696975,0.07690963
1356430653197,-0.13983876,-0.086824775,-0.9863603,-0.44613403,-0.88378215,0.1410448,-0.8839737,0.4597724,0.084851444
1356430653237,-0.16238588,-0.12506904,-0.97876894,-0.4531076,-0.87171537,0.18656376,-0.87654114,0.47378293,0.08488441
1356430653278,-0.16875356,-0.1659204,-0.9715928,-0.46207413,-0.8573836,0.22667325,-0.87063754,0.48719984,0.06801907
1356430653324,-0.11031371,-0.17268793,-0.9787798,-0.48373133,-0.85095286,0.20465428,-0.86823666,0.4960426,0.010337144
1356430653355,-0.038158894,-0.18194197,-0.9825686,-0.50084805,-0.8473774,0.17635953,-0.86469364,0.49884725,-0.058790296
1356430653398,0.08025533,-0.14849664,-0.98565096,-0.5054862,-0.8583196,0.08815454,-0.8590942,0.49115807,-0.14394772
1356430653437,0.18981671,-0.112275586,-0.97537875,-0.49007756,-0.8716647,0.004963964,-0.8507606,0.47706902,-0.22048026
1356430653480,0.25258505,-0.1024206,-0.96213865,-0.472872,-0.8806066,-0.030399099,-0.8441521,0.46264678,-0.2708599
1356430653518,0.26414317,-0.12572394,-0.95625407,-0.46916366,-0.883008,-0.013501748,-0.84268254,0.45220608,-0.29222566
1356430653559,0.2310307,-0.17632271,-0.956836,-0.47853506,-0.8768605,0.04604146,-0.8471298,0.44724256,-0.2869583
1356430653599,0.17071772,-0.23630731,-0.95656383,-0.49034613,-0.8624382,0.12554279,-0.8546438,0.447615,-0.26310587
1356430653639,0.098291755,-0.2911742,-0.9516072,-0.49652877,-0.84305716,0.2066733,-0.86243725,0.45218608,-0.22744192
1356430653679,0.02798152,-0.33013588,-0.9435186,-0.4943304,-0.8249636,0.2739935,-0.8688236,0.45874316,-0.18627994
1356430653719,-0.030806243,-0.34886467,-0.93666667,-0.48579675,-0.8137566,0.31906384,-0.8735288,0.46485877,-0.14440852
1356430653759,-0.070464015,-0.34424898,-0.9362305,-0.47446486,-0.8140277,0.3350253,-0.8774497,0.4678157,-0.105974376
1356430653799,-0.09045631,-0.31855166,-0.9435797,-0.4620217,-0.8259118,0.32311878,-0.8822435,0.4651824,-0.07246889
1356430653839,-0.0958789,-0.27703965,-0.956063,-0.44813222,-0.84562945,0.28998014,-0.88881093,0.45624557,-0.043072432
1356430653879,-0.095059276,-0.22824675,-0.9689515,-0.43361056,-0.8666742,0.24669373,-0.8960723,0.44359815,-0.016584776
1356430653919,-0.09391934,-0.18085417,-0.9790153,-0.4215431,-0.88363904,0.20367491,-0.9019316,0.43182617,0.0067529604
1356430653959,-0.093856394,-0.14097807,-0.98555374,-0.41473892,-0.8944031,0.16743591,-0.9050871,0.4244624,0.0254763
1356430653999,-0.09548199,-0.11387244,-0.9888965,-0.41321072,-0.89926606,0.14344856,-0.9056158,0.42231938,0.038810343
1356430654039,-0.10128015,-0.10498384,-0.9893032,-0.41501984,-0.89929783,0.13792029,-0.9041576,0.424549,0.047510587
1356430654079,-0.114555955,-0.11889842,-0.98627585,-0.4179255,-0.89491284,0.15642639,-0.9012298,0.43010944,0.05282691
1356430654119,-0.13554871,-0.1562606,-0.97837067,-0.4202379,-0.8851892,0.19960013,-0.8972328,0.43820402,0.05431962
1356430654159,-0.15774363,-0.2107861,-0.9647207,-0.4219529,-0.86888283,0.25884047,-0.89278924,0.44789717,0.048118927
1356430654199,-0.167503,-0.2687067,-0.948546,-0.42674354,-0.84757,0.31546026,-0.88872534,0.4576264,0.027301595
1356430654239,-0.14865893,-0.3126746,-0.9381552,-0.44069174,-0.82833606,0.34590483,-0.88526344,0.46485907,-0.014653549
1356430654279,-0.09356731,-0.33114558,-0.938929,-0.4635846,-0.82010484,0.33543587,-0.88109845,0.4666589,-0.07677893
1356430654319,-0.017097235,-0.33004194,-0.9438115,-0.4839689,-0.82326746,0.29665598,-0.87491816,0.4618474,-0.14565444
1356430654359,0.043879926,-0.33615255,-0.9407848,-0.49355394,-0.82604337,0.27213392,-0.8686075,0.45238683,-0.20215611
1356430654399,0.057179034,-0.3773561,-0.9243013,-0.49631268,-0.8140545,0.3016438,-0.8662588,0.44149476,-0.23383348
1356430654439,0.018279374,-0.45568502,-0.88995343,-0.4928344,-0.77856344,0.38852707,-0.86993116,0.4314976,-0.23880889
1356430654482,-0.051538646,-0.545769,-0.83634925,-0.47545695,-0.7230522,0.501135,-0.87822807,0.42347586,-0.2222245
1356430654509,-0.114215255,-0.6138104,-0.7811476,-0.44784126,-0.6700567,0.5919984,-0.886788,0.41744536,-0.1983589
1356430654549,-0.17813432,-0.668679,-0.72189796,-0.4068563,-0.617934,0.67277455,-0.89595544,0.413553,-0.16198102
1356430654589,-0.2294532,-0.70188403,-0.67432195,-0.36185345,-0.5816335,0.7285359,-0.9035559,0.4111706,-0.120521486
1356430654629,-0.26726478,-0.7177309,-0.6429868,-0.3208711,-0.56289506,0.76170266,-0.90863156,0.4098921,-0.07985714
1356430654669,-0.29257303,-0.7200456,-0.62923384,-0.28912967,-0.5606156,0.7759601,-0.9114851,0.40895522,-0.044165492
1356430654708,-0.3062902,-0.7111041,-0.63286436,-0.26809907,-0.5734677,0.7741174,-0.9134053,0.40677494,-0.014998823
1356430654748,-0.31051803,-0.692479,-0.6511922,-0.25553033,-0.59903055,0.7588587,-0.91557777,0.4020387,0.009060442
1356430654787,-0.30971318,-0.66667116,-0.6779582,-0.2481221,-0.63164514,0.7344793,-0.9178851,0.39569435,0.030212998
1356430654827,-0.30821085,-0.6373775,-0.7062266,-0.24469845,-0.664272,0.7063041,-0.9193089,0.39050314,0.048770487
1356430654867,-0.30687106,-0.60711676,-0.7329662,-0.24696659,-0.6929497,0.67736864,-0.9191506,0.388883,0.06270859
1356430654908,-0.30524087,-0.5787642,-0.75621426,-0.2550769,-0.715402,0.6504889,-0.9174769,0.39144856,0.07074055
1356430654947,-0.3039602,-0.5557469,-0.7737917,-0.26674822,-0.7300866,0.6291413,-0.9145783,0.39764148,0.07367286
1356430654987,-0.30510944,-0.54191303,-0.7830955,-0.27897862,-0.7353676,0.6175803,-0.91053784,0.40689647,0.07318546
1356430655027,-0.30928373,-0.5387082,-0.783669,-0.29096034,-0.7309483,0.6172979,-0.905365,0.41893682,0.06932768
1356430655067,-0.31232262,-0.5427325,-0.7796769,-0.3059868,-0.7195195,0.62342906,-0.8993479,0.4332818,0.058653235
1356430655107,-0.3036989,-0.5455938,-0.7810854,-0.33167565,-0.70798683,0.62349486,-0.8931731,0.4484217,0.034054667
1356430655147,-0.2678733,-0.5363498,-0.80035794,-0.37526894,-0.707027,0.5994047,-0.8873652,0.460914,-0.011881769
1356430655187,-0.19243377,-0.5059638,-0.84081495,-0.43217504,-0.7255633,0.53552073,-0.88101864,0.46643153,-0.07904199
1356430655227,-0.086946905,-0.45706046,-0.88517565,-0.48038793,-0.7591729,0.43918538,-0.8727357,0.46341354,-0.15355854
1356430655267,0.010084212,-0.41085175,-0.91164637,-0.50312996,-0.78996587,0.35044858,-0.86415195,0.4551426,-0.21467799
1356430655307,0.064611435,-0.38861206,-0.9191333,-0.5071877,-0.8060123,0.3051309,-0.8594103,0.44645816,-0.24917686
1356430655347,0.07218081,-0.39152429,-0.91733235,-0.50393474,-0.808018,0.30521575,-0.86072046,0.44024494,-0.25562608
1356430655387,0.046322227,-0.40717483,-0.9121748,-0.49653465,-0.8017405,0.33266425,-0.86678004,0.43751663,-0.23931481
1356430655427,0.0059272647,-0.42078087,-0.907143,-0.48531666,-0.79437006,0.3652998,-0.87431836,0.43808636,-0.20892042
1356430655482,-0.04796666,-0.43071538,-0.9012122,-0.4691571,-0.78681654,0.40101302,-0.88181114,0.4420454,-0.16433227
1356430655518,-0.080388546,-0.4114899,-0.90786225,-0.45485103,-0.7953055,0.40074912,-0.88693196,0.44515768,-0.123233214
1356430655559,-0.096515596,-0.37726882,-0.9210608,-0.44359598,-0.81209135,0.3791179,-0.8910148,0.44516963,-0.08897549
1356430655598,-0.09679347,-0.32740492,-0.93991333,-0.4336182,-0.83614457,0.33591315,-0.895883,0.4400777,-0.06103544
1356430655639,-0.08871037,-0.26704827,-0.95959145,-0.4212841,-0.8629183,0.27909076,-0.9025797,0.42901886,-0.035953388
1356430655677,-0.08059323,-0.20175302,-0.9761149,-0.40725964,-0.8871605,0.21699256,-0.90974957,0.41502035,-0.010666676
1356430655717,-0.076865554,-0.13773702,-0.9874818,-0.39667982,-0.9044263,0.15702969,-0.91473323,0.40378428,0.014881678
1356430655757,-0.07559419,-0.0781842,-0.99406874,-0.39485824,-0.91308004,0.10184148,-0.91562676,0.40021488,0.038151924
1356430655797,-0.07299757,-0.024917454,-0.9970208,-0.40269473,-0.9138376,0.05232215,-0.9124189,0.40531442,0.056673855
1356430655837,-0.06895077,0.018638909,-0.9974458,-0.41699582,-0.9088312,0.011842817,-0.9062892,0.41674736,0.070437014
1356430655877,-0.066217065,0.048686028,-0.9966168,-0.43355218,-0.9010001,-0.015209004,-0.8986923,0.43107826,0.08076957
1356430655917,-0.06554812,0.06379944,-0.99580777,-0.44996434,-0.89262086,-0.027569965,-0.89063776,0.44627082,0.08721709
1356430655957,-0.061287045,0.066343054,-0.99591285,-0.46451348,-0.885045,-0.030372068,-0.8834427,0.46075356,0.08505911
1356430655997,-0.04101807,0.063125,-0.9971623,-0.47546554,-0.8789938,-0.036086157,-0.87877744,0.47263616,0.0660685
1356430656037,0.008648574,0.06300588,-0.9979757,-0.4801079,-0.875195,-0.059414968,-0.87716687,0.47964984,0.022680372
1356430656077,0.089369,0.07113668,-0.99345493,-0.47385123,-0.8742948,-0.10523079,-0.87605834,0.48015422,-0.04442665
1356430656117,0.1821329,0.08416535,-0.9796651,-0.45443606,-0.8763334,-0.15977365,-0.8719607,0.4742952,-0.121361375
1356430656158,0.25660795,0.09177272,-0.9621487,-0.42965305,-0.88088137,-0.19861095,-0.86576587,0.4643553,-0.18661073
1356430656197,0.29285532,0.08493222,-0.9523772,-0.41319853,-0.88699776,-0.20616001,-0.86226606,0.45389593,-0.22466815
1356430656237,0.28902334,0.061292127,-0.9553579,-0.41209877,-0.89278716,-0.1819496,-0.8640834,0.44628948,-0.23277792
1356430656277,0.2542109,0.024758443,-0.9668319,-0.42347246,-0.8959008,-0.13428646,-0.8695102,0.44356376,-0.21726322
1356430656318,0.20046788,-0.017442018,-0.979545,-0.43998808,-0.8949403,-0.07410985,-0.87534165,0.44584477,-0.18708107
1356430656355,0.14024103,-0.056863353,-0.9884832,-0.45453453,-0.89063054,-0.013252795,-0.8796197,0.45115834,-0.1507493
1356430656398,0.084949195,-0.085988745,-0.9926679,-0.46293712,-0.88561445,0.03709875,-0.8823111,0.45639133,-0.11503962
1356430656437,0.043713927,-0.099378526,-0.994089,-0.46420914,-0.8831213,0.06787209,-0.8846462,0.45849824,-0.08473712
1356430656482,0.018301189,-0.09682967,-0.9951327,-0.45885992,-0.88510597,0.077685,-0.8883201,0.45520478,-0.060629696
1356430656519,0.0035849214,-0.08193652,-0.9966311,-0.44743508,-0.8914392,0.07167889,-0.8943092,0.44567078,-0.039856963
1356430656559,-0.009072006,-0.061197743,-0.9980845,-0.43188304,-0.8999907,0.059108675,-0.901884,0.43159196,-0.018265545
1356430656599,-0.024159431,-0.03929749,-0.99893546,-0.4173935,-0.90757114,0.04579799,-0.9084047,0.4180556,0.0055238307
1356430656639,-0.040543735,-0.018978417,-0.99899757,-0.40899885,-0.9119043,0.033922806,-0.91163385,0.4099642,0.029209737
1356430656679,-0.054745197,-0.0015523732,-0.99849916,-0.4083421,-0.9125185,0.023807079,-0.91118586,0.40903255,0.049322102
1356430656719,-0.065803945,0.010731116,-0.9977749,-0.41372728,-0.9102328,0.01749599,-0.9080196,0.413958,0.0643366
1356430656759,-0.075583935,0.01484184,-0.997029,-0.42257524,-0.90613806,0.018546239,-0.90317065,0.42272156,0.07476127
1356430656799,-0.08542287,0.008873165,-0.9963053,-0.4330725,-0.9008889,0.029108092,-0.8973021,0.43395895,0.08079925
1356430656839,-0.09180689,-0.0054074824,-0.9957621,-0.4445369,-0.8945866,0.045843303,-0.8910434,0.44686174,0.079725444
1356430656879,-0.08433628,-0.021125719,-0.9962134,-0.45728856,-0.88745546,0.057531998,-0.8853105,0.460409,0.065184146
1356430656919,-0.04777491,-0.026784196,-0.998499,-0.4712422,-0.8807944,0.046174243,-0.880709,0.47274083,0.029458016
1356430656959,0.030025065,-0.01043731,-0.9994947,-0.48107427,-0.87666386,-0.0052969456,-0.8761655,0.4809902,-0.03134301
1356430656999,0.14204514,0.029975995,-0.98940617,-0.47395152,-0.8754582,-0.094567046,-0.8690185,0.48236334,-0.11014742
1356430657039,0.25445884,0.07816954,-0.96391916,-0.44444567,-0.87578136,-0.1883483,-0.85890555,0.4763366,-0.1881082
1356430657079,0.33169442,0.11030178,-0.93691635,-0.40894234,-0.87816936,-0.24816255,-0.850144,0.46545893,-0.24617681
1356430657119,0.36149496,0.1127363,-0.9255333,-0.38903046,-0.88388765,-0.25961116,-0.8473351,0.45390877,-0.27566308
1356430657159,0.34917295,0.08460888,-0.9332307,-0.3923574,-0.8912088,-0.22760156,-0.85096055,0.4456323,-0.2779891
1356430657199,0.30333358,0.031399727,-0.9523669,-0.4134235,-0.8961517,-0.16122372,-0.8585276,0.44263548,-0.25885153
1356430657239,0.23161,-0.038437232,-0.9720491,-0.44054818,-0.89502865,-0.069577694,-0.86733747,0.44434935,-0.22423103
1356430657279,0.1450805,-0.112026185,-0.9830573,-0.46099415,-0.88678855,0.033021763,-0.8754633,0.44839287,-0.18029916
1356430657319,0.06083089,-0.17321241,-0.9830041,-0.46758914,-0.87502724,0.12525044,-0.88185036,0.4520229,-0.13422093
1356430657358,-0.00495708,-0.20979849,-0.97773206,-0.4625866,-0.8663585,0.18824567,-0.8865602,0.45321894,-0.09275531
1356430657399,-0.045667946,-0.2189641,-0.9746636,-0.4523009,-0.8654105,0.21561228,-0.89069545,0.45068777,-0.059516184
1356430657438,-0.06346458,-0.20361242,-0.97699237,-0.44090453,-0.87252545,0.21048152,-0.8953074,0.4441185,-0.034399122
1356430657482,-0.06761819,-0.17242394,-0.9826992,-0.42954785,-0.88396305,0.18465635,-0.90050894,0.43460247,-0.014292359
1356430657519,-0.06698555,-0.13333653,-0.9888046,-0.42029387,-0.8950435,0.14916559,-0.90491223,0.42558044,0.003914386
1356430657559,-0.065568864,-0.09277035,-0.9935262,-0.41597682,-0.9024862,0.11172238,-0.9070083,0.42060938,0.02058474
1356430657599,-0.06210798,-0.054167017,-0.99659854,-0.4176588,-0.9054831,0.07524319,-0.9064788,0.4209113,0.03361434
1356430657639,-0.055918574,-0.021404088,-0.99820584,-0.4237579,-0.9047476,0.04313861,-0.90404767,0.4254099,0.041522052
1356430657679,-0.04878187,0.0015430748,-0.99880826,-0.43229577,-0.90151614,0.019720614,-0.90041137,0.4327426,0.04464477
1356430657718,-0.042831838,0.012100846,-0.999009,-0.44218495,-0.89688736,0.008094519,-0.8959006,0.44209346,0.043766145
1356430657757,-0.035509586,0.011980832,-0.9992975,-0.453536,-0.89122134,0.0054311305,-0.8905302,0.45341027,0.0370807
1356430657797,-0.018449187,0.0066515207,-0.9998077,-0.46575558,-0.8849094,0.0027073026,-0.88472116,0.46571594,0.019423727
1356430657837,0.023628294,0.0076811016,-0.99969125,-0.4761531,-0.879178,-0.01800929,-0.8790449,0.47643167,-0.0171161
1356430657877,0.100102246,0.024406284,-0.9946778,-0.4769117,-0.8761996,-0.069494605,-0.87323236,0.48133004,-0.07606989
1356430657917,0.19628471,0.05424051,-0.97904557,-0.46013272,-0.8766121,-0.14081562,-0.86588115,0.47813088,-0.14710772
1356430657957,0.28149253,0.08411835,-0.9558693,-0.4303288,-0.87929386,-0.20410645,-0.8576591,0.4687925,-0.21131611
1356430657997,0.33155328,0.10002118,-0.9381195,-0.40398586,-0.88353616,-0.23697957,-0.85256547,0.45755836,-0.25253215
1356430658037,0.34179056,0.09680988,-0.9347765,-0.39253342,-0.88905025,-0.2355997,-0.85387164,0.44745678,-0.26586786
1356430658077,0.31894952,0.07681684,-0.9446536,-0.39612383,-0.8946755,-0.2064986,-0.861021,0.44006237,-0.25492734
1356430658117,0.2714975,0.04510832,-0.96138144,-0.4089423,-0.89883775,-0.15766051,-0.87123775,0.435954,-0.22558549
1356430658157,0.20701581,0.0074869394,-0.9783089,-0.42363366,-0.9006749,-0.09653616,-0.8818611,0.4344291,-0.18328223
1356430658197,0.13419491,-0.028993487,-0.9905307,-0.4332906,-0.9006739,-0.032337934,-0.8912076,0.43352723,-0.13342845
1356430658237,0.06369817,-0.05626434,-0.9963819,-0.43397224,-0.9006297,0.023113728,-0.8986716,0.43092978,-0.08178562
1356430658277,0.004450977,-0.0682269,-0.99766,-0.4261511,-0.90267146,0.059829682,-0.9046411,0.42488757,-0.033092797
1356430658317,-0.040985584,-0.06387676,-0.9971158,-0.41278416,-0.907726,0.07511747,-0.9099062,0.41467237,0.010836422
1356430658357,-0.076367676,-0.047294855,-0.9959574,-0.3973797,-0.91467327,0.07390511,-0.91447103,0.40141723,0.051057573
1356430658397,-0.10520339,-0.023240954,-0.9941791,-0.3847256,-0.92093015,0.06224002,-0.917016,0.38903403,0.087943584
1356430658437,-0.12710845,0.0046788156,-0.99187785,-0.3795382,-0.9241159,0.044278383,-0.9164029,0.38208368,0.119238734
1356430658482,-0.1376301,0.03582251,-0.9898356,-0.3838398,-0.9231839,0.019960016,-0.91308534,0.38268542,0.14080802
1356430658518,-0.13546383,0.06706059,-0.9885102,-0.39553115,-0.9184168,-0.0081024915,-0.90840775,0.389889,0.15093687
1356430658559,-0.12400341,0.09304905,-0.98790944,-0.41045815,-0.91123396,-0.03430602,-0.90340877,0.4012414,0.15118879
1356430658599,-0.10972053,0.10734962,-0.98814857,-0.42500502,-0.90375376,-0.05099015,-0.89851665,0.4143734,0.14478439
1356430658639,-0.09542167,0.10757731,-0.9896069,-0.43806815,-0.8972395,-0.055296123,-0.893863,0.42823884,0.13274223
1356430658679,-0.07627189,0.09719038,-0.9923389,-0.44982356,-0.8915585,-0.052746102,-0.88985467,0.44235438,0.11171937
1356430658719,-0.038426936,0.08703779,-0.9954637,-0.46006292,-0.8858773,-0.059696823,-0.88705444,0.45568195,0.07408428
1356430658759,0.03437406,0.09158893,-0.9952035,-0.46443594,-0.88027275,-0.097053304,-0.88493943,0.46554434,0.012278587
1356430658799,0.14199615,0.116494566,-0.98298836,-0.4520124,-0.8758385,-0.16909094,-0.88063717,0.46833318,-0.07170871
1356430658839,0.2547148,0.1484853,-0.9555483,-0.41868776,-0.873785,-0.24738695,-0.87167704,0.46308947,-0.160397
1356430658877,0.33704454,0.16724165,-0.92651564,-0.3812281,-0.8755674,-0.29672694,-0.86085194,0.45322394,-0.23134801
1356430658917,0.37496752,0.16217169,-0.9127429,-0.36019424,-0.88173544,-0.30463526,-0.854201,0.44299307,-0.27220884
1356430658957,0.37130916,0.13287228,-0.9189529,-0.36232868,-0.890508,-0.27516076,-0.8548961,0.4351327,-0.28251034
1356430658997,0.3342051,0.08476494,-0.93868095,-0.38169128,-0.898449,-0.21702811,-0.8617533,0.43081823,-0.26791218
1356430659037,0.27250075,0.025887564,-0.96180725,-0.40729785,-0.90254945,-0.13968888,-0.8716948,0.42980734,-0.23540145
1356430659077,0.19573838,-0.034653306,-0.9800437,-0.42849484,-0.9019477,-0.053688854,-0.88208765,0.43045264,-0.19139454
1356430659117,0.11604357,-0.08683385,-0.98944116,-0.4382229,-0.89844704,0.027452543,-0.8913443,0.43041003,-0.14231157
1356430659157,0.04501033,-0.122921824,-0.99139506,-0.4355393,-0.89553154,0.09126189,-0.8990436,0.4276838,-0.09384546
1356430659197,-0.010829151,-0.14022586,-0.99006027,-0.42367628,-0.89620775,0.13156731,-0.9057489,0.42088985,-0.049705148
1356430659256,-0.051526904,-0.1412126,-0.98863745,-0.40637988,-0.90132076,0.14992082,-0.91225016,0.4094873,-0.010943688
1356430659277,-0.08200723,-0.13193132,-0.9878607,-0.38716036,-0.90913516,0.15355745,-0.9183581,0.39505336,0.023477197
1356430659318,-0.10764861,-0.1191148,-0.9870275,-0.37044656,-0.916497,0.15100533,-0.9225948,0.3818965,0.05453396
1356430659355,-0.13034308,-0.107591674,-0.98561394,-0.3605858,-0.9208755,0.14821056,-0.92357385,0.3747166,0.08123365
1356430659398,-0.14983237,-0.10092232,-0.9835471,-0.3590515,-0.92130953,0.14923356,-0.9212123,0.37550408,0.10180574
1356430659437,-0.1665591,-0.10282096,-0.98065585,-0.36338443,-0.91814613,0.15798575,-0.9166296,0.38266903,0.11556205
1356430659481,-0.1829145,-0.11731756,-0.9761039,-0.3698711,-0.9116987,0.17888778,-0.9108993,0.39375383,0.12337053
1356430659519,-0.20159459,-0.14808989,-0.96820915,-0.37513417,-0.90145636,0.21598804,-0.90478396,0.40675038,0.12617514
1356430659559,-0.22135383,-0.19410351,-0.9556811,-0.37852445,-0.88605344,0.2676352,-0.8987334,0.42099074,0.122658335
1356430659599,-0.23548353,-0.24926627,-0.93936884,-0.3826335,-0.8647097,0.32537472,-0.89338636,0.4360544,0.108247325
1356430659639,-0.230744,-0.3004229,-0.92547464,-0.39460933,-0.84051836,0.37123084,-0.88940465,0.4508602,0.075394884
1356430659679,-0.1947447,-0.33550233,-0.9216901,-0.42011285,-0.82059336,0.38746834,-0.8863293,0.46267128,0.018857375
1356430659719,-0.12649906,-0.34996533,-0.92818224,-0.45443457,-0.8112912,0.36782575,-0.8817524,0.4683277,-0.056408763
1356430659759,-0.04686725,-0.35392648,-0.93409824,-0.48340422,-0.81029564,0.33127233,-0.8741418,0.46707287,-0.13311322
1356430659799,0.009380698,-0.3687924,-0.92946446,-0.4993611,-0.8070337,0.31517458,-0.86634314,0.46118182,-0.19173114
1356430659839,0.019069493,-0.40956438,-0.91208196,-0.50477356,-0.79139435,0.3448168,-0.86304116,0.45381933,-0.22182874
1356430659879,-0.0161407,-0.4717055,-0.8816084,-0.50026345,-0.7596176,0.4155931,-0.86572284,0.44774443,-0.2237163
1356430659919,-0.08002049,-0.5388455,-0.8385954,-0.48212105,-0.7154189,0.5057025,-0.8724425,0.44477108,-0.2025406
1356430659959,-0.15107077,-0.59481144,-0.78954226,-0.45046258,-0.6695374,0.5905956,-0.87992114,0.44488093,-0.16679278
1356430659999,-0.21439624,-0.6330243,-0.7438511,-0.41082066,-0.6324798,0.6566549,-0.88614935,0.44637376,-0.124458194
1356430660039,-0.26211774,-0.6539743,-0.7096561,-0.3714418,-0.61034447,0.6996503,-0.89068806,0.44698676,-0.08293122
1356430660077,-0.2922945,-0.6610652,-0.6910549,-0.33859733,-0.60426617,0.7212589,-0.89438015,0.44480932,-0.04721129
1356430660117,-0.30657023,-0.6575863,-0.6881824,-0.3139544,-0.6126781,0.72529864,-0.89858073,0.43841287,-0.018623233
1356430660157,-0.30925065,-0.64592975,-0.69795334,-0.29555857,-0.6323016,0.71612835,-0.9038856,0.42774928,0.004629582
1356430660197,-0.30749243,-0.628973,-0.7140318,-0.28035095,-0.65719694,0.69963956,-0.9093139,0.41531336,0.025749922
1356430660237,-0.30868042,-0.6105402,-0.72935385,-0.2674904,-0.6801325,0.68254566,-0.9127789,0.40578365,0.046629936
1356430660277,-0.31604815,-0.5943306,-0.73951656,-0.2587335,-0.6959315,0.66987777,-0.9127818,0.40305135,0.066174686
1356430660317,-0.32795477,-0.5827918,-0.7435049,-0.2552843,-0.7030795,0.6637087,-0.909547,0.4074715,0.08180064
1356430660357,-0.34169507,-0.5775527,-0.7414023,-0.2556672,-0.7020076,0.6646952,-0.90436655,0.41667527,0.09221122
1356430660397,-0.35585928,-0.57979727,-0.7329388,-0.2567826,-0.6934283,0.67321616,-0.8985694,0.42777616,0.09788105
1356430660437,-0.36974967,-0.58936685,-0.718284,-0.25722528,-0.67792356,0.6886616,-0.89281595,0.43939316,0.099061966
1356430660481,-0.3810395,-0.60450906,-0.6995554,-0.2585252,-0.65679157,0.70837104,-0.88767874,0.45077002,0.0939827
1356430660519,-0.38377404,-0.6207155,-0.6836883,-0.267463,-0.63392687,0.72567225,-0.8838444,0.46135554,0.07726622
1356430660558,-0.36891752,-0.63291144,-0.6806784,-0.29375675,-0.61540246,0.731428,-0.88182026,0.46979046,0.041110694
1356430660599,-0.32637274,-0.6359475,-0.6993223,-0.3437723,-0.6093132,0.71453345,-0.88051206,0.47361183,-0.019757926
1356430660639,-0.2542683,-0.62633955,-0.7369168,-0.4083846,-0.6211619,0.6688646,-0.87668097,0.47101656,-0.097845584
1356430660679,-0.16637796,-0.6049669,-0.7786741,-0.4659791,-0.6477044,0.6027789,-0.869012,0.463135,-0.17413819
1356430660719,-0.08911878,-0.5797628,-0.8098968,-0.50039923,-0.67700225,0.53969306,-0.8611959,0.45336854,-0.22977924
1356430660758,-0.04248023,-0.5595764,-0.82768935,-0.51165175,-0.6993747,0.49908662,-0.8581421,0.44469,-0.2565986
1356430660799,-0.030834794,-0.5471406,-0.83647263,-0.5069084,-0.71270347,0.4848687,-0.8614483,0.43896586,-0.2553741
1356430660838,-0.045030415,-0.5377117,-0.8419255,-0.4932855,-0.72089934,0.48679936,-0.8687012,0.43723035,-0.23278299
1356430660877,-0.07450038,-0.52640355,-0.8469646,-0.47522828,-0.72793937,0.4942291,-0.8767028,0.43932173,-0.19593015
1356430660917,-0.109054744,-0.5091967,-0.85371286,-0.45588782,-0.73756707,0.49815753,-0.88333076,0.4435238,-0.15170136
1356430660957,-0.13973212,-0.48367622,-0.864021,-0.43795863,-0.7524018,0.49202016,-0.88806933,0.44715646,-0.10669553
1356430660997,-0.15899509,-0.44826564,-0.8796468,-0.42336538,-0.77394617,0.4709237,-0.89189816,0.44728658,-0.06672652
1356430661037,-0.1638323,-0.40313414,-0.9003565,-0.41141632,-0.8016049,0.43378115,-0.8966022,0.44148874,-0.034527138
1356430661077,-0.15747225,-0.3505041,-0.9232277,-0.39961427,-0.83230937,0.3841479,-0.90305644,0.4294276,-0.009000808
1356430661118,-0.14770246,-0.2950053,-0.9440105,-0.38717392,-0.8610576,0.32966065,-0.910099,0.41418797,0.0129620135
1356430661157,-0.1410451,-0.24164303,-0.9600599,-0.37749898,-0.88335913,0.27779716,-0.91520536,0.40160352,0.033373415
