1356431751139,-0.040917188,0.21808627,0.97507143,-0.30523118,0.92650926,-0.22003326,-0.95139885,-0.30662534,0.028656602
1356431751178,0.105685174,-0.4123364,-0.9048808,0.28925633,-0.8578802,0.42470273,-0.95139974,-0.3066273,0.0286057
1356431751217,0.10594225,-0.41202956,-0.90499055,0.2891128,-0.85803145,0.42449462,-0.9514147,-0.30661625,0.02822131
1356431751257,0.106842995,-0.41124925,-0.9052395,0.28856012,-0.8584393,0.42404595,-0.95148176,-0.30652234,0.026951909
1356431751299,0.108802676,-0.4102146,-0.9054755,0.28725362,-0.8590489,0.42369825,-0.95165503,-0.30620062,0.024368852
1356431751337,0.111890376,-0.40965408,-0.905353,0.2850067,-0.8595689,0.42416096,-0.95197254,-0.3054912,0.020576686
1356431751377,0.11577463,-0.41027305,-0.90458405,0.2818469,-0.8597056,0.42599115,-0.9524487,-0.30427316,0.016102135
1356431751419,0.11986828,-0.41239458,-0.90308493,0.27792656,-0.85933346,0.4293052,-0.9530942,-0.30245137,0.011608541
1356431751457,0.123351514,-0.41623294,-0.9008521,0.27343708,-0.85838777,0.43405366,-0.9539479,-0.2998675,0.00793007
1356431751497,0.12511039,-0.4223438,-0.89776003,0.2684896,-0.85669434,0.44044104,-0.9551234,-0.29614303,0.006213456
1356431751537,0.12377441,-0.43189397,-0.893391,0.2631494,-0.8537935,0.44920918,-0.9567822,-0.29069588,0.007974952
1356431751579,0.11790568,-0.446388,-0.8870378,0.25781143,-0.84887815,0.46145326,-0.9589742,-0.28309643,0.01499644
1356431751617,0.10601944,-0.46740872,-0.8776611,0.2533071,-0.8408212,0.47838813,-0.9615588,-0.27303618,0.029254556
1356431751657,0.08743864,-0.4951989,-0.86436826,0.2504502,-0.8288933,0.50021046,-0.9641728,-0.26021892,0.05154541
1356431751697,0.062713325,-0.5282247,-0.8467855,0.24940439,-0.8132417,0.5257711,-0.9663666,-0.24416487,0.08074051
1356431751744,0.03367895,-0.5635016,-0.8254282,0.24986012,-0.79492337,0.55287135,-0.967696,-0.22486171,0.1140244
1356431751767,0.005510986,-0.59463626,-0.803976,0.25156528,-0.77730703,0.5766357,-0.96782464,-0.2054303,0.14530605
1356431751807,-0.025322497,-0.6269524,-0.77864593,0.2537791,-0.7574113,0.6016015,-0.9669307,-0.18237004,0.178287
1356431751847,-0.057991266,-0.65827394,-0.75054145,0.25681877,-0.7363411,0.62597597,-0.9647182,-0.156452,0.21175846
1356431751887,-0.09167117,-0.68787265,-0.72001904,0.2613789,-0.71433204,0.64916146,-0.9608732,-0.12868837,0.2452792
1356431751927,-0.12573504,-0.71540344,-0.6873052,0.26844046,-0.691493,0.6706542,-0.9550551,-0.10017583,0.2789882
1356431751967,-0.15935123,-0.7405406,-0.652845,0.27882862,-0.66813165,0.68982214,-0.9470278,-0.07210791,0.31295162
1356431752007,-0.19092995,-0.76252484,-0.6181437,0.29268622,-0.64530754,0.7056296,-0.9369528,-0.04619637,0.346389
1356431752047,-0.21818781,-0.7803464,-0.58604896,0.30907342,-0.6248593,0.71695495,-0.92567146,-0.024701327,0.37752113
1356431752088,-0.238347,-0.79291105,-0.5607876,0.32579184,-0.6092489,0.7229629,-0.91490453,-0.010383964,0.40353662
1356431752128,-0.24913162,-0.7998593,-0.546039,0.3389145,-0.6001704,0.7245223,-0.9072323,-0.0045591593,0.42060524
1356431752167,-0.24914563,-0.80091774,-0.5444789,0.34577847,-0.59871733,0.7224783,-0.9046346,-0.008266747,0.42610788
1356431752207,-0.23821658,-0.79691684,-0.5551362,0.3456076,-0.603733,0.7183743,-0.9076388,-0.020730615,0.41923988
1356431752247,-0.21736771,-0.78920126,-0.5743801,0.3396264,-0.6128317,0.7135062,-0.91509837,-0.039981455,0.4012435
1356431752287,-0.1880759,-0.779179,-0.59791934,0.32989118,-0.6235315,0.7087879,-0.92509425,-0.0639424,0.37431544
1356431752328,-0.15183413,-0.76805425,-0.62212455,0.3180898,-0.6339072,0.70496845,-0.9358233,-0.090853184,0.34055898
1356431752367,-0.11033392,-0.7569674,-0.6440705,0.30506825,-0.64253855,0.7029065,-0.9459175,-0.118931025,0.30182052
1356431752407,-0.06593847,-0.7474183,-0.6610733,0.29082355,-0.6481466,0.70379514,-0.95450187,-0.14584851,0.26010466
1356431752447,-0.021926701,-0.74184215,-0.67021596,0.27455425,-0.6490711,0.7094552,-0.9613216,-0.16845465,0.21790788
1356431752487,0.017994642,-0.7434753,-0.6685213,0.25487,-0.6431301,0.72209764,-0.96680796,-0.18337992,0.17791659
1356431752527,0.051285148,-0.75388426,-0.6550026,0.23076546,-0.62917054,0.7422209,-0.9716569,-0.18921688,0.14170334
1356431752567,0.07843441,-0.77027726,-0.63286734,0.20367426,-0.60905164,0.7665331,-0.9758918,-0.18902135,0.10911501
1356431752607,0.10302192,-0.7859561,-0.6096388,0.1779483,-0.588449,0.7887091,-0.9786321,-0.18973851,0.079236455
1356431752647,0.1285035,-0.79525715,-0.5924972,0.15839696,-0.5733218,0.80387354,-0.9789777,-0.19715038,0.052292414
1356431752689,0.15454721,-0.7975162,-0.5831664,0.14758343,-0.56500024,0.8117844,-0.9769004,-0.2115247,0.030380905
1356431752727,0.17650223,-0.7968166,-0.5778669,0.1440135,-0.5598609,0.8159753,-0.9737079,-0.22724208,0.015935719
1356431752767,0.19133317,-0.7954928,-0.5749633,0.14592159,-0.5562219,0.81812227,-0.9706176,-0.24043348,0.009655915
1356431752808,0.19754744,-0.79422617,-0.57461274,0.15184692,-0.55429727,0.81835014,-0.9684614,-0.24891609,0.011100829
1356431752847,0.19428927,-0.79329365,-0.5770067,0.16155475,-0.55430645,0.8164829,-0.9675493,-0.25185204,0.020464562
1356431752887,0.17947114,-0.79535556,-0.57896435,0.17584929,-0.55310464,0.81434155,-0.967919,-0.24796125,0.040596396
1356431752927,0.150487,-0.80389655,-0.5754164,0.19609633,-0.546207,0.8143735,-0.96896845,-0.23538971,0.0754441
1356431752967,0.10789305,-0.8194368,-0.5629232,0.22367635,-0.5317026,0.8168606,-0.96867335,-0.21404618,0.1259216
1356431753007,0.058202326,-0.83630145,-0.5451719,0.25848976,-0.5148491,0.8173821,-0.9642591,-0.18849492,0.18620992
1356431753048,0.011554062,-0.8446858,-0.53513783,0.29510584,-0.50845563,0.80894095,-0.9553947,-0.16726893,0.24339697
1356431753097,-0.024176061,-0.8359057,-0.5483403,0.32450518,-0.5253618,0.7865693,-0.9455749,-0.15892309,0.28395694
1356431753125,-0.055845022,-0.80942327,-0.58456415,0.3402143,-0.56586665,0.751032,-0.9386882,-0.15693569,0.3069783
1356431753154,-0.07872039,-0.77243805,-0.63019246,0.34343326,-0.6144704,0.7102673,-0.93587214,-0.16051653,0.31365228
1356431753198,-0.08930421,-0.71165705,-0.6968279,0.33269906,-0.6807521,0.652601,-0.9387951,-0.17355397,0.2975616
1356431753237,-0.09162325,-0.6249105,-0.7753012,0.3168094,-0.7564151,0.57224804,-0.9440534,-0.19319147,0.26728278
1356431753277,-0.08635414,-0.51896405,-0.85042304,0.30224645,-0.8270276,0.47399628,-0.94931036,-0.21610586,0.22827226
1356431753317,-0.0756799,-0.41125944,-0.9083712,0.2911776,-0.8803922,0.37433302,-0.95367086,-0.23616785,0.18637753
1356431753357,-0.062053025,-0.32161942,-0.9448334,0.28090796,-0.91401774,0.29268086,-0.9577265,-0.2472495,0.14706314
1356431753397,-0.04715818,-0.26193106,-0.96393377,0.26672983,-0.9332692,0.24054942,-0.962617,-0.24576601,0.113875985
1356431753437,-0.031558633,-0.23414332,-0.97168976,0.24618515,-0.9440438,0.219486,-0.96870893,-0.2322889,0.087435395
1356431753477,-0.014976263,-0.23229006,-0.97253126,0.22167361,-0.9492078,0.22330561,-0.9750059,-0.21224022,0.06570816
1356431753517,0.0032043457,-0.24652681,-0.96913075,0.20002624,-0.9493918,0.24216698,-0.9797853,-0.19462757,0.046269596
1356431753558,0.022551596,-0.26895928,-0.9628875,0.187418,-0.94491994,0.26832995,-0.98202133,-0.18651372,0.029098302
1356431753597,0.040900826,-0.29479703,-0.9546842,0.18471144,-0.93678385,0.29718304,-0.9819414,-0.18849614,0.016137093
1356431753637,0.055708528,-0.32237938,-0.9449699,0.18793187,-0.92613745,0.3270337,-0.98060095,-0.19580853,0.008991599
1356431753677,0.06545931,-0.34865838,-0.9349612,0.19305879,-0.914842,0.3546723,-0.9790013,-0.20371908,0.0074265897
1356431753717,0.06964558,-0.37084192,-0.9260808,0.19818246,-0.9046874,0.37717932,-0.9776876,-0.20980185,0.010486931
1356431753757,0.06742257,-0.38833326,-0.91904926,0.20362628,-0.8964012,0.3937019,-0.9767244,-0.21368696,0.01863718
1356431753797,0.05628729,-0.4039553,-0.9130453,0.21054682,-0.88912714,0.40635306,-0.9759619,-0.21511127,0.035005063
1356431753837,0.032120764,-0.42251867,-0.9057849,0.21977806,-0.88108563,0.41879097,-0.97502095,-0.21252355,0.06455913
1356431753877,-0.007027209,-0.44479832,-0.89560324,0.23200825,-0.87191117,0.43121132,-0.9726885,-0.20475712,0.10932392
1356431753917,-0.055610776,-0.46288574,-0.8846718,0.24728948,-0.8648225,0.4369553,-0.9673445,-0.19447061,0.16256022
1356431753957,-0.1016351,-0.4649703,-0.8794731,0.26254076,-0.86524606,0.4271084,-0.95955336,-0.18748836,0.21001303
1356431753997,-0.13492757,-0.44551662,-0.88504773,0.27281806,-0.87539524,0.39906597,-0.952557,-0.18761206,0.23965982
1356431754037,-0.15175086,-0.40702492,-0.9007233,0.27615893,-0.89244604,0.35675824,-0.9490563,-0.1946044,0.24783295
1356431754091,-0.15274978,-0.35598582,-0.9219228,0.27503753,-0.9113284,0.30632508,-0.94922173,-0.20677227,0.23711461
1356431754119,-0.14106762,-0.2999626,-0.9434629,0.27318224,-0.92778677,0.25413206,-0.9515626,-0.22188751,0.21282521
1356431754159,-0.12124759,-0.24666873,-0.9614851,0.271938,-0.9398274,0.20681985,-0.95464593,-0.23638795,0.18103027
1356431754198,-0.09796715,-0.20243269,-0.9743836,0.26924968,-0.94797015,0.16987409,-0.9580747,-0.24571039,0.14737487
1356431754227,-0.0749228,-0.17684147,-0.9813835,0.2651168,-0.95226306,0.15135399,-0.961301,-0.2488414,0.118229926
1356431754267,-0.055812597,-0.16397026,-0.9848851,0.25201058,-0.9567978,0.14501289,-0.9661137,-0.24010792,0.09472355
1356431754307,-0.040795207,-0.16302785,-0.9857777,0.23110345,-0.96138537,0.14942995,-0.9720735,-0.2217206,0.07689622
1356431754347,-0.027384162,-0.17209977,-0.9846988,0.20715576,-0.9646608,0.16283673,-0.9779246,-0.1995269,0.062067956
1356431754387,-0.012696683,-0.1857247,-0.98251975,0.18777478,-0.9655606,0.1800924,-0.98213005,-0.18220586,0.047133833
1356431754427,0.0041298866,-0.19904749,-0.9799812,0.179612,-0.9639045,0.19653904,-0.9837289,-0.17682806,0.031770498
1356431754467,0.02057439,-0.21102667,-0.9772638,0.18355626,-0.96005833,0.21117581,-0.9827939,-0.1837277,0.01898259
1356431754507,0.0329116,-0.22274727,-0.97432053,0.194814,-0.95472056,0.22484699,-0.9802879,-0.19721135,0.011972904
1356431754547,0.039039016,-0.23442048,-0.9713511,0.2076779,-0.9489616,0.2373638,-0.9774179,-0.21099459,0.011637539
1356431754587,0.03842044,-0.24515356,-0.96872264,0.21893872,-0.9438181,0.2475343,-0.97498184,-0.22160128,0.017411709
1356431754627,0.030124545,-0.25483155,-0.96651614,0.22771153,-0.93977875,0.25487933,-0.97326255,-0.22776498,0.029717624
1356431754667,0.011058927,-0.26575276,-0.96397775,0.23402953,-0.9365737,0.26088274,-0.9721666,-0.22848435,0.05183655
1356431754707,-0.023228824,-0.2810615,-0.9594086,0.2385787,-0.9334987,0.2676947,-0.9708453,-0.22267623,0.088739365
1356431754747,-0.074641466,-0.30129176,-0.9506061,0.24305598,-0.9300131,0.27568015,-0.96713626,-0.21047334,0.14264825
1356431754787,-0.13669538,-0.31996328,-0.93751687,0.24886352,-0.9271411,0.2801364,-0.95884377,-0.19502039,0.20636308
1356431754827,-0.19579959,-0.3272153,-0.9244419,0.2541684,-0.92740816,0.2744316,-0.9471331,-0.18123032,0.26475385
1356431754867,-0.24004036,-0.3172407,-0.9174633,0.2549571,-0.9325198,0.25574124,-0.93668425,-0.17252555,0.30472523
1356431754907,-0.26473564,-0.29090643,-0.9193958,0.24990451,-0.94153756,0.22595352,-0.93137693,-0.16994321,0.32195723
1356431754948,-0.27049267,-0.2527073,-0.9289633,0.24190356,-0.95181686,0.18848744,-0.93183506,-0.17373505,0.3185902
1356431754987,-0.26156938,-0.20886207,-0.9423153,0.23525718,-0.9606566,0.14762431,-0.93607455,-0.18307242,0.3004147
1356431755027,-0.2411046,-0.16400911,-0.9565404,0.23226272,-0.9667263,0.10721169,-0.94229645,-0.19631946,0.27117535
1356431755086,-0.21371138,-0.12314099,-0.9691045,0.23189107,-0.97006416,0.07212525,-0.9489752,-0.2093127,0.23586905
1356431755108,-0.18258089,-0.08950493,-0.97910833,0.2306923,-0.9719468,0.04583153,-0.9557433,-0.2175048,0.198107
1356431755149,-0.14980245,-0.065438986,-0.98654795,0.22459069,-0.9739756,0.030502066,-0.96286976,-0.21700022,0.16060099
1356431755189,-0.11653817,-0.052334756,-0.9918064,0.21169144,-0.9769724,0.026678093,-0.9703636,-0.2068479,0.12493333
1356431755229,-0.08304918,-0.04988478,-0.99529606,0.19454336,-0.98034185,0.032902233,-0.97737175,-0.19089574,0.091121405
1356431755267,-0.049734294,-0.057485174,-0.99710673,0.1800963,-0.98249364,0.04765974,-0.9823908,-0.17720492,0.05921656
1356431755307,-0.018431485,-0.0750875,-0.9970066,0.17440897,-0.9821288,0.07074274,-0.9845008,-0.172583,0.031198025
1356431755347,0.008014202,-0.10285449,-0.99466413,0.17756581,-0.97874194,0.10263872,-0.9840763,-0.17744091,0.010419548
1356431755387,0.02784288,-0.13945733,-0.9898366,0.18548284,-0.97230345,0.14220451,-0.98225296,-0.18755709,-0.0012047887
1356431755427,0.04127705,-0.18215561,-0.9824029,0.19415697,-0.9630357,0.18672237,-0.9801017,-0.19844773,-0.004384488
1356431755467,0.04912561,-0.22739647,-0.9725623,0.20183574,-0.9513887,0.23264088,-0.9781866,-0.20772646,-8.408129E-4
1356431755507,0.050471008,-0.27308053,-0.96066624,0.20809965,-0.9379041,0.2775432,-0.97680455,-0.2139222,0.009491056
1356431755547,0.041894615,-0.31946805,-0.94667053,0.21291956,-0.92288256,0.32086316,-0.97617114,-0.21500714,0.029357135
1356431755587,0.01748979,-0.3690864,-0.92923045,0.21737024,-0.9057401,0.36384743,-0.9759325,-0.20835066,0.06438726
1356431755627,-0.024549901,-0.42205006,-0.90624005,0.22475332,-0.8856367,0.40636623,-0.9741064,-0.1937042,0.1165995
1356431755667,-0.07617533,-0.4722742,-0.878154,0.23850831,-0.8637759,0.4438523,-0.9681483,-0.17563641,0.1784398
1356431755707,-0.12202728,-0.5100366,-0.8514529,0.257225,-0.84480536,0.46918994,-0.95861596,-0.16176103,0.23428345
1356431755747,-0.15105474,-0.5295853,-0.83469874,0.27445024,-0.83365947,0.47925887,-0.94966286,-0.15668896,0.27127296
1356431755787,-0.16165745,-0.5312824,-0.83162844,0.28534806,-0.83187985,0.47597516,-0.94469213,-0.16035865,0.28608
1356431755827,-0.15877372,-0.51876456,-0.84004414,0.28955227,-0.83789086,0.46270758,-0.94390166,-0.16977085,0.28324455
1356431755867,-0.14644611,-0.4954531,-0.8562008,0.28911558,-0.8491777,0.44193822,-0.9460263,-0.18282084,0.26760197
1356431755907,-0.12801987,-0.46472692,-0.87615055,0.2860995,-0.86316866,0.4160373,-0.94960934,-0.19740519,0.24346086
1356431755947,-0.10607469,-0.43062282,-0.8962768,0.28094518,-0.87761587,0.3884071,-0.9538438,-0.2106045,0.21407431
1356431755985,-0.08319265,-0.39870995,-0.91329587,0.27223504,-0.8907052,0.36404967,-0.9586277,-0.21834485,0.182643
1356431756028,-0.061386347,-0.37491643,-0.925024,0.25728518,-0.90139616,0.34826607,-0.9643838,-0.2166162,0.15179387
1356431756088,-0.041454673,-0.36414507,-0.9304192,0.23486254,-0.9086781,0.34517184,-0.9711442,-0.20421162,0.123193055
1356431756108,-0.022268534,-0.3664114,-0.93018645,0.20675011,-0.911992,0.35429484,-0.9781403,-0.18442653,0.09606439
1356431756149,-9.679198E-4,-0.37672406,-0.926325,0.17891085,-0.91144466,0.37048545,-0.98386484,-0.16537097,0.06828228
1356431756189,0.024077296,-0.38948327,-0.9207188,0.158998,-0.90777117,0.388164,-0.9869853,-0.15573838,0.040070325
1356431756228,0.050701678,-0.402688,-0.91393197,0.15052482,-0.90157413,0.4055936,-0.98730516,-0.15813372,0.014903277
1356431756267,0.074793756,-0.41744375,-0.90561944,0.15182638,-0.8928084,0.42407763,-0.98557323,-0.16921526,-0.0033974648
1356431756307,0.09314841,-0.43395993,-0.89610386,0.15856329,-0.8820647,0.4436435,-0.9829451,-0.18341386,-0.013352813
1356431756347,0.104448855,-0.44912794,-0.88734126,0.16797534,-0.8714364,0.46085006,-0.98024213,-0.1971867,-0.015578121
1356431756387,0.10715574,-0.46173033,-0.88052416,0.17915854,-0.8621592,0.47390282,-0.97796726,-0.20853482,-0.009662418
1356431756427,0.09788084,-0.47493762,-0.87455904,0.19213672,-0.8532273,0.4848572,-0.97647464,-0.21549314,0.0077384114
1356431756467,0.07229161,-0.4952603,-0.8657316,0.20828772,-0.84136766,0.49871513,-0.97539234,-0.21637419,0.04233274
1356431756507,0.029171467,-0.52540916,-0.8503495,0.2306745,-0.8242103,0.5171718,-0.9725936,-0.2112406,0.097155094
1356431756547,-0.025642455,-0.5584696,-0.82912856,0.26103902,-0.8043659,0.5337173,-0.9649876,-0.20274904,0.16640833
1356431756587,-0.08006889,-0.57860756,-0.8116663,0.2932126,-0.79192626,0.5356109,-0.9526884,-0.19510503,0.23306376
1356431756627,-0.1252203,-0.57737315,-0.806821,0.31701207,-0.79387516,0.518908,-0.9401187,-0.19079414,0.28244358
1356431756667,-0.15846318,-0.55226713,-0.8184682,0.32608867,-0.81170195,0.4845677,-0.9319632,-0.19010703,0.30871308
1356431756707,-0.17995763,-0.50493944,-0.84418684,0.32133982,-0.8412912,0.4347066,-0.92970747,-0.19304207,0.31365395
1356431756747,-0.19045901,-0.43954977,-0.87779343,0.30834642,-0.8756938,0.37159503,-0.9320128,-0.19989085,0.30231738
1356431756787,-0.1901344,-0.36232385,-0.9124529,0.2928305,-0.9080312,0.2995489,-0.9370695,-0.2102395,0.27874747
1356431756827,-0.18011606,-0.28371325,-0.94184136,0.27844688,-0.93304265,0.22781314,-0.9434117,-0.22121997,0.24705502
1356431756867,-0.16245496,-0.21594591,-0.96279585,0.2653905,-0.9493642,0.16815333,-0.9503559,-0.2281995,0.21153891
1356431756907,-0.13936329,-0.16863257,-0.97577715,0.25088584,-0.9592553,0.12994505,-0.95793223,-0.2266991,0.17599243
1356431756948,-0.11225909,-0.14548524,-0.982971,0.23164307,-0.9658012,0.11648947,-0.966302,-0.21462142,0.14212048
1356431756987,-0.08166599,-0.14560118,-0.98596704,0.20896271,-0.96978503,0.12590352,-0.9745077,-0.1957483,0.10962361
1356431757027,-0.048229516,-0.15980951,-0.98596907,0.18710338,-0.97108996,0.14824554,-0.98115563,-0.17732832,0.07673603
1356431757088,-0.013190329,-0.18374456,-0.98288554,0.17280354,-0.9685998,0.1787549,-0.984868,-0.16748825,0.044527918
1356431757109,0.019945204,-0.21634047,-0.9761143,0.16859989,-0.9615988,0.2165684,-0.9854828,-0.16889225,0.017295688
1356431757149,0.047542214,-0.25602219,-0.9655011,0.17176336,-0.9501006,0.26039624,-0.9839904,-0.17821752,-0.0011946558
1356431757189,0.06762618,-0.2974119,-0.9523513,0.17774914,-0.93567437,0.30482572,-0.9817495,-0.18989381,-0.010411382
1356431757228,0.079603076,-0.33272332,-0.93965876,0.18427698,-0.9214909,0.3419013,-0.9796455,-0.20037389,-0.012040257
1356431757270,0.082582176,-0.35963988,-0.92942965,0.19098343,-0.90961874,0.36894345,-0.9781133,-0.2079738,-0.0064330995
1356431757309,0.074059546,-0.38263726,-0.92092556,0.19804448,-0.8994255,0.38963065,-0.9773912,-0.21124008,0.009168207
1356431757349,0.050133407,-0.4129957,-0.90935206,0.2061828,-0.8866041,0.4140314,-0.9772284,-0.20824957,0.04070407
1356431757389,0.008624494,-0.45712325,-0.88936156,0.21822926,-0.86709607,0.44779524,-0.97585946,-0.19794676,0.092279345
1356431757427,-0.045860887,-0.5064737,-0.8610349,0.23778845,-0.84270066,0.483024,-0.97023374,-0.18259221,0.15908065
1356431757467,-0.102048814,-0.54070735,-0.8349979,0.26192963,-0.82436556,0.5018108,-0.9596764,-0.16750146,0.22575295
1356431757507,-0.15006661,-0.54532814,-0.82468003,0.2802828,-0.8233707,0.49345946,-0.9481147,-0.15709187,0.27640656
1356431757547,-0.18594074,-0.51537955,-0.8365464,0.28439268,-0.8431803,0.45625407,-0.9405035,-0.15307148,0.30335176
1356431757587,-0.20827413,-0.45292693,-0.8668789,0.27458644,-0.87774754,0.39263412,-0.9387354,-0.15625766,0.3071797
1356431757627,-0.21713138,-0.3640756,-0.9057058,0.2574888,-0.916342,0.30662152,-0.9415697,-0.16663194,0.292712
1356431757667,-0.21339887,-0.26156414,-0.94129974,0.24093884,-0.94782394,0.20875463,-0.9467891,-0.18224767,0.26528537
1356431757707,-0.19943106,-0.16229567,-0.96637845,0.22946611,-0.9665035,0.11496187,-0.95266604,-0.19882417,0.22999218
1356431757747,-0.17821872,-0.080733106,-0.9806734,0.22211234,-0.9742069,0.03983608,-0.95859486,-0.21072012,0.19155374
1356431757787,-0.15176374,-0.02353762,-0.98813653,0.21359786,-0.97687525,-0.009536207,-0.96506155,-0.21251109,0.15328169
1356431757827,-0.12083578,0.00916101,-0.99263024,0.19992428,-0.97924286,-0.033374816,-0.97233176,-0.20248376,0.116496
1356431757867,-0.08600378,0.022649154,-0.9960374,0.18231004,-0.98250335,-0.03808313,-0.9794726,-0.18486291,0.08036977
1356431757907,-0.049339235,0.01821161,-0.998616,0.16850737,-0.9853496,-0.026295215,-0.98446476,-0.16957155,0.045547605
1356431757947,-0.015048802,-0.0049604103,-0.99987453,0.16462746,-0.9863529,0.0024155676,-0.98624104,-0.16457044,0.015659988
1356431757987,0.013122737,-0.045319162,-0.99888635,0.17017478,-0.9842975,0.04689292,-0.9853265,-0.17060062,-0.005204499
1356431758027,0.03366697,-0.09441394,-0.9949636,0.18087089,-0.9785142,0.098973215,-0.9829305,-0.18329206,-0.015866876
1356431758089,0.04636681,-0.14144331,-0.98885983,0.19300532,-0.9700027,0.1477959,-0.9801015,-0.19770806,-0.017676622
1356431758108,0.05051881,-0.18057716,-0.9822626,0.20454675,-0.96079916,0.18715142,-0.9775523,-0.2103733,-0.011601955
1356431758149,0.04350114,-0.21472093,-0.97570616,0.21472093,-0.9517981,0.21903272,-0.97570616,-0.21903272,0.00470078
1356431758189,0.021272361,-0.25121397,-0.9676978,0.22307006,-0.9423239,0.24953055,-0.97457033,-0.22117251,0.0359928
1356431758229,-0.019062996,-0.29472783,-0.9553911,0.23165742,-0.9308634,0.28253898,-0.97261065,-0.21593736,0.08602092
1356431758269,-0.07506251,-0.34031188,-0.9373119,0.24343838,-0.91777724,0.31372416,-0.9670075,-0.20462875,0.15173557
1356431758307,-0.13702369,-0.3738162,-0.9173255,0.25821763,-0.9075224,0.3312506,-0.95632017,-0.19148041,0.22087792
1356431758347,-0.19283402,-0.38282302,-0.903472,0.26952472,-0.90600216,0.3263687,-0.943489,-0.18057305,0.2778883
1356431758387,-0.2341935,-0.3638798,-0.90152365,0.2702133,-0.91513723,0.2991799,-0.93388337,-0.1735377,0.31264436
1356431758427,-0.257757,-0.32004675,-0.911664,0.2590113,-0.9319001,0.2539199,-0.9308461,-0.17068167,0.32309952
1356431758467,-0.26320177,-0.2584073,-0.92948943,0.24134465,-0.9504617,0.19589669,-0.93406516,-0.17276695,0.31252828
1356431758508,-0.25224197,-0.18790919,-0.94924396,0.22488824,-0.9654887,0.13136552,-0.9411691,-0.18033789,0.28579533
1356431758547,-0.2293688,-0.11986646,-0.9659306,0.21471646,-0.97417164,0.06990281,-0.9493612,-0.19136769,0.2491819
1356431758587,-0.19959414,-0.06340041,-0.97782546,0.21027097,-0.97742915,0.020454109,-0.95705193,-0.20152579,0.2084204
1356431758627,-0.16761494,-0.02556251,-0.9855211,0.20659816,-0.97837716,-0.009760492,-0.96396184,-0.20524284,0.16927186
1356431758667,-0.1362201,-0.009008773,-0.99063766,0.19779888,-0.980072,-0.018286139,-0.9707315,-0.19843794,0.13528743
1356431758708,-0.10583615,-0.012446672,-0.99430573,0.18215261,-0.9832448,-0.0070805326,-0.9775578,-0.18186474,0.10633004
1356431758754,-0.07361871,-0.029217012,-0.9968584,0.16209918,-0.986629,0.01694607,-0.98402447,-0.1603424,0.077370346
1356431758785,-0.04203683,-0.071696274,-0.99654037,0.14979342,-0.9866007,0.064662464,-0.9878233,-0.14655697,0.052213073
1356431758828,-0.0128055215,-0.11097433,-0.99374086,0.14950623,-0.98286325,0.10783303,-0.9886779,-0.14718959,0.029177308
1356431758867,0.012842596,-0.15499032,-0.98783255,0.1573928,-0.9752854,0.1550679,-0.9874526,-0.1574692,0.011869103
1356431758907,0.032789826,-0.20020556,-0.979205,0.16784734,-0.9647142,0.20286338,-0.9852675,-0.17100881,0.001971215
1356431758948,0.046229184,-0.24226844,-0.9691073,0.17781875,-0.95265436,0.24663782,-0.9829768,-0.18372732,-9.6061826E-4
1356431758987,0.0525077,-0.27756974,-0.95926946,0.186618,-0.94094497,0.2824824,-0.9810284,-0.19384944,0.0023926499
1356431759030,0.047435284,-0.30898258,-0.94988406,0.19492862,-0.92980784,0.31218645,-0.9796697,-0.19996825,0.016123801
1356431759090,0.028625488,-0.33553007,-0.9415944,0.20289764,-0.9204206,0.33415323,-0.9787814,-0.20061255,0.04173082
1356431759109,-0.009770274,-0.36837614,-0.9296256,0.21066982,-0.90956193,0.35821155,-0.9775085,-0.19234422,0.08649233
1356431759149,-0.06622201,-0.4016901,-0.9133781,0.22004494,-0.89873016,0.37929437,-0.9732393,-0.17586657,0.14790565
1356431759189,-0.12814951,-0.42272452,-0.89715195,0.23116961,-0.89242494,0.38747686,-0.96443677,-0.15773933,0.21208489
1356431759229,-0.18064976,-0.42054784,-0.88910365,0.23956184,-0.8955657,0.3749298,-0.95392656,-0.14526433,0.26253086
1356431759268,-0.21579832,-0.39229637,-0.894167,0.23979014,-0.90899265,0.34092984,-0.9465367,-0.14084038,0.29022783
1356431759307,-0.23255402,-0.34223253,-0.910382,0.23122154,-0.9286622,0.2900397,-0.9446984,-0.14305004,0.29509574
1356431759347,-0.23439324,-0.27844015,-0.93141335,0.21820524,-0.94872606,0.2287036,-0.9473364,-0.1496327,0.28313208
1356431759387,-0.22445542,-0.20969313,-0.9516557,0.20615327,-0.9646885,0.16394198,-0.95242876,-0.15938926,0.25975847
1356431759427,-0.20650953,-0.14389238,-0.96780616,0.19807112,-0.974796,0.102667406,-0.95818657,-0.17049266,0.22980559
1356431759467,-0.1841551,-0.08744416,-0.9789997,0.19300765,-0.97985965,0.051215187,-0.9637608,-0.17952289,0.19732362
1356431759507,-0.16021597,-0.044280976,-0.9860883,0.18682331,-0.98229724,0.013756387,-0.9692409,-0.18202028,0.16565236
1356431759547,-0.13578981,-0.015360944,-0.99061865,0.17498073,-0.9845333,-0.0087190345,-0.97516304,-0.17452312,0.1363774
1356431759587,-0.110524714,4.756078E-4,-0.9938732,0.15723121,-0.98739845,-0.01795759,-0.9813575,-0.15825266,0.10905728
1356431759627,-0.08346152,0.00647527,-0.99648994,0.13816477,-0.9902455,-0.018006764,-0.9868863,-0.13918269,0.08175281
1356431759667,-0.05496919,0.0042604506,-0.9984789,0.12549329,-0.9920319,-0.011141725,-0.9905704,-0.12591487,0.053996593
1356431759707,-0.027677953,-0.005793769,-0.99960005,0.12341192,-0.9923528,0.002334606,-0.99196947,-0.123297945,0.028181314
1356431759748,-0.004995942,-0.024049684,-0.9996983,0.13016371,-0.99122113,0.02319526,-0.9914799,-0.13000855,0.008082539
1356431759787,0.011243641,-0.04936484,-0.9987175,0.14059465,-0.98878074,0.050456498,-0.9900034,-0.14098164,-0.0041770637
1356431759827,0.02097565,-0.07827693,-0.996711,0.15121706,-0.98521274,0.08055626,-0.98827803,-0.15240942,-0.00882867
1356431759867,0.02453047,-0.107572824,-0.9938946,0.1601063,-0.9809379,0.110122085,-0.98679495,-0.16183013,-0.006839782
1356431759907,0.019849837,-0.13680483,-0.9903992,0.1665499,-0.9763008,0.13819546,-0.9858332,-0.16769403,0.003405422
1356431759947,0.0025464296,-0.16828169,-0.98573565,0.17046331,-0.97123843,0.16624713,-0.98536074,-0.1684551,0.026212722
1356431759987,-0.0324654,-0.20510766,-0.97820085,0.17320871,-0.9650625,0.19660422,-0.9843499,-0.16305009,0.06685752
1356431760047,-0.106280744,-0.26624778,-0.95802736,0.18061632,-0.9526253,0.24470943,-0.9777945,-0.14702749,0.14933449
1356431760090,-0.17590088,-0.29446766,-0.9393337,0.19073275,-0.9463246,0.26094234,-0.96575356,-0.13326171,0.22262388
1356431760128,-0.22634953,-0.30013788,-0.92665154,0.19795683,-0.9456633,0.25794154,-0.9537185,-0.12505202,0.27346492
1356431760169,-0.2542532,-0.2852876,-0.924103,0.19841997,-0.9505647,0.23886448,-0.9465648,-0.12262841,0.29829088
1356431760209,-0.26388943,-0.2559671,-0.9299695,0.19300365,-0.9586596,0.20909688,-0.945046,-0.12430907,0.30238265
1356431760249,-0.2600869,-0.21990588,-0.9402107,0.18565115,-0.9669425,0.17480221,-0.9475697,-0.12908742,0.29231492
1356431760287,-0.24658936,-0.18441525,-0.95141196,0.17983624,-0.97338426,0.1420638,-0.95228815,-0.13606694,0.27319068
1356431760327,-0.22628772,-0.15688753,-0.96134293,0.17675307,-0.9771725,0.117865466,-0.95788944,-0.1432488,0.24885249
1356431760367,-0.20155668,-0.14470376,-0.96872896,0.17497836,-0.97843665,0.109747306,-0.96372074,-0.1473863,0.2225304
1356431760407,-0.17388839,-0.15408953,-0.9726352,0.171059,-0.9773934,0.12426129,-0.9697947,-0.14477038,0.19631582
1356431760447,-0.14375293,-0.19027252,-0.9711495,0.1620918,-0.9726159,0.16656645,-0.97624856,-0.13347097,0.17065808
1356431760487,-0.110857666,-0.2541335,-0.9607948,0.14857864,-0.9601268,0.23681363,-0.9826672,-0.11650097,0.14419636
1356431760527,-0.07451373,-0.34024772,-0.9373789,0.1351625,-0.9347637,0.3285542,-0.98801756,-0.102216676,0.115641475
1356431760567,-0.034819007,-0.43719015,-0.8986949,0.12636867,-0.89394844,0.42998514,-0.9913721,-0.09859523,0.08637354
1356431760607,0.00574255,-0.53081775,-0.8474665,0.12202503,-0.8407751,0.52745336,-0.9925104,-0.106441066,0.059944924
1356431760647,0.042927563,-0.6115955,-0.79000527,0.11956149,-0.7819068,0.6118227,-0.99189836,-0.12071827,0.039557822
1356431760687,0.07278621,-0.67682564,-0.73253626,0.11727479,-0.7235809,0.6802039,-0.9904286,-0.13541749,0.026707828
1356431760727,0.0932762,-0.72627795,-0.6810432,0.11592069,-0.6714515,0.7319257,-0.988869,-0.14721826,0.021560192
1356431760767,0.103259504,-0.7623221,-0.63890725,0.11796188,-0.628422,0.7688763,-0.98763484,-0.15476051,0.025034368
1356431760807,0.10038823,-0.7899145,-0.60494405,0.12678275,-0.59290296,0.7952309,-0.98683757,-0.1565283,0.040627033
1356431760847,0.08124405,-0.81469655,-0.57416797,0.1459111,-0.56014395,0.8154439,-0.9859561,-0.15002742,0.07336491
1356431760887,0.044953644,-0.83938706,-0.54167205,0.17763117,-0.52686346,0.83118105,-0.98306984,-0.13358244,0.12541692
1356431760927,-0.0020486116,-0.86033845,-0.50971913,0.21942648,-0.49768454,0.83914375,-0.97562695,-0.11012682,0.18980056
1356431760967,-0.04805976,-0.8709358,-0.4890409,0.2608759,-0.48355752,0.83553326,-0.9641753,-0.087423444,0.25044584
1356431761007,-0.084659815,-0.86780196,-0.48964536,0.2893378,-0.49164587,0.8213209,-0.95347595,-0.0721401,0.2927105
1356431761047,-0.10951799,-0.8503883,-0.5146315,0.29870185,-0.52197164,0.798951,-0.9480417,-0.06622186,0.31117785
1356431761091,-0.12245667,-0.81749904,-0.5627608,0.290027,-0.5717532,0.76745206,-0.9491516,-0.06923622,0.3071117
1356431761128,-0.12653995,-0.77099645,-0.62414116,0.27200437,-0.63205093,0.7256205,-0.95393986,-0.07794908,0.28969413
1356431761169,-0.11997473,-0.7120728,-0.691779,0.24908501,-0.696114,0.67333627,-0.96102166,-0.091528445,0.26088282
1356431761209,-0.10570067,-0.64798206,-0.7542856,0.22636653,-0.754299,0.6162721,-0.9682901,-0.10560462,0.22641134
1356431761247,-0.08784211,-0.5918043,-0.80128103,0.20498954,-0.7979137,0.5668448,-0.97481436,-0.11446139,0.1914041
1356431761287,-0.07020515,-0.5560745,-0.82816213,0.18212585,-0.82340145,0.5374387,-0.98076576,-0.11309874,0.15908247
1356431761327,-0.054044545,-0.5451312,-0.83660686,0.1542214,-0.8323352,0.5323851,-0.9865571,-0.10025017,0.12905407
1356431761367,-0.037489355,-0.5541705,-0.8315585,0.122457534,-0.82841945,0.54655766,-0.99176544,-0.08134048,0.0989193
1356431761407,-0.01771897,-0.57356435,-0.81896883,0.093665615,-0.81644756,0.569772,-0.995446,-0.066613436,0.06818987
1356431761447,0.005990863,-0.5947374,-0.8038977,0.07427767,-0.8014267,0.5934628,-0.9972196,-0.06326702,0.03937441
1356431761487,0.0303393,-0.616956,-0.78641266,0.06598416,-0.78382236,0.61746943,-0.99735934,-0.07062438,0.016928695
1356431761528,0.050483286,-0.6410086,-0.76587164,0.06564358,-0.7630615,0.6429836,-0.9965652,-0.082734466,0.0035563111
1356431761574,0.06298244,-0.66602266,-0.74326783,0.071858615,-0.73978716,0.6689929,-0.99542433,-0.09554502,0.0012658238
1356431761605,0.0698393,-0.6841479,-0.72599185,0.07810038,-0.721785,0.6876967,-0.9944962,-0.10472849,0.0030232593
1356431761648,0.067468345,-0.70194495,-0.70902854,0.08655998,-0.70385015,0.705055,-0.9939595,-0.10894236,0.013272673
1356431761687,0.05300069,-0.7161782,-0.6959021,0.1000849,-0.68956286,0.7172768,-0.9935663,-0.10766542,0.035131365
1356431761727,0.023533523,-0.7318453,-0.68106425,0.12191969,-0.67406696,0.7285391,-0.99226093,-0.10018027,0.073363215
1356431761767,-0.019445896,-0.74829924,-0.6630763,0.15390038,-0.6575379,0.73753554,-0.987895,-0.08770567,0.1279499
1356431761807,-0.067510664,-0.75855505,-0.6481023,0.19123963,-0.6473781,0.73778665,-0.97921896,-0.07413441,0.18877068
1356431761847,-0.11111826,-0.7564074,-0.6445933,0.2230623,-0.6510438,0.7255242,-0.96845025,-0.063165516,0.24106878
1356431761887,-0.14439017,-0.738523,-0.6585857,0.23931374,-0.6718652,0.70094645,-0.960146,-0.05639884,0.2737495
1356431761927,-0.16512018,-0.703247,-0.69150496,0.23670793,-0.7088937,0.664409,-0.95744705,-0.05397743,0.28351665
1356431761967,-0.1726523,-0.65019476,-0.7398906,0.21929447,-0.7576914,0.6146656,-0.960261,-0.05613047,0.2734012
1356431762007,-0.16712129,-0.5809124,-0.7966249,0.19509472,-0.81149614,0.55082846,-0.96644115,-0.06336215,0.24895123
1356431762047,-0.14990789,-0.50156456,-0.8520332,0.17215566,-0.8618484,0.47705317,-0.9735964,-0.07516831,0.21554506
1356431762092,-0.12507236,-0.4265618,-0.89576894,0.15545234,-0.9001327,0.40693468,-0.9798936,-0.0883531,0.17889169
1356431762128,-0.09730685,-0.3721543,-0.9230561,0.14366741,-0.922996,0.35698485,-0.9848305,-0.09787603,0.14328021
1356431762169,-0.0697279,-0.35120106,-0.93369997,0.13100539,-0.9310958,0.34043813,-0.9889264,-0.0985817,0.11093265
1356431762210,-0.043447852,-0.36948353,-0.92822105,0.11299504,-0.9249541,0.3628941,-0.9926452,-0.08911741,0.081937015
1356431762249,-0.018892884,-0.42321998,-0.9058299,0.09026526,-0.90301377,0.4200216,-0.9957385,-0.07382955,0.055262655
1356431762289,0.004120648,-0.5011543,-0.8653481,0.06822707,-0.863198,0.500234,-0.99766123,-0.06110142,0.030635472
1356431762329,0.025697649,-0.58660764,-0.80946344,0.0517534,-0.80786437,0.58709174,-0.9983292,-0.05697936,0.009598732
1356431762367,0.04437077,-0.66667616,-0.74402565,0.04165399,-0.7428769,0.6681309,-0.99814636,-0.060637087,-0.0051923096
1356431762407,0.057848275,-0.73474824,-0.67586875,0.03663367,-0.6749842,0.73692214,-0.997653,-0.06738919,-0.012130111
1356431762447,0.06504983,-0.78852683,-0.61155033,0.035569966,-0.6106266,0.79111934,-0.9972478,-0.07321495,-0.011673242
1356431762487,0.06613338,-0.82775325,-0.55718124,0.038524628,-0.55586916,0.8303766,-0.99706686,-0.07638085,-0.004872605
1356431762527,0.0604589,-0.8552521,-0.5146732,0.04668671,-0.5126292,0.85733986,-0.99707824,-0.0758622,0.008935958
1356431762567,0.045615733,-0.87583005,-0.480459,0.06264228,-0.47750527,0.87639296,-0.99699306,-0.07007435,0.033082247
1356431762607,0.018886805,-0.894137,-0.44739506,0.09024379,-0.44412386,0.89140904,-0.99574053,-0.057210475,0.07230224
1356431762647,-0.01746285,-0.9097368,-0.41481805,0.13077062,-0.41339564,0.90111214,-0.99125886,-0.038510025,0.1261859
1356431762687,-0.056331277,-0.91944766,-0.38915652,0.17927957,-0.3927552,0.901999,-0.9821841,-0.018957078,0.18696256
1356431762727,-0.0906387,-0.91928995,-0.38300216,0.22269228,-0.39355582,0.8919203,-0.97066617,-0.004449159,0.24039021
1356431762767,-0.118198216,-0.9077118,-0.4026022,0.24886686,-0.41958362,0.87293464,-0.96129835,0.002984941,0.27549338
1356431762807,-0.13994849,-0.88281,-0.448398,0.25391138,-0.46970874,0.8455191,-0.95704925,0.0044757724,0.28989062
1356431762847,-0.15611559,-0.84016275,-0.5193789,0.24032304,-0.54233366,0.8050584,-0.9580568,8.634925E-4,0.2865772
1356431762887,-0.16588044,-0.7724734,-0.61299974,0.21321583,-0.6350025,0.74250317,-0.96282023,-0.007534474,0.270038
1356431762927,-0.16765678,-0.6746728,-0.7188239,0.17888792,-0.7378599,0.6508162,-0.9694793,-0.019475132,0.24439809
1356431762968,-0.16033304,-0.55196846,-0.8183056,0.14388856,-0.8332449,0.53385293,-0.976519,-0.032150567,0.21301866
1356431763007,-0.14612675,-0.4273708,-0.8921889,0.11382495,-0.90314347,0.41397542,-0.9826957,-0.041060463,0.18061894
1356431763047,-0.1283465,-0.3241498,-0.9372588,0.08741714,-0.9450943,0.31488892,-0.9878691,-0.041517586,0.14963579
1356431763091,-0.109423935,-0.25545582,-0.96060854,0.061256647,-0.9663079,0.24999362,-0.9921059,-0.03148838,0.121385515
1356431763128,-0.09000504,-0.21889392,-0.9715887,0.03436748,-0.9756498,0.21662515,-0.99534816,-0.013893716,0.09533617
1356431763169,-0.06977755,-0.20593926,-0.9760738,0.011607699,-0.97856003,0.20563403,-0.997495,0.0030186847,0.070672125
1356431763209,-0.049493074,-0.20908917,-0.97664326,-6.9627166E-4,-0.97783417,0.20937942,-0.99877423,0.011042848,0.048250496
1356431763247,-0.031476915,-0.222815,-0.97435236,-0.0014507994,-0.97482425,0.22296977,-0.9995034,0.008431971,0.030361205
1356431763287,-0.018353462,-0.24331169,-0.9697745,0.0050507486,-0.969948,0.24325965,-0.9998188,-4.3341517E-4,0.019030869
1356431763327,-0.011322916,-0.26484233,-0.96422523,0.013929576,-0.96423537,0.26468152,-0.9998389,-0.0104343,0.014606981
1356431763367,-0.010389566,-0.2816966,-0.9594473,0.022483736,-0.95932233,0.28141642,-0.9996932,-0.018648148,0.01630053
1356431763407,-0.01606828,-0.2921712,-0.95623106,0.030268937,-0.9560583,0.2916098,-0.9994126,-0.024258435,0.024205923
1356431763448,-0.030846536,-0.29982266,-0.95349616,0.03766516,-0.95362127,0.29864347,-0.9988143,-0.02670148,0.04070872
1356431763487,-0.058989584,-0.31111002,-0.9485414,0.045219064,-0.9500535,0.30879378,-0.99723387,-0.024676546,0.070111364
1356431763527,-0.103221655,-0.32891232,-0.9387023,0.054100707,-0.94420284,0.32489064,-0.99318594,-0.01724869,0.11525664
1356431763567,-0.15919852,-0.34617156,-0.9245654,0.0655113,-0.9381491,0.3399773,-0.98507065,-0.0064455867,0.17203009
1356431763607,-0.21338838,-0.3468384,-0.91332823,0.076275185,-0.93792146,0.33835697,-0.9739854,0.0025371462,0.22659671
1356431763647,-0.25335145,-0.3227522,-0.91194516,0.07993927,-0.9464622,0.31276008,-0.96406573,0.0063380003,0.26558822
1356431763687,-0.27325225,-0.27417672,-0.9220415,0.072582796,-0.96166456,0.26444864,-0.9592002,0.005336851,0.2826775
1356431763727,-0.27299094,-0.20826343,-0.9392031,0.05764147,-0.97807264,0.20012838,-0.9602882,4.962012E-4,0.27900958
1356431763767,-0.25581455,-0.13431104,-0.95735025,0.0429706,-0.99090266,0.12753603,-0.96577036,-0.0085123405,0.25925875
1356431763807,-0.22694373,-0.06164216,-0.9719552,0.034782086,-0.9978713,0.05516444,-0.9732866,-0.021287402,0.22860467
1356431763847,-0.1931721,8.1590563E-4,-0.9811646,0.033385325,-0.9994152,-0.0074039986,-0.9805968,-0.034186743,0.19303182
1356431763887,-0.15971231,0.047713574,-0.98600984,0.03375383,-0.9979832,-0.05376037,-0.98658633,-0.041867804,0.1577797
1356431763927,-0.13008767,0.07564265,-0.9886128,0.029472547,-0.99634993,-0.08011283,-0.9910643,-0.03955863,0.12738353
1356431763967,-0.10590798,0.08345801,-0.9908673,0.016234774,-0.9961936,-0.08564187,-0.9942433,-0.025156675,0.10415006
1356431764007,-0.08735275,0.071572185,-0.993603,-0.0052330643,-0.99743485,-0.07138814,-0.9961637,-0.0010363609,0.087503225
1356431764047,-0.07346296,0.042018946,-0.99641234,-0.02760237,-0.9988149,-0.040085208,-0.9969159,0.024558563,0.07453579
1356431764091,-0.062411606,1.1570752E-5,-0.99805045,-0.041396167,-0.9991395,0.0025770646,-0.99719155,0.0414763,0.06235838
1356431764128,-0.05392307,-0.05180443,-0.9972005,-0.04206934,-0.9976489,0.0541026,-0.9976586,0.04486894,0.051616788
1356431764169,-0.047701657,-0.10416135,-0.99341583,-0.030077145,-0.99394715,0.10566132,-0.9984087,0.034919336,0.04428011
1356431764208,-0.04447806,-0.1544156,-0.98700434,-0.012210667,-0.98782426,0.15509412,-0.99893576,0.018950261,0.042050928
1356431764249,-0.044486284,-0.19859692,-0.97907114,0.0063074008,-0.9800776,0.1985145,-0.99899006,0.0026557744,0.044852644
1356431764287,-0.047679424,-0.23464057,-0.9709122,0.022749871,-0.9720206,0.23379126,-0.9986036,-0.010941096,0.051683426
1356431764345,-0.055559576,-0.26346248,-0.9630684,0.03629069,-0.96445376,0.26174784,-0.99779564,-0.020407818,0.063145876
1356431764368,-0.07263738,-0.2892305,-0.9544997,0.04669536,-0.95696455,0.28642386,-0.9962648,-0.023765638,0.08301699
1356431764407,-0.10397267,-0.31534246,-0.943265,0.05430022,-0.9487905,0.31120437,-0.99309677,-0.01886274,0.11577138
1356431764445,-0.15094537,-0.34170198,-0.9276073,0.060793176,-0.93979156,0.3362977,-0.9866711,-0.005629629,0.16263026
1356431764488,-0.20594352,-0.36215574,-0.9090823,0.06773974,-0.9320439,0.35595727,-0.97621655,0.011726096,0.21648067
1356431764527,-0.25401318,-0.36888084,-0.894094,0.07297841,-0.9290887,0.3625855,-0.96444356,0.026851952,0.26292112
1356431764567,-0.2839027,-0.3605807,-0.88847107,0.072527885,-0.93201876,0.35507864,-0.9561061,0.036368832,0.29075474
1356431764607,-0.2925771,-0.3414765,-0.89319235,0.065812916,-0.93904114,0.33744708,-0.95397455,0.03994569,0.2972154
1356431764647,-0.28281546,-0.31828427,-0.9048263,0.05680661,-0.9472408,0.31544852,-0.9574907,0.03781359,0.285975
1356431764688,-0.25892735,-0.2967254,-0.91919017,0.05031869,-0.9544959,0.29394817,-0.9645852,0.029858783,0.26207593
1356431764727,-0.22611684,-0.28144833,-0.93255466,0.048914783,-0.95942277,0.27769685,-0.97287136,0.01717621,0.23070848
1356431764767,-0.18987036,-0.2757451,-0.94229186,0.051393785,-0.9612261,0.2709301,-0.98046315,0.0030136555,0.19667992
