1356430439647,-0.46955407,0.110700905,0.87593627,0.8724306,-0.094181776,0.47957754,0.13558689,0.9893812,-0.05235541
1356430439689,0.22167334,0.021170586,0.9748912,0.9656496,-0.14377233,-0.21644986,0.13557994,0.9893844,-0.052313894
1356430439727,0.22137612,0.020911068,0.97496426,0.965724,-0.14365202,-0.21619692,0.13553473,0.9894073,-0.051995397
1356430439767,0.22030362,0.019972146,0.9752269,0.96598935,-0.14324012,-0.2152834,0.13539192,0.98948646,-0.05084923
1356430439807,0.21785393,0.017758757,0.97581977,0.9665854,-0.14232883,-0.21320218,0.13510114,0.9896601,-0.048172206
1356430439848,0.21354413,0.013677686,0.9768377,0.96761405,-0.14074397,-0.20955709,0.13461775,0.9899516,-0.04328978
1356430439887,0.20772937,0.007855743,0.9781548,0.9689789,-0.1385313,-0.20466805,0.13389727,0.9903269,-0.036389023
1356430439927,0.20031685,1.7166138E-4,0.9797312,0.9707061,-0.13545549,-0.19844782,0.13267589,0.99078345,-0.027300656
1356430439969,0.19204599,-0.008764744,0.9813468,0.9726676,-0.1312927,-0.19152007,0.13052231,0.9913049,-0.016689032
1356430440031,0.18248516,-0.019322872,0.98301876,0.9753861,-0.12231082,-0.18347254,0.12377897,0.99230385,-0.0034726858
1356430440074,0.18086869,-0.024208039,0.9832093,0.9767494,-0.112568974,-0.18245196,0.115095675,0.99334896,0.0032850206
1356430440116,0.18764648,-0.021559209,0.9820001,0.9765657,-0.10318181,-0.18887338,0.10539642,0.9944289,0.0016922057
1356430440159,0.20340458,-0.010463893,0.97903883,0.97442216,-0.09541115,-0.20346513,0.095540285,0.9953829,-0.009210795
1356430440197,0.22702119,0.008329809,0.9738542,0.97001505,-0.091045946,-0.22534749,0.086788386,0.9958118,-0.028749406
1356430440237,0.25521868,0.032279074,0.96634436,0.96354777,-0.09143722,-0.25142574,0.080244064,0.99528754,-0.05443889
1356430440277,0.2838186,0.0581854,0.957111,0.9558323,-0.09666145,-0.2775631,0.07636559,0.99361515,-0.083049804
1356430440317,0.30888996,0.08316478,0.9474548,0.9481387,-0.1054447,-0.2998573,0.07496655,0.9909415,-0.11142254
1356430440357,0.3277064,0.10547051,0.938874,0.94174683,-0.116025925,-0.31567508,0.07563937,0.9876304,-0.13734892
1356430440397,0.3390477,0.12477732,0.9324576,0.93751943,-0.12712696,-0.32387662,0.07812804,0.98400676,-0.16008323
1356430440437,0.34324932,0.14217925,0.9284207,0.9356302,-0.13839155,-0.3247213,0.082316935,0.98011875,-0.18053001
1356430440477,0.3418513,0.15974182,0.92607784,0.9356443,-0.14991468,-0.31952348,0.08779141,0.9757091,-0.20071003
1356430440528,0.3373577,0.179975,0.9240123,0.93672216,-0.16166353,-0.31050995,0.09349501,0.9702958,-0.22312504
1356430440559,0.3317715,0.20448726,0.92093027,0.93828005,-0.172701,-0.2996746,0.09776592,0.963514,-0.2491636
1356430440616,0.32675126,0.23329183,0.91586494,0.93988776,-0.18194345,-0.2889767,0.09921971,0.9552338,-0.2787184
1356430440638,0.3215267,0.26396096,0.9093653,0.9418781,-0.18793678,-0.27847,0.09739792,0.9460467,-0.30904576
1356430440678,0.3133403,0.29180935,0.90369534,0.9450954,-0.18882072,-0.26672357,0.092803985,0.9376535,-0.33495286
1356430440715,0.2989223,0.31166142,0.9019493,0.9503847,-0.18251199,-0.25190905,0.08610624,0.9325001,-0.35075513
1356430440758,0.2758099,0.3196006,0.9065232,0.95806885,-0.1676152,-0.23239881,0.07767227,0.9326095,-0.35242933
1356430440797,0.24370438,0.3143055,0.9175076,0.9674517,-0.14526618,-0.20720735,0.06815642,0.9381417,-0.33947745
1356430440837,0.20364222,0.29550233,0.9333854,0.9772984,-0.118284315,-0.17577511,0.05846283,0.9479912,-0.31288168
1356430440878,0.15860757,0.26461872,0.9512206,0.98608387,-0.09106788,-0.13908666,0.04982072,0.9600435,-0.2753803
1356430440917,0.11351812,0.22485358,0.9677574,0.992601,-0.067913234,-0.10065299,0.043091357,0.97202295,-0.23089927
1356430440957,0.0750519,0.18150082,0.98052263,0.99644196,-0.051466107,-0.06674373,0.03834963,0.98204315,-0.18471766
1356430440997,0.049919695,0.1406303,0.9888028,0.9981366,-0.041808218,-0.0444448,0.03508982,0.989179,-0.14245528
1356430441037,0.042620182,0.10679448,0.99336725,0.9985508,-0.037256896,-0.038837254,0.032862127,0.9935829,-0.10822767
1356430441077,0.054401487,0.0816696,0.9951737,0.9980204,-0.035945624,-0.05160722,0.03155735,0.996011,-0.08346346
1356430441117,0.083232224,0.064022064,0.99447143,0.9960464,-0.03643304,-0.08101851,0.031044692,0.99728316,-0.06680131
1356430441157,0.12460509,0.05038455,0.99092627,0.9917239,-0.037466317,-0.12280035,0.030939102,0.99802685,-0.05463606
1356430441197,0.17261839,0.036891937,0.98429763,0.9844986,-0.037982643,-0.17122999,0.031069279,0.99859715,-0.04287654
1356430441237,0.22266173,0.021798372,0.974652,0.97437626,-0.037608564,-0.22175759,0.03182131,0.99905473,-0.029613793
1356430441277,0.2723691,0.0063913465,0.9621716,0.9616014,-0.036865532,-0.27196282,0.033732772,0.9992998,-0.016186953
1356430441317,0.31953257,-0.007300943,0.9475472,0.94685256,-0.03658825,-0.31958032,0.037002265,0.9993038,-0.004778266
1356430441357,0.361593,-0.018432587,0.93215376,0.93141866,-0.037199974,-0.36204344,0.04134953,0.9991378,0.0037172139
1356430441397,0.39582163,-0.027007341,0.91793025,0.91715366,-0.03889662,-0.39663115,0.046416342,0.99887824,0.009373754
1356430441437,0.42092717,-0.032231748,0.90652156,0.9055949,-0.04250753,-0.4220082,0.052136093,0.99857605,0.0112963915
1356430441477,0.43805072,-0.031081349,0.89841276,0.8970498,-0.049838275,-0.43911034,0.05842346,0.99827355,0.006049812
1356430441525,0.4513082,-0.018008828,0.8921864,0.8900201,-0.06339723,-0.45149204,0.064693004,0.99782586,-0.012583479
1356430441559,0.46602768,0.012525201,0.8846815,0.88201135,-0.08547759,-0.4634109,0.06981605,0.9962614,-0.05088231
1356430441599,0.48504654,0.061083198,0.87235236,0.87144625,-0.11689761,-0.47635743,0.07287851,0.99126375,-0.10993153
1356430441639,0.5049391,0.11928293,0.8548732,0.85998416,-0.15433854,-0.48642254,0.073917985,0.9807911,-0.18051296
1356430441679,0.51820344,0.17334229,0.8375069,0.8520797,-0.18897481,-0.4881074,0.07365802,0.96656144,-0.24562883
1356430441709,0.5205232,0.21424094,0.8265328,0.8507439,-0.21259166,-0.48066583,0.07273561,0.95336545,-0.2929231
1356430441749,0.51233447,0.23780334,0.82520485,0.85595787,-0.21932064,-0.46822494,0.069639,0.9462283,-0.31591514
1356430441778,0.4960907,0.25022942,0.8314321,0.86586624,-0.21378843,-0.4522943,0.0645732,0.94428796,-0.32272366
1356430441819,0.46802306,0.24683306,0.8485446,0.8820404,-0.18958353,-0.43135014,0.054398566,0.9503324,-0.3064462
1356430441848,0.43661225,0.23598024,0.8681492,0.8985983,-0.16103113,-0.40815437,0.04348272,0.95832264,-0.28235957
1356430441889,0.39579555,0.21385768,0.8930906,0.91779137,-0.12568638,-0.37664583,0.0317007,0.9687456,-0.24602285
1356430441918,0.35906357,0.18792236,0.91419834,0.93306375,-0.09492028,-0.3469614,0.02157414,0.9775865,-0.20942596
1356430441959,0.32155308,0.1579332,0.9336277,0.946807,-0.06679943,-0.3147924,0.012649626,0.98518777,-0.1710118
1356430441988,0.30021265,0.12959725,0.9450275,0.9538618,-0.045440346,-0.29678765,0.0044794977,0.990525,-0.13725963
1356430442019,0.29122823,0.10578194,0.9507872,0.9566462,-0.02827543,-0.28987697,-0.0037797987,0.9939873,-0.10943046
1356430442049,0.2981037,0.08764249,0.95050144,0.9544477,-0.014015377,-0.298049,-0.012800127,0.99605346,-0.08782825
1356430442079,0.32113248,0.07510674,0.9440513,0.9467578,-0.0013742447,-0.32194382,-0.02288282,0.99717456,-0.07154921
1356430442108,0.35695478,0.06687057,0.93172514,0.9335227,0.010178834,-0.35837403,-0.033448637,0.9977099,-0.058791846
1356430442149,0.3989643,0.06054166,0.9149657,0.91592455,0.021241844,-0.40078792,-0.04369992,0.9979396,-0.046976864
1356430442178,0.44973218,0.055091977,0.8914628,0.8917314,0.028801993,-0.45164773,-0.05055812,0.9980658,-0.03617409
1356430442219,0.48891002,0.047196954,0.8710565,0.87079406,0.03290385,-0.49054557,-0.051813364,0.9983435,-0.025011778
1356430442248,0.5202469,0.03959474,0.85309756,0.8525225,0.034970686,-0.5215194,-0.05048284,0.9986037,-0.015562028
1356430442289,0.53767574,0.030970871,0.8425827,0.84187704,0.035209343,-0.5385196,-0.046345234,0.99889994,-0.007142484
1356430442318,0.537284,0.022582471,0.84309894,0.84235746,0.03535208,-0.5377584,-0.041949213,0.9991197,-2.8416514E-5
1356430442349,0.5242213,0.014396727,0.8514604,0.8507626,0.03500049,-0.52438354,-0.037350953,0.9992837,0.0060997903
1356430442378,0.4972281,0.006739497,0.8675937,0.86701775,0.033388153,-0.4971574,-0.032317996,0.99941975,0.010758221
1356430442409,0.4576677,0.0011853278,0.88912255,0.8887241,0.029355407,-0.45750177,-0.026642859,0.99956834,0.012381583
1356430442449,0.4157556,0.0045427084,0.9094651,0.9092691,0.019273847,-0.41576234,-0.019417644,0.999804,0.0038826466
1356430442489,0.36768934,0.024405241,0.9296284,0.92987347,0.003063649,-0.36786675,-0.011825979,0.99969745,-0.021567315
1356430442526,0.31669012,0.057557583,0.94678116,0.94851565,-0.013911456,-0.31642458,-0.0050415695,0.99824524,-0.058999926
1356430442554,0.3001587,0.11381915,0.9470745,0.95388913,-0.036524504,-0.29792896,6.814003E-4,0.9928299,-0.119533986
1356430442586,0.2709725,0.1723589,0.94703025,0.9625721,-0.054012477,-0.2655892,0.0053747892,0.9835522,-0.18054372
1356430442628,0.24367231,0.22854322,0.9425454,0.9698258,-0.06529212,-0.23489332,0.007857531,0.97134185,-0.237557
1356430442667,0.18982029,0.27136204,0.9435735,0.9818032,-0.057889044,-0.18086272,0.0055432916,0.9607349,-0.2774126
1356430442707,0.10883668,0.2942024,0.94952595,0.9940558,-0.029566556,-0.10477981,-0.0027522445,0.95528567,-0.29567152
1356430442748,0.0062033534,0.29447657,0.9556385,0.9998656,0.0126770735,-0.010396808,-0.015176266,0.95557463,-0.2943583
1356430442787,-0.10561684,0.27424282,0.9558431,0.9939981,0.05667582,0.09357181,-0.028511763,0.95998895,-0.27858275
1356430442827,-0.21210265,0.23891377,0.9475931,0.9763967,0.092261076,0.19528827,-0.04076889,0.96664786,-0.25284338
1356430442868,-0.30094856,0.19656676,0.9331621,0.9522628,0.114519954,0.28298542,-0.051240146,0.97377956,-0.2216478
1356430442907,-0.36399215,0.15620536,0.9182099,0.9294656,0.124454856,0.3472819,-0.060028344,0.97985244,-0.19048804
1356430442947,-0.40068507,0.12281564,0.907947,0.9136789,0.12725627,0.386001,-0.06813496,0.98423684,-0.16320372
1356430442987,-0.41439515,0.096974224,0.90491587,0.90683055,0.12816453,0.4015374,-0.0770393,0.98700047,-0.14104992
1356430443027,-0.40992373,0.07685706,0.90887594,0.9079976,0.12901223,0.39861795,-0.0866195,0.9886601,-0.12267119
1356430443067,-0.39189273,0.06049916,0.9180196,0.9152638,0.12687296,0.38235515,-0.09333974,0.9900723,-0.10509324
1356430443107,-0.3640834,0.046622902,0.93019867,0.92675495,0.11739856,0.35685128,-0.09256658,0.9919899,-0.08595091
1356430443148,-0.33002096,0.03455299,0.943341,0.9402732,0.10043049,0.32526907,-0.08350119,0.9943439,-0.065633476
1356430443188,-0.29271626,0.024220109,0.9558926,0.9536321,0.08060062,0.28998175,-0.070022166,0.9964522,-0.046690226
1356430443227,-0.2552749,0.01553297,0.96674377,0.965201,0.062792,0.25385863,-0.05676061,0.9979058,-0.031021655
1356430443267,-0.2208448,0.008498222,0.97527194,0.97422826,0.048983634,0.22018167,-0.04590115,0.99876344,-0.01909697
1356430443307,-0.19122928,0.004957527,0.98153293,0.9808384,0.038911343,0.19089746,-0.037246376,0.9992304,-0.012303531
1356430443347,-0.16571778,0.010030448,0.98612225,0.9857189,0.032032847,0.16532421,-0.029930025,0.9994365,-0.015195668
1356430443387,-0.14196718,0.03130752,0.9893762,0.9895851,0.028526604,0.14109448,-0.023806214,0.9991027,-0.03503126
1356430443427,-0.117771804,0.07596132,0.99013114,0.99284935,0.02857536,0.11590293,-0.019489199,0.99670124,-0.07878351
1356430443467,-0.095499784,0.1429551,0.985111,0.9952885,0.030369073,0.09207937,-0.016753763,0.9892632,-0.14518183
1356430443544,-0.08331779,0.21752724,0.9724917,0.9964255,0.03183648,0.0782471,-0.013939798,0.9755349,-0.2194022
1356430443550,-0.08993471,0.27912334,0.95603454,0.99589384,0.03518778,0.08341086,-0.01035884,0.95961034,-0.28114182
1356430443588,-0.11840424,0.3153515,0.9415593,0.99292994,0.045623273,0.109583914,-0.008399576,0.9478776,-0.31852394
1356430443625,-0.16249362,0.32411876,0.93195647,0.9866481,0.06392458,0.14979762,-0.011022687,0.94385415,-0.33017844
1356430443668,-0.21677476,0.30869034,0.92613125,0.97604847,0.086404085,0.19965914,-0.018388659,0.94723,-0.32002693
1356430443707,-0.2729228,0.2766386,0.9214033,0.9616493,0.10559642,0.25314,-0.027268559,0.95515466,-0.29484898
1356430443747,-0.32336998,0.23545018,0.9165125,0.945616,0.11648154,0.3037146,-0.035247177,0.96488094,-0.26031208
1356430443787,-0.36240172,0.1916934,0.9120958,0.9310348,0.119487464,0.34481433,-0.042885393,0.97415423,-0.22177571
1356430443827,-0.38659662,0.14997444,0.9099729,0.92076993,0.1186226,0.37163332,-0.052207798,0.98154795,-0.18395102
1356430443867,-0.39427894,0.113509744,0.9119537,0.9167359,0.11805308,0.3816526,-0.06433764,0.98649836,-0.15060431
1356430443907,-0.38550013,0.083629996,0.91891,0.91929567,0.1203776,0.37470633,-0.07927951,0.98919934,-0.12328625
1356430443947,-0.36216128,0.059180856,0.9302348,0.9271396,0.12585235,0.3529496,-0.09618434,0.9902822,-0.100447774
1356430443987,-0.32769185,0.037590176,0.9440366,0.93803334,0.13218474,0.32034457,-0.11274549,0.99051213,-0.07857674
1356430444027,-0.28603482,0.01752925,0.95805883,0.94996995,0.13610005,0.28112963,-0.12546384,0.99054,-0.05558157
1356430444067,-0.24088961,1.8811226E-4,0.97055256,0.96155506,0.13589555,0.23863012,-0.13184884,0.9907232,-0.032916665
1356430444107,-0.19630301,-0.012966514,0.98045754,0.9715956,0.13220191,0.19627705,-0.1321634,0.991138,-0.013353467
1356430444147,-0.15702212,-0.0224275,0.9873404,0.9791567,0.12687576,0.15860257,-0.12882656,0.991665,0.0020377636
1356430444187,-0.12762672,-0.030077308,0.9913661,0.9840723,0.12086874,0.13035479,-0.12374586,0.9922128,0.014172196
1356430444227,-0.11027163,-0.036385655,0.99323523,0.98688245,0.114547014,0.11376259,-0.11791143,0.99275124,0.023277104
1356430444267,-0.103832304,-0.038304657,0.99385697,0.9882692,0.10854679,0.1074321,-0.11199516,0.9933531,0.026584625
1356430444307,-0.10487157,-0.029030442,0.99406195,0.9887208,0.10442978,0.1073578,-0.10692632,0.9941085,0.017751217
1356430444347,-0.10971418,-2.0334125E-4,0.9939631,0.98857474,0.103963226,0.109140724,-0.10335779,0.9945811,-0.011205196
1356430444387,-0.11740479,0.05245745,0.99169767,0.9879606,0.10747656,0.11127725,-0.1007469,0.99282277,-0.064444125
1356430444428,-0.1318622,0.119489014,0.98404,0.98643214,0.11375561,0.11836967,-0.0977962,0.98629713,-0.13286787
1356430444467,-0.15656114,0.18273821,0.970616,0.9831073,0.12316829,0.13538703,-0.0948087,0.97541595,-0.19893461
1356430444527,-0.19288686,0.2250888,0.95505476,0.9766935,0.13743684,0.16486582,-0.094150215,0.9645963,-0.24635255
1356430444549,-0.23734942,0.24059168,0.94115937,0.9665576,0.15534875,0.20404223,-0.09711707,0.958114,-0.26941764
1356430444589,-0.28374848,0.23272467,0.93022907,0.9534013,0.17220023,0.24773571,-0.10253146,0.9571762,-0.27074158
1356430444629,-0.32610312,0.20957306,0.9218112,0.9391141,0.18349579,0.2905066,-0.108266145,0.96042097,-0.25665158
1356430444669,-0.35999298,0.17786583,0.9158432,0.9260442,0.18738556,0.3276106,-0.11334509,0.96604884,-0.23216915
1356430444709,-0.38277265,0.14218214,0.9128359,0.91629815,0.18444762,0.35549513,-0.11782533,0.97250366,-0.20088273
1356430444749,-0.39291626,0.10569185,0.91348016,0.91142577,0.17670953,0.3715869,-0.122146964,0.9785719,-0.16576236
1356430444789,-0.38903558,0.07160294,0.9184358,0.91244465,0.16725308,0.37345847,-0.12687048,0.98331046,-0.13040107
1356430444829,-0.37131345,0.041074753,0.9275986,0.9189445,0.15926951,0.36079672,-0.13291857,0.98638034,-0.09688431
1356430444867,-0.33876735,0.0147511065,0.9407546,0.9302727,0.15489966,0.33256394,-0.14081687,0.9878201,-0.066197515
1356430444907,-0.29155827,-0.007599741,0.95652294,0.94480443,0.15395582,0.2892096,-0.1494602,0.98804855,-0.037706852
1356430444947,-0.23137504,-0.02653715,0.97250265,0.96026266,0.154145,0.23266914,-0.15608078,0.9876919,-0.010182679
1356430444987,-0.16062695,-0.041397393,0.9861466,0.9743013,0.15319741,0.16512862,-0.157911,0.98732805,0.01572591
1356430445027,-0.08378434,-0.050854266,0.9951854,0.9845125,0.15011531,0.09055674,-0.15399775,0.98735976,0.037489355
1356430445068,-0.0068861246,-0.054312885,0.9985002,0.98939186,0.14452714,0.0146847665,-0.14510798,0.9880091,0.052741468
1356430445106,0.06320003,-0.05269894,0.9966085,0.98912156,0.13621965,-0.055522174,-0.13283166,0.98927593,0.06073475
1356430445147,0.119947225,-0.04766476,0.9916353,0.98571086,0.12470552,-0.11323637,-0.11826494,0.99104816,0.061941803
1356430445187,0.15935415,-0.039548725,0.9864291,0.9819629,0.109344125,-0.15424877,-0.10175994,0.99321693,0.05625978
1356430445227,0.18128905,-0.025175571,0.98310757,0.97989297,0.08933249,-0.17840871,-0.08333194,0.99568367,0.04086432
1356430445267,0.18919304,0.0015611947,0.9819386,0.9798473,0.064949125,-0.18889329,-0.06407082,0.99788725,0.010758251
1356430445307,0.19058502,0.04765275,0.9805134,0.98057985,0.037832677,-0.19243655,-0.046265543,0.99814713,-0.039516985
1356430445350,0.1893579,0.11173624,0.9755299,0.98136955,0.011364013,-0.19179302,-0.03251615,0.9936729,-0.1075027
1356430445387,0.18317935,0.17968789,0.9665183,0.98279214,-0.009702235,-0.18445992,-0.0237678,0.98367584,-0.17837307
1356430445427,0.16617313,0.23390415,0.9579537,0.9858993,-0.01997909,-0.16614237,-0.019722342,0.97205436,-0.23392594
1356430445467,0.13433442,0.26506943,0.9548259,0.99072427,-0.016003817,-0.13494217,-0.020488232,0.96409655,-0.26476055
1356430445529,0.08770266,0.27334887,0.9579084,0.9958094,9.634793E-4,-0.09144768,-0.025920063,0.9619144,-0.27211893
1356430445549,0.029680729,0.26301083,0.9643363,0.9989654,0.025451064,-0.037688047,-0.034455806,0.96445715,-0.2619834
1356430445589,-0.035025477,0.23857054,0.9704933,0.99842334,0.050973833,0.023502886,-0.04386267,0.96978647,-0.2399798
1356430445629,-0.1006428,0.20432034,0.9737166,0.99351406,0.07269788,0.0874345,-0.052922457,0.9762008,-0.21031165
1356430445670,-0.16109613,0.1644288,0.973145,0.98499537,0.08863267,0.14808196,-0.061903507,0.9823988,-0.17623997
1356430445709,-0.20941564,0.124601424,0.9698554,0.9752309,0.098837644,0.19787827,-0.07120231,0.9872718,-0.14221334
1356430445749,-0.23953313,0.0903877,0.9666716,0.9675174,0.105118275,0.22991377,-0.080833465,0.9903435,-0.11263102
1356430445789,-0.24929672,0.0637801,0.9663246,0.9641255,0.11029041,0.24144986,-0.09117669,0.99185085,-0.08898705
1356430445829,-0.2414512,0.042264402,0.9694922,0.9649649,0.11617088,0.23525932,-0.10268369,0.9923296,-0.06883329
1356430445869,-0.22122163,0.02207601,0.9749737,0.96855175,0.12171638,0.21700844,-0.11387965,0.99231935,-0.048308074
1356430445909,-0.19202018,0.0027535558,0.98138714,0.97391504,0.12373054,0.190211,-0.12090382,0.992312,-0.026440501
1356430445949,-0.15531123,-0.01289466,0.9877815,0.98053205,0.11960095,0.15573263,-0.120147735,0.99273837,-0.0059317946
1356430445989,-0.113131404,-0.021951795,0.9933374,0.98733795,0.10940492,0.11486596,-0.11119744,0.9937548,0.009296775
1356430446029,-0.073093,-0.024530947,0.99702346,0.99267226,0.09466463,0.075103134,-0.09622517,0.99520695,0.017431855
1356430446069,-0.044332534,-0.022015572,0.9987743,0.9959948,0.07673058,0.045900524,-0.07764709,0.9968088,0.01852572
1356430446109,-0.033949822,-0.015081078,0.9993098,0.9977542,0.057256788,0.03476104,-0.057741523,0.9982456,0.013103306
1356430446149,-0.041172326,-0.0013113916,0.99915123,0.99843717,0.037769377,0.041192472,-0.03779137,0.99928564,-2.4569035E-4
1356430446189,-0.057852626,0.024933338,0.99801373,0.99815667,0.019807875,0.057366043,-0.018338233,0.9994929,-0.026033342
1356430446229,-0.071318805,0.07036835,0.9949683,0.9974535,0.0047438145,0.07116142,2.875924E-4,0.99750984,-0.070527494
1356430446269,-0.070031434,0.13850468,0.9878826,0.99739,-0.007724911,0.07178846,0.01757434,0.99033165,-0.13760221
1356430446309,-0.058609754,0.21981758,0.9737788,0.9977519,-0.018854588,0.06430882,0.032496393,0.9753588,-0.21821839
1356430446349,-0.05183521,0.2956538,0.9538878,0.997704,-0.026356488,0.06238532,0.0435856,0.9549315,-0.29360878
1356430446389,-0.06552389,0.3503045,0.9343411,0.9966495,-0.022960693,0.07850197,0.04895273,0.9363544,-0.34762633
1356430446428,-0.10597956,0.37809795,0.9196794,0.99323887,-0.0038172007,0.11602551,0.047379613,0.9257577,-0.3751371
1356430446458,-0.15989941,0.38704535,0.9080903,0.9862368,0.02344191,0.16366836,0.04205972,0.9217626,-0.38546675
1356430446487,-0.22264233,0.37935343,0.8980653,0.97431517,0.054673105,0.21845105,0.033770144,0.9236351,-0.38178235
1356430446530,-0.3044913,0.34745133,0.8868836,0.9522852,0.09058729,0.2914564,0.020926535,0.9333121,-0.35845584
1356430446586,-0.38552397,0.3019583,0.8718902,0.9226732,0.119267344,0.36667335,0.006732017,0.94583106,-0.3245893
1356430446607,-0.45760047,0.24924436,0.85350984,0.8891183,0.13732672,0.43658906,-0.008392334,0.9586546,-0.2844485
1356430446648,-0.5123015,0.19671768,0.8359721,0.85845524,0.14510423,0.4919343,-0.024530947,0.96966326,-0.24321043
1356430446685,-0.5457423,0.15019202,0.82438326,0.83692074,0.14651746,0.52734846,-0.04158297,0.97773975,-0.20565957
1356430446728,-0.5580781,0.11213961,0.8221761,0.8276354,0.14655304,0.5417949,-0.059735745,0.982826,-0.17459875
1356430446767,-0.5508932,0.08204198,0.8305335,0.8308379,0.14799297,0.536476,-0.07889959,0.9855796,-0.14969194
1356430446807,-0.5287672,0.057015926,0.8468497,0.84310436,0.15034121,0.51630664,-0.097878724,0.98698866,-0.12756592
1356430446847,-0.49320483,0.036067843,0.8691652,0.86253196,0.15015644,0.4832098,-0.11308244,0.98800415,-0.10516757
1356430446888,-0.44399148,0.020921469,0.89578676,0.8878796,0.14481562,0.43669015,-0.12058771,0.9892375,-0.08287263
1356430446927,-0.3824988,0.013306469,0.9238602,0.91626537,0.13420504,0.37742138,-0.11896455,0.9908643,-0.06352556
1356430446967,-0.31731623,0.011672586,0.9482479,0.94191337,0.11991155,0.31372035,-0.11004397,0.99271595,-0.04904443
1356430447007,-0.2626692,0.012300074,0.9648075,0.9599881,0.10395318,0.2600319,-0.09709641,0.9945061,-0.039113224
1356430447047,-0.22942048,0.013254046,0.97323716,0.9698248,0.08786476,0.22741947,-0.08249903,0.99604416,-0.033012092
1356430447087,-0.21754032,0.017315328,0.9758978,0.9737573,0.07235998,0.2157793,-0.06687966,0.99722826,-0.03260207
1356430447127,-0.21595597,0.032141805,0.97587395,0.9751277,0.05816704,0.21387503,-0.049889356,0.99778926,-0.043903887
1356430447167,-0.2090807,0.0671401,0.9755908,0.977383,0.046733737,0.20624852,-0.031745523,0.99664843,-0.07539272
1356430447207,-0.18697172,0.12675726,0.97415304,0.9822643,0.038344443,0.18353915,-0.014088452,0.99119234,-0.13167846
1356430447247,-0.15544176,0.2021848,0.9669329,0.9878447,0.0310238,0.15231645,7.98136E-4,0.97885585,-0.20454961
1356430447287,-0.13367105,0.2733924,0.9525695,0.9909651,0.026242971,0.13152716,0.010960251,0.9615445,-0.27443027
1356430447327,-0.13922516,0.3229526,0.9361186,0.9901506,0.03130117,0.13646251,0.014769286,0.9458974,-0.32412964
1356430447367,-0.1763401,0.34438583,0.9221184,0.9842645,0.050950706,0.16919589,0.01128611,0.93744457,-0.34795147
1356430447407,-0.23912823,0.33848608,0.9100796,0.9709872,0.08211589,0.2245906,0.0012887418,0.93738157,-0.3483019
1356430447447,-0.31480458,0.31093743,0.89678085,0.94907737,0.11531946,0.29317835,-0.012256175,0.94340837,-0.33140683
1356430447487,-0.3892593,0.27018198,0.8806128,0.9207616,0.14109942,0.36371547,-0.025984585,0.9524141,-0.30369753
1356430447529,-0.45292658,0.22410971,0.8629208,0.8907407,0.15492451,0.42729303,-0.03792709,0.9621711,-0.2697931
1356430447569,-0.49727744,0.18186525,0.84831613,0.8662982,0.15745717,0.4740621,-0.047358036,0.97063506,-0.23584938
1356430447609,-0.5218075,0.1474702,0.8402199,0.85130775,0.15317672,0.50180876,-0.054700255,0.9771333,-0.20547128
1356430447649,-0.52655447,0.121888846,0.84135807,0.8479252,0.1467101,0.5094104,-0.061344266,0.98164105,-0.18060344
1356430447689,-0.5158965,0.101950586,0.8505627,0.85384387,0.14150852,0.50092506,-0.06929225,0.98467326,-0.16005361
1356430447729,-0.49480772,0.08323175,0.86500746,0.8653683,0.13813347,0.48172277,-0.0793919,0.98691016,-0.14037567
1356430447768,-0.46684927,0.06362489,0.8820451,0.87976205,0.13473672,0.45592192,-0.08983582,0.98883665,-0.11887646
1356430447807,-0.43236578,0.045334637,0.9005579,0.8964426,0.12928641,0.42388165,-0.09721336,0.9905704,-0.0965389
1356430447847,-0.3917833,0.031802446,0.9195078,0.914685,0.121308565,0.3855328,-0.09928328,0.9921053,-0.07661587
1356430447887,-0.34884953,0.024074137,0.9368695,0.93220276,0.11179191,0.34423918,-0.09644714,0.99344,-0.061440527
1356430447927,-0.31170017,0.02017638,0.9499663,0.94585145,0.10191625,0.30818537,-0.09059894,0.9945884,-0.050851226
1356430447967,-0.28713858,0.018494278,0.9577105,0.9542744,0.09229857,0.28432602,-0.083136916,0.99555963,-0.044151127
1356430448007,-0.27563334,0.020918965,0.9610352,0.9583973,0.08311868,0.2730675,-0.07416767,0.9963201,-0.042958975
1356430448047,-0.27096087,0.033556134,0.96200526,0.960518,0.07496816,0.267927,-0.06312916,0.9966212,-0.052544713
1356430448087,-0.26442784,0.064275414,0.96226114,0.96312046,0.069090664,0.26004902,-0.049768507,0.99553764,-0.080174446
1356430448127,-0.25122696,0.116986424,0.96083254,0.96731555,0.06565881,0.2449278,-0.0344339,0.9909607,-0.12965804
1356430448167,-0.23534465,0.18513048,0.9541172,0.9717443,0.063055396,0.22745773,-0.018052846,0.9806888,-0.19473922
1356430448207,-0.22848928,0.2516654,0.94045585,0.9735418,0.06204897,0.21992344,-0.0030071735,0.96582323,-0.2591843
1356430448247,-0.24065214,0.29992914,0.92310834,0.97058713,0.06763703,0.23105368,0.0068634152,0.9515606,-0.30738437
1356430448287,-0.2732192,0.3225427,0.90626574,0.9619119,0.08302441,0.26044664,0.0087629855,0.94290674,-0.33294153
1356430448327,-0.31959566,0.321256,0.89143324,0.9475496,0.10547492,0.30170324,0.0029001236,0.94110024,-0.33811527
1356430448367,-0.37033704,0.30192804,0.87845886,0.9288558,0.12932411,0.34713423,-0.008796364,0.9445182,-0.3283412
1356430448407,-0.41749611,0.2705089,0.8674803,0.90835273,0.14981225,0.3904506,-0.024338812,0.9509896,-0.30826348
1356430448447,-0.45522356,0.23256546,0.85946774,0.8893971,0.16405106,0.42668492,-0.04176444,0.95864516,-0.281523
1356430448487,-0.47906262,0.19412172,0.85604656,0.8758011,0.17116696,0.45130292,-0.05891922,0.9659289,-0.25201166
1356430448530,-0.48600423,0.16065252,0.85906386,0.8708142,0.1722961,0.46043095,-0.07404396,0.97185636,-0.22363514
1356430448568,-0.47375917,0.13554934,0.8701601,0.87637985,0.1698026,0.45069444,-0.08666411,0.9761114,-0.19923824
1356430448609,-0.4472404,0.11561242,0.8869102,0.8890079,0.16631985,0.4266177,-0.09818849,0.9792708,-0.17716533
1356430448648,-0.4078803,0.09693119,0.90787554,0.9065012,0.16174036,0.38999435,-0.10903752,0.98206127,-0.15383893
1356430448687,-0.36024302,0.07710037,0.9296669,0.9254674,0.15473998,0.34578264,-0.11719668,0.9849422,-0.1270979
1356430448727,-0.30585128,0.05842352,0.9502851,0.9445045,0.14427394,0.2951208,-0.11985943,0.98781157,-0.09930766
1356430448767,-0.24908143,0.043343037,0.96751213,0.96148384,0.13094908,0.24166316,-0.116220444,0.99044114,-0.07429063
1356430448807,-0.19597882,0.0326913,0.9800631,0.97471243,0.11592537,0.191042,-0.10736871,0.9927198,-0.05458355
1356430448847,-0.15317184,0.02578631,0.98786306,0.983601,0.10030568,0.14989272,-0.09522307,0.99462247,-0.040727437
1356430448887,-0.12587923,0.02181986,0.99180555,0.9886962,0.08484346,0.12361804,-0.08145091,0.9961554,-0.032253265
1356430448927,-0.11514872,0.022319525,0.9930974,0.9910667,0.070301294,0.113333255,-0.06728649,0.99727607,-0.030215204
1356430448967,-0.11670512,0.032982945,0.9926187,0.99172866,0.05763209,0.114685506,-0.05342397,0.99779284,-0.039436042
1356430449007,-0.12304568,0.062287122,0.9904444,0.99159086,0.048037708,0.12016708,-0.04009387,0.9969016,-0.06767422
1356430449047,-0.12824416,0.115416825,0.9850038,0.99136215,0.04242921,0.12410039,-0.027469665,0.9924106,-0.119861126
1356430449087,-0.13344431,0.18591651,0.97346175,0.99092674,0.0409137,0.12802449,-0.01602608,0.9817134,-0.1896894
1356430449127,-0.14683723,0.2553547,0.9556321,0.9891371,0.044561327,0.14007822,-0.0068145692,0.96581995,-0.2591241
1356430449167,-0.17619213,0.30569994,0.9356836,0.9843545,0.05626324,0.16697505,-0.0016003549,0.9504641,-0.31083035
1356430449207,-0.22314453,0.32888338,0.9176285,0.9747833,0.07719648,0.20937556,-0.001977533,0.9412101,-0.337816
1356430449247,-0.28319892,0.3254751,0.9021443,0.95902646,0.104106575,0.26349574,-0.0081578195,0.939802,-0.3416221
1356430449287,-0.34804058,0.30184835,0.88755584,0.93730146,0.13048804,0.32316995,-0.018267125,0.9443836,-0.32833803
1356430449327,-0.40991637,0.2641822,0.8730271,0.9116088,0.15079454,0.3824007,-0.03062424,0.9526115,-0.302644
1356430449367,-0.4627111,0.219446,0.858919,0.88540643,0.16270566,0.43541044,-0.04420194,0.9619617,-0.26958466
1356430449407,-0.5024657,0.17424324,0.8468574,0.8626015,0.16753966,0.47733542,-0.05870971,0.97034514,-0.23448545
1356430449447,-0.52765965,0.13351285,0.8388978,0.8462468,0.1683833,0.5054834,-0.07376787,0.97663784,-0.2018339
1356430449487,-0.5389778,0.099062055,0.83647454,0.83762074,0.16778463,0.5198459,-0.08885056,0.9808338,-0.17340863
1356430449530,-0.53813475,0.0696356,0.83997726,0.8364934,0.16637248,0.52211016,-0.10339165,0.98360103,-0.14778054
1356430449569,-0.5272516,0.043266207,0.84860706,0.8417251,0.163181,0.514656,-0.11620936,0.985647,-0.122455776
1356430449609,-0.5090206,0.019237578,0.8605394,0.85157716,0.15685529,0.5002128,-0.12535727,0.98743427,-0.096224904
1356430449666,-0.4826483,0.0011116266,0.8758135,0.86630404,0.14757359,0.47722045,-0.12871644,0.9890505,-0.07218915
1356430449687,-0.449655,-0.008529782,0.89316165,0.8842887,0.13666487,0.44649312,-0.12587228,0.99058056,-0.053909242
1356430449728,-0.41345072,-0.010112762,0.91047037,0.90286267,0.12491065,0.4113834,-0.117887646,0.99211645,-0.042513907
1356430449765,-0.37934023,-0.0067709684,0.92523247,0.9190877,0.11252737,0.37764442,-0.106671035,0.9936255,-0.03646308
1356430449808,-0.35270262,-0.0012784302,0.9357346,0.9310423,0.099548995,0.35106996,-0.0936003,0.99503183,-0.033920944
1356430449847,-0.33633637,0.0064679384,0.9417198,0.93836015,0.08697027,0.33453918,-0.07973781,0.99618995,-0.03532046
1356430449887,-0.32844424,0.020798594,0.9442944,0.9422313,0.076821804,0.3260346,-0.06576139,0.9968279,-0.044828773
1356430449927,-0.32474232,0.04814899,0.94457614,0.94431746,0.07244992,0.32096034,-0.052980542,0.9962092,-0.068995476
1356430449967,-0.3204714,0.09318647,0.94266343,0.94627047,0.076925635,0.3140932,-0.043245763,0.99267244,-0.11283207
1356430450007,-0.31425554,0.15295896,0.9369348,0.9485953,0.08963448,0.30353335,-0.03755349,0.9841591,-0.17326427
1356430450052,-0.3093359,0.21544728,0.92622554,0.95027876,0.10670048,0.29254967,-0.035799652,0.9706686,-0.23774123
1356430450098,-0.31325072,0.26306018,0.9125093,0.94886243,0.1263237,0.28931338,-0.039164692,0.9564735,-0.2891789
1356430450137,-0.33082044,0.2844581,0.89980084,0.9425717,0.14608324,0.30036357,-0.04600501,0.9474932,-0.31644952
1356430450177,-0.35708147,0.28012645,0.8910792,0.93238115,0.16428983,0.32198495,-0.056198776,0.94580024,-0.31984955
1356430450217,-0.38553062,0.2562631,0.8863946,0.92017376,0.17775068,0.34883362,-0.06816405,0.95012313,-0.30433488
1356430450257,-0.4092214,0.2208395,0.8853066,0.9089097,0.18387234,0.37426475,-0.080130965,0.9578209,-0.27596772
1356430450297,-0.42168468,0.18200383,0.8882886,0.902184,0.18232536,0.39092392,-0.090807885,0.9662464,-0.24108475
1356430450337,-0.41686106,0.14729062,0.8969572,0.9035101,0.17513913,0.3911467,-0.09948009,0.9734638,-0.20608729
1356430450377,-0.39006442,0.12138191,0.91275203,0.9146328,0.16549796,0.3688595,-0.10628572,0.97871184,-0.17557478
1356430450417,-0.33857405,0.10461345,0.9351062,0.9341577,0.15647656,0.32072502,-0.11277002,0.9821258,-0.15070432
1356430450457,-0.2626871,0.093556195,0.9603347,0.9572545,0.15016067,0.2472158,-0.12107593,0.9842251,-0.12900233
1356430450529,-0.1688422,0.08105382,0.98230475,0.97676337,0.1472345,0.15574086,-0.13200575,0.985775,-0.104029834
1356430450539,-0.038309038,0.07549068,0.99641037,0.9894668,0.14216816,0.027271032,-0.13959917,0.9869597,-0.08014184
1356430450576,0.08067289,0.06700629,0.99448586,0.9868633,0.1347442,-0.08913332,-0.13997367,0.98861223,-0.05525589
1356430450617,0.19261923,0.05897501,0.9794997,0.97222304,0.1237894,-0.19864148,-0.13296652,0.9905544,-0.033492625
1356430450657,0.2857582,0.051466167,0.9569187,0.9506751,0.110504806,-0.28983697,-0.1206609,0.992542,-0.017349929
1356430450697,0.3514629,0.043648124,0.9351838,0.9302391,0.09627968,-0.35409826,-0.10549492,0.99439687,-0.0067644417
1356430450737,0.38690504,0.035290927,0.921444,0.9177995,0.08187595,-0.38851056,-0.08915502,0.99601746,-7.1173906E-4
1356430450778,0.395769,0.028863877,0.9178964,0.91547894,0.066574395,-0.39682004,-0.0725621,0.9973638,-7.6144934E-5
1356430450817,0.38711444,0.030667275,0.9215215,0.9202826,0.048680574,-0.388214,-0.056765616,0.99834347,-0.009377569
1356430450857,0.37659332,0.05038348,0.9250076,0.92537415,0.02602747,-0.3781602,-0.04312864,0.9983907,-0.036821812
1356430450897,0.3759886,0.094265014,0.92181706,0.9260249,-0.002447009,-0.3774546,-0.033325046,0.9955441,-0.088211775
1356430450937,0.38622826,0.15718365,0.908912,0.9219836,-0.03606695,-0.38554552,-0.027819753,0.9869106,-0.15885082
1356430450977,0.39601249,0.22279191,0.89080745,0.9178885,-0.06901263,-0.39079142,-0.025588214,0.9724202,-0.23182803
1356430451017,0.3933645,0.27558854,0.8771063,0.9190091,-0.09067048,-0.38366818,-0.02620694,0.95699,-0.28893492
1356430451057,0.37291497,0.30866948,0.8750186,0.92736447,-0.09300101,-0.36241683,-0.030489385,0.94661176,-0.32093054
1356430451097,0.33494902,0.3219653,0.885521,0.9414662,-0.076374054,-0.3283416,-0.03808379,0.94366586,-0.3287009
1356430451137,0.28260356,0.31741104,0.9051991,0.95807683,-0.04700686,-0.28262886,-0.047158957,0.9471222,-0.31738847
1356430451177,0.22146054,0.29847923,0.9283671,0.97358847,-0.0134869665,-0.22791186,-0.05550611,0.9543209,-0.29358274
1356430451217,0.15938836,0.2695697,0.9496986,0.9852491,0.017259061,-0.17025378,-0.0622862,0.96282625,-0.26284242
1356430451257,0.10517064,0.23581302,0.9660908,0.99212086,0.04163012,-0.11816585,-0.068083555,0.9709064,-0.22957677
1356430451297,0.06714386,0.20249704,0.9769783,0.99498785,0.059132576,-0.08063793,-0.07410017,0.9774959,-0.19751173
1356430451337,0.04892081,0.1725069,0.9837927,0.9954492,0.07222432,-0.062164873,-0.08177763,0.9823568,-0.16818857
1356430451377,0.05028817,0.14581874,0.9880324,0.9944775,0.08393535,-0.06300384,-0.092117965,0.9857443,-0.14079249
1356430451417,0.06725258,0.1203731,0.9904481,0.9922503,0.09588444,-0.07902822,-0.10448137,0.9880873,-0.11299175
1356430451457,0.09528923,0.0948959,0.9909161,0.9886469,0.107155025,-0.10533276,-0.11617726,0.9897033,-0.08360773
1356430451529,0.12880725,0.068388045,0.9893087,0.98395544,0.11537874,-0.13608605,-0.12345183,0.9909646,-0.05242914
1356430451549,0.18325815,0.052576482,0.98165786,0.9750652,0.11741033,-0.18831581,-0.1251578,0.9916908,-0.029749125
1356430451589,0.23571539,0.045985937,0.9707336,0.9641253,0.11440188,-0.23953027,-0.12206882,0.9923697,-0.017369956
1356430451629,0.2772249,0.04559788,0.95972246,0.95375407,0.107730865,-0.2806193,-0.11618739,0.9931339,-0.013623476
1356430451669,0.30106091,0.048357874,0.95237803,0.94736683,0.09888005,-0.3044975,-0.10889605,0.99392366,-0.016043693
1356430451709,0.3059315,0.054212242,0.95050883,0.9467118,0.08828944,-0.30974495,-0.10071185,0.99461854,-0.024312854
1356430451749,0.29688594,0.06729257,0.95253897,0.95050657,0.07489243,-0.3015434,-0.091629654,0.9949185,-0.041727573
1356430451789,0.2833557,0.09427124,0.9543702,0.95551413,0.057200313,-0.28934553,-0.08186728,0.99390197,-0.07386947
1356430451828,0.27378705,0.13919765,0.9516641,0.95907825,0.034741312,-0.2810015,-0.072176784,0.98965496,-0.1239897
1356430451868,0.2673154,0.19623429,0.9434165,0.9615366,0.0098570585,-0.2745,-0.063165575,0.9805075,-0.18605149
1356430451909,0.25516617,0.25155076,0.93360186,0.96531165,-0.0110026,-0.26086828,-0.05534953,0.96778154,-0.24563238
1356430451949,0.22745448,0.29222628,0.92890704,0.97248924,-0.018903315,-0.23217937,-0.050289482,0.95616233,-0.2884866
1356430451988,0.1811119,0.31286147,0.93237126,0.9822185,-0.009872049,-0.18748209,-0.04945156,0.94974744,-0.30908626
1356430452029,0.11842117,0.3131752,0.9422833,0.9915801,0.012777239,-0.12886319,-0.052396566,0.9496094,-0.30902523
1356430452069,0.044903398,0.2958773,0.9541699,0.9973583,0.04131198,-0.059746206,-0.057096183,0.9543322,-0.29324067
1356430452109,-0.031102717,0.26548955,0.96361196,0.99758875,0.06808823,0.013439983,-0.062042475,0.9617065,-0.26696718
1356430452149,-0.10182655,0.226444,0.968687,0.9925288,0.08891857,0.08354676,-0.06721562,0.969957,-0.23380649
1356430452189,-0.15948418,0.18362048,0.9699733,0.98449135,0.10232487,0.14250067,-0.07308635,0.97765696,-0.197092
1356430452229,-0.19694501,0.14193314,0.97008646,0.97715646,0.10901588,0.18243024,-0.07986191,0.9838549,-0.16016102
1356430452269,-0.2095308,0.104625106,0.9721885,0.97384286,0.11171183,0.1978651,-0.08790326,0.9882176,-0.12529546
1356430452307,-0.19607827,0.07211307,0.97793305,0.97569585,0.11384615,0.18723461,-0.097831845,0.99087775,-0.09268314
1356430452347,-0.15917653,0.04277587,0.986323,0.9811839,0.11743671,0.15325403,-0.10927495,0.99215865,-0.060664177
1356430452389,-0.10171631,0.016059399,0.99468374,0.9875699,0.12206945,0.09901807,-0.11983025,0.9923916,-0.028276205
1356430452427,-0.023011833,-0.0047799647,0.9997238,0.99174404,0.12607422,0.023430943,-0.12615144,0.9920093,0.0018393397
1356430452467,0.075708,-0.015168488,0.99701464,0.98902434,0.1283752,-0.07314816,-0.1268824,0.9916097,0.024721086
1356430452530,0.1820203,-0.014734298,0.98318434,0.97555625,0.1279037,-0.1786913,-0.12312004,0.99167717,0.037655205
1356430452547,0.27708426,-0.0076521337,0.9608152,0.95370877,0.12384245,-0.2740486,-0.116892695,0.9922725,0.041612655
1356430452588,0.34358898,5.542636E-4,0.93911994,0.93276,0.11598387,-0.34133047,-0.109111905,0.9932509,0.03933379
1356430452627,0.37378353,0.0071334243,0.92748857,0.92218006,0.104249895,-0.37244603,-0.09934744,0.99452555,0.032388568
1356430452667,0.3717349,0.014948159,0.9282185,0.92432225,0.086951286,-0.37157473,-0.0862641,0.9961003,0.01850593
1356430452707,0.3487941,0.03179264,0.93666,0.9346429,0.06196916,-0.35014632,-0.06917614,0.9975716,-0.008100301
1356430452766,0.324767,0.066806436,0.94343174,0.9445361,0.028521717,-0.32716694,-0.048765212,0.9973583,-0.053838223
1356430452787,0.31390017,0.12213293,0.941568,0.9490603,-0.011733413,-0.31487605,-0.027408928,0.9924444,-0.11959463
1356430452828,0.30835646,0.18620613,0.9328685,0.9512254,-0.050758004,-0.3042927,-0.009310693,0.9811988,-0.19277558
1356430452865,0.2906826,0.24288917,0.9254774,0.9568182,-0.07535744,-0.28074905,0.001550734,0.96712255,-0.25430587
1356430452908,0.24869856,0.28251493,0.92646337,0.9685757,-0.07567778,-0.23692605,0.0031775534,0.9562731,-0.2924581
1356430452947,0.17695385,0.3019694,0.93675065,0.984213,-0.05094713,-0.1694963,-0.0034579337,0.9519552,-0.30621755
1356430452987,0.0757159,0.300127,0.95088947,0.99700737,-0.00786972,-0.07690415,-0.0155977905,0.9538667,-0.2998247
1356430453027,-0.048234165,0.27756956,0.9594939,0.99839425,0.041966736,0.03804928,-0.029705495,0.95978844,-0.2791481
1356430453067,-0.1800774,0.23775482,0.9544866,0.98269105,0.086373776,0.16388354,-0.04347852,0.9674772,-0.24919349
1356430453107,-0.30111504,0.18795541,0.93488103,0.95192325,0.11714959,0.28305146,-0.056319892,0.97516596,-0.21419466
1356430453147,-0.3969941,0.13679102,0.90757036,0.91524386,0.13305396,0.3802965,-0.068734676,0.98162365,-0.17801875
1356430453187,-0.4620399,0.09067732,0.8822113,0.8830971,0.13856995,0.44826102,-0.081600875,0.9861927,-0.14410168
1356430453227,-0.49826545,0.051912397,0.865469,0.8617108,0.1399945,0.4877047,-0.09584296,0.98879045,-0.11448783
1356430453267,-0.511615,0.01921159,0.85899997,0.8519042,0.14148086,0.50422454,-0.111845106,0.98975456,-0.088750124
1356430453307,-0.5081961,-0.009661496,0.8611871,0.85166657,0.14305145,0.5041828,-0.1280652,0.989668,-0.064469755
1356430453347,-0.49334764,-0.0356507,0.86910135,0.8582829,0.14232755,0.49304482,-0.14127451,0.98917735,-0.03961861
1356430453387,-0.46764487,-0.056285173,0.8821225,0.87141144,0.13791656,0.4707665,-0.1481564,0.9888432,-0.015448391
