1356430970448,-0.005078256,-0.15714931,-0.9875618,-0.18628037,-0.9701395,0.15533483,-0.9824835,0.1847522,-0.024347218
1356430970487,-0.016579151,-0.21657017,-0.97612625,-0.18560833,-0.95862544,0.21583979,-0.9824839,0.18475561,-0.024304029
1356430970528,-0.016921937,-0.21698844,-0.9760275,-0.18557143,-0.95852554,0.2163148,-0.98248506,0.18478328,-0.024046745
1356430970569,-0.017908156,-0.21833311,-0.97571003,-0.1855423,-0.9581907,0.21781826,-0.98247313,0.1849362,-0.023350656
1356430970607,-0.019690394,-0.22102168,-0.9750701,-0.18561867,-0.9574963,0.22078653,-0.9824246,0.18533857,-0.022172328
1356430970647,-0.021933734,-0.2247434,-0.9741711,-0.1859132,-0.9564928,0.22485083,-0.9823213,0.18604308,-0.020803366
1356430970688,-0.023867667,-0.22851582,-0.9732476,-0.1864288,-0.9554303,0.2289043,-0.9821785,0.18690479,-0.019798037
1356430970727,-0.024732351,-0.23124216,-0.97258186,-0.18699594,-0.9546378,0.23173098,-0.98204935,0.18760009,-0.019630965
1356430970768,-0.024223983,-0.23228768,-0.9723454,-0.18722984,-0.9543666,0.2326571,-0.98201734,0.18768796,-0.020372625
1356430970807,-0.022537887,-0.2317117,-0.9725234,-0.18660219,-0.9547006,0.23178971,-0.98217696,0.18669903,-0.021721039
1356430970848,-0.019669175,-0.2286026,-0.9733211,-0.1846051,-0.95594066,0.22825101,-0.98261595,0.18416956,-0.023398701
1356430970887,-0.016775548,-0.22727445,-0.97368616,-0.18120381,-0.95700645,0.22650307,-0.9833024,0.18023539,-0.025128633
1356430970928,-0.013612151,-0.22575548,-0.97408885,-0.17638832,-0.95835966,0.22457497,-0.9842265,0.17487486,-0.026775297
1356430970968,-0.010467291,-0.22487216,-0.9743321,-0.17063893,-0.95969146,0.22332634,-0.985278,0.16859661,-0.028326575
1356430971007,-0.006681621,-0.22380334,-0.97461146,-0.1648744,-0.9610477,0.221819,-0.98629194,0.1621706,-0.030478027
1356430971047,-4.4685602E-4,-0.22017941,-0.9754593,-0.16001517,-0.9628744,0.21741207,-0.9871145,0.15618543,-0.03480178
1356430971088,0.010219276,-0.21157268,-0.97730887,-0.15662634,-0.96563464,0.20740762,-0.9876051,0.15095276,-0.04300594
1356430971127,0.026452065,-0.19674148,-0.9800985,-0.15449561,-0.9694662,0.19043747,-0.9876393,0.14638346,-0.05604008
1356430971167,0.047969937,-0.17633688,-0.98316026,-0.15270042,-0.97401804,0.16724664,-0.98710763,0.14210618,-0.0736503
1356430971208,0.073171675,-0.15271114,-0.9855583,-0.15029688,-0.9786099,0.14047585,-0.98592937,0.1378475,-0.09455854
1356430971247,0.09993088,-0.12916344,-0.98657525,-0.14669299,-0.9826158,0.11378645,-0.98412144,0.1333529,-0.11714104
1356430971287,0.12697631,-0.10771735,-0.9860396,-0.14198066,-0.98582315,0.089410275,-0.98169166,0.12864555,-0.14046997
1356430971328,0.15421271,-0.08891925,-0.9840284,-0.13599457,-0.9883732,0.06799938,-0.9786337,0.12333614,-0.16451225
1356430971386,0.1860686,-0.06749138,-0.980216,-0.12637147,-0.99099576,0.04424526,-0.9743761,0.1156387,-0.19292217
1356430971419,0.21590501,-0.054168437,-0.9749107,-0.11602618,-0.99280894,0.029467601,-0.9694962,0.10675296,-0.22063738
1356430971459,0.24511617,-0.041749068,-0.9685944,-0.10374015,-0.9944657,0.016611319,-0.96392745,0.09641042,-0.24809068
1356430971489,0.27126855,-0.03350862,-0.96192026,-0.092067085,-0.9957146,0.008722257,-0.9580903,0.08619511,-0.2731911
1356430971529,0.2979042,-0.022701843,-0.9543258,-0.07829496,-0.99693,-7.2537735E-4,-0.95137954,0.074935004,-0.29876706
1356430971569,0.32296038,-0.015756879,-0.94628125,-0.06569818,-0.99782264,-0.005807299,-0.9441294,0.064044476,-0.32329237
1356430971609,0.34421772,-0.015213203,-0.9387666,-0.057416696,-0.9983384,-0.004874397,-0.9371326,0.055578727,-0.34451926
1356430971649,0.35868818,-0.024837978,-0.9331269,-0.057299256,-0.9983467,0.004548518,-0.93169713,0.051835977,-0.35951835
1356430971689,0.3629102,-0.048352133,-0.93056875,-0.06798288,-0.99736536,0.02531039,-0.9293409,0.05407735,-0.3652412
1356430971718,0.35849696,-0.08153953,-0.92996305,-0.08500169,-0.9948911,0.05446464,-0.929653,0.059523024,-0.36359644
1356430971749,0.34418917,-0.12261769,-0.9308592,-0.10641679,-0.9901415,0.09107861,-0.9328501,0.06771077,-0.35384455
1356430971779,0.31994712,-0.17004922,-0.93204993,-0.13012898,-0.9823249,0.13455202,-0.93845636,0.07823718,-0.33642036
1356430971819,0.27939463,-0.22930609,-0.9323933,-0.15680502,-0.96892476,0.19130324,-0.947286,0.092754856,-0.30666873
1356430971859,0.2293914,-0.28758729,-0.929878,-0.17887078,-0.95153815,0.25016063,-0.9567574,0.10894331,-0.26971564
1356430971899,0.17788935,-0.33463383,-0.9254056,-0.19240725,-0.9340813,0.30078486,-0.9650569,0.12454834,-0.2305491
1356430971939,0.12980193,-0.36641097,-0.9213547,-0.19747645,-0.9201538,0.33811256,-0.9716762,0.13805819,-0.19179526
1356430971969,0.0905211,-0.37934586,-0.9208163,-0.19633177,-0.91326433,0.35693428,-0.9763502,0.14847544,-0.15714735
1356430972009,0.056590915,-0.38376233,-0.92169625,-0.1904172,-0.91037846,0.36735865,-0.98007077,0.15471765,-0.12459409
1356430972049,0.031174123,-0.3714546,-0.9279276,-0.18085235,-0.91515136,0.3602644,-0.983016,0.15658697,-0.095707476
1356430972089,0.014544427,-0.34465647,-0.9386162,-0.1696163,-0.9259612,0.33738127,-0.9854029,0.15429759,-0.07192693
1356430972129,0.004715979,-0.30791795,-0.9514012,-0.15715478,-0.9398174,0.30338994,-0.9875627,0.14808649,-0.052822888
1356430972169,-0.002041161,-0.26624086,-0.9639044,-0.14449646,-0.953712,0.26373157,-0.98950326,0.13981909,-0.03652424
1356430972209,-0.00955534,-0.2256865,-0.97415316,-0.13485627,-0.9650068,0.22489032,-0.9908191,0.13351956,-0.021214273
1356430972249,-0.019359231,-0.19071676,-0.9814542,-0.13212086,-0.9725416,0.19159093,-0.9910446,0.13337964,-0.0063700676
1356430972279,-0.028798938,-0.16216269,-0.98634374,-0.13492909,-0.9770912,0.1645811,-0.9904367,0.13782622,0.006258726
1356430972309,-0.03755027,-0.1418365,-0.9891776,-0.1425327,-0.97899455,0.14578708,-0.98907745,0.14646451,0.016545294
1356430972349,-0.045663893,-0.1301603,-0.9904408,-0.15699789,-0.97821873,0.13579246,-0.98654264,0.16169795,0.024234505
1356430972388,-0.05298233,-0.13231136,-0.98979115,-0.17372502,-0.9748475,0.13961306,-0.9833679,0.17934853,0.028663961
1356430972415,-0.06047851,-0.14959551,-0.9868959,-0.18839566,-0.96922493,0.15846208,-0.98022926,0.19551045,0.030434072
1356430972447,-0.06567001,-0.17219558,-0.9828714,-0.2016384,-0.96238726,0.1820792,-0.97725606,0.21014175,0.028478678
1356430972487,-0.061505735,-0.19460385,-0.9789517,-0.21503554,-0.9551921,0.203391,-0.97466755,0.22301911,0.016902987
1356430972527,-0.041155517,-0.21666753,-0.97537756,-0.22804862,-0.94840014,0.22029726,-0.9727795,0.23149996,-0.010378774
1356430972568,0.005092919,-0.22415091,-0.9745412,-0.23952459,-0.9464575,0.21643974,-0.97087693,0.23232426,-0.058509886
1356430972607,0.076867044,-0.21051222,-0.97456455,-0.24475592,-0.95153147,0.18623224,-0.96653295,0.22421533,-0.12466553
1356430972647,0.15633237,-0.18478413,-0.97026545,-0.24049045,-0.95990133,0.1440617,-0.9579794,0.21081807,-0.19450247
1356430972688,0.21847147,-0.16563585,-0.9616834,-0.23230869,-0.9659851,0.11360179,-0.94778836,0.19858865,-0.24951884
1356430972727,0.24859017,-0.16639322,-0.95420974,-0.22866404,-0.9673708,0.10911681,-0.94123095,0.1910681,-0.27852702
1356430972767,0.24537927,-0.1890279,-0.9508194,-0.23161137,-0.9638328,0.13184276,-0.94135284,0.1878691,-0.2802856
1356430972808,0.21504486,-0.22740999,-0.9497581,-0.23722833,-0.9555464,0.17508253,-0.9473534,0.18765894,-0.25943342
1356430972848,0.16649461,-0.27249116,-0.94764346,-0.23991175,-0.94337165,0.22911194,-0.95641094,0.1892049,-0.22244012
1356430972888,0.110404134,-0.314303,-0.94288105,-0.23535267,-0.92996603,0.28243992,-0.965619,0.19072703,-0.17664415
1356430972925,0.057776272,-0.3441008,-0.93715346,-0.22266655,-0.91951627,0.32389727,-0.9731811,0.18995914,-0.12974596
1356430972968,0.015669346,-0.35761032,-0.9337395,-0.2040563,-0.9153439,0.3471407,-0.97883373,0.18509594,-0.08731547
1356430973007,-0.013779998,-0.35419804,-0.9350689,-0.18256599,-0.91854686,0.35063,-0.983097,0.17554343,-0.05200699
1356430973047,-0.03352076,-0.33779356,-0.9406231,-0.16011861,-0.92718023,0.3386721,-0.98652846,0.1619638,-0.023007244
1356430973088,-0.048751593,-0.31394577,-0.9481885,-0.139265,-0.93790764,0.31770214,-0.9890544,0.14753795,0.002002772
1356430973127,-0.063666165,-0.2887058,-0.9552987,-0.123806775,-0.947561,0.2946185,-0.99026185,0.13702968,0.024583783
1356430973167,-0.078953624,-0.2663802,-0.9606289,-0.116661765,-0.95454675,0.27428198,-0.99002844,0.1337242,0.044288483
1356430973208,-0.093026936,-0.24998483,-0.96377045,-0.117640205,-0.9584281,0.2599542,-0.98868936,0.13756092,0.059751485
1356430973247,-0.10503441,-0.2428731,-0.96435493,-0.123973824,-0.9589563,0.25501627,-0.98671085,0.14634025,0.0706135
1356430973287,-0.11583173,-0.2487826,-0.9616081,-0.13247299,-0.9556063,0.26318705,-0.9843952,0.15787251,0.07773262
1356430973327,-0.12593585,-0.26955292,-0.9547154,-0.14138165,-0.94767714,0.28621534,-0.98191214,0.17102402,0.08123675
1356430973387,-0.13241708,-0.30244237,-0.9439249,-0.15090503,-0.9350582,0.32077086,-0.9796394,0.18491854,0.07817754
1356430973409,-0.1280719,-0.33969885,-0.9317737,-0.16272748,-0.9195801,0.3576202,-0.97832376,0.19742629,0.06249404
1356430973449,-0.10355049,-0.3703356,-0.9231082,-0.1794546,-0.90590996,0.38356644,-0.9783013,0.20537454,0.027348995
1356430973489,-0.05352223,-0.38586053,-0.9210032,-0.20215288,-0.89904076,0.38840687,-0.9778904,0.20697187,-0.02988416
1356430973529,0.015376985,-0.3856781,-0.92250526,-0.22759962,-0.89974445,0.37236854,-0.9736334,0.20423594,-0.10161554
1356430973569,0.083274364,-0.37944308,-0.92145985,-0.25042304,-0.9029673,0.3491968,-0.9645484,0.20167564,-0.17021531
1356430973609,0.12914354,-0.38045603,-0.91573745,-0.26835907,-0.9024202,0.33707738,-0.95462316,0.20221509,-0.21864057
1356430973649,0.14361668,-0.39524662,-0.90727854,-0.28144526,-0.89523876,0.34545052,-0.9487691,0.2057368,-0.23981151
1356430973689,0.13037747,-0.4202699,-0.89798385,-0.2890808,-0.8824747,0.37104005,-0.94838494,0.21121462,-0.23654678
1356430973719,0.108540654,-0.44151485,-0.89066464,-0.29204386,-0.8705845,0.395971,-0.9502259,0.2171342,-0.22343552
1356430973759,0.07171351,-0.46533728,-0.8822236,-0.2899276,-0.8560347,0.42795628,-0.954358,0.22509074,-0.19630338
1356430973799,0.030647397,-0.48210442,-0.87557757,-0.28234458,-0.84448916,0.455104,-0.95882344,0.23326685,-0.16200097
1356430973839,-0.006065786,-0.48892522,-0.8723046,-0.27002043,-0.83911586,0.4722007,-0.9628355,0.23840433,-0.12692983
1356430973879,-0.03202784,-0.48521608,-0.8738075,-0.25332707,-0.8417677,0.47671,-0.96685034,0.23662713,-0.09595832
1356430973909,-0.047346354,-0.47327897,-0.8796394,-0.23513553,-0.8505994,0.47031048,-0.97080874,0.22910193,-0.0710119
1356430973949,-0.051719904,-0.4568664,-0.88803047,-0.2104083,-0.86427504,0.45689934,-0.9762445,0.21047978,-0.051428266
1356430973979,-0.052204847,-0.4366395,-0.89812064,-0.1869312,-0.87917787,0.43829575,-0.9809849,0.19076791,-0.035724252
1356430974023,-0.053435087,-0.41793883,-0.9069023,-0.16707356,-0.8916559,0.4207567,-0.9844954,0.17400259,-0.022180825
1356430974057,-0.05806285,-0.3995056,-0.9148901,-0.15729085,-0.901329,0.40356618,-0.98584396,0.16733605,-0.010504842
1356430974097,-0.06861824,-0.38658714,-0.9196966,-0.15861042,-0.9059168,0.3926288,-0.98495394,0.17281498,8.457303E-4
1356430974137,-0.08267802,-0.38021356,-0.92119586,-0.16598201,-0.90619606,0.3889196,-0.9826567,0.1850571,0.011813998
1356430974177,-0.09773755,-0.38172227,-0.91909486,-0.1745706,-0.9026219,0.3934447,-0.9797818,0.19890127,0.021582633
1356430974217,-0.11186612,-0.39191115,-0.91317666,-0.18215853,-0.895286,0.40654778,-0.97688496,0.21182185,0.028762281
1356430974257,-0.121801615,-0.4095472,-0.9041214,-0.18881941,-0.88470817,0.42619085,-0.9744289,0.22262637,0.03042844
1356430974297,-0.12129229,-0.43047327,-0.89441663,-0.19659573,-0.87280136,0.44673046,-0.9729535,0.23002341,0.021234758
1356430974337,-0.10290235,-0.44881818,-0.8876786,-0.20860526,-0.8628329,0.4604381,-0.97257125,0.23255458,-0.004838288
1356430974386,-0.05976492,-0.45743832,-0.8872307,-0.2272633,-0.8592422,0.45831674,-0.9719977,0.22902626,-0.05260642
1356430974419,0.004665613,-0.4533648,-0.89131284,-0.25010622,-0.86352324,0.4379205,-0.9682071,0.22087973,-0.11741817
1356430974459,0.07328278,-0.44024184,-0.8948837,-0.27125725,-0.87226725,0.40690213,-0.95971304,0.21292478,-0.18334097
1356430974499,0.12400633,-0.42744076,-0.89549804,-0.28667265,-0.8794139,0.38006574,-0.94996905,0.20958425,-0.23158848
1356430974539,0.14453113,-0.42266387,-0.89468765,-0.29558027,-0.8813397,0.368609,-0.9443215,0.21117651,-0.25231212
1356430974579,0.13507187,-0.4274217,-0.8939051,-0.29831964,-0.8778541,0.37466985,-0.9448603,0.21606207,-0.24608168
1356430974619,0.10292935,-0.4386505,-0.8927437,-0.29626954,-0.87029445,0.39346147,-0.9495419,0.22399402,-0.21953762
1356430974659,0.05719489,-0.45199686,-0.89018404,-0.29113007,-0.86044204,0.41818988,-0.95497227,0.235241,-0.18080276
1356430974699,0.0069179535,-0.46352744,-0.8860555,-0.28320086,-0.8507077,0.44282463,-0.9590357,0.24786827,-0.13715655
1356430974739,-0.039077044,-0.4699723,-0.8818158,-0.27146143,-0.844307,0.46201128,-0.96165574,0.257433,-0.09458633
1356430974779,-0.074003875,-0.46916494,-0.88000435,-0.2546318,-0.84428513,0.47153488,-0.9642022,0.2589725,-0.056983873
1356430974818,-0.09502202,-0.4602695,-0.88267934,-0.23198801,-0.8520392,0.46926624,-0.96806633,0.24936163,-0.025814563
1356430974859,-0.10353893,-0.44379324,-0.89012766,-0.20346314,-0.8665623,0.4557109,-0.9735925,0.22829199,-5.7256967E-4
1356430974899,-0.10494417,-0.4216673,-0.9006572,-0.17270586,-0.8841688,0.43407148,-0.9793668,0.20110208,0.019964077
1356430974939,-0.10506636,-0.3975733,-0.91153526,-0.14622791,-0.9004688,0.40960127,-0.9836557,0.17632723,0.03647273
1356430974979,-0.106814384,-0.37504843,-0.92083085,-0.13045731,-0.9128362,0.38692504,-0.9856833,0.16145825,0.04857623
1356430975017,-0.10984117,-0.35675913,-0.9277165,-0.12718277,-0.92064697,0.3690988,-0.9857787,0.15853176,0.055751204
1356430975057,-0.11310011,-0.3456166,-0.931535,-0.13362065,-0.92374295,0.3589489,-0.9845576,0.16506952,0.058294035
1356430975097,-0.11651254,-0.34492362,-0.93137133,-0.14521332,-0.9217647,0.35953176,-0.98251617,0.1771375,0.057309575
1356430975137,-0.12056279,-0.35727254,-0.92618626,-0.15855983,-0.9140832,0.37324372,-0.979961,0.19185522,0.05355528
1356430975177,-0.12397057,-0.3824051,-0.9156406,-0.17188756,-0.90053326,0.39936793,-0.977285,0.20689708,0.045908816
1356430975217,-0.12170768,-0.41545546,-0.9014344,-0.18522005,-0.8827269,0.4318411,-0.97513115,0.21952209,0.030483969
1356430975258,-0.10556251,-0.44757858,-0.8879922,-0.2005234,-0.86505663,0.45985603,-0.97398514,0.22660674,0.0015675128
1356430975297,-0.067821264,-0.46893927,-0.8806227,-0.21985087,-0.85393405,0.47165918,-0.9731731,0.22559418,-0.045181885
1356430975337,-0.008514404,-0.47423986,-0.8803545,-0.24113366,-0.85343224,0.4620692,-0.9704546,0.21621735,-0.10708873
1356430975387,0.057165444,-0.4691998,-0.88123983,-0.25777307,-0.85969055,0.44100472,-0.9645129,0.20194969,-0.17009167
1356430975419,0.108475864,-0.46621343,-0.87799656,-0.26569447,-0.8646752,0.42631346,-0.957935,0.18703413,-0.21766672
1356430975459,0.13121039,-0.47630513,-0.869435,-0.26589262,-0.86179173,0.43199083,-0.95503134,0.17449465,-0.23972204
1356430975499,0.12477654,-0.5000291,-0.85697246,-0.26090395,-0.8498613,0.45789182,-0.9572669,0.16645336,-0.23650232
1356430975539,0.09633428,-0.5307643,-0.84202677,-0.25206542,-0.8313942,0.49522394,-0.9629033,0.16453874,-0.21387906
1356430975579,0.05544573,-0.5600908,-0.8265737,-0.23988292,-0.81107235,0.53349584,-0.9692172,0.16870086,-0.17932671
1356430975619,0.011333048,-0.58139753,-0.8135407,-0.2245353,-0.79429555,0.56451607,-0.97440004,0.17627095,-0.13954599
1356430975659,-0.027127862,-0.58989275,-0.80702585,-0.20707718,-0.78649473,0.58184636,-0.9779485,0.18290085,-0.10081744
1356430975699,-0.053503215,-0.58320236,-0.81056297,-0.18978328,-0.7909917,0.5816479,-0.98036706,0.18495134,-0.0683614
1356430975739,-0.06551081,-0.5610891,-0.825159,-0.1742711,-0.8077931,0.5631163,-0.9825161,0.18069157,-0.044862494
1356430975797,-0.06542528,-0.52539706,-0.848338,-0.16003573,-0.83362985,0.52863014,-0.98494065,0.1703502,-0.02954185
1356430975818,-0.059081078,-0.48058426,-0.8749561,-0.14615591,-0.8628775,0.483819,-0.9874957,0.15646456,-0.019260496
1356430975858,-0.053807855,-0.43288985,-0.8998394,-0.13488922,-0.88973397,0.43609437,-0.9893986,0.14484397,-0.010517448
1356430975895,-0.053853273,-0.3887254,-0.9197785,-0.13020836,-0.9105168,0.39243484,-0.9900231,0.14089672,-0.001581043
1356430975938,-0.058706105,-0.3522265,-0.9340718,-0.1335428,-0.9245046,0.35701197,-0.98930275,0.14569736,0.007236749
1356430975977,-0.06524432,-0.32541543,-0.94331753,-0.1420536,-0.932675,0.33156916,-0.9877064,0.15563467,0.014625307
1356430976017,-0.071786225,-0.3107034,-0.9477923,-0.15215819,-0.9357104,0.31826726,-0.9857458,0.16706157,0.01989505
1356430976057,-0.07810843,-0.31038886,-0.9473953,-0.16208205,-0.93370175,0.31926548,-0.9836811,0.1784931,0.022621516
1356430976097,-0.08274245,-0.3240611,-0.9424108,-0.1722291,-0.92677444,0.33380583,-0.9815757,0.18993047,0.020870775
1356430976137,-0.08008158,-0.3458603,-0.9348623,-0.18437612,-0.91655093,0.3548798,-0.97958785,0.20078564,0.009630531
1356430976177,-0.060218036,-0.36439243,-0.9292965,-0.20067385,-0.9075589,0.36887237,-0.9778056,0.20869824,-0.018472612
1356430976217,-0.013171613,-0.3659402,-0.9305451,-0.22111171,-0.90652144,0.35962263,-0.9751595,0.21049127,-0.068973266
1356430976257,0.0605368,-0.34377718,-0.9370979,-0.23978537,-0.9163369,0.32067072,-0.9689367,0.20529002,-0.13790485
1356430976297,0.14264071,-0.30723664,-0.9408822,-0.24904801,-0.9311588,0.26630512,-0.9579294,0.19633889,-0.20933783
1356430976338,0.2061882,-0.27942798,-0.93776673,-0.25028625,-0.94153965,0.22552137,-0.94596153,0.18821026,-0.26407135
1356430976386,0.23571926,-0.27792683,-0.93123204,-0.25163767,-0.9430087,0.21774548,-0.93867725,0.18300626,-0.29222217
1356430976419,0.23045135,-0.30530846,-0.92394745,-0.25712103,-0.9348633,0.24478427,-0.93849933,0.18115544,-0.29394174
1356430976459,0.1987549,-0.35123304,-0.91494906,-0.2642049,-0.9182135,0.2950928,-0.9437649,0.18308288,-0.27529693
1356430976499,0.15270567,-0.40045485,-0.9035025,-0.26859316,-0.8966298,0.35201237,-0.9510724,0.18892035,-0.2444799
1356430976539,0.10095441,-0.44349527,-0.89057297,-0.26793104,-0.874194,0.4049664,-0.95813423,0.19772899,-0.20707989
1356430976579,0.052936256,-0.47173747,-0.8801486,-0.26127353,-0.8572246,0.44373655,-0.9638122,0.20646976,-0.16863076
1356430976619,0.015854895,-0.48082924,-0.87667096,-0.24935873,-0.85097903,0.46222824,-0.9682814,0.21127696,-0.13339114
1356430976659,-0.006088972,-0.46858156,-0.88339925,-0.23277175,-0.8584844,0.4569704,-0.97251236,0.20841289,-0.10384527
1356430976699,-0.014050245,-0.43646473,-0.89961165,-0.21124913,-0.87809646,0.42932546,-0.9773312,0.19607429,-0.079865314
1356430976739,-0.014647484,-0.39075592,-0.9203778,-0.1863623,-0.90328044,0.38646293,-0.98237187,0.1771844,-0.059591375
1356430976779,-0.01526165,-0.34034553,-0.9401766,-0.16408786,-0.92668575,0.33812544,-0.98632765,0.1594319,-0.04170388
1356430976819,-0.018567502,-0.29206538,-0.9562181,-0.151413,-0.9445312,0.29143584,-0.98829615,0.1501951,-0.02668485
1356430976859,-0.02272451,-0.24958941,-0.96808505,-0.15044463,-0.9564545,0.25012234,-0.9883572,0.1513271,-0.015814427
1356430976899,-0.025567591,-0.21629247,-0.97599375,-0.15748766,-0.9632499,0.21759391,-0.9871899,0.15927035,-0.009435359
1356430976939,-0.027309775,-0.1970066,-0.9800217,-0.16786803,-0.9655608,0.19877753,-0.9854311,0.16994289,-0.006701801
1356430976979,-0.029670954,-0.19678271,-0.9799981,-0.17910239,-0.96351594,0.19889568,-0.98338294,0.18142141,-0.0066558756
1356430977019,-0.033069015,-0.21703699,-0.9756031,-0.19086447,-0.9568008,0.21932371,-0.9810592,0.19346078,-0.009784192
1356430977059,-0.033489287,-0.2517018,-0.9672252,-0.20351563,-0.94577384,0.25316608,-0.9784987,0.20532382,-0.019551907
1356430977099,-0.021755159,-0.28678232,-0.9577487,-0.2175988,-0.9336515,0.28450954,-0.9757958,0.21459451,-0.042091757
1356430977139,0.0140250325,-0.30187517,-0.95324427,-0.23299664,-0.9280813,0.29047844,-0.9723764,0.21802875,-0.08335227
1356430977179,0.07641667,-0.28607482,-0.9551554,-0.24485011,-0.9340072,0.26015174,-0.96654487,0.21398996,-0.14141917
1356430977219,0.14860523,-0.2513232,-0.9564273,-0.2465867,-0.94603276,0.2102783,-0.9576594,0.20459378,-0.20255837
1356430977259,0.20372182,-0.22767462,-0.95218784,-0.24162127,-0.95419157,0.17645854,-0.9487447,0.19412038,-0.24940068
1356430977299,0.22546494,-0.23900434,-0.94448,-0.24032149,-0.95312876,0.18382373,-0.94414574,0.18553305,-0.272335
1356430977339,0.21356785,-0.28718105,-0.93376434,-0.24649216,-0.9407323,0.23294711,-0.94532025,0.18041557,-0.27169806
1356430977386,0.17731124,-0.35701993,-0.9171137,-0.2546334,-0.91679037,0.30766422,-0.95064324,0.17897545,-0.25346643
1356430977419,0.12778431,-0.4303453,-0.8935738,-0.25784224,-0.88439554,0.38905263,-0.9576996,0.18068624,-0.22397307
1356430977459,0.07567173,-0.4927451,-0.8668772,-0.25252926,-0.8504982,0.46139115,-0.9646257,0.18399757,-0.18879122
1356430977499,0.030470967,-0.5349903,-0.84430856,-0.23964606,-0.8239735,0.5134564,-0.97038203,0.18668969,-0.15331559
1356430977539,-0.0015060902,-0.5534768,-0.8328632,-0.22260344,-0.8117812,0.53986937,-0.9749079,0.18621133,-0.12198323
1356430977579,-0.017456532,-0.5474329,-0.8366675,-0.20383696,-0.8172725,0.5389956,-0.97884923,0.17995274,-0.09732038
1356430977618,-0.019833386,-0.51999885,-0.8539367,-0.18360108,-0.8376856,0.5143671,-0.9828007,0.16698536,-0.07885821
1356430977657,-0.016299903,-0.47973633,-0.8772613,-0.16283554,-0.8643909,0.47572362,-0.9865186,0.15060355,-0.06402863
1356430977697,-0.01480931,-0.4381231,-0.898793,-0.1456083,-0.88836443,0.43543875,-0.98923147,0.13732027,-0.050638348
1356430977737,-0.018364131,-0.40340167,-0.91483873,-0.13694052,-0.90535545,0.40196884,-0.9904091,0.13266027,-0.038616024
1356430977777,-0.025390029,-0.38014048,-0.9245802,-0.13791268,-0.91470283,0.37986672,-0.99011886,0.13715619,-0.029201806
1356430977817,-0.033821642,-0.37244478,-0.92743784,-0.14481947,-0.91634864,0.37327278,-0.98887986,0.14693576,-0.022944838
1356430977857,-0.044282734,-0.3865256,-0.921215,-0.15329233,-0.9085704,0.3885889,-0.98718816,0.15842295,-0.019017488
1356430977897,-0.05862242,-0.4286744,-0.9015552,-0.16039489,-0.8873305,0.43234026,-0.98531055,0.1699497,-0.016739734
1356430977938,-0.07579082,-0.49667987,-0.86461836,-0.16550389,-0.8488184,0.5021113,-0.9832925,0.18115309,-0.01786986
1356430977977,-0.08999896,-0.5775974,-0.8113454,-0.17058459,-0.79367286,0.58393854,-0.98122424,0.1909569,-0.02709943
1356430978017,-0.09130663,-0.64905167,-0.755245,-0.18212304,-0.7347377,0.653446,-0.97902715,0.19721146,-0.051120847
1356430978057,-0.072576046,-0.6974274,-0.7129711,-0.20627557,-0.6889039,0.6948825,-0.9757987,0.19750032,-0.09386431
1356430978097,-0.03570491,-0.722643,-0.69029856,-0.24059829,-0.66420627,0.70777285,-0.96996784,0.19135565,-0.1501512
1356430978137,0.0052515864,-0.7374801,-0.67534846,-0.2736768,-0.6506331,0.7083627,-0.9618074,0.18110716,-0.20524809
1356430978177,0.030516684,-0.7592536,-0.65007895,-0.29514682,-0.62822586,0.71987545,-0.95496446,0.1699005,-0.24326262
1356430978217,0.030667365,-0.7927521,-0.6087722,-0.30074126,-0.588154,0.7507526,-0.95321256,0.16005933,-0.25645038
1356430978257,0.010766149,-0.8286791,-0.5596205,-0.29008678,-0.5381735,0.7913399,-0.9569397,0.15381885,-0.24618283
1356430978297,-0.019609451,-0.85757446,-0.51398593,-0.266109,-0.49106437,0.82948285,-0.9637435,0.15304196,-0.21857876
1356430978337,-0.053200603,-0.8758334,-0.47967213,-0.23349568,-0.45612562,0.85873693,-0.9709013,0.15768677,-0.18023717
1356430978387,-0.08479267,-0.88306314,-0.46152973,-0.19725853,-0.43915302,0.8764894,-0.97667766,0.16536054,-0.13695478
1356430978419,-0.10990524,-0.8793204,-0.46337515,-0.1630458,-0.44393438,0.8811006,-0.98047787,0.17238897,-0.09457868
1356430978459,-0.12544131,-0.86424184,-0.4871863,-0.13573104,-0.4714977,0.8713592,-0.98277235,0.17543074,-0.058159173
1356430978499,-0.12972635,-0.8356918,-0.53365755,-0.11779919,-0.5214045,0.8451395,-0.9845276,0.17250124,-0.030803978
1356430978537,-0.12392908,-0.7913232,-0.59870625,-0.10780975,-0.5890482,0.80087405,-0.98641706,0.16379797,-0.012312174
1356430978577,-0.11253524,-0.7309782,-0.6730577,-0.10237783,-0.66522586,0.7395899,-0.9883596,0.15213612,2.540648E-5
1356430978617,-0.10195631,-0.6590815,-0.74512845,-0.10006112,-0.73843855,0.6668556,-0.98974377,0.14254853,0.009340018
1356430978657,-0.0959869,-0.5837801,-0.80621797,-0.10204224,-0.79991937,0.5913683,-0.99013835,0.13903184,0.017211512
1356430978697,-0.094037,-0.51272124,-0.8533896,-0.108911335,-0.8467455,0.5207306,-0.9895935,0.14191176,0.02378431
1356430978737,-0.09431416,-0.45285773,-0.88658047,-0.118549764,-0.8791047,0.46165046,-0.9884589,0.14864406,0.029225715
1356430978796,-0.09666121,-0.4110216,-0.9064866,-0.12782238,-0.89808345,0.42084152,-0.9870755,0.15654834,0.034272067
1356430978817,-0.101555586,-0.3914658,-0.91457146,-0.13503823,-0.90539116,0.40253127,-0.9856222,0.16438144,0.03908474
1356430978858,-0.10678893,-0.39187998,-0.9137977,-0.1404506,-0.9038921,0.40404543,-0.98431176,0.171491,0.0414859
1356430978895,-0.10581058,-0.40232497,-0.9093617,-0.14589508,-0.8983179,0.4144148,-0.9836253,0.17652085,0.036354303
1356430978938,-0.08863276,-0.40736485,-0.9089544,-0.15439968,-0.8958969,0.41656855,-0.9840249,0.17726389,0.016508877
1356430978977,-0.04826653,-0.39453828,-0.91761094,-0.1668761,-0.90258425,0.3968551,-0.98479575,0.17228219,-0.022274345
1356430979019,0.014442861,-0.35821795,-0.9335263,-0.17934231,-0.9194114,0.35002708,-0.9836807,0.16236538,-0.077522576
1356430979068,0.08271742,-0.30998018,-0.94713783,-0.18489376,-0.9386682,0.2910607,-0.9792712,0.1510441,-0.13495761
1356430979107,0.12668711,-0.27760634,-0.95230514,-0.18376842,-0.9499899,0.25248432,-0.97477156,0.14301711,-0.17136675
1356430979147,0.13917047,-0.2699198,-0.9527722,-0.18197246,-0.9527219,0.24332504,-0.9734052,0.13951464,-0.18170872
1356430979187,0.12511277,-0.2804018,-0.9516941,-0.18167374,-0.9494873,0.25586817,-0.97536737,0.14088543,-0.16973463
1356430979227,0.0931713,-0.29848087,-0.949857,-0.18160494,-0.9430977,0.27854326,-0.97894776,0.14654648,-0.14207524
1356430979267,0.052164674,-0.31429297,-0.94789183,-0.179587,-0.93666226,0.3006865,-0.9823581,0.15454382,-0.105303615
1356430979307,0.0110503435,-0.31926787,-0.94760007,-0.17431934,-0.9337618,0.31257266,-0.9846272,0.16173097,-0.065972954
1356430979348,-0.02185738,-0.30682707,-0.95151424,-0.16568777,-0.9374689,0.306104,-0.98593605,0.1643449,-0.030346874
1356430979387,-0.04088837,-0.2732146,-0.9610837,-0.15372744,-0.948715,0.27623862,-0.98726696,0.1590399,-0.0032091737
1356430979428,-0.04686117,-0.220674,-0.9742212,-0.1392404,-0.96432793,0.22513065,-0.9891492,0.14620084,0.014462799
1356430979467,-0.045414925,-0.15903941,-0.9862271,-0.12281379,-0.97886765,0.16350809,-0.99139005,0.128548,0.024922965
1356430979507,-0.042956054,-0.096500024,-0.9944056,-0.1083426,-0.98900473,0.10065605,-0.99318516,0.112060264,0.032028615
1356430979548,-0.04273677,-0.039801568,-0.9982932,-0.101136714,-0.99390095,0.043956093,-0.9939541,0.10284264,0.038450778
1356430979587,-0.043739676,0.007753283,-0.9990129,-0.10354071,-0.99462014,-0.003185887,-0.993663,0.103299156,0.044307083
1356430979627,-0.043972373,0.043840893,-0.9980703,-0.11352592,-0.9927846,-0.038607057,-0.9925614,0.111609206,0.048632175
1356430979667,-0.043385506,0.06576976,-0.9968912,-0.12663595,-0.99014425,-0.059813343,-0.991,0.123647235,0.051286727
1356430979707,-0.043657064,0.070635945,-0.9965463,-0.13965175,-0.9881354,-0.063921854,-0.98923784,0.13637881,0.05300346
1356430979747,-0.04522699,0.05782535,-0.99730164,-0.15151438,-0.98717093,-0.05036687,-0.9874198,0.14882761,0.053408206
1356430979787,-0.044757605,0.031319797,-0.9985068,-0.16212279,-0.9864865,-0.023675673,-0.98575497,0.16082105,0.049230486
1356430979827,-0.034110546,0.0012781024,-0.99941725,-0.17122512,-0.9852212,0.0045840517,-0.98464125,0.1712817,0.033825338
1356430979867,-0.0037204027,-0.018430233,-0.9998233,-0.17773472,-0.98389894,0.018798053,-0.98407143,0.17777324,3.847489E-4
1356430979907,0.052182615,-0.0141773,-0.9985369,-0.17879233,-0.98387593,0.0046256185,-0.98250204,0.17828937,-0.053876013
1356430979947,0.12253994,0.010667898,-0.9924063,-0.17151076,-0.9846701,-0.031762473,-0.9775316,0.17410052,-0.118831754
1356430979987,0.18532956,0.03839606,-0.981926,-0.1586904,-0.9849517,-0.068465725,-0.9697785,0.16851094,-0.17644757
1356430980047,0.21441239,0.03934573,-0.9759504,-0.15161169,-0.98573714,-0.07304877,-0.9649047,0.16362804,-0.205389
1356430980087,0.2132985,0.01115863,-0.97692335,-0.15493035,-0.98689544,-0.04509955,-0.9646244,0.16097474,-0.2087745
1356430980127,0.18590772,-0.04041242,-0.9817358,-0.1655812,-0.9861529,0.009238742,-0.9685149,0.16083941,-0.19002497
1356430980167,0.14051187,-0.104547195,-0.9845437,-0.17655978,-0.9811157,0.07898496,-0.97420895,0.1627325,-0.15631723
1356430980208,0.08746177,-0.16663618,-0.9821318,-0.18123935,-0.9721171,0.14879712,-0.9795421,0.16498688,-0.11522412
1356430980247,0.037786067,-0.21257092,-0.9764148,-0.17710079,-0.9630694,0.20281196,-0.9834671,0.16526037,-0.074037075
1356430980287,2.7006865E-4,-0.23285227,-0.97251207,-0.16574691,-0.9590711,0.22958799,-0.9861683,0.16112886,-0.03885362
1356430980328,-0.021514118,-0.22483139,-0.97416013,-0.14957418,-0.9626954,0.22548869,-0.9885164,0.15056041,-0.012917429
1356430980386,-0.03028065,-0.1925379,-0.98082227,-0.13056344,-0.9721029,0.19485712,-0.99097747,0.13395992,0.0042974353
1356430980409,-0.032601833,-0.14541622,-0.98883325,-0.11155342,-0.982648,0.14818452,-0.9932235,0.115138814,0.015814452
1356430980449,-0.034341335,-0.09282609,-0.99508995,-0.09791551,-0.9905746,0.09578401,-0.994602,0.100724086,0.02492854
1356430980489,-0.037177622,-0.040990096,-0.9984677,-0.09476426,-0.9945111,0.04435618,-0.99480534,0.0962681,0.0330891
1356430980529,-0.039311826,0.005966261,-0.9992091,-0.10250162,-0.9947309,-0.001906801,-0.9939557,0.1023456,0.039716363
1356430980569,-0.03907615,0.044426728,-0.9982481,-0.11709233,-0.992332,-0.039579872,-0.992352,0.11534056,0.0439786
1356430980609,-0.037321687,0.069070525,-0.99691343,-0.13365766,-0.98898995,-0.06351778,-0.9903246,0.13087453,0.046142578
1356430980649,-0.036076605,0.07469385,-0.9965537,-0.14950103,-0.98638463,-0.06851951,-0.9881032,0.14651385,0.046752155
1356430980689,-0.035374284,0.05962744,-0.99759376,-0.16346174,-0.9851205,-0.053085614,-0.9859153,0.16119055,0.044594675
1356430980729,-0.030646563,0.029303491,-0.9991006,-0.1742882,-0.98441356,-0.02352658,-0.9842177,0.17341045,0.035276204
1356430980769,-0.012493372,-0.0017679706,-0.99992037,-0.18064877,-0.9835396,0.003996104,-0.9834683,0.18068433,0.011968344
1356430980807,0.028066218,-0.01509463,-0.9994921,-0.18096212,-0.98344153,0.009770729,-0.9830895,0.18059596,-0.030333042
1356430980847,0.08894551,-0.0031656995,-0.9960314,-0.1727046,-0.98489696,-0.012292191,-0.9809494,0.17311257,-0.08814889
1356430980887,0.15144825,0.017734542,-0.9883061,-0.1573271,-0.98666096,-0.041813865,-0.9758646,0.16181996,-0.14663795
1356430980927,0.19472444,0.021785934,-0.980616,-0.14371046,-0.9883307,-0.050494436,-0.970273,0.15075728,-0.18932128
1356430980967,0.2091772,-0.006727539,-0.9778546,-0.14052582,-0.98980397,-0.023250744,-0.9677279,0.14227733,-0.20798981
1356430981007,0.19611675,-0.065885305,-0.97836465,-0.14805475,-0.98829144,0.03687569,-0.96933895,0.13761958,-0.20357513
1356430981047,0.1628663,-0.1408711,-0.9765398,-0.16035293,-0.98037505,0.11468084,-0.9735305,0.13791336,-0.18225914
1356430981087,0.117700934,-0.21479207,-0.9695416,-0.17123812,-0.96609306,0.19324002,-0.9781738,0.14327794,-0.15049064
1356430981127,0.06979394,-0.2723897,-0.9596524,-0.17666438,-0.95016754,0.256849,-0.9817935,0.15160988,-0.11443749
1356430981167,0.027924895,-0.30347002,-0.9524317,-0.1756902,-0.93946123,0.29418615,-0.9840493,0.15911779,-0.07955107
1356430981207,-0.0022208095,-0.30467528,-0.9524537,-0.169211,-0.93860686,0.30064043,-0.9855773,0.16183332,-0.049469884
1356430981247,-0.020139515,-0.27961972,-0.9598996,-0.15763336,-0.94719803,0.279227,-0.98729235,0.15693568,-0.025001343
1356430981287,-0.030001462,-0.23673102,-0.97111195,-0.14104107,-0.96082604,0.2385809,-0.9895491,0.14412443,-0.004562672
1356430981327,-0.038082898,-0.18660131,-0.9816973,-0.12210228,-0.9741794,0.18990903,-0.9917866,0.12709977,0.014315188
1356430981386,-0.048413277,-0.13727552,-0.98934907,-0.10747082,-0.9840444,0.14179848,-0.9930288,0.11319108,0.032887638
1356430981409,-0.060852826,-0.0934905,-0.99375874,-0.10306515,-0.9896935,0.099419266,-0.9928114,0.10847184,0.050590098
1356430981450,-0.07224047,-0.05644477,-0.99578875,-0.11013659,-0.9918401,0.06421091,-0.99128765,0.1143114,0.06543437
1356430981489,-0.08001417,-0.028150603,-0.9963962,-0.12466258,-0.9914704,0.038022295,-0.98896766,0.12725563,0.07582235
1356430981529,-0.08447373,-0.012818776,-0.99634314,-0.1412166,-0.98967034,0.024705809,-0.98636806,0.1427872,0.08179098
1356430981569,-0.087456346,-0.014765799,-0.996059,-0.1558605,-0.987373,0.028321967,-0.9838999,0.15772317,0.084050626
1356430981609,-0.089297295,-0.035305306,-0.99537915,-0.16670538,-0.98474413,0.049883537,-0.9819549,0.17038953,0.08204934
1356430981649,-0.086022735,-0.069311306,-0.9938793,-0.17337629,-0.98131454,0.08344122,-0.9810916,0.17949295,0.072398424
1356430981689,-0.068979144,-0.10428928,-0.9921521,-0.17657326,-0.9775429,0.11502986,-0.98186755,0.18312217,0.049015373
1356430981729,-0.028728843,-0.12368637,-0.9919054,-0.17683148,-0.9760354,0.12682906,-0.9838218,0.17904374,0.0061686654
1356430981769,0.034621894,-0.119173646,-0.99226964,-0.17223191,-0.97872144,0.111537024,-0.98444784,0.16703887,-0.054410696
1356430981808,0.10477871,-0.10105525,-0.9893479,-0.16119756,-0.9833941,0.08337518,-0.9813444,0.15074453,-0.11932862
1356430981847,0.15931344,-0.09175984,-0.98295444,-0.14858337,-0.9865582,0.06801443,-0.9759827,0.13521506,-0.17080596
1356430981888,0.18553478,-0.107449755,-0.9767453,-0.14166994,-0.9865436,0.08161715,-0.9723715,0.12323265,-0.19826055
1356430981925,0.18353951,-0.1490409,-0.9716481,-0.14268802,-0.9820102,0.123677276,-0.9726013,0.11594287,-0.20150402
1356430981968,0.15942174,-0.20698553,-0.96526766,-0.14858875,-0.97166497,0.1838167,-0.9759642,0.11412352,-0.18566024
1356430982007,0.12155998,-0.26704803,-0.9559856,-0.15491794,-0.95642954,0.24747318,-0.98042005,0.11801649,-0.15763408
1356430982047,0.07669854,-0.3187285,-0.94473773,-0.15857498,-0.9393678,0.30404294,-0.9843634,0.12649211,-0.12259051
1356430982087,0.032455802,-0.35245302,-0.93526655,-0.15821436,-0.92577267,0.3433849,-0.9868713,0.13682777,-0.08580983
1356430982127,-0.004122019,-0.36181888,-0.9322393,-0.15452442,-0.9208193,0.3580698,-0.98798037,0.14552972,-0.05211415
1356430982167,-0.029095769,-0.34480646,-0.93822277,-0.1483478,-0.9267361,0.34518552,-0.98850715,0.1492267,-0.024187177
1356430982207,-0.04327762,-0.30439064,-0.9515636,-0.139532,-0.9412795,0.30744693,-0.9892713,0.14607915,-0.00173584
1356430982247,-0.051762402,-0.24886458,-0.96715415,-0.12894394,-0.9586804,0.25358525,-0.99030006,0.13783485,0.017533958
1356430982287,-0.060105443,-0.18874852,-0.98018426,-0.12054445,-0.97340053,0.19483408,-0.9908866,0.12986636,0.035754144
1356430982327,-0.0701195,-0.13209213,-0.9887542,-0.119006015,-0.98300743,0.13976395,-0.99041444,0.12746787,0.053208232
1356430982385,-0.07952809,-0.08291637,-0.99337816,-0.12523863,-0.9878072,0.09247777,-0.98893404,0.13176389,0.06817415
1356430982409,-0.08611697,-0.045044918,-0.9952662,-0.13620777,-0.989065,0.056549847,-0.98693025,0.1404329,0.07903981
1356430982449,-0.089850426,-0.022888009,-0.99569225,-0.1476743,-0.98837894,0.03604591,-0.98494625,0.1502769,0.08542636
1356430982489,-0.09223807,-0.02042649,-0.9955275,-0.15726608,-0.98694223,0.034821425,-0.9832394,0.15977456,0.087821186
1356430982529,-0.093835235,-0.038977414,-0.9948245,-0.1646448,-0.9848673,0.054117132,-0.98187935,0.16887076,0.08599776
1356430982569,-0.09133351,-0.07278171,-0.9931571,-0.1707366,-0.9814129,0.08762248,-0.9810745,0.17757113,0.07720938
1356430982609,-0.07712877,-0.109390624,-0.99100196,-0.17645594,-0.9767744,0.121553525,-0.9812821,0.18424346,0.056034714
1356430982649,-0.04188317,-0.13175443,-0.9903972,-0.1812197,-0.97382337,0.13721323,-0.9825504,0.18522641,0.016910315
1356430982690,0.017180145,-0.12818746,-0.9916011,-0.18110375,-0.97574204,0.12299957,-0.9833139,0.17746952,-0.039978623
1356430982729,0.08703011,-0.10562488,-0.9905903,-0.1719225,-0.98103625,0.08950158,-0.9812586,0.16251543,-0.10353899
1356430982769,0.14499497,-0.0869842,-0.9856015,-0.15735883,-0.9854769,0.063823655,-0.9768391,0.14583898,-0.15657693
1356430982809,0.17571378,-0.09279022,-0.9800585,-0.146588,-0.9869153,0.06715779,-0.97346634,0.13186426,-0.18701655
1356430982849,0.17716342,-0.12892734,-0.97570014,-0.14437936,-0.98406136,0.10381639,-0.97353363,0.1224785,-0.19295412
1356430982889,0.15381807,-0.19041094,-0.9695791,-0.1490086,-0.974505,0.16773899,-0.976799,0.11867435,-0.17826936
1356430982929,0.11433935,-0.26370108,-0.95780385,-0.15485054,-0.9570733,0.2450144,-0.98129904,0.120301664,-0.1502654
1356430982969,0.06636971,-0.33627617,-0.93942183,-0.15672207,-0.9333249,0.32302138,-0.98541015,0.12578928,-0.114646405
1356430983009,0.018531322,-0.3960481,-0.9180428,-0.15196493,-0.9086484,0.38892776,-0.9882122,0.13230292,-0.07702387
1356430983048,-0.021487236,-0.43477324,-0.9002836,-0.14141378,-0.89011616,0.43323827,-0.98971736,0.13662161,-0.04235679
1356430983087,-0.049177766,-0.44921267,-0.8920704,-0.1272089,-0.8830604,0.4516883,-0.99065614,0.13569231,-0.013716966
1356430983127,-0.06531423,-0.4424938,-0.8943899,-0.11037351,-0.8876004,0.44719487,-0.99174184,0.12792514,0.009133287
1356430983167,-0.07536149,-0.42220956,-0.90336025,-0.092585325,-0.89906025,0.42792362,-0.99284875,0.11588687,0.028664112
1356430983207,-0.08568925,-0.39833546,-0.91322845,-0.07806693,-0.9110974,0.40473098,-0.9932588,0.10597402,0.04697436
1356430983247,-0.09891671,-0.37803692,-0.920491,-0.071773976,-0.9199078,0.3855103,-0.9925039,0.10420069,0.06386098
1356430983287,-0.11340517,-0.3645128,-0.9242672,-0.07535873,-0.92443305,0.37382454,-0.9906869,0.112045184,0.07736614
1356430983327,-0.12641513,-0.35992217,-0.9243783,-0.08607513,-0.92435944,0.37168622,-0.98823595,0.12655273,0.08587268
1356430983382,-0.1372351,-0.3685827,-0.9194092,-0.10168344,-0.9180455,0.38321376,-0.9853055,0.14607906,0.08850938
1356430983419,-0.14810526,-0.4058151,-0.90187526,-0.111380905,-0.89928603,0.42294088,-0.9826796,0.16309145,0.08798894
1356430983459,-0.15729225,-0.45822534,-0.87480783,-0.11619505,-0.8710944,0.47717232,-0.9806926,0.17670383,0.08377281
1356430983499,-0.16047174,-0.52050734,-0.8386423,-0.117866814,-0.83346856,0.53984964,-0.97997767,0.18547867,0.072397545
1356430983539,-0.14993274,-0.57987535,-0.8007901,-0.12171188,-0.7929597,0.59699345,-0.981176,0.1869745,0.048312902
1356430983579,-0.11864895,-0.62358785,-0.7726969,-0.13407943,-0.76100445,0.63473994,-0.98384196,0.17891401,0.0066821277
1356430983619,-0.068149686,-0.64970225,-0.75712794,-0.15511294,-0.7427641,0.6513383,-0.9855433,0.16182882,-0.050158143
1356430983658,-0.012411475,-0.6679989,-0.7440588,-0.1772615,-0.73086035,0.65910655,-0.9840855,0.14007348,-0.10933937
1356430983697,0.029273868,-0.6927051,-0.7206266,-0.19290072,-0.71129847,0.67590225,-0.98078156,0.11922312,-0.15444578
1356430983737,0.046031,-0.7294626,-0.6824701,-0.19883695,-0.67621404,0.7093648,-0.978951,0.10304752,-0.1761709
1356430983777,0.039294124,-0.7725123,-0.63378286,-0.19443515,-0.62806016,0.7534821,-0.98012805,0.0936223,-0.17488259
1356430983817,0.016783834,-0.81247836,-0.58274955,-0.18006009,-0.575759,0.7975461,-0.98351234,0.09154409,-0.15595832
1356430983857,-0.013589263,-0.8434357,-0.53705823,-0.15738457,-0.52860856,0.83414805,-0.9874439,0.09586015,-0.12556028
1356430983897,-0.04601884,-0.86372155,-0.5018639,-0.12959462,-0.49298847,0.86033,-0.9904986,0.10463026,-0.0892469
