1356790286223,0.6156281,0.042931914,-0.7868665,-0.78758025,-4.6479702E-4,-0.6162119,-0.026820898,0.9990779,0.033526197
1356790286369,0.616205,0.048415124,-0.7860963,-0.7872154,0.0072546154,-0.6166354,-0.024151683,0.99880093,0.042583466
1356790286407,-0.19675875,0.0439187,-0.97946775,-0.98020065,-0.031425357,0.19549686,-0.022194147,0.9985407,0.049232364
1356790286447,-0.20555496,0.050086588,-0.977363,-0.97843313,-0.031322837,0.20417482,-0.020387381,0.9982535,0.055444956
1356790286488,-0.21429896,0.056438535,-0.97513616,-0.9765917,-0.031349182,0.2128044,-0.018559366,0.9979137,0.061835527
1356790286528,-0.22163922,0.062309563,-0.97313595,-0.97498316,-0.031400084,0.22004947,-0.016845375,0.99756277,0.06771034
1356790286569,-0.22645617,0.06696069,-0.971717,-0.9739009,-0.031252027,0.22481155,-0.015314549,0.99726605,0.0722903
1356790286607,-0.2276746,0.069782436,-0.97123355,-0.9736348,-0.030783534,0.22602573,-0.014125347,0.9970871,0.07495117
1356790286651,-0.2251063,0.07025474,-0.97179806,-0.97424215,-0.029937685,0.22350815,-0.013390869,0.99707973,0.075184345
1356790286690,-0.2199595,0.06935972,-0.9730401,-0.975421,-0.029037356,0.21842787,-0.013104409,0.997169,0.07404196
1356790286729,-0.21333635,0.067364335,-0.9746536,-0.97688675,-0.028404057,0.211862,-0.013412118,0.9973241,0.07186693
1356790286777,-0.20667213,0.06520975,-0.9762348,-0.978305,-0.028411448,0.2052126,-0.014354378,0.99746704,0.06966686
1356790286820,-0.20195156,0.06390345,-0.97730845,-0.9792739,-0.02889669,0.20046821,-0.015430391,0.9975376,0.06841475
1356790286858,-0.20011365,0.063755035,-0.9776961,-0.97963417,-0.029793859,0.19856754,-0.016469717,0.9975207,0.06841886
1356790286900,-0.20081425,0.06432238,-0.97751534,-0.9794767,-0.030800939,0.19919035,-0.017295986,0.9974537,0.06918752
1356790286940,-0.20275325,0.06498641,-0.97707105,-0.97906715,-0.03164029,0.2010631,-0.017848492,0.99738437,0.07004124
1356790286977,-0.2044031,0.06486368,-0.9767355,-0.97871816,-0.03206402,0.20268872,-0.018170923,0.99737895,0.070037246
1356790287019,-0.20375341,0.06312242,-0.9769852,-0.97885287,-0.03170091,0.20209476,-0.018214673,0.9975022,0.06824672
1356790287067,-0.199952,0.05928442,-0.97801054,-0.9796448,-0.030188918,0.19845608,-0.017759651,0.9977846,0.064113975
1356790287108,-0.19492996,0.054745734,-0.9792881,-0.9806723,-0.028035581,0.1936382,-0.016854078,0.9981066,0.059152663
1356790287148,-0.1891231,0.050048172,-0.9806771,-0.98183197,-0.025344193,0.18805236,-0.015442818,0.9984252,0.05393207
1356790287190,-0.18305123,0.045823276,-0.98203486,-0.9830075,-0.022480845,0.1821836,-0.013728738,0.99869657,0.049159765
1356790287268,-0.17636889,0.04199043,-0.9834281,-0.9842516,-0.019652486,0.17567745,-0.011950016,0.99892473,0.044795215
1356790287270,-0.16922414,0.03871894,-0.9848168,-0.9855182,-0.01761496,0.16865215,-0.010817498,0.99909484,0.041139126
1356790287308,-0.16273153,0.03528166,-0.9860394,-0.98660755,-0.017100275,0.16221341,-0.01113838,0.9992311,0.037591875
1356790287349,-0.15895182,0.031371176,-0.9867878,-0.9871978,-0.018435776,0.15843174,-0.013221949,0.9993378,0.033900023
1356790287389,-0.15964156,0.026524067,-0.9868187,-0.98701763,-0.02214241,0.15907857,-0.017631143,0.9994029,0.029714525
1356790287436,-0.16743988,0.020090759,-0.9856775,-0.9855676,-0.02866602,0.16683695,-0.024903625,0.999387,0.024600685
1356790287480,-0.18712556,0.012842387,-0.982252,-0.98178864,-0.035820365,0.18656898,-0.032788604,0.9992757,0.019311428
1356790287530,-0.20817745,0.0032666326,-0.97808564,-0.97719663,-0.043452084,0.2078431,-0.041820884,0.99905026,0.012237847
1356790287570,-0.23920453,-0.006968528,-0.97094417,-0.9697224,-0.04894638,0.23925477,-0.049191445,0.9987771,0.0049506426
1356790287609,-0.26372367,-0.018478721,-0.9644213,-0.9630388,-0.051786244,0.26433784,-0.054828405,0.9984872,-0.0041384697
1356790287647,-0.28324884,-0.031108052,-0.9585418,-0.9572356,-0.05222112,0.28455764,-0.058908165,0.9981509,-0.014986157
1356790287689,-0.29500443,-0.045883924,-0.95439357,-0.95351505,-0.05014634,0.29714373,-0.061493456,0.99768734,-0.028957665
1356790287727,-0.30098134,-0.061696976,-0.95163214,-0.9515611,-0.046267033,0.3039585,-0.062782526,0.9970219,-0.044782937
1356790287769,-0.30015296,-0.07929754,-0.9505893,-0.95181215,-0.04085952,0.30394757,-0.06294295,0.9960133,-0.063212276
1356790287807,-0.2931955,-0.09878525,-0.95093524,-0.95400333,-0.034857035,0.29776245,-0.06256136,0.9944981,-0.08402157
1356790287849,-0.28062892,-0.12035167,-0.95224094,-0.9577888,-0.029337645,0.28597182,-0.0623537,0.9922977,-0.1070385
1356790287888,-0.26292658,-0.1441985,-0.95397925,-0.96275437,-0.025389314,0.2691828,-0.06303665,0.989223,-0.1321522
1356790287929,-0.24095803,-0.17003787,-0.95552415,-0.96835196,-0.023884118,0.24844316,-0.065066636,0.9851481,-0.15890145
1356790287968,-0.2120291,-0.19976923,-0.95662737,-0.9748175,-0.025977492,0.22148567,-0.06909683,0.97949857,-0.18923056
1356790288008,-0.1765657,-0.23285535,-0.95634866,-0.9814365,-0.032265365,0.18905365,-0.07487914,0.9719759,-0.22283578
1356790288048,-0.12821224,-0.27225417,-0.9536452,-0.98831004,-0.044908136,0.14569345,-0.08249208,0.9611769,-0.2633137
1356790288088,-0.07073182,-0.3145792,-0.9465923,-0.99343723,-0.06329745,0.09526774,-0.08988613,0.9471184,-0.30803752
1356790288129,-0.0028449595,-0.35894066,-0.93335617,-0.99547523,-0.08763382,0.036735564,-0.094979435,0.92923737,-0.35706717
1356790288167,0.06312284,-0.39792317,-0.9152446,-0.9933583,-0.113450974,-0.019184828,-0.0962013,0.91037685,-0.40244168
1356790288209,0.119203776,-0.4278552,-0.8959523,-0.98849577,-0.13575283,-0.066688746,-0.093094885,0.8935945,-0.4391153
1356790288270,0.15678036,-0.44596216,-0.8812138,-0.98372614,-0.14980245,-0.09920719,-0.087765306,0.88242674,-0.46219075
1356790288290,0.17016268,-0.451216,-0.87604153,-0.981897,-0.15270215,-0.112072885,-0.08320436,0.87925315,-0.46903187
1356790288329,0.15547198,-0.4427202,-0.88307834,-0.98447144,-0.14320683,-0.10152802,-0.0815143,0.8851501,-0.45811003
1356790288372,0.115931004,-0.42136762,-0.89944947,-0.9897866,-0.12464431,-0.06918216,-0.08296016,0.8982834,-0.43151414
1356790288409,0.05301681,-0.3865619,-0.92073834,-0.99478436,-0.10090402,-0.014917016,-0.087139815,0.91672695,-0.38989538
1356790288449,-0.026220202,-0.3399137,-0.940091,-0.9953114,-0.07870662,0.056218743,-0.093100876,0.9371574,-0.33625627
1356790288492,-0.11765611,-0.28221983,-0.95210767,-0.9880063,-0.06328297,0.14085037,-0.100002974,0.9572603,-0.27138937
1356790288529,-0.2021544,-0.22365993,-0.9534725,-0.9736088,-0.059400618,0.22035751,-0.10592198,0.97285545,-0.20574921
1356790288570,-0.27879995,-0.16611764,-0.9458729,-0.95402646,-0.06492561,0.29260576,-0.1100184,0.98396623,-0.14037931
1356790288609,-0.33822685,-0.11535704,-0.9339675,-0.9343928,-0.07680178,0.34786695,-0.11185932,0.99035054,-0.08181232
1356790288650,-0.38029438,-0.072817594,-0.92199445,-0.9181454,-0.09023166,0.3858331,-0.11128852,0.99325514,-0.032542527
1356790288689,-0.40390974,-0.039150745,-0.91396064,-0.9083003,-0.10171139,0.40576527,-0.10884625,0.99404323,0.0055215955
1356790288730,-0.41011435,-0.014258534,-0.9119226,-0.90586495,-0.109731555,0.40910587,-0.10589993,0.99385893,0.032086194
1356790288769,-0.40078622,0.002315402,-0.9161686,-0.91016465,-0.1153301,0.3978683,-0.10474059,0.9933245,0.04833013
1356790288810,-0.37961107,0.011892676,-0.92506975,-0.9188881,-0.12095398,0.3755194,-0.107424915,0.99258685,0.05684352
1356790288848,-0.3523904,0.016778827,-0.9357027,-0.9289042,-0.12788725,0.34753683,-0.11383319,0.99164677,0.060652137
1356790288890,-0.32571536,0.020100445,-0.9452542,-0.9377161,-0.13462931,0.32025507,-0.120821625,0.99069214,0.06269932
1356790288930,-0.30534834,0.02471596,-0.9519199,-0.94409037,-0.13837063,0.29924408,-0.12432155,0.99007213,0.065585315
1356790288970,-0.29363054,0.031665593,-0.9553944,-0.948071,-0.13745338,0.28682402,-0.1222398,0.99000204,0.07038176
1356790289010,-0.2907439,0.040970445,-0.9559233,-0.9500865,-0.13051581,0.28337476,-0.11315313,0.9905993,0.07687217
1356790289049,-0.2941469,0.04968956,-0.95446765,-0.9505408,-0.11943424,0.28671902,-0.09974918,0.99159795,0.08236313
1356790289089,-0.30120146,0.055548936,-0.95194113,-0.9498699,-0.1052258,0.29440582,-0.08381483,0.9928957,0.08445847
1356790289128,-0.3111273,0.056334198,-0.9486971,-0.9479416,-0.08968514,0.30555403,-0.067870885,0.9943757,0.08130509
1356790289171,-0.32263368,0.05033958,-0.94518435,-0.94501257,-0.07354033,0.31865838,-0.05346802,0.99602103,0.07129806
1356790289209,-0.3340963,0.03599587,-0.9418514,-0.94161654,-0.056945503,0.3318366,-0.041689396,0.9977282,0.052919567
1356790289270,-0.34132308,0.010778606,-0.93988425,-0.9393441,-0.039692223,0.3406717,-0.033634126,0.99915385,0.0236727
1356790289290,-0.3378116,-0.028686672,-0.94077647,-0.940712,-0.022342741,0.33846977,-0.030729115,0.99933875,-0.019438207
1356790289332,-0.31473768,-0.08566892,-0.94530475,-0.94855773,-0.007630706,0.3165123,-0.03432864,0.99629444,-0.07886028
1356790289369,-0.26529086,-0.1591138,-0.95094883,-0.96316695,-0.001208663,0.26890156,-0.0439353,0.9872595,-0.15293252
1356790289409,-0.19283837,-0.23830375,-0.9518534,-0.9796457,-0.008354306,0.20056039,-0.055746347,0.97115475,-0.23184222
1356790289458,-0.10692319,-0.311725,-0.94413716,-0.9921098,-0.029072374,0.12195492,-0.065464675,0.94972754,-0.30615687
1356790289497,-0.038553894,-0.35572213,-0.93379617,-0.9967907,-0.05191827,0.060932606,-0.07015619,0.9331486,-0.35257882
1356790289534,-0.0039288104,-0.3699798,-0.9290315,-0.9974831,-0.06432268,0.02983424,-0.070795834,0.9268104,-0.36879593
1356790289577,-0.0024473667,-0.35855,-0.9335073,-0.9976031,-0.06367916,0.0270738,-0.069152236,0.9313361,-0.35753483
1356790289617,-0.024906754,-0.3281117,-0.94431055,-0.99747866,-0.054633856,0.045292288,-0.066452295,0.94305766,-0.32592368
1356790289658,-0.068442166,-0.28015625,-0.9575114,-0.9956621,-0.04145503,0.083298385,-0.06303021,0.95905894,-0.27610368
1356790289697,-0.11780539,-0.22390723,-0.9674644,-0.9912288,-0.03224632,0.12816218,-0.059893668,0.97407687,-0.21814448
1356790289738,-0.17009777,-0.16287705,-0.9718733,-0.98369133,-0.030447304,0.17726889,-0.05846402,0.9861765,-0.1550417
1356790289778,-0.23815751,-0.107037336,-0.96531034,-0.96938336,-0.035007656,0.24304414,-0.059808016,0.9936385,-0.09542292
1356790289825,-0.25566322,-0.056919217,-0.96508884,-0.96448493,-0.053516924,0.25865954,-0.06637129,0.9969434,-0.04121542
1356790289867,-0.26688665,-0.020393997,-0.9635121,-0.96076584,-0.07269609,0.26766464,-0.075502336,0.99714553,-1.9222498E-4
1356790289907,-0.2700771,0.0022819042,-0.962836,-0.95897603,-0.09012127,0.26878083,-0.08615866,0.99592817,0.026528
1356790289947,-0.26522386,0.01241833,-0.964107,-0.95917505,-0.10521823,0.26251182,-0.098181665,0.99437165,0.03981775
1356790289987,-0.25454837,0.012768954,-0.96697575,-0.96060944,-0.11863738,0.2513059,-0.111510575,0.99285555,0.04246497
1356790290029,-0.24040759,0.0059395432,-0.97065383,-0.9625052,-0.13090265,0.23758835,-0.12564999,0.9913774,0.03718686
1356790290067,-0.22935265,-0.0026624799,-0.9733398,-0.9636489,-0.14016497,0.22745249,-0.1370337,0.9901246,0.029581487
1356790290108,-0.2239573,-0.009952426,-0.97454816,-0.96408087,-0.1442495,0.223025,-0.14279777,0.98949134,0.02271086
1356790290147,-0.22748047,-0.013981849,-0.9736823,-0.9633652,-0.14263451,0.22711834,-0.14205626,0.9896766,0.018976986
1356790290188,-0.24000913,-0.013893813,-0.9706712,-0.96149576,-0.1344859,0.23966533,-0.13387144,0.9908181,0.018918991
1356790290227,-0.26104128,-0.011385858,-0.9652605,-0.9577527,-0.12196624,0.2604496,-0.12069467,0.9924689,0.02093339
1356790290270,-0.28895044,-0.007347882,-0.9573159,-0.9517419,-0.10581726,0.28808016,-0.10341728,0.9943585,0.023582637
1356790290307,-0.32372612,-0.004178047,-0.9461416,-0.94227666,-0.0889774,0.32279667,-0.08553389,0.99602485,0.024867415
1356790290349,-0.3606177,-0.0036159754,-0.9327067,-0.93023956,-0.071394265,0.3599406,-0.06789148,0.9974416,0.02238226
1356790290387,-0.3967045,-0.009110749,-0.91790116,-0.9164693,-0.05277413,0.39660946,-0.052054852,0.99856496,0.012585998
1356790290428,-0.42683303,-0.02443707,-0.9040003,-0.90341514,-0.033442497,0.42746076,-0.040677875,0.9991418,-0.0078024864
1356790290468,-0.43764454,-0.056983203,-0.8973406,-0.89836955,-0.013809979,0.43902335,-0.037409186,0.9982796,-0.045148134
1356790290508,-0.42648894,-0.10611528,-0.89824647,-0.9034752,0.0028859377,0.42863062,-0.04289198,0.9943497,-0.0971033
1356790290548,-0.38090187,-0.1730876,-0.90827,-0.92280686,0.009754419,0.38513932,-0.057803184,0.98485804,-0.16344184
1356790290587,-0.3180285,-0.24093041,-0.91695714,-0.9450642,0.003465414,0.3268664,-0.07557443,0.97053623,-0.22879678
1356790290628,-0.25744778,-0.29536736,-0.92004275,-0.9619981,-0.011318266,0.2728214,-0.09099588,0.95531666,-0.2812289
1356790290667,-0.2196888,-0.32755956,-0.918935,-0.97033453,-0.024087757,0.2405631,-0.10093385,0.9445234,-0.3125505
1356790290708,-0.21398062,-0.33686504,-0.91691566,-0.97112083,-0.028045833,0.23693416,-0.10553047,0.94113517,-0.3211354
1356790290747,-0.23692054,-0.3267279,-0.91494125,-0.9657091,-0.02372837,0.25854012,-0.10618228,0.9448205,-0.30990237
1356790290787,-0.27873355,-0.30185664,-0.9116963,-0.95469666,-0.015929282,0.2971541,-0.1042206,0.95322025,-0.28374147
1356790290827,-0.3311839,-0.2657207,-0.9053782,-0.9381937,-0.009513557,0.3459798,-0.10054734,0.9640031,-0.24614674
1356790290867,-0.3849913,-0.2226327,-0.89566535,-0.9178881,-0.008840203,0.39674082,-0.09624535,0.97486234,-0.20094848
1356790290908,-0.43544555,-0.17564848,-0.8829127,-0.8954556,-0.01620686,0.44485575,-0.09244746,0.9843195,-0.15022826
1356790290946,-0.47286338,-0.1311925,-0.87131435,-0.87651664,-0.031083941,0.4803669,-0.0901044,0.99086946,-0.100293934
1356790290988,-0.4986832,-0.091275096,-0.86196506,-0.8621153,-0.050846815,0.5041544,-0.08984497,0.9945267,-0.053333163
1356790291028,-0.5087226,-0.058546454,-0.8589375,-0.85609066,-0.07123971,0.5118923,-0.09115997,0.99573946,-0.013879836
1356790291067,-0.5048298,-0.033952504,-0.86255085,-0.85804844,-0.08946508,0.5057162,-0.09433851,0.99541104,0.016031742
1356790291107,-0.48651677,-0.017256796,-0.8735008,-0.86792904,-0.10489488,0.48548567,-0.10000369,0.9943336,0.036055386
1356790291148,-0.45685208,-0.0076648295,-0.8895097,-0.882851,-0.11851746,0.45445335,-0.1089057,0.9929224,0.047378004
1356790291187,-0.4209695,-0.0023527741,-0.9070717,-0.8992249,-0.1301921,0.41766557,-0.11907625,0.99148595,0.05269128
1356790291227,-0.3865835,0.0020006895,-0.92225224,-0.9135087,-0.13821983,0.38261864,-0.12670809,0.9903995,0.055261195
1356790291274,-0.36197776,0.008806914,-0.93214506,-0.9235493,-0.13919711,0.35732466,-0.12660497,0.9902255,0.0585199
1356790291316,-0.34882092,0.017293632,-0.93702984,-0.9294609,-0.1345219,0.34352052,-0.12011027,0.99075973,0.06299776
1356790291356,-0.3485185,0.02654308,-0.936926,-0.93112457,-0.124378264,0.34283686,-0.1074332,0.9918798,0.06806296
1356790291397,-0.3601218,0.03441748,-0.9322703,-0.92843246,-0.11096215,0.35454276,-0.09124422,0.99322855,0.07191414
1356790291438,-0.3815251,0.03941968,-0.9235176,-0.92143977,-0.095552266,0.3765881,-0.073399216,0.99464357,0.07277846
1356790291477,-0.41191655,0.03991887,-0.91034675,-0.9094671,-0.079975665,0.40801162,-0.056518227,0.99599713,0.0692482
1356790291517,-0.44432455,0.0336681,-0.89523304,-0.8948731,-0.063712776,0.44174978,-0.042164892,0.99740016,0.058437824
1356790291557,-0.47287345,0.017294824,-0.8809606,-0.88053185,-0.046117127,0.47173804,-0.032468766,0.9987863,0.03703624
1356790291597,-0.4867822,-0.013610035,-0.8734174,-0.87300634,-0.026816845,0.48697096,-0.03005001,0.99954766,0.0011723042
1356790291637,-0.47372687,-0.06385505,-0.87835383,-0.8798708,-0.008213103,0.47514203,-0.037554204,0.9979254,-0.05229348
1356790291678,-0.42684215,-0.13278314,-0.8945247,-0.9026699,0.0027208328,0.43032497,-0.054706097,0.9911414,-0.121020734
1356790291718,-0.34624487,-0.21326673,-0.91358185,-0.9348817,-0.0027065277,0.35494927,-0.07817149,0.97699034,-0.19844204
1356790291756,-0.2609979,-0.28347686,-0.9227789,-0.96019685,-0.022302091,0.2784324,-0.09950906,0.95871973,-0.26637274
1356790291798,-0.17240602,-0.32867244,-0.92857444,-0.978382,-0.05216682,0.20011827,-0.11421415,0.9430021,-0.31257325
1356790291837,-0.15374824,-0.34928456,-0.9243169,-0.9805565,-0.061511725,0.18634728,-0.12194455,0.93499553,-0.33303595
1356790291878,-0.17148736,-0.34539008,-0.92265797,-0.97735536,-0.0582048,0.20344204,-0.12397,0.9366525,-0.3275875
1356790291917,-0.20890245,-0.32313,-0.92300963,-0.9702637,-0.049514562,0.23693159,-0.12226215,0.94505835,-0.30317754
1356790291957,-0.26001185,-0.28565395,-0.9223858,-0.95844567,-0.039761007,0.28249046,-0.11736953,0.9575076,-0.2634455
1356790291997,-0.31479603,-0.23816437,-0.9187933,-0.94277567,-0.033622622,0.33172828,-0.10989806,0.97064275,-0.21395129
1356790292037,-0.36659938,-0.18611953,-0.91157246,-0.92487407,-0.03352195,0.37879306,-0.10105845,0.9819551,-0.15984797
1356790292077,-0.41038096,-0.13486841,-0.90188575,-0.90716696,-0.04040569,0.41882637,-0.092927754,0.99003935,-0.105766356
1356790292117,-0.44119614,-0.08992529,-0.89289385,-0.8930888,-0.053533733,0.44668394,-0.08796817,0.9945087,-0.05669236
1356790292158,-0.45758933,-0.054638565,-0.8874833,-0.8847337,-0.07153016,0.46057546,-0.08864701,0.9959408,-0.015609145
1356790292196,-0.45891804,-0.030150801,-0.8879669,-0.88339233,-0.09130341,0.45965397,-0.09493336,0.9953666,0.015265822
1356790292272,-0.44439507,-0.018492699,-0.8956399,-0.8890042,-0.11408907,0.44345826,-0.11038348,0.99329835,0.03426057
1356790292284,-0.41814625,-0.014223009,-0.90826845,-0.8991066,-0.13602477,0.4160584,-0.12946463,0.9906033,0.04409021
1356790292328,-0.3882435,-0.013944715,-0.92145133,-0.9094453,-0.15577638,0.3855424,-0.14891663,0.9876939,0.047797263
1356790292378,-0.3596387,-0.0143457055,-0.9329814,-0.91852635,-0.1705358,0.3566889,-0.16422367,0.98524714,0.048154354
1356790292419,-0.33673793,-0.010860741,-0.9415357,-0.9261526,-0.176552,0.33327278,-0.1698496,0.98423135,0.049393058
1356790292458,-0.32497185,-0.0029839575,-0.945719,-0.9315481,-0.17148173,0.32064342,-0.16313028,0.98518276,0.052946985
1356790292498,-0.32178342,0.006914407,-0.9467881,-0.93515587,-0.15875536,0.3166706,-0.14811811,0.9872938,0.057550848
1356790292539,-0.3257516,0.016959578,-0.9453032,-0.93688715,-0.14009273,0.32033807,-0.12699732,0.98999316,0.06152469
1356790292596,-0.3353567,0.024024785,-0.94178486,-0.93622696,-0.11986625,0.3303198,-0.104952335,0.99249935,0.062690616
1356790292617,-0.34805274,0.025842875,-0.93711877,-0.9336761,-0.09945482,0.34403148,-0.084310204,0.9947065,0.05874437
1356790292657,-0.36246347,0.019986719,-0.9317837,-0.92958283,-0.07968116,0.35989818,-0.067052394,0.99661994,0.047460794
1356790292694,-0.37403417,0.0036438107,-0.92740774,-0.9257987,-0.060477495,0.37314767,-0.054727614,0.9981629,0.025994062
1356790292737,-0.37484378,-0.027384669,-0.9266835,-0.9257816,-0.041988134,0.37571976,-0.049198687,0.9987427,-0.009613216
1356790292777,-0.35798794,-0.07536429,-0.9306798,-0.93228346,-0.026538193,0.36075383,-0.05188653,0.99680287,-0.060760498
1356790292818,-0.31580526,-0.14061514,-0.9383467,-0.9467143,-0.019215703,0.32150096,-0.06323892,0.9898779,-0.12705392
1356790292856,-0.25856328,-0.21032959,-0.9428184,-0.96280104,-0.023182213,0.26921505,-0.07848051,0.97735566,-0.19651145
1356790292899,-0.20184451,-0.2702107,-0.9414059,-0.97502387,-0.035505414,0.21924353,-0.09266701,0.9621463,-0.25629526
1356790292937,-0.16549852,-0.30809075,-0.93685126,-0.9808969,-0.04705122,0.18875247,-0.1022329,0.95019275,-0.29441833
1356790292977,-0.15955192,-0.3206426,-0.93366563,-0.9813062,-0.051588595,0.18540981,-0.10761678,0.94579434,-0.30641747
1356790293017,-0.1775704,-0.31285298,-0.93305504,-0.97782993,-0.050834596,0.20313644,-0.11098337,0.9484402,-0.29689026
1356790293058,-0.21581095,-0.28750405,-0.933149,-0.9698156,-0.047977567,0.23907283,-0.11350462,0.95657706,-0.26847178
1356790293097,-0.25954026,-0.2530331,-0.93199414,-0.9588508,-0.047485232,0.27991134,-0.1150828,0.9662916,-0.23029667
1356790293159,-0.33050996,-0.19446379,-0.9235513,-0.9368151,-0.05125749,0.3460495,-0.11463305,0.9795696,-0.16523546
1356790293197,-0.37593162,-0.14228442,-0.91565853,-0.9196632,-0.06380397,0.3874903,-0.113556445,0.98776734,-0.10686785
1356790293277,-0.41024542,-0.09760076,-0.90673745,-0.9050011,-0.079155564,0.4179801,-0.11256853,0.9920728,-0.055855513
1356790293280,-0.43223244,-0.061332345,-0.89967406,-0.8947477,-0.095029175,0.43634394,-0.11225724,0.9935833,-0.01380229
1356790293317,-0.44223535,-0.03382045,-0.8962612,-0.88973784,-0.109483,0.44314793,-0.11311284,0.9934132,0.018325925
1356790293356,-0.44114476,-0.014973819,-0.897311,-0.8898636,-0.12231487,0.4395245,-0.11633584,0.99237835,0.040633917
1356790293401,-0.4299885,-0.0036793947,-0.9028268,-0.89440125,-0.13462251,0.42652437,-0.123110175,0.99089,0.05459529
1356790293438,-0.41232294,0.0025977194,-0.911034,-0.9013821,-0.1463685,0.40753725,-0.13228807,0.9892267,0.0626927
1356790293479,-0.39341223,0.007181287,-0.9193341,-0.90864265,-0.15529406,0.38762394,-0.13998348,0.9878422,0.0676198
1356790293518,-0.37796354,0.013021022,-0.9257289,-0.91482043,-0.15893072,0.37127432,-0.14229241,0.98720384,0.07198197
1356790293559,-0.3684243,0.021490544,-0.9294094,-0.91941214,-0.15643877,0.36084396,-0.13764086,0.9874539,0.077394426
1356790293600,-0.36512077,0.032268167,-0.9304007,-0.9224012,-0.14774609,0.35685733,-0.12594792,0.9884988,0.08370936
1356790293640,-0.36650503,0.04272154,-0.9294347,-0.92388535,-0.13486093,0.35811785,-0.110045135,0.98994315,0.08889705
1356790293680,-0.37190652,0.0507541,-0.9268817,-0.9237654,-0.11848658,0.36416808,-0.091339946,0.99165773,0.09095079
1356790293719,-0.38179445,0.0542669,-0.92265284,-0.92137015,-0.10105467,0.37532,-0.07287085,0.99339986,0.08858192
1356790293760,-0.3932808,0.05092439,-0.918007,-0.91771555,-0.08248174,0.38858047,-0.055930644,0.99529064,0.07917267
1356790293800,-0.4040413,0.037614673,-0.913967,-0.9137633,-0.06277311,0.4013678,-0.04227522,0.99731874,0.059733868
1356790293839,-0.40814418,0.010656983,-0.91285527,-0.91229427,-0.041700125,0.40740657,-0.033724517,0.99907327,0.026742041
1356790293879,-0.39772046,-0.03410119,-0.91687274,-0.9169423,-0.020271838,0.39850459,-0.032176197,0.99921274,-0.023206294
1356790293919,-0.36952007,-0.09494254,-0.9243596,-0.9284495,-0.002847433,0.37144753,-0.037898242,0.99547863,-0.08709717
1356790293958,-0.32577217,-0.16375428,-0.9311589,-0.944164,0.005030811,0.3294374,-0.049262315,0.98648834,-0.15624982
1356790294000,-0.2805161,-0.22465995,-0.93318737,-0.9578252,0.0024115443,0.28734168,-0.062303722,0.97443426,-0.21586144
1356790294039,-0.24979913,-0.2645343,-0.9314623,-0.9654898,-0.005158663,0.26038972,-0.073687166,0.9643625,-0.25411654
1356790294079,-0.23985949,-0.2806672,-0.9293511,-0.9673195,-0.011981696,0.25327742,-0.082221866,0.9597304,-0.2686209
1356790294120,-0.25248396,-0.27367523,-0.92809135,-0.9635469,-0.016598225,0.26702404,-0.08848256,0.96167886,-0.25950813
1356790294159,-0.27837396,-0.2513393,-0.9270041,-0.9559649,-0.020895362,0.2927361,-0.0929462,0.9676735,-0.23445475
1356790294199,-0.31422687,-0.21685717,-0.924248,-0.94451106,-0.02673763,0.32738948,-0.095708966,0.9758371,-0.19642228
1356790294276,-0.35379863,-0.17545575,-0.91871744,-0.9302669,-0.035970032,0.36511588,-0.09710795,0.98383,-0.15049452
1356790294279,-0.39180583,-0.13225007,-0.9104934,-0.91480947,-0.04945439,0.40084645,-0.098039895,0.9899819,-0.101607084
1356790294317,-0.42386854,-0.09198028,-0.90104115,-0.90022445,-0.06667656,0.43029088,-0.09965658,0.99352604,-0.054540813
1356790294359,-0.44729155,-0.05803463,-0.8925034,-0.8884511,-0.08595812,0.45085007,-0.10288283,0.99460703,-0.013112605
1356790294398,-0.46082425,-0.032327622,-0.8869024,-0.8808676,-0.10520631,0.46152347,-0.10822773,0.9939248,0.020005286
1356790294440,-0.46417415,-0.015608549,-0.8856064,-0.87811637,-0.12282407,0.46241313,-0.11599144,0.9923057,0.043305635
1356790294485,-0.45753664,-0.007887691,-0.8891558,-0.8800982,-0.13861907,0.45410553,-0.12683576,0.99031436,0.0564813
1356790294519,-0.444071,-0.00509426,-0.89597714,-0.8852323,-0.15200973,0.4396098,-0.13843668,0.9883659,0.06299347
1356790294560,-0.42813313,-0.004476607,-0.90370464,-0.89142627,-0.16226113,0.42311996,-0.14853027,0.98673767,0.0654788
1356790294599,-0.41314453,-0.0015681684,-0.910664,-0.8976897,-0.16750664,0.4075469,-0.15318137,0.98586965,0.06779683
1356790294641,-0.40303212,0.0060237646,-0.915166,-0.90293664,-0.16567701,0.39655584,-0.14923322,0.98616165,0.07221222
1356790294679,-0.39687967,0.016370952,-0.9177246,-0.9073222,-0.15814352,0.38955998,-0.13875473,0.98728037,0.077617645
1356790294720,-0.39522058,0.027782708,-0.9181659,-0.91038084,-0.14514738,0.38747752,-0.122504205,0.9890199,0.08265805
1356790294758,-0.39756972,0.037718028,-0.9167965,-0.9117141,-0.12895972,0.3900601,-0.10351747,0.99093235,0.08565843
1356790294799,-0.4036771,0.04415831,-0.9138353,-0.9110062,-0.11147511,0.39704058,-0.084337205,0.9927857,0.085228324
1356790294837,-0.41262293,0.044987142,-0.9097904,-0.90847117,-0.093241096,0.40741402,-0.06650147,0.9946267,0.07934296
1356790294879,-0.4219923,0.03719601,-0.9058361,-0.905138,-0.073994815,0.4186287,-0.051455796,0.99656475,0.06489271
1356790294919,-0.42513055,0.014932066,-0.9050089,-0.90418994,-0.052613676,0.42387775,-0.04128644,0.9985033,0.03586912
1356790294958,-0.41914493,-0.022633612,-0.9076372,-0.90714616,-0.030807555,0.41968644,-0.037461102,0.999269,-0.0076191425
1356790294999,-0.3896376,-0.08268848,-0.9172487,-0.91997814,-0.011226118,0.39180905,-0.042695224,0.99651223,-0.071697414
1356790295047,-0.33555162,-0.16039553,-0.9282664,-0.94038355,-0.001057446,0.34011438,-0.055534393,0.9870523,-0.15047854
1356790295088,-0.28333652,-0.22677144,-0.9318236,-0.95662975,-0.0017348528,0.29130143,-0.06767544,0.9739465,-0.21644473
1356790295127,-0.24980265,-0.2683824,-0.93035996,-0.96529186,-0.0066140294,0.26108983,-0.07622531,0.96328986,-0.25741518
1356790295168,-0.24368697,-0.28304932,-0.92763126,-0.96643627,-0.009356558,0.25673595,-0.08134839,0.9590597,-0.27126908
1356790295208,-0.26431203,-0.27403218,-0.92468673,-0.9607578,-0.008856714,0.27724725,-0.08416432,0.96167976,-0.26093763
1356790295273,-0.29900157,-0.25075805,-0.9207163,-0.9504123,-0.008220255,0.31088415,-0.085525244,0.96801496,-0.23586565
1356790295289,-0.34215558,-0.2171719,-0.9142023,-0.935711,-0.010166764,0.35262075,-0.08587378,0.9760804,-0.19973159
1356790295329,-0.38471204,-0.17959738,-0.90539575,-0.9190085,-0.017010868,0.3938706,-0.08613971,0.9835931,-0.15850723
1356790295370,-0.4235515,-0.14133987,-0.8947777,-0.9016328,-0.02967149,0.4314834,-0.0875352,0.9895164,-0.11486924
1356790295409,-0.45369482,-0.107321054,-0.8846712,-0.886538,-0.046588838,0.460304,-0.09061614,0.99313223,-0.074007094
1356790295449,-0.47535086,-0.0793837,-0.8762076,-0.8745456,-0.06601,0.48042968,-0.09597677,0.9946562,-0.038046718
1356790295488,-0.48811,-0.058683425,-0.87080705,-0.8666105,-0.0858556,0.49154353,-0.103609115,0.9945779,-0.008948743
1356790295531,-0.49237502,-0.045464635,-0.8691949,-0.86297417,-0.104522705,0.4943183,-0.11332458,0.99348277,0.012229562
1356790295569,-0.48886687,-0.039096862,-0.8714819,-0.86333716,-0.121614635,0.48975393,-0.12513277,0.9918071,0.025699615
1356790295609,-0.47965443,-0.037171423,-0.8766699,-0.8665656,-0.13686568,0.47992918,-0.13782561,0.989892,0.033436716
1356790295648,-0.46830273,-0.035937935,-0.8828368,-0.8710357,-0.1489119,0.46810463,-0.14828762,0.9881972,0.038432658
1356790295690,-0.4586534,-0.031450838,-0.88805854,-0.8753964,-0.15574437,0.45762956,-0.15270296,0.9872966,0.04390073
1356790295737,-0.45330602,-0.021656722,-0.8910918,-0.8788128,-0.15625644,0.45085713,-0.14900288,0.9874791,0.051799715
1356790295767,-0.4523322,-0.007514268,-0.8918179,-0.88114643,-0.1506899,0.44818923,-0.13775578,0.98855245,0.061540723
1356790295804,-0.4553885,0.008230031,-0.89025486,-0.88203686,-0.14003503,0.4498902,-0.1209642,0.99011236,0.071029484
1356790295848,-0.46283513,0.02271226,-0.88615334,-0.88067937,-0.12560743,0.45675668,-0.10093346,0.99182,0.078137755
1356790295888,-0.4752968,0.033259034,-0.87919676,-0.87618613,-0.1086905,0.46955758,-0.07994327,0.9935191,0.08080131
1356790295927,-0.49273938,0.037485927,-0.86936915,-0.8680806,-0.09048247,0.48810756,-0.060365558,0.9951923,0.07712513
1356790295967,-0.5104317,0.03218758,-0.85931563,-0.85881025,-0.069793224,0.5075172,-0.043638676,0.99704206,0.06326777
1356790296007,-0.5232595,0.013181835,-0.85207146,-0.85157084,-0.045682013,0.5222454,-0.03204018,0.99886906,0.035128772
1356790296047,-0.52176213,-0.024361372,-0.85274315,-0.85261226,-0.01859188,0.5222132,-0.028575927,0.9995303,-0.011070251
1356790296087,-0.49483967,-0.08445194,-0.8648708,-0.8682456,0.007023096,0.49608484,-0.03582123,0.99640286,-0.07680035
1356790296127,-0.44275135,-0.15966511,-0.88231415,-0.8951628,0.02216494,0.44518787,-0.05152452,0.9869223,-0.15273982
1356790296169,-0.3735054,-0.23660272,-0.89694643,-0.9248685,0.020456672,0.3797365,-0.071498156,0.9713911,-0.22646707
1356790296207,-0.31499678,-0.2943474,-0.90229523,-0.94493806,0.008406937,0.3271412,-0.088707656,0.95566154,-0.28078818
1356790296273,-0.28562492,-0.32462293,-0.9016864,-0.95294553,-0.0034976602,0.30312142,-0.10155398,0.945837,-0.3083489
1356790296289,-0.2863424,-0.32987595,-0.89954984,-0.9517422,-0.010281533,0.30672646,-0.11043045,0.9439683,-0.3110128
1356790296331,-0.316038,-0.31237635,-0.89584655,-0.9417198,-0.011422753,0.33620432,-0.115255296,0.9498898,-0.29056096
1356790296369,-0.35473973,-0.28240934,-0.8912938,-0.92774594,-0.011912167,0.37302223,-0.11596221,0.95922005,-0.2577784
1356790296409,-0.40060645,-0.24238607,-0.8836082,-0.90931904,-0.013219476,0.4158894,-0.11248669,0.9700898,-0.21511048
1356790296448,-0.44396913,-0.19741595,-0.8740242,-0.88966525,-0.01904571,0.45621595,-0.10671073,0.9801347,-0.16717839
1356790296489,-0.47852868,-0.15265357,-0.8647007,-0.87224936,-0.030578673,0.48810446,-0.10095224,0.98780656,-0.11851919
1356790296529,-0.50094277,-0.11191639,-0.8582139,-0.86003315,-0.04670894,0.50809574,-0.09695053,0.9926193,-0.07285327
1356790296569,-0.5080745,-0.07823494,-0.8577527,-0.85596836,-0.064907014,0.5129378,-0.09580383,0.99481976,-0.033989012
1356790296608,-0.5002701,-0.052932113,-0.86424994,-0.8602344,-0.083304346,0.5030478,-0.09862316,0.9951173,-0.0038593411
1356790296649,-0.4771657,-0.035910577,-0.8780793,-0.87240756,-0.10106379,0.4782167,-0.1059151,0.99423164,0.016895592
1356790296690,-0.4409775,-0.02596131,-0.8971425,-0.88977337,-0.118386686,0.44078112,-0.11765298,0.9926281,0.02910614
1356790296729,-0.39764374,-0.019423842,-0.9173343,-0.9081863,-0.13405937,0.3965169,-0.13067916,0.99078286,0.03566742
1356790296770,-0.35558093,-0.013762802,-0.93454415,-0.9238242,-0.14653748,0.3536602,-0.1418131,0.9891093,0.039391577
1356790296809,-0.32080233,-0.0064838827,-0.9471239,-0.9355943,-0.15353197,0.3179482,-0.14747536,0.98812234,0.0431872
1356790296849,-0.29827547,0.0027360618,-0.9544759,-0.9433048,-0.15341842,0.2943447,-0.14562881,0.9881575,0.04834187
1356790296888,-0.2878883,0.012321919,-0.95758474,-0.94787455,-0.14627302,0.2830868,-0.13658062,0.9891676,0.053789973
1356790296929,-0.2882825,0.019987375,-0.9573368,-0.94970703,-0.13363004,0.28319505,-0.12226859,0.9908297,0.05750537
1356790296969,-0.2983758,0.023928732,-0.9541484,-0.9486548,-0.11741632,0.2937133,-0.10500446,0.9927944,0.05773437
1356790297009,-0.31757015,0.022810787,-0.9479604,-0.94421124,-0.099604785,0.31391743,-0.08726069,0.99476564,0.053169727
1356790297048,-0.3418846,0.01493898,-0.9396232,-0.9370904,-0.08047819,0.3396835,-0.07054466,0.9966444,0.041513443
1356790297089,-0.3658849,-0.002285421,-0.9306574,-0.9289489,-0.059717953,0.36535987,-0.05641195,0.9982127,0.019726813
1356790297130,-0.37699652,-0.033698916,-0.9256014,-0.92501813,-0.037080824,0.37810898,-0.047063887,0.9987439,-0.017192781
1356790297169,-0.36794138,-0.08049551,-0.9263582,-0.92878306,-0.015874088,0.3702838,-0.04451123,0.9966285,-0.0689221
1356790297210,-0.31992155,-0.14553669,-0.9361994,-0.94608116,-0.003909886,0.3239062,-0.05080065,0.9893452,-0.13643861
1356790297274,-0.2515133,-0.21394333,-0.9439117,-0.965888,-0.0066429973,0.25887474,-0.061654925,0.97682345,-0.20497453
1356790297290,-0.18588766,-0.270426,-0.94462454,-0.9798851,-0.020014673,0.19855615,-0.07260108,0.96253264,-0.26126593
1356790297328,-0.15224713,-0.30426398,-0.94034266,-0.98507845,-0.03054583,0.16937375,-0.08025792,0.9520979,-0.29507333
1356790297369,-0.1610921,-0.3145061,-0.9354867,-0.9833005,-0.030174792,0.17947033,-0.0846726,0.94877577,-0.30439317
1356790297408,-0.20690545,-0.30431056,-0.9298307,-0.97444904,-0.020805448,0.22364303,-0.08740243,0.9523456,-0.29223037
1356790297449,-0.27355736,-0.2788678,-0.92054284,-0.95768964,-0.0100106,0.28762883,-0.089425534,0.9602774,-0.26433033
1356790297490,-0.34631312,-0.24335915,-0.9060042,-0.9337024,-0.0041884184,0.35802555,-0.09092355,0.9699272,-0.22577453
1356790297529,-0.41362113,-0.20306078,-0.8875156,-0.9057809,-0.006810665,0.4236918,-0.09207976,0.9791425,-0.18111151
1356790297570,-0.46952665,-0.1620278,-0.86792386,-0.87796855,-0.018262148,0.47836983,-0.09335938,0.9866172,-0.1336807
1356790297626,-0.5129242,-0.12184206,-0.8497431,-0.8530483,-0.038361847,0.5204199,-0.09600678,0.9918079,-0.084260404
1356790297667,-0.52953744,-0.08862913,-0.8436439,-0.8422749,-0.063257635,0.5353237,-0.10081217,0.994054,-0.041152775
1356790297700,-0.52529025,-0.06321967,-0.8485714,-0.844049,-0.087791085,0.5290313,-0.107942194,0.99413073,-0.007244706
1356790297739,-0.5040703,-0.045700133,-0.8624527,-0.85539365,-0.111436486,0.5058494,-0.11922604,0.9927202,0.017080188
1356790297779,-0.46552515,-0.033460587,-0.88440186,-0.8748046,-0.13410002,0.465547,-0.13417584,0.9904027,0.0331555
1356790297818,-0.41600472,-0.02343458,-0.9090605,-0.8968503,-0.1546877,0.41440475,-0.15033188,0.98768544,0.04333353
1356790297860,-0.36341614,-0.012651235,-0.93154097,-0.9172412,-0.17018074,0.36014867,-0.16308662,0.98533165,0.050242186
1356790297899,-0.3152039,4.1484833E-4,-0.94902396,-0.93404406,-0.17711008,0.3101512,-0.16795304,0.98419094,0.05621326
1356790297939,-0.27566993,0.015235156,-0.9611316,-0.9473145,-0.173958,0.26894948,-0.16309908,0.9846351,0.062387526
1356790297980,-0.2475658,0.029883087,-0.96841013,-0.9574834,-0.1603424,0.23982465,-0.14811051,0.986609,0.06830788
1356790298019,-0.23042673,0.041143328,-0.97221947,-0.9647019,-0.14055783,0.22269669,-0.12749061,0.9892173,0.0720793
1356790298061,-0.22461212,0.047102362,-0.97330916,-0.96899235,-0.11634463,0.21798557,-0.1029717,0.99209136,0.071774304
1356790298098,-0.23539656,0.046770662,-0.9707734,-0.96864164,-0.09300393,0.2303988,-0.079509795,0.9945667,0.067196846
1356790298139,-0.25513613,0.0388512,-0.9661243,-0.9651541,-0.07033962,0.25205132,-0.058164388,0.9967662,0.055443585
1356790298177,-0.29048544,0.022965431,-0.95660377,-0.955997,-0.04988998,0.28910342,-0.04108557,0.9984907,0.036447167
1356790298218,-0.31785846,-0.0046654046,-0.9481267,-0.9476584,-0.030244946,0.31785026,-0.030158967,0.9995316,0.005192399
1356790298279,-0.3250805,-0.048648268,-0.94443417,-0.9452841,-0.0124053955,0.3260121,-0.02757594,0.9987389,-0.041953683
1356790298299,-0.29816902,-0.10978532,-0.9481784,-0.9538951,-0.0014673471,0.30013663,-0.0343419,0.99395424,-0.104286194
1356790298339,-0.23211294,-0.18236679,-0.95544016,-0.97144586,-0.0061784387,0.23718071,-0.049157053,0.98321116,-0.17572534
1356790298379,-0.15713751,-0.24914208,-0.9556339,-0.9853194,-0.025837064,0.16875473,-0.0667347,0.96812224,-0.24142456
1356790298420,-0.11263731,-0.29607362,-0.9485005,-0.9902263,-0.045567065,0.13181612,-0.082247704,0.9540776,-0.2880473
1356790298459,-0.12108049,-0.32044646,-0.9394964,-0.9882748,-0.04977444,0.14434424,-0.09301755,0.945958,-0.31066245
1356790298499,-0.18894914,-0.32213256,-0.92764693,-0.9769652,-0.033746332,0.2107133,-0.09918231,0.94609296,-0.30833596
1356790298539,-0.29028165,-0.30673462,-0.9064493,-0.95145994,-0.008726478,0.30764887,-0.10227668,0.95175505,-0.2893126
1356790298579,-0.4090346,-0.2761238,-0.8697392,-0.9066646,0.01518774,0.4215787,-0.1031985,0.96100205,-0.25656402
1356790298618,-0.5224278,-0.23670295,-0.81917095,-0.8464513,0.028023183,0.5317284,-0.10290587,0.97117794,-0.21499759
1356790298662,-0.615351,-0.19626513,-0.76342857,-0.7815418,0.025795996,0.62331927,-0.10264245,0.9802115,-0.169263
1356790298705,-0.6830651,-0.16070154,-0.7124585,-0.722937,0.010067046,0.6908406,-0.10384685,0.9869517,-0.12305355
1356790298741,-0.72610676,-0.13342655,-0.67451197,-0.67913276,-0.014145851,0.7338792,-0.1074605,0.99095774,-0.08034301
1356790298778,-0.7486895,-0.11466223,-0.6529292,-0.6530221,-0.04200673,0.75617296,-0.11413193,0.992516,-0.04342693
1356790298837,-0.7535844,-0.10319549,-0.64920044,-0.64556384,-0.07000518,0.760491,-0.12392664,0.99219453,-0.013864398
1356790298858,-0.74253523,-0.09727505,-0.6627058,-0.6556382,-0.0968706,0.7488355,-0.13703975,0.990532,0.008152664
1356790298897,-0.71773577,-0.093726575,-0.6899787,-0.679571,-0.121712446,0.72344273,-0.1517848,0.9881303,0.02366352
1356790298935,-0.6843377,-0.08935577,-0.7236695,-0.71026576,-0.14280748,0.6892957,-0.16493794,0.98570865,0.03426212
1356790298977,-0.649222,-0.08137584,-0.7562332,-0.74082744,-0.15757072,0.65295196,-0.1722947,0.9841491,0.04201293
1356790299017,-0.62091744,-0.06943962,-0.7807943,-0.7648982,-0.16417867,0.62287736,-0.17144209,0.9839835,0.04882711
1356790299057,-0.60553974,-0.054980844,-0.7939136,-0.77912307,-0.16229498,0.6054979,-0.16213897,0.9852094,0.055439174
1356790299097,-0.6062931,-0.040418327,-0.79421353,-0.7817375,-0.15297395,0.604554,-0.14592904,0.98740333,0.06115049
1356790299137,-0.6240099,-0.027853817,-0.7809198,-0.7713138,-0.13822407,0.62126416,-0.1252465,0.99000925,0.06476915
1356790299177,-0.6570408,-0.018792748,-0.75362086,-0.7467581,-0.12062663,0.6540655,-0.10319838,0.9925201,0.06522286
1356790299218,-0.69988763,-0.013858706,-0.7141185,-0.7095939,-0.100520134,0.6974039,-0.081448376,0.9948385,0.06051874
1356790299276,-0.7469645,-0.014135659,-0.6647135,-0.6619234,-0.07811147,0.7454904,-0.062459797,0.99684435,0.048989892
1356790299300,-0.78437865,-0.021937639,-0.6198944,-0.61843514,-0.049414277,0.78428084,-0.04783687,0.9985375,0.02519238
1356790299339,-0.81043714,-0.03902316,-0.5845244,-0.5845225,-0.01264739,0.8112789,-0.039051384,0.9991582,-0.01255995
1356790299380,-0.8127642,-0.072655946,-0.5780444,-0.5812732,0.034390748,0.81298137,-0.039188564,0.99676394,-0.07018447
1356790299420,-0.79423326,-0.12254584,-0.595127,-0.6057345,0.08273029,0.7913542,-0.04774213,0.9890088,-0.13993746
1356790299460,-0.7521364,-0.18665728,-0.6320205,-0.65599763,0.12050611,0.74508077,-0.062912434,0.9750063,-0.21308374
1356790299498,-0.70464647,-0.24781255,-0.66487765,-0.70515805,0.14037478,0.6950159,-0.07890159,0.9585843,-0.2736616
1356790299539,-0.67575574,-0.28827742,-0.67841744,-0.7314148,0.14788741,0.66570395,-0.09157801,0.94605786,-0.31078607
1356790299578,-0.67467296,-0.3021869,-0.67342377,-0.73129064,0.14986485,0.665398,-0.100151986,0.94139457,-0.3220963
1356790299619,-0.6925473,-0.29426217,-0.6586258,-0.71362007,0.1459741,0.6851554,-0.10547304,0.9445112,-0.31108528
1356790299658,-0.71680015,-0.2721669,-0.6419679,-0.6888259,0.1334731,0.71253335,-0.10824254,0.9529481,-0.28314912
1356790299700,-0.73906773,-0.24250351,-0.6284672,-0.6647919,0.11192775,0.73859596,-0.10876915,0.9636723,-0.2439366
1356790299740,-0.75694567,-0.20875469,-0.6192373,-0.6445943,0.08280277,0.7600276,-0.10738471,0.97445637,-0.19723934
1356790299785,-0.7676514,-0.17477773,-0.6165745,-0.63221383,0.048954666,0.7732459,-0.10496196,0.98339015,-0.14807701
1356790299831,-0.77096313,-0.14293265,-0.6206336,-0.6285325,0.013500631,0.7776661,-0.10277492,0.98964036,-0.10024631
1356790299860,-0.76418203,-0.11659995,-0.6343739,-0.6368985,-0.0189901,0.7707137,-0.10191202,0.9929974,-0.059750438
1356790299901,-0.75075066,-0.09686822,-0.65344465,-0.6522533,-0.04791552,0.7564851,-0.10458952,0.9941431,-0.027209938
1356790299938,-0.72626597,-0.084225476,-0.6822344,-0.6782041,-0.074119925,0.7311261,-0.112146616,0.99368626,-0.0032913089
1356790299980,-0.6901405,-0.07768756,-0.71949327,-0.7128084,-0.098674595,0.6943828,-0.124940604,0.9920826,0.012723029
