1356791219902,0.7701311,-0.6348853,0.06179583,-0.0017128885,-0.098933935,-0.9950925,0.6378833,0.76624584,-0.07727957
1356791220077,0.77002144,-0.6349945,0.06204018,-5.9604645E-5,-0.09731054,-0.9952541,0.638018,0.7663633,-0.07496905
1356791220118,-0.48446122,0.32567418,-0.8119321,-0.59842694,0.5536189,0.57912976,0.6381086,0.76644796,-0.07331473
1356791220175,-0.48398063,0.326827,-0.8117554,-0.5987519,0.5528178,0.57955897,0.63816845,0.7665354,-0.07186484
1356791220197,-0.48353916,0.3278929,-0.8115887,-0.5990919,0.5520269,0.5799614,0.638184,0.7666502,-0.07048869
1356791220239,-0.48320103,0.32907635,-0.81131095,-0.5994209,0.5510758,0.58052564,0.6381311,0.76682734,-0.06902516
1356791220274,-0.4830753,0.33080578,-0.8106823,-0.59967923,0.5496346,0.58162427,0.6379837,0.7671176,-0.06713748
1356791220317,-0.4831933,0.33342034,-0.80954,-0.5998855,0.54740393,0.583512,0.63770014,0.76758045,-0.064487875
1356791220357,-0.48357546,0.33682966,-0.80789894,-0.6000319,0.5444294,0.58613855,0.6372728,0.76820725,-0.06116414
1356791220397,-0.48411894,0.34072942,-0.8059356,-0.60013556,0.5409865,0.5892121,0.63676214,0.7689194,-0.05741793
1356791220436,-0.4847783,0.34485748,-0.8037806,-0.6000898,0.53742635,0.5925075,0.6363035,0.76957536,-0.0535872
1356791220477,-0.4837429,0.34720734,-0.8033928,-0.60124695,0.5352169,0.59333384,0.63599926,0.7700584,-0.050150096
1356791220517,-0.48680595,0.3524238,-0.79926056,-0.5988276,0.5315056,0.5990888,0.63594455,0.77025926,-0.047698975
1356791220557,-0.48975432,0.35658526,-0.79560524,-0.5959011,0.5292165,0.6040131,0.6364296,0.76992,-0.046696544
1356791220597,-0.49295226,0.36047167,-0.79187006,-0.59153056,0.52857363,0.6088526,0.6380357,0.76855063,-0.047331512
1356791220637,-0.49640858,0.36480486,-0.7877157,-0.58498806,0.5298555,0.6140376,0.64137936,0.7656178,-0.049618363
1356791220677,-0.5001048,0.37005055,-0.78291625,-0.5759519,0.5330025,0.61982894,0.6466643,0.76090145,-0.05342579
1356791220717,-0.5041715,0.37634364,-0.7772879,-0.5646013,0.53742015,0.62642235,0.65348023,0.7546821,-0.058467865
1356791220757,-0.50891626,0.38351595,-0.77066195,-0.551594,0.5420321,0.6339915,0.66086936,0.7477411,-0.064303875
1356791220797,-0.5146079,0.39126953,-0.76294625,-0.5378143,0.5457089,0.64261776,0.66778326,0.74101955,-0.07039571
1356791220837,-0.5213245,0.3995329,-0.7540518,-0.52394783,0.5476047,0.65238625,0.67357206,0.7351888,-0.07614535
1356791220877,-0.5289252,0.40856946,-0.7438475,-0.51019686,0.54733646,0.6634168,0.6781868,0.7304066,-0.08104926
1356791220941,-0.53717124,0.41871008,-0.7322082,-0.49635193,0.5449518,0.67576796,0.681969,0.7264361,-0.08490485
1356791220959,-0.54601014,0.4302326,-0.71886915,-0.48195782,0.5405526,0.68957925,0.6852661,0.7229819,-0.08779323
1356791220998,-0.5554091,0.44327828,-0.70358026,-0.46661976,0.53419566,0.70491207,0.6883217,0.71981895,-0.08985478
1356791221038,-0.5654129,0.45820516,-0.6858252,-0.4497856,0.5256956,0.7220367,0.6913763,0.7167232,-0.091141045
1356791221078,-0.57593715,0.47526842,-0.6651439,-0.43093222,0.51490897,0.7410575,0.6946898,0.71343446,-0.09174675
1356791221118,-0.58695555,0.4939587,-0.6414734,-0.4101761,0.5016777,0.7616266,0.698025,0.710158,-0.091852486
1356791221158,-0.5987211,0.512602,-0.61544484,-0.38877726,0.48580945,0.78284186,0.70027524,0.70797485,-0.0915764
1356791221198,-0.6117099,0.52883005,-0.58834505,-0.36855558,0.46756595,0.80346054,0.6999842,0.7083226,-0.09111142
1356791221238,-0.62638056,0.54057455,-0.56162834,-0.3507717,0.44795233,0.82237333,0.69613683,0.712122,-0.09097034
1356791221278,-0.6428579,0.5466528,-0.53656733,-0.33607268,0.42818242,0.8388772,0.68832326,0.7196045,-0.0915454
1356791221318,-0.6607389,0.5468514,-0.5141767,-0.32516813,0.40886265,0.8526999,0.67652774,0.73060584,-0.09233284
1356791221358,-0.67874503,0.5421567,-0.4953497,-0.3188065,0.39011192,0.8638143,0.6615645,0.74423033,-0.0919435
1356791221399,-0.69493854,0.5342576,-0.48127875,-0.31780547,0.37218916,0.87205213,0.6450272,0.7589757,-0.088858604
1356791221438,-0.70700175,0.5255965,-0.47317725,-0.32245013,0.355909,0.87712866,0.6294238,0.77270764,-0.082149565
1356791221478,-0.7129529,0.51856774,-0.47200155,-0.33312556,0.34183085,0.87873715,0.6170294,0.783734,-0.07096106
1356791221518,-0.71091944,0.5158979,-0.4779569,-0.3499894,0.3299504,0.8767212,0.6100007,0.79055804,-0.05400932
1356791221557,-0.6989866,0.5213012,-0.4895536,-0.37236595,0.31913114,0.8714923,0.61054176,0.7914546,-0.028953493
1356791221597,-0.6755844,0.5385013,-0.50358933,-0.39885408,0.30751753,0.8639146,0.6200817,0.78450584,0.0070293546
1356791221637,-0.64028823,0.5692456,-0.51574254,-0.42800874,0.293137,0.8549147,0.6378397,0.7681342,0.055949986
1356791221678,-0.5946405,0.6112023,-0.52233547,-0.4592195,0.27507383,0.84466076,0.65993947,0.7421361,0.11710602
1356791221716,-0.54316777,0.656801,-0.52305,-0.49212658,0.25568867,0.8321266,0.68027955,0.7093911,0.18434733
1356791221757,-0.49317384,0.6948372,-0.52343184,-0.5249722,0.24207312,0.81596863,0.69367415,0.6772015,0.24538606
1356791221797,-0.45100582,0.7166822,-0.5319402,-0.5548184,0.24172658,0.7960809,0.6991211,0.65416735,0.28860837
1356791221836,-0.4184425,0.7190653,-0.55484337,-0.57989836,0.25864822,0.7725407,0.6990164,0.64501655,0.30875534
1356791221877,-0.3933236,0.70206404,-0.593635,-0.6003537,0.29289567,0.744169,0.6963274,0.6490903,0.306284
1356791221943,-0.3721696,0.6664521,-0.646012,-0.61778194,0.3415746,0.7082883,0.6927015,0.6626978,0.2845983
1356791221958,-0.35183656,0.6143511,-0.70624626,-0.63428,0.3983997,0.6625455,0.68840384,0.6810656,0.24949908
1356791221998,-0.33121783,0.5484553,-0.76778346,-0.6507538,0.4564377,0.6067817,0.68323797,0.7006149,0.20572907
1356791222038,-0.31088856,0.47481212,-0.82334787,-0.6665761,0.5085896,0.5449889,0.67751354,0.7182548,0.15838367
1356791222078,-0.29317465,0.4007902,-0.86799526,-0.67998886,0.5507854,0.48399442,0.6720593,0.732122,0.111056566
1356791222108,-0.28142902,0.33707806,-0.89842975,-0.689576,0.58004284,0.4336303,0.667295,0.74157184,0.0692001
1356791222148,-0.27439037,0.28337407,-0.9189173,-0.6946172,0.6024207,0.39318734,0.66499376,0.7461826,0.03153813
1356791222188,-0.27889907,0.24805015,-0.9277319,-0.6924518,0.6174117,0.3732471,0.66537654,0.7465078,-4.3278933E-4
1356791222228,-0.29446372,0.23234507,-0.9269881,-0.68321,0.62705827,0.37419516,0.6682179,0.7435145,-0.02590543
1356791222268,-0.3195316,0.23581791,-0.91776335,-0.66692066,0.63206303,0.39460504,0.67313933,0.73816407,-0.044692338
1356791222308,-0.35175914,0.2563876,-0.9002949,-0.6435601,0.6321812,0.4314826,0.6797763,0.7311718,-0.057374716
1356791222348,-0.38793802,0.28917074,-0.8751482,-0.6145749,0.6264562,0.4794271,0.6868783,0.72383213,-0.06530911
1356791222388,-0.4241742,0.32571316,-0.8449776,-0.58442485,0.6143004,0.5301723,0.6917541,0.7187113,-0.07021546
1356791222428,-0.45692477,0.35591984,-0.8151938,-0.5594616,0.5974972,0.5744561,0.6915363,0.7185528,-0.073887765
1356791222468,-0.48329982,0.3720382,-0.7924701,-0.5452631,0.58027303,0.6049557,0.68491566,0.7244797,-0.07758713
1356791222507,-0.5007832,0.37141582,-0.7818353,-0.54492235,0.56651306,0.6181607,0.67251456,0.73560405,-0.08130741
1356791222548,-0.5066806,0.3557866,-0.7852965,-0.5588261,0.5580777,0.61340255,0.6564968,0.7496434,-0.08394432
1356791222578,-0.49843556,0.32991445,-0.8016972,-0.58323956,0.5565739,0.59165615,0.6413997,0.762484,-0.08499706
1356791222608,-0.48049662,0.3003107,-0.823976,-0.6123208,0.5577395,0.5603479,0.6278425,0.77378297,-0.08410549
1356791222638,-0.45125264,0.26669997,-0.85161155,-0.6455602,0.5613158,0.5178577,0.61613566,0.7834512,-0.081124365
1356791222668,-0.41074616,0.23031679,-0.8821801,-0.680846,0.5660568,0.4647886,0.60641265,0.79153895,-0.075695395
1356791222708,-0.36200887,0.1994394,-0.91058964,-0.7136482,0.56915617,0.4083718,0.59971315,0.7976749,-0.063710034
1356791222737,-0.29321924,0.16298178,-0.9420507,-0.7473022,0.5755029,0.33216876,0.59629035,0.80139476,-0.04695189
1356791222776,-0.23044208,0.15481669,-0.9606916,-0.7653784,0.5808269,0.2771931,0.6009097,0.79916954,-0.01535362
1356791222817,-0.16304776,0.16939917,-0.97196674,-0.77163446,0.5920037,0.23261929,0.61481345,0.7879311,0.034189343
1356791222856,-0.095728576,0.20888597,-0.97324336,-0.7652812,0.6097917,0.20615217,0.636538,0.7645395,0.101482034
1356791222897,-0.028373748,0.2600869,-0.9651683,-0.75079083,0.631912,0.1923548,0.6599304,0.7300973,0.1773411
1356791222941,0.040902257,0.2965905,-0.9541285,-0.73424834,0.6565687,0.17261788,0.6776477,0.6935067,0.24462622
1356791222978,0.11356655,0.29443035,-0.9489012,-0.71786773,0.68458974,0.12650236,0.6868541,0.6668191,0.28910857
1356791223018,0.18920809,0.24513659,-0.9508461,-0.6993896,0.7133394,0.04473427,0.689242,0.6565478,0.30641556
1356791223048,0.26186582,0.1698043,-0.9500488,-0.67588997,0.7349521,-0.054938704,0.68891156,0.656515,0.30722785
1356791223107,0.32822642,0.06373292,-0.94244665,-0.6497578,0.7394168,-0.17628849,0.6856255,0.67022455,0.2841071
1356791223127,0.38438386,-0.051181674,-0.9217535,-0.62411743,0.7213092,-0.3003173,0.68024004,0.69071954,0.2453162
1356791223167,0.4270119,-0.15609708,-0.8906708,-0.60371983,0.68408376,-0.40933087,0.6731888,0.71250486,0.197873
1356791223204,0.45586598,-0.24115367,-0.8567562,-0.5910845,0.6376487,-0.49398726,0.66543627,0.73160726,0.14814019
1356791223247,0.47235608,-0.30559635,-0.8267349,-0.58622,0.59151363,-0.5535861,0.65819895,0.74613833,0.10025835
1356791223289,0.47757983,-0.35107276,-0.80539775,-0.58840525,0.5529479,-0.58993894,0.6524545,0.7556432,0.0575037
1356791223327,0.4724858,-0.38084692,-0.7948037,-0.59633,0.5258895,-0.6064906,0.648959,0.76052344,0.021364868
1356791223367,0.45678568,-0.39714885,-0.79600227,-0.6090902,0.5125323,-0.60524356,0.6483487,0.7613038,-0.007782042
1356791223407,0.4302228,-0.40211982,-0.8082129,-0.6249507,0.51339144,-0.5881037,0.65141773,0.7581088,-0.030432343
1356791223447,0.39171585,-0.39602906,-0.8304936,-0.6425418,0.52831566,-0.55499786,0.6585581,0.75102836,-0.04751563
1356791223487,0.33931625,-0.37586308,-0.86231744,-0.6617713,0.5561069,-0.50279605,0.6685232,0.74126387,-0.06003928
1356791223527,0.2680937,-0.33320147,-0.9039372,-0.68468255,0.59418136,-0.4220881,0.67774296,0.7320692,-0.06884092
1356791223567,0.1699042,-0.25747782,-0.9512296,-0.71101284,0.63633066,-0.2992391,0.68234396,0.7271784,-0.07495481
1356791223607,0.038988292,-0.14444128,-0.988745,-0.73171425,0.6697339,-0.12669143,0.6804955,0.72841835,-0.07957798
1356791223647,-0.11665009,-0.0054539144,-0.9931581,-0.7307036,0.67774004,0.08210206,0.6726552,0.73528135,-0.083043635
1356791223687,-0.27221358,0.13319519,-0.9529737,-0.69949985,0.65268606,0.29103422,0.66075706,0.7458284,-0.084500015
1356791223727,-0.402194,0.24725965,-0.8815343,-0.6474254,0.60399127,0.4647956,0.6473642,0.75766563,-0.08283949
1356791223766,-0.49653482,0.3292024,-0.803168,-0.5918846,0.54840726,0.5906962,0.6349217,0.768684,-0.077453434
1356791223807,-0.5581696,0.38462257,-0.7351954,-0.54562765,0.49738815,0.67445946,0.62508976,0.77760565,-0.06776619
1356791223846,-0.59443605,0.4238368,-0.68337995,-0.51332146,0.45415306,0.72818,0.6189886,0.78365,-0.05240047
1356791223886,-0.6118442,0.45775416,-0.64506423,-0.49378756,0.41604722,0.7635958,0.61791635,0.7857263,-0.02852273
1356791223939,-0.6140593,0.50992686,-0.6024165,-0.47783333,0.36729985,0.7979763,0.62817705,0.7778595,0.018116176
1356791223978,-0.59851456,0.5653995,-0.56754196,-0.47517812,0.31980926,0.8197121,0.64496994,0.76029307,0.07725495
1356791224018,-0.5726403,0.6300418,-0.52452874,-0.4769284,0.2643811,0.83823735,0.66680014,0.73017114,0.14908952
1356791224058,-0.5408029,0.69011706,-0.48090598,-0.48655206,0.20971918,0.8481067,0.6861481,0.6926444,0.22236115
1356791224098,-0.51212144,0.73301643,-0.44768125,-0.501515,0.16794538,0.84869146,0.6972907,0.6591519,0.28161025
1356791224138,-0.49438715,0.7548035,-0.4311068,-0.51491946,0.1452657,0.84484076,0.7003137,0.6396637,0.31684554
1356791224178,-0.49034524,0.75788,-0.4303249,-0.52156186,0.14040262,0.84158206,0.69823694,0.6371068,0.3264355
1356791224218,-0.4988593,0.7463154,-0.44062766,-0.5197769,0.14919776,0.84117305,0.693521,0.64865506,0.31348878
1356791224258,-0.51730746,0.72378904,-0.4566427,-0.51032096,0.16744733,0.8435247,0.6869975,0.6693959,0.28274292
1356791224298,-0.54286826,0.69368356,-0.4733889,-0.49494097,0.19112307,0.84764695,0.6784743,0.6944603,0.23957783
1356791224338,-0.57285744,0.6596116,-0.4865664,-0.4749547,0.2166735,0.85291886,0.6680212,0.71969795,0.18916267
1356791224378,-0.60479325,0.6260262,-0.49225634,-0.45031294,0.24098623,0.85973483,0.6568435,0.7416312,0.13616091
1356791224418,-0.636498,0.59826005,-0.48678043,-0.41960979,0.26095474,0.869385,0.647146,0.7576196,0.084938645
1356791224458,-0.6660961,0.58128583,-0.4673574,-0.38094845,0.2735675,0.8831982,0.6412444,0.7663339,0.03921765
1356791224498,-0.6918009,0.5781707,-0.4325852,-0.3330313,0.2760843,0.90159166,0.6407039,0.7677864,0.0015535951
1356791224538,-0.7116554,0.5892879,-0.38247406,-0.27593508,0.26620817,0.92357624,0.64607,0.76280606,-0.02684331
1356791224577,-0.72359,0.6121151,-0.31895557,-0.21167721,0.24303949,0.9466386,0.6569705,0.75249386,-0.04629016
1356791224617,-0.72661406,0.6412345,-0.24667852,-0.14471781,0.20813984,0.96733373,0.6716314,0.73857707,-0.058439255
1356791224657,-0.7229753,0.6688632,-0.17299923,-0.081453204,0.16613764,0.9827328,0.6860554,0.7245829,-0.06563234
1356791224696,-0.71783733,0.68812454,-0.105802625,-0.027380556,0.123948514,0.9919108,0.6956723,0.71492755,-0.07013363
1356791224737,-0.7162454,0.69606626,-0.04984179,0.01565376,0.08742958,0.99604774,0.69767284,0.71263444,-0.073517025
1356791224777,-0.7204205,0.6935072,-0.006488979,0.04808235,0.059277773,0.9970829,0.6918688,0.7180069,-0.0760504
1356791224816,-0.7296201,0.6834119,0.024548322,0.0705235,0.03948921,0.9967281,0.68020654,0.72896415,-0.077008665
1356791224856,-0.74173456,0.6692852,0.043441206,0.082939,0.027258098,0.9961817,0.6655456,0.74250543,-0.07572806
1356791224896,-0.7548765,0.65400535,0.049381673,0.08435327,0.022144675,0.99618983,0.65041995,0.75616574,-0.071884036
1356791224941,-0.76780385,0.63939047,0.04070711,0.07259199,0.023691535,0.99708027,0.63655925,0.7685171,-0.06460506
1356791224977,-0.7787424,0.6271332,0.016254604,0.044952095,0.029938161,0.99854046,0.6257312,0.77833647,-0.05150509
1356791225024,-0.7826059,0.6221974,-0.019961923,-0.0015337169,0.030139267,0.9995445,0.62251556,0.7822801,-0.022632897
1356791225066,-0.77413565,0.62908626,-0.0704585,-0.06929484,0.026420712,0.99724627,0.6292155,0.77688634,0.023139298
1356791225106,-0.7504427,0.6511713,-0.113188416,-0.14216474,0.00821352,0.9898089,0.6454649,0.75888634,0.08640987
1356791225146,-0.7156291,0.6838557,-0.14218381,-0.21295136,-0.019740999,0.9768633,0.6652267,0.72935015,0.15975529
1356791225186,-0.6783474,0.7156349,-0.16646817,-0.27807426,-0.04034102,0.95971215,0.6800879,0.69730866,0.22636479
1356791225226,-0.64549446,0.7372345,-0.19955559,-0.33425453,-0.037752807,0.94172645,0.6867394,0.6745815,0.27079314
1356791225267,-0.61850995,0.7447336,-0.2506339,-0.38126042,-0.0055248737,0.9244511,0.68708503,0.6673391,0.28735465
1356791225306,-0.5944719,0.7359978,-0.3238988,-0.42344782,0.0558964,0.9041944,0.68358994,0.6746723,0.27842778
1356791225346,-0.56840587,0.70749545,-0.4199583,-0.467532,0.14225751,0.8724544,0.67699975,0.69225216,0.24991673
1356791225387,-0.53493667,0.65431875,-0.53451824,-0.5184377,0.24533576,0.8191659,0.667132,0.71531624,0.20798439
1356791225426,-0.49136335,0.5753254,-0.6538829,-0.5744296,0.35025454,0.7398327,0.65467006,0.7391363,0.15838164
1356791225467,-0.44250053,0.47968894,-0.7576885,-0.6265518,0.43910468,0.64390993,0.64158106,0.75966156,0.106245935
1356791225507,-0.40123552,0.38720566,-0.83010954,-0.6642019,0.5010678,0.5547674,0.63075024,0.7739527,0.05613649
1356791225547,-0.38238668,0.318951,-0.8672085,-0.680968,0.5370967,0.49780488,0.6245502,0.78089523,0.0118168
1356791225586,-0.39651707,0.29001638,-0.87101364,-0.6730796,0.5533669,0.49066174,0.6242901,0.7808173,-0.024215281
1356791225627,-0.44809088,0.30944628,-0.8387237,-0.6341265,0.551291,0.5421824,0.6301572,0.77480394,-0.050800443
1356791225666,-0.532249,0.37930524,-0.7568609,-0.55252844,0.52171767,0.6500177,0.6414228,0.7641584,-0.06810677
1356791225707,-0.62621826,0.4840385,-0.61119354,-0.4211755,0.44967872,0.787655,0.656096,0.75066364,-0.07773185
1356791225747,-0.69471896,0.5844507,-0.41926485,-0.2612331,0.33807617,0.90413594,0.6701663,0.7376462,-0.0821901
1356791225787,-0.7246491,0.6470517,-0.2370817,-0.11858234,0.22182,0.96785027,0.6788387,0.72946554,-0.08401275
1356791225826,-0.7337421,0.6713176,-0.104667425,-0.019164413,0.13354152,0.99085796,0.6791578,0.72904,-0.085119665
1356791225866,-0.7401146,0.67209315,-0.022825181,0.041223645,0.07922149,0.9960042,0.67121595,0.7362164,-0.08633906
1356791225940,-0.753014,0.65786266,0.013662487,0.06762633,0.056720674,0.99609715,0.65452015,0.75099903,-0.087200284
1356791225948,-0.7650604,0.64301944,0.034763396,0.082551986,0.04439503,0.9955974,0.63864523,0.76456195,-0.0870474
1356791225974,-0.77611035,0.6293018,0.04039848,0.085276484,0.04126346,0.99550253,0.62480456,0.7760648,-0.085689604
1356791226017,-0.7868385,0.6164255,0.0300816,0.07369968,0.045457482,0.99624395,0.61274266,0.78610003,-0.08119804
1356791226056,-0.79668385,0.60431683,-0.009796679,0.03605014,0.063693345,0.99731815,0.6033201,0.7941941,-0.0725292
1356791226115,-0.8011067,0.5938262,-0.0748232,-0.026318192,0.089942515,0.9955991,0.5979426,0.79955035,-0.056425154
1356791226137,-0.79355264,0.5889854,-0.1528742,-0.105969846,0.11362761,0.98785585,0.59920335,0.80011564,-0.027754843
1356791226178,-0.7710521,0.59832585,-0.21790962,-0.18401822,0.11823887,0.9757852,0.6096029,0.79248065,0.018934548
1356791226214,-0.738362,0.62590146,-0.25113487,-0.24676067,0.09582573,0.964327,0.6276389,0.77399266,0.08369386
1356791226257,-0.70242596,0.66316354,-0.25847977,-0.2970004,0.05693406,0.9531785,0.64682955,0.74630594,0.15696794
1356791226297,-0.6671668,0.6952157,-0.2675135,-0.34549332,0.029366016,0.9379616,0.6599415,0.71820104,0.22060037
1356791226336,-0.63377666,0.71435153,-0.29669654,-0.3944515,0.031476498,0.91837746,0.66538334,0.69907874,0.26182806
1356791226377,-0.59998673,0.7176801,-0.3534843,-0.44374737,0.06909776,0.89348406,0.66566074,0.69293636,0.27701098
1356791226417,-0.56136674,0.702358,-0.43767646,-0.4944743,0.13941354,0.8579389,0.6635983,0.6980381,0.26903582
1356791226457,-0.51222545,0.66271514,-0.5462909,-0.5492516,0.23622727,0.80157304,0.6602634,0.7106372,0.24299568
1356791226497,-0.448027,0.59214306,-0.66980463,-0.60798454,0.34748328,0.7138698,0.655459,0.7270639,0.204332
1356791226539,-0.36891407,0.487768,-0.791192,-0.6653939,0.45574665,0.5912241,0.6489633,0.74456525,0.15642649
1356791226577,-0.29626268,0.3746227,-0.87857056,-0.70722044,0.53219604,0.46541017,0.641925,0.75922674,0.107271016
1356791226617,-0.24286157,0.2725407,-0.93098867,-0.7325618,0.5775973,0.36018682,0.63590217,0.76948225,0.059376717
1356791226657,-0.22842833,0.20678604,-0.95134646,-0.7399788,0.59813035,0.30768716,0.6326546,0.77426064,0.016387343
1356791226697,-0.26224717,0.19151855,-0.94580495,-0.7277933,0.60434175,0.3241729,0.6336745,0.7733639,-0.019100964
1356791226737,-0.34930858,0.2370375,-0.9065301,-0.68460244,0.596007,0.41963696,0.63976794,0.76719546,-0.045913935
1356791226777,-0.4832276,0.34698096,-0.80380064,-0.58596236,0.5539748,0.5914053,0.65049165,0.75678015,-0.0643782
1356791226817,-0.62110204,0.49126226,-0.6106502,-0.41705716,0.4525022,0.7882291,0.66354775,0.7442467,-0.07616556
1356791226856,-0.70289326,0.60393286,-0.37577415,-0.22501242,0.31237257,0.92292625,0.674767,0.7332725,-0.083672166
1356791226896,-0.7288744,0.6569984,-0.19260119,-0.08145836,0.19609791,0.977195,0.6797843,0.7279414,-0.08941269
1356791226942,-0.7368446,0.6698468,-0.09146249,-0.0030207932,0.13202369,0.99124193,0.67605543,0.7306676,-0.09525746
1356791226978,-0.74741524,0.6620025,-0.055885524,0.025779545,0.11295611,0.9932655,0.66385686,0.74094105,-0.10149121
1356791227018,-0.7635396,0.6422315,-0.06742287,0.0177778,0.12527424,0.99196285,0.64551616,0.7562043,-0.107069254
1356791227058,-0.7803648,0.61497676,-0.11328912,-0.019559413,0.15707487,0.987393,0.6250186,0.7727426,-0.110547066
1356791227098,-0.79098475,0.5826851,-0.1866044,-0.08248943,0.2006445,0.9761851,0.60624963,0.78754044,-0.11064136
1356791227138,-0.78822327,0.5465144,-0.2828887,-0.16818151,0.25088435,0.95329535,0.591962,0.7989863,-0.10583919
1356791227177,-0.76561075,0.5087655,-0.39369753,-0.26972663,0.3017279,0.91444397,0.5840271,0.80629885,-0.09377843
1356791227217,-0.7212041,0.4770258,-0.50230557,-0.37233293,0.34452987,0.8617815,0.5841513,0.80854523,-0.0708639
1356791227256,-0.66171837,0.46520165,-0.58797646,-0.45763704,0.3705802,0.8082319,0.59388316,0.8039016,-0.03232622
1356791227297,-0.59807044,0.484253,-0.6386005,-0.5166561,0.37618172,0.7691253,0.6126811,0.789928,0.025209129
1356791227336,-0.53550786,0.5283043,-0.6588823,-0.55625004,0.36640018,0.7458799,0.63546616,0.7659279,0.09765911
1356791227377,-0.47195536,0.5741074,-0.6690731,-0.5906609,0.35750127,0.72340333,0.6545057,0.73660946,0.17037815
1356791227417,-0.40342903,0.59782,-0.6927167,-0.6278017,0.36991006,0.6848588,0.66566515,0.71118057,0.22607988
1356791227456,-0.32629454,0.58608574,-0.7416438,-0.66664857,0.413562,0.6201179,0.6701579,0.69675684,0.25577015
1356791227497,-0.23682374,0.53226817,-0.8127763,-0.702827,0.48373228,0.52157205,0.6707823,0.6947617,0.25953305
1356791227537,-0.13517204,0.4359554,-0.8897592,-0.7307898,0.56253827,0.38664836,0.669085,0.702491,0.24255234
1356791227576,-0.030103356,0.30836117,-0.95079297,-0.74605095,0.6261171,0.22668326,0.66520804,0.71616393,0.21120495
1356791227617,0.06338231,0.17271346,-0.9829307,-0.7493842,0.65869427,0.0674184,0.65909487,0.7323196,0.17117828
1356791227657,0.13347992,0.051895738,-0.98969185,-0.7469156,0.66163087,-0.0660432,0.6513833,0.7480317,0.12707621
1356791227696,0.17683859,-0.042576402,-0.98331857,-0.7447957,0.6473365,-0.16197184,0.64343417,0.76101434,0.082763374
1356791227736,0.19594297,-0.10971117,-0.9744587,-0.74567974,0.6286839,-0.2207219,0.63684225,0.76988304,0.04137677
1356791227777,0.19437042,-0.15221623,-0.9690462,-0.74936175,0.6144397,-0.24682164,0.63299066,0.77414095,0.0053638816
1356791227817,0.17505616,-0.17302844,-0.969235,-0.7542254,0.6092042,-0.24497825,0.6328502,0.77390665,-0.023857534
1356791227856,0.13995922,-0.17421812,-0.9747099,-0.7581008,0.6143831,-0.21867001,0.6369416,0.7695333,-0.04608631
1356791227898,0.09048465,-0.15722585,-0.9834086,-0.7585282,0.6289791,-0.17035332,0.64532745,0.76135755,-0.062347293
1356791227947,0.02634503,-0.121288955,-0.9922676,-0.7549391,0.64823633,-0.09928051,0.65526557,0.7517171,-0.074487984
1356791227980,-0.045754194,-0.07210559,-0.99634707,-0.7465463,0.66518915,-0.013856858,0.6637584,0.74318516,-0.08426535
1356791228019,-0.1228798,-0.013692111,-0.99232703,-0.73464096,0.6735217,0.08167732,0.66723543,0.7390406,-0.092821
1356791228060,-0.19228944,0.038195312,-0.98059464,-0.7229954,0.67014515,0.16787851,0.6635529,0.7412467,-0.101246774
1356791228098,-0.24665247,0.074123085,-0.96626514,-0.7158477,0.6581577,0.23321784,0.6532417,0.7492224,-0.10927534
1356791228138,-0.2817038,0.09125948,-0.9551517,-0.7163684,0.6422479,0.27264246,0.63832533,0.76104486,-0.11554825
1356791228178,-0.2967784,0.09271991,-0.95043445,-0.72510946,0.6257632,0.28746596,0.6214007,0.7744827,-0.11848092
1356791228218,-0.2927235,0.08324933,-0.9525662,-0.74059486,0.6104071,0.28093117,0.6048406,0.78770083,-0.11702645
1356791228258,-0.27138972,0.067689896,-0.9600863,-0.7600209,0.5969572,0.25692463,0.59052163,0.79941237,-0.110562325
1356791228298,-0.23597974,0.05180192,-0.97037625,-0.7795193,0.58615,0.22085705,0.5802269,0.8085449,-0.097938895
1356791228338,-0.19083703,0.04268357,-0.98069334,-0.7948867,0.57947445,0.17990115,0.5759655,0.81387186,-0.07665658
1356791228378,-0.1406698,0.04831505,-0.98887694,-0.80237,0.57957625,0.142456,0.5800123,0.8134845,-0.04276234
1356791228417,-0.08839953,0.074566275,-0.9932902,-0.79958475,0.5893608,0.11540371,0.5940114,0.80442137,0.007522881
1356791228456,-0.034475163,0.12073681,-0.99208575,-0.7868222,0.6087877,0.10143164,0.6162161,0.78409195,0.07401037
1356791228497,0.02235356,0.17383188,-0.9845216,-0.7684075,0.63297296,0.09431407,0.63957036,0.7544055,0.1477229
1356791228536,0.08226456,0.21187422,-0.97382843,-0.75011027,0.6565202,0.079472154,0.6561761,0.72394097,0.21293741
1356791228577,0.14300245,0.21770781,-0.965481,-0.7344886,0.6771987,0.043913633,0.6633828,0.702855,0.25674498
1356791228617,0.20075786,0.18805113,-0.9614223,-0.7207233,0.69306195,-0.0149359405,0.6635165,0.69591796,0.27467048
1356791228657,0.25149453,0.13051108,-0.9590189,-0.7080517,0.70035416,-0.090370625,0.6598585,0.7017627,0.26854378
1356791228696,0.2920274,0.057579607,-0.95467514,-0.69754374,0.6957378,-0.1714108,0.6543338,0.71598434,0.24333882
1356791228736,0.32060245,-0.018483073,-0.94703346,-0.69132566,0.6789094,-0.24728692,0.6475205,0.73398936,0.2048822
1356791228776,0.33695993,-0.0888972,-0.93731284,-0.6907331,0.653165,-0.31026345,0.6398015,0.7519793,0.15868616
1356791228816,0.34175825,-0.1488623,-0.927923,-0.69542986,0.6240717,-0.35624677,0.6321222,0.7670557,0.10975838
1356791228857,0.33601314,-0.19689116,-0.92104775,-0.70383966,0.59732646,-0.38446176,0.62586325,0.77745414,0.062129736
1356791228896,0.3204194,-0.23214336,-0.91839033,-0.71423185,0.57765543,-0.39520514,0.6222574,0.782575,0.019287825
1356791228943,0.29588738,-0.2550004,-0.92055714,-0.72474307,0.56785107,-0.39024693,0.62225246,0.7826366,-0.016789794
1356791228978,0.2621873,-0.264619,-0.9280273,-0.73432004,0.56924474,-0.36977613,0.6261244,0.7784196,-0.045066297
1356791229018,0.21943733,-0.26024178,-0.94027734,-0.7417692,0.58153325,-0.33406222,0.6337395,0.7707745,-0.06542927
1356791229058,0.16712299,-0.2403903,-0.95618117,-0.746188,0.6030446,-0.28202942,0.64441705,0.7606245,-0.07859373
1356791229116,0.10519386,-0.204169,-0.97326726,-0.7469319,0.629904,-0.21287006,0.6565264,0.749357,-0.086238325
1356791229137,0.034556568,-0.1520328,-0.9877712,-0.7443629,0.6555976,-0.12694743,0.66688067,0.73964703,-0.090512395
1356791229177,-0.041552767,-0.088349074,-0.99522245,-0.7395741,0.67245793,-0.028817356,0.6717912,0.7348433,-0.09328318
1356791229214,-0.11655246,-0.02314797,-0.9929147,-0.73386395,0.67563933,0.07039276,0.66922283,0.73686874,-0.095734894
1356791229257,-0.18225712,0.031957388,-0.98273146,-0.729625,0.6655906,0.15696034,0.6591128,0.7456325,-0.097991705
1356791229297,-0.23300558,0.07091981,-0.96988595,-0.72925377,0.6470536,0.2225098,0.6433486,0.759139,-0.099048555
1356791229336,-0.26658675,0.0941146,-0.9592048,-0.73416626,0.6249659,0.26536298,0.62444484,0.77495813,-0.09751183
1356791229376,-0.28312206,0.10540289,-0.9532744,-0.7439242,0.6031917,0.28763962,0.6053253,0.790601,-0.092365086
1356791229417,-0.28403658,0.10944763,-0.95254624,-0.7572032,0.58384037,0.29287124,0.588189,0.8044573,-0.08295792
1356791229456,-0.27146003,0.11089668,-0.9560394,-0.7722697,0.56771374,0.2851325,0.57437694,0.81572235,-0.068469465
1356791229497,-0.24857834,0.11564636,-0.9616833,-0.786508,0.55539024,0.27008656,0.5653441,0.82350934,-0.0471012
1356791229537,-0.2191729,0.1307199,-0.9668896,-0.7964605,0.5484388,0.25468722,0.5635724,0.82591,-0.016089618
1356791229577,-0.18734175,0.16314822,-0.96865153,-0.7986392,0.5488317,0.24689928,0.5719079,0.8198576,0.027477443
1356791229616,-0.1563381,0.2164863,-0.96368676,-0.79156756,0.55609393,0.25333843,0.5907447,0.80242956,0.08442485
1356791229657,-0.12783101,0.28563696,-0.94977415,-0.7777534,0.5653634,0.27470708,0.61543405,0.7738061,0.1498841
1356791229696,-0.1017268,0.35307643,-0.9300477,-0.7632725,0.57189035,0.3005935,0.63801783,0.74045825,0.211317
1356791229737,-0.07764673,0.39848748,-0.9138811,-0.7528987,0.5774437,0.3157568,0.6535401,0.71257734,0.25518405
1356791229777,-0.05543065,0.41096643,-0.9099638,-0.74732685,0.58730423,0.3107674,0.66214055,0.69726634,0.27457154
1356791229817,-0.035262555,0.39088938,-0.91976196,-0.7450068,0.6031567,0.28489804,0.66612417,0.6952752,0.2699464
1356791229856,-0.017885298,0.3453743,-0.93829453,-0.7447267,0.62156284,0.24298497,0.66712976,0.7031189,0.24609262
1356791229897,-0.0046316683,0.28420645,-0.95875204,-0.7463445,0.6371225,0.19247013,0.6655438,0.7164507,0.20916492
1356791229944,0.0025674105,0.21785355,-0.9759781,-0.75000536,0.64596176,0.14221576,0.6614267,0.73162365,0.16504979
1356791229978,0.0013389736,0.15628359,-0.98771137,-0.75513947,0.647666,0.10145518,0.6555628,0.74572396,0.11888313
1356791230018,-0.01034081,0.10667056,-0.9942407,-0.7602716,0.64501256,0.077109754,0.6495231,0.7566903,0.07442862
1356791230058,-0.03559895,0.075387746,-0.9965187,-0.7633208,0.641557,0.07580286,0.64503807,0.7633619,0.034706295
1356791230098,-0.07755925,0.06712952,-0.9947252,-0.7617502,0.6397008,0.10256463,0.6432116,0.765687,0.0015212297
1356791230138,-0.13911654,0.08537963,-0.9865885,-0.75201046,0.6390989,0.16134703,0.6443033,0.764371,-0.024702787
1356791230178,-0.22158635,0.13224828,-0.96613145,-0.7288144,0.6357825,0.25418532,0.64786506,0.76045454,-0.044496298
1356791230218,-0.32231334,0.20696163,-0.92373204,-0.6852754,0.62219465,0.37851214,0.6530787,0.75501037,-0.05871594
1356791230258,-0.43160316,0.30208376,-0.8499788,-0.615934,0.589726,0.5223491,0.6590477,0.7489785,-0.06846386
1356791230298,-0.5330471,0.4008313,-0.74511415,-0.5239875,0.53505516,0.6626862,0.66430265,0.74367344,-0.07517898
1356791230338,-0.6122259,0.4824198,-0.6264589,-0.42551458,0.4667613,0.7752878,0.66642094,0.7412186,-0.080486715
1356791230378,-0.6663269,0.5343399,-0.5200859,-0.34074345,0.40220183,0.84978086,0.66325134,0.7434477,-0.08592504
1356791230417,-0.7023264,0.5581183,-0.4418615,-0.28012943,0.35394526,0.89232856,0.65441966,0.7504843,-0.09223974
1356791230457,-0.7271817,0.5619532,-0.3942277,-0.24444914,0.32466245,0.9136952,0.6414448,0.76079094,-0.0987196
1356791230497,-0.7439141,0.5538882,-0.37389773,-0.23118077,0.3116545,0.9216436,0.62701446,0.7720617,-0.10379583
1356791230537,-0.7524715,0.5388872,-0.37866515,-0.23889089,0.31246924,0.9193988,0.61377347,0.78228104,-0.106388986
1356791230577,-0.7510132,0.51835084,-0.40901303,-0.26830655,0.3264277,0.90634245,0.60331655,0.79041594,-0.10607463
1356791230616,-0.7362081,0.49185228,-0.4648431,-0.32003814,0.35218114,0.87951356,0.5962997,0.79627246,-0.10186714
1356791230656,-0.7045209,0.4617051,-0.53896093,-0.38893616,0.38404006,0.8374019,0.5936153,0.7995885,-0.090990424
1356791230696,-0.6566552,0.43805465,-0.6139317,-0.4604356,0.4118731,0.7863585,0.5973299,0.79904234,-0.06876266
1356791230736,-0.6004777,0.43746957,-0.66936314,-0.51680434,0.4264499,0.74233,0.6101966,0.7916823,-0.029987454
1356791230776,-0.5450005,0.47044173,-0.6940167,-0.5499612,0.4242164,0.71943253,0.63286436,0.77377325,0.027526557
1356791230816,-0.4924705,0.527882,-0.6919634,-0.56679666,0.40881962,0.71526784,0.6604652,0.74445087,0.09787017
1356791230856,-0.4397943,0.5828806,-0.68325037,-0.5819346,0.39450997,0.7111357,0.68405634,0.71036047,0.16569525
1356791230896,-0.3849495,0.61130846,-0.69145936,-0.60401344,0.3996064,0.6895524,0.69784087,0.68309355,0.21541011
1356791230945,-0.32707357,0.6028603,-0.7277241,-0.63266987,0.43233562,0.64250666,0.7019628,0.670556,0.24000597
1356791230978,-0.2652927,0.5566334,-0.7872606,-0.6638835,0.48666686,0.5678152,0.69919854,0.67328644,0.24043047
1356791231018,-0.20031157,0.47696114,-0.855794,-0.6940366,0.547449,0.46756044,0.6915117,0.6876101,0.22136807
1356791231058,-0.13625187,0.374667,-0.91709334,-0.7206076,0.5977728,0.3512727,0.6798237,0.7087259,0.18854022
1356791231098,-0.080056936,0.26624766,-0.96057427,-0.7422428,0.62730026,0.23573285,0.66533184,0.7318514,0.14740068
1356791231138,-0.03784132,0.16663894,-0.98529154,-0.7591543,0.63637626,0.13678434,0.6498098,0.7531644,0.10242331
1356791231177,-0.0130607635,0.0853793,-0.9962629,-0.7723329,0.6319569,0.06428352,0.6350837,0.7702862,0.0576874
1356791231218,-0.0067789108,0.026790649,-0.9996181,-0.78238606,0.6224056,0.021986753,0.6227569,0.7822362,0.016741395
1356791231258,-0.018645331,-0.008208036,-0.9997924,-0.78880125,0.6145723,0.009665072,0.6143654,0.78881776,-0.017933428
1356791231298,-0.04809223,-0.01955825,-0.9986514,-0.78998595,0.61257136,0.026046515,0.61123586,0.79017323,-0.04491067
1356791231338,-0.0942079,-0.007255733,-0.99552613,-0.78349006,0.6174896,0.06964213,0.61422163,0.78654563,-0.0638572
1356791231378,-0.15560701,0.028613836,-0.9874045,-0.76650417,0.62702477,0.13896534,0.62310344,0.7784736,-0.075636804
1356791231418,-0.2291004,0.08601922,-0.96959466,-0.73725635,0.63506144,0.23054293,0.63558334,0.7676573,-0.08207464
1356791231458,-0.3081884,0.15758324,-0.93818307,-0.6968833,0.63392425,0.33540064,0.6475905,0.75717074,-0.08555102
1356791231497,-0.38322854,0.22935703,-0.89472413,-0.6507168,0.62043107,0.43775895,0.6555177,0.7499738,-0.08852041
1356791231537,-0.44570902,0.2869141,-0.8479528,-0.60768384,0.59857213,0.52195,0.6573157,0.7479249,-0.092435956
1356791231577,-0.4917075,0.322873,-0.8086883,-0.57652736,0.5752814,0.5802306,0.65256405,0.7515347,-0.09672505
1356791231616,-0.5207598,0.3376698,-0.78408444,-0.56206554,0.5556872,0.6126125,0.64256644,0.7597308,-0.09958696
1356791231657,-0.5335114,0.33582735,-0.7762638,-0.56458205,0.5419806,0.62249833,0.6297719,0.7703746,-0.099550664
1356791231696,-0.5302801,0.3222294,-0.78420097,-0.5818931,0.5343803,0.6130563,0.6166064,0.7814127,-0.09586823
1356791231736,-0.5115136,0.30178425,-0.80453724,-0.6104268,0.53134584,0.58741015,0.6047587,0.7915793,-0.08757341
1356791231776,-0.47820032,0.2805935,-0.8322209,-0.64525783,0.5305796,0.54966134,0.59579086,0.7998453,-0.072668135
1356791231817,-0.43306935,0.2673248,-0.86080676,-0.6800303,0.5299274,0.5066909,0.5916161,0.804807,-0.047706366
1356791231856,-0.37971866,0.27141058,-0.8843925,-0.70887405,0.5288844,0.46666783,0.5943999,0.80412537,-0.008431315
1356791231896,-0.32128972,0.29957366,-0.8983476,-0.72812724,0.52839196,0.43661505,0.60547805,0.79439133,0.048360884
1356791231945,-0.25924078,0.34954053,-0.900342,-0.73817724,0.52943003,0.4180888,0.622807,0.7729976,0.12077308
1356791231978,-0.19424039,0.40530145,-0.8933093,-0.7435739,0.5331326,0.4035685,0.6398192,0.7426307,0.19781566
1356791232018,-0.12810296,0.4437464,-0.88694906,-0.74901205,0.5428964,0.3797952,0.6500542,0.7129885,0.26282483
1356791232058,-0.064216375,0.45084947,-0.89028704,-0.7550232,0.561409,0.3387624,0.65254605,0.69394135,0.30435014
1356791232115,-0.0045906603,0.42316258,-0.90604216,-0.75979817,0.5875932,0.27828223,0.65014285,0.68968666,0.31882071
1356791232137,0.048665255,0.3657404,-0.9294437,-0.76222634,0.61495924,0.20207946,0.6454786,0.6986123,0.30870414
1356791232177,0.092992514,0.28883612,-0.9528516,-0.7632718,0.6351999,0.11805624,0.63935024,0.7163063,0.27952927
1356791232214,0.12566729,0.2052117,-0.97061634,-0.76503056,0.64293694,0.03688258,0.63161385,0.7379162,0.23778933
1356791232257,0.1449655,0.124453425,-0.98157847,-0.7693004,0.638049,-0.032717347,0.6222234,0.7598716,0.18823719
1356791232297,0.14971164,0.05458477,-0.9872218,-0.77652204,0.6245693,-0.08322585,0.6120456,0.7790594,0.13589156
1356791232337,0.14026034,-0.0014152527,-0.9901137,-0.78541595,0.60872656,-0.11213279,0.6028672,0.79337883,0.08426863
1356791232377,0.11646944,-0.041465044,-0.99232835,-0.79354995,0.5969381,-0.118082255,0.5972548,0.80121505,0.036620498
1356791232417,0.07848273,-0.06395641,-0.99486184,-0.7982224,0.59381044,-0.10114437,0.59722817,0.80205905,-0.0044475794
1356791232457,0.027145684,-0.06748116,-0.99735117,-0.79710317,0.6006173,-0.062333375,0.60323274,0.7966839,-0.0374853
1356791232497,-0.03737901,-0.04931307,-0.9980837,-0.7885324,0.6149927,-8.542836E-4,0.6138563,0.78698933,-0.06187278
1356791232537,-0.11411016,-0.0077423453,-0.9934379,-0.77062106,0.6317875,0.08359271,0.6269945,0.775103,-0.07805979
1356791232577,-0.20015152,0.055775106,-0.9781761,-0.7415161,0.6439278,0.1884433,0.64038515,0.76305056,-0.08752495
1356791232617,-0.29002357,0.13480994,-0.947477,-0.7013594,0.64365727,0.3062683,0.6511384,0.7533469,-0.092125595
1356791232657,-0.37602785,0.21691255,-0.9008619,-0.6540037,0.626595,0.42386064,0.65641636,0.7485503,-0.09375566
1356791232696,-0.45141682,0.2878945,-0.84459436,-0.6062872,0.59552026,0.5270403,0.65470505,0.7499816,-0.09428108
1356791232737,-0.5131469,0.339337,-0.78837216,-0.56489915,0.55801296,0.6078737,0.6461959,0.7572793,-0.09465146
1356791232777,-0.56140125,0.37121654,-0.7396126,-0.5335228,0.520848,0.66638637,0.63259935,0.7687104,-0.094352186
1356791232817,-0.5973001,0.38818446,-0.7018158,-0.5128321,0.48793536,0.7063443,0.61663264,0.7818132,-0.09237039
1356791232857,-0.6217313,0.3952881,-0.67616385,-0.50231075,0.46114165,0.73145896,0.60094434,0.7944153,-0.08814877
1356791232896,-0.63523126,0.39662808,-0.662697,-0.50152725,0.44068283,0.7444925,0.58732575,0.8052855,-0.08101565
1356791232944,-0.63811773,0.39672995,-0.65985686,-0.50970453,0.42466688,0.74823743,0.57706755,0.8137956,-0.068772376
1356791232978,-0.6306459,0.4023354,-0.66363543,-0.5244079,0.40943646,0.7465642,0.5720858,0.8188333,-0.04722154
1356791233018,-0.61338454,0.42276695,-0.66710377,-0.54100007,0.39046484,0.74488664,0.57539403,0.8178052,-0.010788083
1356791233058,-0.5868649,0.4655274,-0.66247547,-0.55537015,0.36394835,0.7477336,0.5891974,0.8067378,0.0449515
1356791233098,-0.5520439,0.52783173,-0.6454774,-0.5675922,0.3291983,0.7546308,0.61080813,0.7829573,0.11786133
1356791233138,-0.5124612,0.59279096,-0.6212748,-0.5813551,0.29297274,0.7590739,0.63198876,0.7501772,0.19448489
1356791233178,-0.4747852,0.6406434,-0.60345256,-0.59814316,0.26808757,0.7552178,0.6456034,0.71951723,0.25591248
1356791233218,-0.44458467,0.6620201,-0.6033852,-0.61554563,0.26356548,0.7427225,0.6507288,0.70161426,0.29032648
1356791233258,-0.42321146,0.6570834,-0.62380564,-0.63121307,0.28009093,0.7232697,0.64997077,0.6998503,0.29622197
1356791233297,-0.40909153,0.6290444,-0.66101986,-0.64503515,0.31303614,0.6970926,0.6454254,0.71155566,0.2776953
1356791233337,-0.4000727,0.58240116,-0.7076373,-0.6580632,0.35485703,0.6641004,0.63788295,0.7313585,0.24128824
1356791233376,-0.39504457,0.522769,-0.75541544,-0.670745,0.39774662,0.6260182,0.6277268,0.7539962,0.19351703
1356791233417,-0.39474058,0.45800677,-0.7964983,-0.68173504,0.43517315,0.5881001,0.61596847,0.7751478,0.1404587
1356791233457,-0.4017247,0.39820468,-0.8246516,-0.6879053,0.46319968,0.5587776,0.6044862,0.791757,0.087848365
1356791233496,-0.41911748,0.35300058,-0.83649933,-0.6853717,0.48126432,0.5464891,0.5954883,0.8023561,0.040230274
1356791233537,-0.44938758,0.3296687,-0.83028275,-0.66996425,0.49042585,0.5573423,0.5909304,0.8067224,4.748702E-4
1356791233577,-0.4932867,0.33265787,-0.80374557,-0.6371974,0.49081054,0.5942092,0.59215516,0.80526006,-0.030141592
1356791233617,-0.5482958,0.36327904,-0.7532596,-0.5827101,0.4801116,0.6556995,0.5998505,0.7984493,-0.051556766
1356791233657,-0.60778797,0.4185062,-0.67486763,-0.5038618,0.45362258,0.73508495,0.61377287,0.7868158,-0.0648371
1356791233696,-0.661255,0.48821956,-0.56954664,-0.40410882,0.40782148,0.81876594,0.6320109,0.77157193,-0.072380126
1356791233736,-0.6995635,0.55549747,-0.4494814,-0.29685175,0.3462541,0.8899366,0.6499923,0.7559965,-0.0773263
1356791233777,-0.72201604,0.6045824,-0.33641183,-0.20079675,0.2821979,0.93810713,0.6620978,0.74487877,-0.082353234
1356791233817,-0.736305,0.6293583,-0.24852197,-0.1282579,0.23081356,0.96450764,0.6643831,0.74204665,-0.08922905
1356791233857,-0.74963087,0.63380075,-0.19065745,-0.08051184,0.19860166,0.9767678,0.656941,0.7475654,-0.09784949
1356791233896,-0.76514024,0.62294257,-0.1627972,-0.05710742,0.18618876,0.98085296,0.64132607,0.75978696,-0.10688591
1356791233943,-0.7814974,0.60294193,-0.16038287,-0.05562365,0.18870604,0.980457,0.6214239,0.7751457,-0.11393541
1356791233978,-0.79534245,0.5789383,-0.17961308,-0.074089944,0.20124352,0.97673523,0.6016154,0.79014647,-0.117164016
1356791234018,-0.8032739,0.55422217,-0.21814857,-0.111126766,0.22037184,0.96906507,0.58515114,0.8026668,-0.11543
1356791234058,-0.8019085,0.53071713,-0.27437577,-0.165722,0.24363387,0.95560384,0.5740026,0.8117769,-0.10742056
