1356790777247,-0.539306,0.012131274,0.84202254,0.84088504,-0.046152055,0.5392424,0.045402765,0.9988607,0.014689088
1356790777397,0.53742236,-0.012961298,-0.8432137,-0.8418981,0.049656436,-0.5373472,0.048835725,0.99868226,0.015774384
1356790777443,0.5729687,-0.015886068,-0.81942326,-0.81795967,0.051700726,-0.5729477,0.051466703,0.9985363,0.016628727
1356790777482,0.5992447,-0.018381655,-0.80035484,-0.79873425,0.053861007,-0.5992684,0.05412346,0.9983793,0.01759386
1356790777520,0.62463474,-0.020936906,-0.7806363,-0.7788383,0.056187764,-0.62470305,0.05694154,0.99820065,0.018790364
1356790777563,0.6503146,-0.023586333,-0.7592987,-0.7572987,0.058700338,-0.6504252,0.059912205,0.9979969,0.020311803
1356790777602,0.6763255,-0.02628079,-0.73613393,-0.7339214,0.061152056,-0.676476,0.06279442,0.99778247,0.022070661
1356790777658,0.70092964,-0.028974235,-0.71264166,-0.71023136,0.063178286,-0.70112765,0.065338135,0.9975816,0.02370514
1356790777684,0.7222211,-0.031763554,-0.6909325,-0.6883631,0.06444437,-0.7224978,0.067475826,0.99741566,0.02467823
1356790777724,0.7404609,-0.035360307,-0.6711687,-0.66853225,0.06400108,-0.7409241,0.06915483,0.99732316,0.023750782
1356790777754,0.75483346,-0.03881064,-0.6547673,-0.6521324,0.06266805,-0.75551045,0.07035482,0.9972795,0.021994263
1356790777799,0.76642644,-0.042906165,-0.6408975,-0.6384094,0.059218675,-0.76741546,0.07087991,0.9973225,0.017995074
1356790777840,0.77418375,-0.046524614,-0.6312487,-0.6289849,0.055059455,-0.77546537,0.07083443,0.9973986,0.013362855
1356790777882,0.7788559,-0.049010545,-0.625285,-0.6232914,0.0506849,-0.7803453,0.069937676,0.9975114,0.008928373
1356790777922,0.7806634,-0.049741715,-0.62296903,-0.62121606,0.047065467,-0.7822247,0.068229556,0.9976526,0.0058419257
1356790777968,0.7794326,-0.047438532,-0.62468743,-0.6231091,0.044691443,-0.7808571,0.0649609,0.9978739,0.005274594
1356790778001,0.7768773,-0.043251127,-0.6281648,-0.62668896,0.04355803,-0.7780512,0.06101322,0.9981143,0.006734237
1356790778040,0.77228546,-0.036387175,-0.63423276,-0.6328136,0.043748885,-0.77306724,0.055876702,0.9983797,0.010760337
1356790778082,0.7666824,-0.027620465,-0.64143217,-0.6401042,0.04437208,-0.76700574,0.049646735,0.9986332,0.016339317
1356790778120,0.7605437,-0.017731965,-0.6490445,-0.6479032,0.04449618,-0.76042193,0.042363733,0.9988522,0.02235271
1356790778161,0.75419736,-0.0074177086,-0.65660596,-0.655758,0.043529272,-0.75371534,0.034172446,0.9990247,0.027965441
1356790778200,0.7480833,0.002509147,-0.6636001,-0.663111,0.041400492,-0.7473753,0.025598109,0.9991395,0.03263487
1356790778246,0.7420693,0.011821836,-0.6702189,-0.670117,0.0378785,-0.7412883,0.016623497,0.9992124,0.036030486
1356790778282,0.7371721,0.019379228,-0.67542696,-0.6756505,0.03383407,-0.7364453,0.008580714,0.99923956,0.03803511
1356790778319,0.7336601,0.024845988,-0.67906225,-0.679515,0.029058129,-0.733086,0.0015180409,0.9992689,0.038202003
1356790778361,0.73180646,0.027881056,-0.68094194,-0.68150115,0.02416788,-0.73141783,-0.003935784,0.999319,0.036687195
1356790778400,0.7317357,0.02833417,-0.68099934,-0.6815473,0.019427523,-0.7315161,-0.007496774,0.9994097,0.033526883
1356790778441,0.73297346,0.026550382,-0.6797389,-0.68019366,0.014947176,-0.73288,-0.009298086,0.9995357,0.029015303
1356790778480,0.7346091,0.023351163,-0.67808855,-0.67841864,0.010733217,-0.7345971,-0.009875685,0.9996697,0.023726612
1356790778521,0.73593825,0.01949668,-0.6767679,-0.67697567,0.0065102577,-0.7359766,-0.009943187,0.99978876,0.017989919
1356790778562,0.73673743,0.015353829,-0.6760046,-0.6760988,0.0013350248,-0.73680973,-0.010410368,0.99988115,0.011364266
1356790778600,0.73684865,0.0112014115,-0.67596495,-0.67594016,-0.006446436,-0.7369284,-0.012612224,0.9999165,0.0028214455
1356790778641,0.7357122,0.0076377094,-0.6772512,-0.6770538,-0.018354028,-0.73570466,-0.01804939,0.99980235,-0.008332148
1356790778684,0.73242295,0.0054302216,-0.6808283,-0.6802942,-0.034556523,-0.7321241,-0.027502656,0.999388,-0.021615848
1356790778720,0.7267831,0.0044099987,-0.6868529,-0.68584156,-0.049962223,-0.72603387,-0.03751844,0.99874145,-0.033287153
1356790778763,0.71938175,0.0045253634,-0.6946002,-0.693114,-0.061026677,-0.71824,-0.045639396,0.9981259,-0.040764898
1356790778801,0.7100299,0.005279243,-0.70415175,-0.7024296,-0.064982414,-0.70878065,-0.049499303,0.9978725,-0.04243116
1356790778843,0.69882655,0.0071621537,-0.7152553,-0.71377397,-0.058111727,-0.69796115,-0.046563625,0.9982844,-0.03549786
1356790778881,0.686386,0.008788586,-0.7271843,-0.7262123,-0.04479046,-0.68600994,-0.03859994,0.9989578,-0.024361178
1356790778920,0.6758861,0.008480489,-0.7369573,-0.73660946,-0.025028586,-0.6758551,-0.024176598,0.9996508,-0.010669649
1356790778958,0.66856426,0.004553139,-0.7436404,-0.743637,-0.0027328283,-0.66857797,-0.0050763786,0.9999859,0.0015588105
1356790779000,0.66539145,-0.0039628446,-0.7464841,-0.7463205,0.018066376,-0.6653415,0.016122937,0.99982893,0.009063631
1356790779040,0.66692036,-0.017878264,-0.74491453,-0.7441889,0.034219876,-0.6670921,0.037417322,0.99925447,0.009517133
1356790779080,0.67371887,-0.038107276,-0.73800457,-0.7367164,0.043604553,-0.67479444,0.057894915,0.9983218,0.0013029575
1356790779121,0.68706095,-0.065681934,-0.72362494,-0.7224771,0.04418403,-0.6899815,0.077291995,0.9968619,-0.017096564
1356790779160,0.70800495,-0.100640476,-0.6989997,-0.6997775,0.033284992,-0.7135851,0.09508175,0.994366,-0.046859995
1356790779202,0.7413034,-0.1440815,-0.65552247,-0.6619009,0.0048198327,-0.7495758,0.1111595,0.989554,-0.0917947
1356790779241,0.7814145,-0.18983948,-0.59443456,-0.6112522,-0.04120585,-0.7903625,0.12554783,0.9809501,-0.14823863
1356790779298,0.8282916,-0.23401754,-0.50908625,-0.5426387,-0.108735204,-0.8328985,0.13955727,0.96613276,-0.21705145
1356790779320,0.86951935,-0.26756907,-0.415142,-0.46936864,-0.1860606,-0.863177,0.15371786,0.94540375,-0.2873718
1356790779360,0.9010551,-0.28819227,-0.3241062,-0.3995859,-0.26110867,-0.87872255,0.16861412,0.92128575,-0.35043088
1356790779401,0.92182726,-0.29711124,-0.24891648,-0.34179637,-0.32026714,-0.88351804,0.1827834,0.89952976,-0.39678252
1356790779440,0.93414056,-0.29798973,-0.19642693,-0.29975033,-0.35630062,-0.8849856,0.19372958,0.88558,-0.42215738
1356790779480,0.94043505,-0.294158,-0.17044933,-0.27597407,-0.36772698,-0.8880401,0.19854532,0.8821836,-0.42700332
1356790779520,0.9418794,-0.28771946,-0.17343795,-0.2733039,-0.35601088,-0.8936225,0.1953668,0.8890859,-0.41395417
1356790779560,0.938522,-0.27936354,-0.20281151,-0.291463,-0.32638782,-0.8991776,0.18500224,0.90300995,-0.38774627
1356790779599,0.92866755,-0.26863885,-0.25575334,-0.3300482,-0.28386742,-0.9002708,0.16924764,0.9204632,-0.35228223
1356790779642,0.9089111,-0.2540481,-0.33066624,-0.38929856,-0.23281896,-0.89120257,0.14942294,0.9387518,-0.3105123
1356790779681,0.87986666,-0.23434165,-0.41342306,-0.45762065,-0.18324685,-0.87005967,0.12813275,0.9547275,-0.26847237
1356790779722,0.8392363,-0.20917079,-0.50192636,-0.5335177,-0.13837275,-0.8343931,0.10507773,0.9680396,-0.22772375
1356790779762,0.80160517,-0.17993887,-0.5701326,-0.5921321,-0.10733467,-0.79866064,0.08251509,0.9778043,-0.19258761
1356790779802,0.7720229,-0.15001442,-0.6176377,-0.63275445,-0.08963579,-0.76914716,0.060020745,0.9846122,-0.16412318
1356790779841,0.75899,-0.1211372,-0.6397343,-0.6500075,-0.08401687,-0.75526917,0.037742734,0.9890739,-0.14250803
1356790779881,0.76116943,-0.0945214,-0.64162815,-0.64835906,-0.086706616,-0.7563812,0.015860826,0.9917397,-0.12728225
1356790779920,0.77285266,-0.0706653,-0.6306387,-0.6345615,-0.09470424,-0.7670481,-0.005520493,0.9929942,-0.118033916
1356790779960,0.78764063,-0.04966733,-0.6141298,-0.6155838,-0.1055839,-0.78096646,-0.026053727,0.99316925,-0.11373657
1356790780002,0.79932463,-0.03114611,-0.6000917,-0.59916687,-0.117093235,-0.7920153,-0.045598507,0.9926324,-0.11225721
1356790780041,0.8071054,-0.015345216,-0.59020793,-0.58719957,-0.124928646,-0.7997435,-0.061461657,0.99204713,-0.10984129
1356790780083,0.80993253,-0.0022381544,-0.5865187,-0.58215976,-0.1248158,-0.80343693,-0.07140863,0.9921773,-0.10239533
1356790780121,0.80905646,0.0073084533,-0.58768547,-0.582988,-0.1167959,-0.8040421,-0.07451555,0.993129,-0.09023374
1356790780163,0.8066241,0.012999386,-0.59092176,-0.58707535,-0.09834135,-0.8035369,-0.06855753,0.99506783,-0.071692884
1356790780202,0.80124795,0.014697254,-0.5981518,-0.59557426,-0.07628653,-0.7996696,-0.057383925,0.99697757,-0.052371114
1356790780240,0.7959136,0.012387246,-0.6052835,-0.6040096,-0.05172065,-0.79529697,-0.041157186,0.9985847,-0.03368316
1356790780296,0.788942,0.005999148,-0.6144384,-0.6140759,-0.028006107,-0.78874993,-0.021939844,0.9995898,-0.018411256
1356790780320,0.78093386,-0.0050388575,-0.62459326,-0.62461275,-0.007991463,-0.7808937,-0.0010566413,0.9999553,-0.009388119
1356790780360,0.7743077,-0.022550672,-0.6324073,-0.63246703,0.005284071,-0.77456915,0.020808727,0.99973166,-0.010171056
1356790780401,0.7745098,-0.049501866,-0.630622,-0.6311027,0.007206708,-0.7756659,0.04294166,0.99874806,-0.025659129
1356790780442,0.7908298,-0.08882022,-0.60555696,-0.6086285,-0.009866178,-0.79339397,0.06449491,0.99599886,-0.06186098
1356790780481,0.827378,-0.13738671,-0.544583,-0.555246,-0.05412635,-0.8299231,0.08454411,0.9890376,-0.12106636
1356790780522,0.8772274,-0.1844952,-0.44320837,-0.46903443,-0.13251486,-0.8731819,0.10236618,0.973859,-0.20278028
1356790780561,0.915494,-0.21526872,-0.33989713,-0.38513982,-0.2245884,-0.895113,0.11635288,0.95037854,-0.2885179
1356790780603,0.9375061,-0.23002477,-0.2610957,-0.32471645,-0.3086387,-0.89403665,0.12506633,0.9229468,-0.36404347
1356790780663,0.9458886,-0.23676838,-0.2218908,-0.29806012,-0.36363655,-0.8825694,0.12827691,0.90094906,-0.41453087
1356790780677,0.94443357,-0.24205501,-0.22238393,-0.3038584,-0.38488775,-0.87151104,0.12536077,0.8906575,-0.43705136
1356790780718,0.9318263,-0.24973875,-0.2633065,-0.34366626,-0.3741595,-0.86133516,0.11659016,0.8931043,-0.43447843
1356790780754,0.9036801,-0.2597073,-0.340462,-0.41538587,-0.3385565,-0.84429497,0.10400391,0.90439564,-0.4138255
1356790780797,0.8491875,-0.26870978,-0.45461595,-0.52054745,-0.28092998,-0.8062932,0.0889436,0.92134327,-0.3784384
1356790780839,0.7601043,-0.2706157,-0.5907696,-0.64562815,-0.2116498,-0.73373604,0.07352424,0.9391334,-0.33559301
1356790780883,0.6291275,-0.25865126,-0.73300624,-0.7751478,-0.1386047,-0.6163884,0.057831496,0.955975,-0.28769296
1356790780920,0.4858784,-0.2320703,-0.8426539,-0.8729662,-0.08138068,-0.48094404,0.043037087,0.9692887,-0.24213064
1356790780962,0.35476333,-0.19732589,-0.9138957,-0.9345147,-0.044808015,-0.3530925,0.028724372,0.9793133,-0.20030016
1356790781000,0.270348,-0.16323817,-0.9488231,-0.9626373,-0.029926896,-0.2691354,0.015537888,0.98613274,-0.16522989
1356790781044,0.22819,-0.13446617,-0.9642864,-0.9736146,-0.02946502,-0.22628859,0.0020154119,0.99048007,-0.13764182
1356790781081,0.23143771,-0.111806184,-0.9664036,-0.9727733,-0.039049298,-0.22844532,-0.012195826,0.9929625,-0.11779949
1356790781119,0.25838503,-0.09462342,-0.9613967,-0.9655944,-0.055586845,-0.25404218,-0.029402643,0.99396,-0.10573068
1356790781162,0.29740864,-0.080295384,-0.95136786,-0.95348364,-0.07629025,-0.29163116,-0.04916349,0.9938473,-0.09924966
1356790781200,0.33438456,-0.06681448,-0.9400653,-0.9400136,-0.09512818,-0.32760498,-0.06753796,0.9932202,-0.09461594
1356790781240,0.36033544,-0.053534538,-0.93128544,-0.92934406,-0.10674366,-0.3534482,-0.08048707,0.9928444,-0.08821556
1356790781294,0.37342185,-0.04075983,-0.9267658,-0.92375815,-0.107890904,-0.36746493,-0.08501175,0.9933269,-0.07794106
1356790781320,0.37402743,-0.029649168,-0.92694366,-0.92396903,-0.09802705,-0.36969173,-0.07990447,0.99474204,-0.064059734
1356790781359,0.36308384,-0.021773726,-0.931502,-0.92938757,-0.07970512,-0.36039653,-0.06639832,0.9965806,-0.04917583
1356790781401,0.33994392,-0.01825431,-0.9402685,-0.9393139,-0.055627197,-0.33851886,-0.046125144,0.9982847,-0.036056608
1356790781440,0.2960443,-0.01896578,-0.9549859,-0.9548726,-0.031000316,-0.2953935,-0.024002492,0.99933946,-0.027287364
1356790781482,0.23830462,-0.024737865,-0.9708754,-0.97119045,-0.006018579,-0.23822865,5.00381E-5,0.99967587,-0.025459498
1356790781521,0.14877516,-0.034707695,-0.9882618,-0.9885942,0.018428862,-0.14947242,0.023400456,0.9992276,-0.031570077
1356790781559,0.05606079,-0.05314201,-0.99701214,-0.99736327,0.04311055,-0.05837843,0.046084076,0.997656,-0.05058509
1356790781598,-0.027222127,-0.084716946,-0.9960331,-0.9973234,0.06994286,0.021308482,0.067860216,0.9939472,-0.08639419
1356790781641,-0.069244176,-0.13579264,-0.9883145,-0.993675,0.097180516,0.05626735,0.08840418,0.98595953,-0.1416629
1356790781681,-0.041097254,-0.21246552,-0.97630394,-0.99347353,0.11274579,0.017284006,0.10640189,0.97064245,-0.21571243
1356790781719,0.030423224,-0.30015695,-0.95340455,-0.9923409,0.10518116,-0.06477949,0.119724184,0.94807315,-0.29465806
1356790781760,0.096896425,-0.37594172,-0.92156327,-0.98712933,0.082059875,-0.13726571,0.12722728,0.9230027,-0.3631518
1356790781800,0.09241386,-0.42041457,-0.90261364,-0.9873247,0.07878061,-0.137781,0.1290336,0.9039055,-0.4078052
1356790781842,-0.0039473027,-0.42665175,-0.9044074,-0.99221194,0.114270285,-0.049576133,0.124498606,0.89716804,-0.42377996
1356790781881,-0.14889005,-0.39965135,-0.9044947,-0.982153,0.16607097,0.08829489,0.11492318,0.9014983,-0.4172451
1356790781922,-0.30657843,-0.3437572,-0.8876039,-0.94655234,0.20830902,0.24626398,0.100240916,0.91566277,-0.3892473
1356790781960,-0.4227264,-0.28557342,-0.86008734,-0.9022773,0.22146976,0.36992818,0.08484167,0.93241566,-0.35128748
1356790782000,-0.50567377,-0.23072323,-0.83130074,-0.8598553,0.21331045,0.46384007,0.07030651,0.94935006,-0.3062541
1356790782039,-0.5591293,-0.18410128,-0.8083818,-0.827082,0.19151717,0.5284474,0.05753115,0.9640684,-0.2593497
1356790782080,-0.58868647,-0.14792684,-0.7947112,-0.80703247,0.1639008,0.56730515,0.046334147,0.97532254,-0.21586794
1356790782120,-0.6006552,-0.121578515,-0.79021007,-0.79871017,0.13539606,0.5862849,0.035711646,0.9833039,-0.17843229
1356790782159,-0.59653425,-0.10484657,-0.7957097,-0.80222046,0.1078763,0.587201,0.024272174,0.98862016,-0.14846194
1356790782201,-0.57600915,-0.0974184,-0.8116176,-0.81738234,0.08075744,0.57040715,0.009976,0.9919616,-0.12614506
1356790782241,-0.53759,-0.09749359,-0.83755124,-0.8431729,0.05330187,0.53499377,-0.0075154603,0.9938078,-0.1108585
1356790782301,-0.4802106,-0.10379383,-0.87099063,-0.87666357,0.023616672,0.48052394,-0.029305547,0.99431837,-0.10233325
1356790782320,-0.4045375,-0.111716926,-0.90767217,-0.912963,-0.008583963,0.4079521,-0.05336657,0.993703,-0.098520875
1356790782363,-0.31947052,-0.1159789,-0.940472,-0.94447273,-0.041545093,0.32595286,-0.07687569,0.9923824,-0.09626645
1356790782401,-0.23480469,-0.11238551,-0.96552384,-0.9674101,-0.06984049,0.2433927,-0.094786435,0.99120724,-0.09232402
1356790782440,-0.16492695,-0.10040772,-0.9811816,-0.9807782,-0.08847731,0.17391336,-0.10427454,0.9910046,-0.08388543
1356790782481,-0.109003246,-0.08233905,-0.99062526,-0.9885906,-0.095240295,0.11669558,-0.10395607,0.9920431,-0.0710181
1356790782522,-0.065065384,-0.062321037,-0.99593306,-0.99340665,-0.090361655,0.07055476,-0.09439123,0.99395716,-0.05603069
1356790782559,-0.031199396,-0.0442383,-0.99853367,-0.9965222,-0.07585138,0.034497082,-0.077266276,0.9961373,-0.041717887
1356790782599,-0.0064186454,-0.031194478,-0.99949276,-0.9983814,-0.056284904,0.008168191,-0.056511164,0.9979273,-0.03078276
1356790782640,0.009313375,-0.02488938,-0.9996469,-0.9993857,-0.034011155,-0.008464187,-0.033788443,0.99911153,-0.02519089
1356790782679,0.016795695,-0.027154833,-0.9994901,-0.9998039,-0.010949016,-0.016503513,-0.010495245,0.99957126,-0.027333409
1356790782721,0.026844889,-0.042649895,-0.99872935,-0.9995508,0.012174159,-0.027386904,0.013326734,0.9990159,-0.04230392
1356790782761,0.039620966,-0.07162756,-0.99664426,-0.9985662,0.0330936,-0.042075753,0.035996348,0.9968823,-0.070213616
1356790782802,0.09708065,-0.1252332,-0.9873662,-0.9935982,0.04539305,-0.103450865,0.05777505,0.9910883,-0.12002468
1356790782840,0.19272438,-0.19853139,-0.9609592,-0.9781728,0.038663715,-0.20416442,0.07768729,0.9793316,-0.18674654
1356790782880,0.3306402,-0.28291747,-0.9003525,-0.9389051,-0.0019988269,-0.34416988,0.095571995,0.9591421,-0.26629356
1356790782921,0.4583423,-0.35289732,-0.81571186,-0.8818178,-0.06594634,-0.46695662,0.11099452,0.9333352,-0.3414171
1356790782959,0.53825533,-0.3968861,-0.7434801,-0.8337395,-0.12187874,-0.5385387,0.12312409,0.9097401,-0.3965015
1356790783001,0.5620359,-0.41934043,-0.71293,-0.8167929,-0.14565748,-0.5582412,0.1302495,0.8960678,-0.42437905
1356790783040,0.5354363,-0.42656016,-0.7289406,-0.83433723,-0.13316679,-0.5349281,0.13110828,0.8946022,-0.42719734
1356790783080,0.45715043,-0.41755,-0.78528047,-0.88052154,-0.0881097,-0.46574518,0.12528107,0.904372,-0.40794116
1356790783121,0.34494886,-0.39268297,-0.85253173,-0.93148583,-0.03143218,-0.36241713,0.11551809,0.91913664,-0.37662113
1356790783163,0.20560816,-0.3493261,-0.9141644,-0.973297,0.024434477,-0.22824496,0.10206905,0.9366825,-0.33497417
1356790783200,0.077365816,-0.29899663,-0.95111275,-0.99315757,0.060590863,-0.09983349,0.08747861,0.95232856,-0.2922631
1356790783239,-0.029776096,-0.24816653,-0.9682597,-0.9970095,0.07648355,0.011057347,0.07131186,0.96569335,-0.2497018
1356790783300,-0.10031155,-0.20583698,-0.97343147,-0.99342585,0.074961334,0.086521,0.055160552,0.975711,-0.21200329
1356790783321,-0.13900593,-0.17382127,-0.9749172,-0.9895409,0.06270513,0.12991115,0.038550973,0.9827788,-0.18071961
1356790783361,-0.14803052,-0.15171352,-0.9772768,-0.98877275,0.04307252,0.14308518,0.020385832,0.9874856,-0.1563862
1356790783400,-0.13320592,-0.13717261,-0.98154974,-0.9910883,0.01787594,0.13200215,-5.609393E-4,0.9903859,-0.13833135
1356790783440,-0.101643085,-0.12714818,-0.98666203,-0.99450505,-0.012004614,0.103998035,-0.025067687,0.99181104,-0.12522936
1356790783481,-0.061436266,-0.117925435,-0.9911201,-0.9967736,-0.044137985,0.06703839,-0.051651597,0.992041,-0.114833295
1356790783520,-0.021919549,-0.10628235,-0.9940944,-0.99685514,-0.07341623,0.029829651,-0.07615307,0.991622,-0.104338825
1356790783560,0.009855956,-0.090669155,-0.9958323,-0.99553776,-0.09435573,-0.0012621284,-0.09384802,0.9914011,-0.09119448
1356790783624,0.029420078,-0.07041907,-0.9970836,-0.9944304,-0.10305989,-0.022063196,-0.10120565,0.99217933,-0.07305893
1356790783637,0.041805387,-0.048910618,-0.9979279,-0.9941802,-0.10129154,-0.036683857,-0.09928742,0.9936537,-0.0528605
1356790783679,0.04469347,-0.027290642,-0.9986279,-0.99524134,-0.08785671,-0.0421409,-0.08658612,0.9957592,-0.031087369
1356790783714,0.04347408,-0.009584397,-0.99900854,-0.99670815,-0.06890923,-0.042712837,-0.06843147,0.99757695,-0.012548655
1356790783758,0.039443135,0.0023705065,-0.99921906,-0.9981868,-0.045410633,-0.03951013,-0.045468837,0.9989656,5.750656E-4
1356790783798,0.029116035,0.007850021,-0.9995453,-0.9993236,-0.022244692,-0.029284239,-0.022464454,0.99972177,0.0071969926
1356790783838,0.019209772,0.0047384202,-0.99980426,-0.9998151,9.2068315E-4,-0.0192056,8.2954764E-4,0.99998844,0.0047552288
1356790783881,0.010326266,-0.0094822645,-0.9999018,-0.99965525,0.024044037,-0.01055178,0.024141759,0.999666,-0.009230733
1356790783920,0.011937618,-0.039379,-0.999153,-0.99879396,0.047121823,-0.013790518,0.047624946,0.9981127,-0.038768947
1356790783960,0.03672123,-0.09127727,-0.99514824,-0.9967841,0.06763053,-0.042984843,0.07122594,0.99352634,-0.08850026
1356790784000,0.09252131,-0.16712716,-0.98158455,-0.991258,0.07766533,-0.10665652,0.09406027,0.98287153,-0.1584804
1356790784040,0.17718321,-0.25990215,-0.9492402,-0.9774456,0.06615007,-0.20055985,0.11491823,0.9633665,-0.24231952
1356790784080,0.2651279,-0.34691986,-0.89964104,-0.955109,0.033423364,-0.29436332,0.13218954,0.9372991,-0.3224848
1356790784122,0.33036882,-0.40881827,-0.8507197,-0.9327322,-0.0034632534,-0.36055326,0.14445451,0.9126092,-0.38246208
1356790784160,0.36380136,-0.4408572,-0.8205446,-0.9192072,-0.027408235,-0.39281923,0.15068749,0.8971587,-0.41521025
1356790784202,0.36383194,-0.4440695,-0.8187971,-0.9193969,-0.030166566,-0.3921728,0.1494517,0.89548445,-0.41925168
1356790784241,0.34893638,-0.42916924,-0.8331009,-0.9262075,-0.022500232,-0.37634224,0.14276958,0.9029438,-0.40535092
1356790784300,0.31983602,-0.39806437,-0.8597963,-0.9383905,-0.007737443,-0.34549004,0.13087463,0.91732484,-0.37601453
1356790784319,0.2857077,-0.3559594,-0.88975513,-0.9513172,0.006663367,-0.3081416,0.11561468,0.9344777,-0.3367265
1356790784360,0.25323236,-0.3088452,-0.9167813,-0.96237147,0.016128108,-0.27125844,0.09856281,0.95097554,-0.29313964
1356790784401,0.22493368,-0.2607498,-0.9388367,-0.97110033,0.018925369,-0.23791996,0.079805374,0.9652209,-0.24895728
1356790784441,0.20552072,-0.21645221,-0.95441586,-0.97682357,0.014226943,-0.21357238,0.059806645,0.9761895,-0.20851165
1356790784481,0.1944206,-0.17749822,-0.96472526,-0.9801806,0.0029777586,-0.19808307,0.038032025,0.98411655,-0.17340136
1356790784520,0.19402224,-0.14523423,-0.9701867,-0.98085725,-0.012022853,-0.19435635,0.01656276,0.9893242,-0.14478675
1356790784563,0.19989169,-0.119123876,-0.9725497,-0.97980326,-0.02974832,-0.1977388,-0.005376309,0.99243367,-0.12266445
1356790784601,0.2132853,-0.09857732,-0.97200406,-0.9766337,-0.048377603,-0.20939481,-0.026381671,0.99395275,-0.10659215
1356790784642,0.2283484,-0.08211011,-0.9701108,-0.9724007,-0.06825456,-0.22311041,-0.047894806,0.9942833,-0.09542978
1356790784681,0.24238703,-0.067255735,-0.9678457,-0.9678228,-0.086256355,-0.23638737,-0.067584395,0.9940003,-0.08599907
1356790784723,0.24994555,-0.051768214,-0.96687496,-0.96464384,-0.09953353,-0.24403957,-0.083602995,0.9936867,-0.07481584
1356790784760,0.24992603,-0.034989566,-0.96763253,-0.9637736,-0.105133235,-0.24512771,-0.09315336,0.9938425,-0.05999756
1356790784801,0.24337456,-0.017987698,-0.96976554,-0.9653292,-0.10178551,-0.24037316,-0.09438434,0.9946437,-0.042136014
1356790784840,0.2330353,-0.0032084286,-0.972463,-0.9685426,-0.09052923,-0.23179713,-0.08729255,0.9958887,-0.024204046
1356790784882,0.22108588,0.0071485937,-0.9752282,-0.97248495,-0.0736908,-0.22100416,-0.0734452,0.99725556,-0.009340167
1356790784920,0.20781443,0.011870444,-0.97809625,-0.97660947,-0.053911358,-0.20815286,-0.055201292,0.9984752,3.8918853E-4
1356790784960,0.19166213,0.010868996,-0.9814007,-0.9808408,-0.033420622,-0.1919229,-0.03488505,0.99938226,0.004255295
1356790785002,0.17385703,0.0027843714,-0.98476696,-0.98469025,-0.012302637,-0.17387825,-0.012599379,0.9999204,6.028712E-4
1356790785041,0.15324542,-0.01316762,-0.9881004,-0.9881351,0.008315831,-0.15336165,0.0102362335,0.99987864,-0.011737019
1356790785082,0.14511499,-0.044899046,-0.9883955,-0.9888186,0.028093308,-0.14645332,0.034342945,0.9985965,-0.040320277
1356790785121,0.15065277,-0.0934698,-0.98415804,-0.9868787,0.044274867,-0.15527424,0.058086872,0.99463713,-0.085573226
1356790785159,0.19029883,-0.1654886,-0.9676776,-0.97836816,0.049488813,-0.20086455,0.08113003,0.98496926,-0.1524911
1356790785201,0.257329,-0.25194404,-0.9329019,-0.96093595,0.035087362,-0.27453774,0.10190123,0.96710557,-0.23307312
1356790785239,0.32743153,-0.3314369,-0.884838,-0.9374895,0.0029004514,-0.34800154,0.11790696,0.9434729,-0.3097689
1356790785299,0.41255772,-0.3843306,-0.82588506,-0.90204036,-0.046000123,-0.42919347,0.12696138,0.9220487,-0.36565945
1356790785320,0.397322,-0.41107056,-0.820461,-0.90863824,-0.051034585,-0.4144538,0.12849784,0.91017383,-0.3937916
1356790785360,0.3573997,-0.41244325,-0.8379475,-0.925768,-0.037937164,-0.3761838,0.123365104,0.910193,-0.3953855
1356790785400,0.3004732,-0.39397255,-0.8686204,-0.94695115,-0.014359042,-0.32105663,0.11401495,0.91901004,-0.37738723
1356790785443,0.22961055,-0.35775304,-0.90514743,-0.96796966,0.013101801,-0.2507252,0.10155681,0.93372434,-0.3432858
1356790785489,0.15159199,-0.3066563,-0.9396711,-0.98466164,0.03622648,-0.17067239,0.08637875,0.9511306,-0.2964611
1356790785529,0.091447264,-0.25576213,-0.96240485,-0.99327195,0.045529395,-0.10647985,0.07105121,0.965667,-0.24987781
1356790785570,0.04725191,-0.2095418,-0.9766573,-0.99735,0.044252485,-0.057747394,0.055319995,0.9767978,-0.20689547
1356790785610,0.020940602,-0.17069605,-0.9851012,-0.999032,0.034554005,-0.027224213,0.038686275,0.9847177,-0.16980726
1356790785650,0.011817396,-0.14008722,-0.9900687,-0.99972034,0.0186252,-0.014567912,0.02048102,0.98996395,-0.13982797
1356790785690,0.017955929,-0.117402345,-0.99292207,-0.9998386,-0.0014297068,-0.017912,6.8333745E-4,0.99308336,-0.11740905
1356790785735,0.03566593,-0.101826906,-0.9941626,-0.99910057,-0.026463449,-0.033132553,-0.022935212,0.9944501,-0.10267913
1356790785770,0.0609217,-0.090073675,-0.99407005,-0.9970124,-0.052871317,-0.05631131,-0.04748559,0.99453074,-0.093025565
1356790785812,0.08450803,-0.079428196,-0.99325204,-0.99372613,-0.080005735,-0.07815051,-0.07325852,0.9936248,-0.085691035
1356790785851,0.10344571,-0.06736097,-0.9923514,-0.99018586,-0.10123694,-0.09634793,-0.093972534,0.9925792,-0.07717237
1356790785889,0.11227083,-0.052125275,-0.99230945,-0.98799926,-0.11246252,-0.10587558,-0.10607883,0.99228776,-0.064125985
1356790785931,0.11155811,-0.034344405,-0.9931643,-0.9878986,-0.11219987,-0.10708672,-0.107755095,0.993092,-0.04644561
1356790785971,0.10444701,-0.016579181,-0.9943922,-0.98954403,-0.1017316,-0.102241576,-0.099466026,0.99467367,-0.027031362
1356790786011,0.094578624,-0.0017867386,-0.9955158,-0.99203575,-0.08373004,-0.09409773,-0.08318639,0.9964869,-0.009691656
1356790786049,0.08419621,0.0077162385,-0.9964193,-0.9944946,-0.06195253,-0.08451334,-0.062382787,0.9980494,0.0024575293
1356790786090,0.07465932,0.010325521,-0.99715567,-0.99643636,-0.03858486,-0.075004965,-0.03924957,0.999202,0.007407993
1356790786131,0.066501796,0.0045849383,-0.9977758,-0.9976634,-0.015395105,-0.06656504,-0.015666038,0.999871,0.0035504103
1356790786171,0.06658149,-0.014023334,-0.99768245,-0.9977472,0.007299483,-0.06668842,0.008217782,0.99987507,-0.013505757
1356790786209,0.07749757,-0.04776913,-0.99584746,-0.9965094,0.027382702,-0.07886261,0.031036228,0.998483,-0.04548025
1356790786251,0.118103564,-0.105439484,-0.98738754,-0.9916242,0.039826572,-0.12286323,0.052278906,0.99362785,-0.09985268
1356790786298,0.18480235,-0.18288127,-0.9656099,-0.9801812,0.0370484,-0.19460782,0.0713644,0.98243666,-0.17241013
1356790786330,0.2717976,-0.27063167,-0.9235175,-0.9582323,0.012619689,-0.28571254,0.0889774,0.9626003,-0.25589803
1356790786371,0.3477885,-0.34660077,-0.871155,-0.93167305,-0.023686841,-0.36252478,0.10501644,0.9377136,-0.33115658
1356790786410,0.3896383,-0.3967926,-0.8311062,-0.9134367,-0.051327884,-0.40373102,0.11753848,0.9164721,-0.38244417
1356790786449,0.3908085,-0.41933733,-0.8194052,-0.91212887,-0.056840926,-0.4059434,0.123651475,0.90604925,-0.40470356
1356790786489,0.35630602,-0.41719732,-0.83605766,-0.92638695,-0.041022167,-0.3743317,0.12187323,0.9078896,-0.4011026
1356790786530,0.29673314,-0.3942408,-0.86978364,-0.94826454,-0.013973847,-0.31717363,0.112888545,0.91890097,-0.37799108
1356790786588,0.2277915,-0.356922,-0.90593475,-0.9686389,0.011766329,-0.24819377,0.09924537,0.9340601,-0.34304827
1356790786620,0.14580524,-0.30072916,-0.9424982,-0.986115,0.032365084,-0.16287974,0.07948673,0.9531603,-0.29183447
1356790786654,0.09479144,-0.24956286,-0.9637079,-0.99359655,0.036073357,-0.10707292,0.06148565,0.9676864,-0.24454534
1356790786694,0.059856296,-0.2039423,-0.9771514,-0.9971957,0.03183669,-0.06772882,0.044922024,0.97846514,-0.20146471
1356790786737,0.043134153,-0.16493115,-0.9853614,-0.9986477,0.021531224,-0.04731965,0.029020488,0.98607004,-0.16377932
1356790786779,0.042521685,-0.1329216,-0.99021393,-0.99901545,0.006890148,-0.043824524,0.012647927,0.9911026,-0.13249779
1356790786832,0.053316683,-0.107158184,-0.9928113,-0.9985324,-0.015181929,-0.051985294,-0.009502143,0.9941261,-0.10781038
1356790786879,0.07958701,-0.08723238,-0.9930037,-0.9962057,-0.04215291,-0.07614064,-0.035216063,0.99529576,-0.090256274
1356790786921,0.10605523,-0.07048178,-0.9918592,-0.99253035,-0.06799081,-0.10129556,-0.060297757,0.99519324,-0.07716611
1356790786962,0.12435174,-0.05448425,-0.9907412,-0.9888439,-0.08932388,-0.11920136,-0.08200222,0.9945113,-0.064983994
1356790787000,0.1324181,-0.038097918,-0.9904615,-0.98644346,-0.10278052,-0.12792751,-0.09692639,0.9939742,-0.05119148
1356790787040,0.13070932,-0.021655142,-0.9911842,-0.9860452,-0.106808215,-0.12769812,-0.10310131,0.99404377,-0.035313755
1356790787080,0.12184456,-0.0071810186,-0.9925232,-0.98748076,-0.1018047,-0.12048894,-0.10017833,0.99477845,-0.019495487
1356790787120,0.108707994,0.00301224,-0.9940692,-0.99004245,-0.089639336,-0.10853928,-0.08943465,0.9959697,-0.0067622364
1356790787161,0.09283525,0.007545471,-0.9956529,-0.9929544,-0.07325786,-0.093138844,-0.073642254,0.99728453,6.914437E-4
1356790787202,0.07663238,0.005154997,-0.99704605,-0.99560845,-0.05353266,-0.07679871,-0.053770483,0.9985528,0.0010300577
1356790787241,0.059500128,-0.004296243,-0.998219,-0.9977074,-0.032555014,-0.05932945,-0.03224218,0.99946064,-0.0062233806
1356790787299,0.04997644,-0.024849892,-0.9984412,-0.99871373,-0.009808391,-0.049745917,-0.008556962,0.9996431,-0.025308102
1356790787319,0.051136315,-0.059432566,-0.99692166,-0.9985568,0.013363302,-0.052016854,0.016413659,0.99814284,-0.058663487
1356790787359,0.07426354,-0.11447501,-0.9906465,-0.9963348,0.033768266,-0.07859215,0.042449325,0.9928521,-0.11154771
1356790787401,0.122915685,-0.19095579,-0.97387254,-0.99005723,0.044039607,-0.13359368,0.06839946,0.98061025,-0.183644
1356790787440,0.19104227,-0.280017,-0.940794,-0.97716355,0.036581963,-0.20931587,0.09302807,0.9592978,-0.26663363
1356790787481,0.25735813,-0.36061373,-0.8965068,-0.9595071,0.014577076,-0.28130698,0.11451158,0.93260133,-0.34225988
1356790787520,0.30238712,-0.41577035,-0.8577279,-0.94421273,-0.0074794143,-0.32925135,0.1304776,0.9094389,-0.39483726
1356790787560,0.31944305,-0.44123435,-0.838611,-0.93735754,-0.017333627,-0.34793746,0.13898581,0.89722455,-0.41913146
1356790787600,0.3122862,-0.44091606,-0.84146917,-0.93970275,-0.013382852,-0.34173033,0.13941315,0.89744854,-0.41850936
1356790787641,0.286375,-0.41941014,-0.8614433,-0.9489782,-2.733469E-4,-0.3153417,0.13202205,0.90779686,-0.39808935
1356790787680,0.25173402,-0.3847599,-0.88802576,-0.96042573,0.013711333,-0.27819842,0.11921561,0.9229148,-0.3660817
1356790787723,0.21044578,-0.33920044,-0.91687274,-0.97232217,0.024750724,-0.23232946,0.10149947,0.94038844,-0.32460344
1356790787760,0.17415085,-0.29317588,-0.9400635,-0.9812363,0.028553516,-0.19068328,0.08274588,0.9556321,-0.2827022
1356790787800,0.14182222,-0.24845588,-0.9582046,-0.98789775,0.025891066,-0.15293038,0.062805384,0.9682971,-0.24177706
1356790787841,0.11586222,-0.20784393,-0.97127587,-0.992373,0.017218024,-0.12206337,0.042093575,0.9780104,-0.20426375
1356790787880,0.09674263,-0.17305887,-0.98014873,-0.99508786,0.0039616227,-0.09891659,0.021001399,0.9849035,-0.17182547
1356790787920,0.083892286,-0.14473191,-0.98590815,-0.9964746,-0.012931943,-0.082892954,-7.5247884E-4,0.9893864,-0.14530653
1356790787960,0.07678652,-0.12305263,-0.98942506,-0.9967625,-0.033201993,-0.07322666,-0.023840219,0.99184453,-0.12520367
1356790788001,0.07372317,-0.106990695,-0.991523,-0.99607706,-0.056691974,-0.06794438,-0.048942,0.9926424,-0.1107505
1356790788041,0.07114875,-0.09368849,-0.99305606,-0.99470246,-0.080718756,-0.06365141,-0.07419482,0.992324,-0.09893522
1356790788082,0.06425542,-0.07905951,-0.9947969,-0.99328494,-0.101172805,-0.056117237,-0.096209764,0.9917225,-0.08502954
1356790788120,0.05141142,-0.062198907,-0.9967388,-0.99257934,-0.11331031,-0.044126064,-0.11019614,0.9916109,-0.06756282
1356790788162,0.031174362,-0.04097131,-0.9986739,-0.99316895,-0.113674164,-0.026338995,-0.11244428,0.992673,-0.04423517
1356790788201,0.0077940226,-0.020423621,-0.999761,-0.9943899,-0.105627954,-0.0055942833,-0.10548854,0.99419594,-0.02113226
1356790788237,-0.015094936,-0.0025212467,-0.99988294,-0.9958111,-0.09015155,0.015260786,-0.09017947,0.99592483,-0.0011498332
1356790788301,-0.03536266,0.010124981,-0.99932325,-0.9969023,-0.07064992,0.034561217,-0.07025218,0.9974498,0.012591958
1356790788320,-0.050932527,0.015696824,-0.9985788,-0.99754196,-0.048980057,0.050109744,-0.048123866,0.9986764,0.018152893
1356790788359,-0.06016177,0.012431681,-0.99811125,-0.9978693,-0.02604103,0.059822828,-0.0252482,0.9995836,0.013971865
1356790788400,-0.060243487,-0.0026429594,-0.99818015,-0.9981817,-0.0018246174,0.060248435,-0.0019805133,0.9999948,-0.0025281906
1356790788440,-0.04720381,-0.03399968,-0.9983065,-0.99865067,0.02326551,0.046427727,0.021647602,0.999151,-0.035052
1356790788481,-0.017104298,-0.08575338,-0.99616957,-0.9988219,0.046717137,0.013128281,0.04541242,0.99522054,-0.08645141
1356790788522,0.03607756,-0.16408047,-0.985787,-0.9969195,0.06283146,-0.04694298,0.069640815,0.9844439,-0.16130817
1356790788561,0.10335165,-0.2563628,-0.9610393,-0.9902494,0.06421471,-0.123622596,0.09340513,0.9644452,-0.24722642
1356790788601,0.17209604,-0.34612638,-0.9222686,-0.97816306,0.05071041,-0.20155749,0.11653295,0.93681633,-0.32984096
1356790788640,0.22544767,-0.41222,-0.8827503,-0.96471095,0.03206213,-0.2613519,0.13603735,0.91051996,-0.39044482
1356790788684,0.25458157,-0.4448168,-0.858677,-0.9556123,0.020452961,-0.29391623,0.14830136,0.895388,-0.4198655
1356790788721,0.26721603,-0.45151424,-0.8513111,-0.9516022,0.015541747,-0.30693924,0.1518183,0.8921286,-0.42550898
1356790788759,0.2621829,-0.4328961,-0.86247385,-0.9540187,0.018284068,-0.2991888,0.14528719,0.9012584,-0.40819722
1356790788801,0.24722318,-0.39669007,-0.8840349,-0.95998746,0.023587748,-0.27904806,0.13154802,0.9176495,-0.37498605
1356790788840,0.22768246,-0.35057414,-0.9084374,-0.96705234,0.027706668,-0.25306544,0.113887995,0.93612504,-0.3327152
1356790788880,0.20668884,-0.30035448,-0.93116426,-0.97385097,0.028580442,-0.22538275,0.09430778,0.95339936,-0.28659326
1356790788920,0.1875222,-0.25200567,-0.94938326,-0.97944653,0.0251337,-0.2001318,0.07429585,0.96739936,-0.24211293
1356790788964,0.17028737,-0.20773354,-0.9632492,-0.9839554,0.016964853,-0.17760655,0.053236246,0.9780383,-0.20151168
1356790789000,0.15719643,-0.17078325,-0.9726882,-0.9870366,0.005116731,-0.16041368,0.03237295,0.98529536,-0.16776502
1356790789042,0.146997,-0.14118052,-0.9790097,-0.98908675,-0.011010379,-0.14692232,0.009963274,0.98992264,-0.14125827
1356790789081,0.14018047,-0.118858844,-0.9829659,-0.9900485,-0.029239953,-0.13765484,-0.012380421,0.99248046,-0.12177482
1356790789123,0.13610843,-0.10309297,-0.9853154,-0.9900275,-0.05063042,-0.13146195,-0.036334097,0.99338233,-0.1089561
1356790789161,0.13296446,-0.091110826,-0.9869242,-0.9893595,-0.07153961,-0.12668812,-0.059061527,0.9932678,-0.09965357
1356790789200,0.12813452,-0.079636455,-0.9885543,-0.9885491,-0.09035918,-0.120854646,-0.07970053,0.9927201,-0.090302706
1356790789240,0.11933008,-0.06592393,-0.99066365,-0.9883038,-0.10331181,-0.112170935,-0.094952494,0.9924619,-0.07748109
1356790789301,0.10544127,-0.048652947,-0.9932346,-0.9891477,-0.107899606,-0.09972206,-0.10231787,0.9929706,-0.059501976
1356790789320,0.08736214,-0.02886635,-0.9957583,-0.9910167,-0.10412493,-0.0839276,-0.10126057,0.99414515,-0.037703633
1356790789360,0.067364454,-0.009322166,-0.9976849,-0.9934013,-0.093655884,-0.06620017,-0.092821896,0.995561,-0.015569717
1356790789401,0.047561944,0.0070047677,-0.99884367,-0.9957597,-0.07849753,-0.047965556,-0.07874274,0.9968897,0.0032415986
1356790789439,0.028903663,0.017829508,-0.99942315,-0.99765265,-0.061579406,-0.029951006,-0.06207788,0.9979429,0.016007781
1356790789480,0.012938738,0.02121386,-0.99969125,-0.9989766,-0.043059647,-0.013843238,-0.043339968,0.9988473,0.020635039
1356790789520,-7.343292E-5,0.015364945,-0.999882,-0.99972695,-0.023366272,-2.8571486E-4,-0.023367882,0.9996089,0.015362471
1356790789580,-0.003946483,-0.005146742,-0.99997896,-0.9999914,-0.0012358427,0.0039528906,-0.0012561679,0.99998605,-0.0051417947
1356790789597,0.0020515919,-0.041155487,-0.99915063,-0.99975586,0.021897674,-0.002954781,0.02200067,0.99891275,-0.041100502
1356790789637,0.03113532,-0.100946665,-0.99440455,-0.99840856,0.043663383,-0.0356932,0.047022194,0.9939333,-0.09942651
1356790789674,0.086177826,-0.18491691,-0.9789684,-0.9936313,0.055648685,-0.09798005,0.07259643,0.98117733,-0.17894351
1356790789717,0.16059065,-0.28182855,-0.9459298,-0.98234296,0.04756081,-0.18094265,0.09598404,0.9582852,-0.2692145
1356790789759,0.23041405,-0.36638835,-0.9014815,-0.96644783,0.021915868,-0.2559263,0.11352515,0.93020386,-0.34904546
1356790789801,0.27566952,-0.4214956,-0.8639142,-0.95332205,-0.0046728104,-0.30191913,0.12322062,0.9068184,-0.4031092
1356790789841,0.289634,-0.44468364,-0.84756625,-0.9489987,-0.018184945,-0.31475496,0.12455344,0.89550304,-0.4272712
1356790789881,0.27771425,-0.44300586,-0.85242045,-0.95327526,-0.017243698,-0.30161062,0.11891639,0.8963529,-0.42709535
1356790789922,0.2444446,-0.42127103,-0.87337136,-0.9637292,-0.0060562044,-0.26681337,0.107111424,0.9069146,-0.40747166
1356790789961,0.20188926,-0.38923714,-0.8987409,-0.9750433,0.006661877,-0.22191474,0.09236479,0.9211135,-0.37817812
1356790790000,0.15394583,-0.35034493,-0.92388266,-0.98517823,0.017174453,-0.17067224,0.07566136,0.9364633,-0.34250826
1356790790042,0.1065537,-0.3091553,-0.9450234,-0.99258775,0.02279362,-0.11937347,0.058445454,0.95073843,-0.30443507
1356790790080,0.06390649,-0.26905325,-0.9610028,-0.99707997,0.023124814,-0.07277992,0.0418047,0.9628477,-0.26678973
1356790790123,0.027359128,-0.23106527,-0.9725535,-0.99929464,0.018712103,-0.03255707,0.025721282,0.97275823,-0.23039037
1356790790161,3.4818053E-4,-0.19727701,-0.98034775,-0.9999483,0.009896845,-0.002346754,0.010165334,0.98029786,-0.19726336
1356790790200,-0.01841554,-0.16778132,-0.98565227,-0.99981034,-0.003157705,0.01921758,-0.0063367486,0.9858192,-0.16769135
1356790790241,-0.027303606,-0.14317697,-0.9893204,-0.99932045,-0.020606369,0.030561805,-0.024762064,0.9894825,-0.14251703
1356790790301,-0.027487546,-0.12309459,-0.9920142,-0.9985677,-0.042189866,0.032904267,-0.045903265,0.99149776,-0.12175858
1356790790320,-0.021969676,-0.10569504,-0.9941559,-0.997398,-0.065977454,0.029055834,-0.06866291,0.9922074,-0.10397053
1356790790362,-0.015785277,-0.087953836,-0.99599946,-0.9958397,-0.0880245,0.023555994,-0.08974424,0.9922277,-0.08619839
1356790790400,-0.010292709,-0.069078654,-0.9975581,-0.99449146,-0.10335994,0.017418504,-0.10431075,0.99224234,-0.067634284
1356790790443,-0.011076868,-0.047052532,-0.99883103,-0.9939338,-0.108789206,0.016147345,-0.10942173,0.9929507,-0.04556212
1356790790481,-0.012133479,-0.026041567,-0.9995872,-0.994163,-0.10686129,0.0148516,-0.10720396,0.99393284,-0.024592936
1356790790520,-0.014647961,-0.0075317323,-0.99986434,-0.99515164,-0.09715301,0.015310764,-0.0972552,0.9952409,-0.006072134
1356790790559,-0.017003,0.005880922,-0.9998381,-0.99652684,-0.08162743,0.016466558,-0.08151737,0.9966455,0.0072484016
1356790790599,-0.019033432,0.012169361,-0.9997448,-0.997915,-0.061909318,0.018245041,-0.061671495,0.9980076,0.013322353
1356790790640,-0.019478917,0.008961469,-0.9997701,-0.99907076,-0.03862846,0.019119024,-0.038448274,0.99921346,0.0097055435
1356790790681,-0.014208496,-0.007688284,-0.9998695,-0.9998206,-0.0124210715,0.014303297,-0.012529433,0.9998933,-0.0075104237
1356790790720,0.004971713,-0.04322806,-0.9990529,-0.99987733,0.014625877,-0.005608648,0.014854461,0.9989581,-0.043150067
1356790790760,0.049589872,-0.102986604,-0.9934458,-0.9978756,0.036969423,-0.053643435,0.042251647,0.9939954,-0.100934505
1356790790802,0.13264337,-0.19059801,-0.9726655,-0.98874795,0.04303029,-0.14326847,0.06916076,0.9807246,-0.1827457
1356790790841,0.23359232,-0.28661248,-0.92913294,-0.96776056,0.024046645,-0.2507214,0.09420243,0.9577448,-0.27175516
1356790790882,0.3318621,-0.3716388,-0.86703646,-0.93618345,-0.016845241,-0.35110804,0.11587992,0.92822456,-0.3535124
