1356790341519,-0.24623466,-0.05823803,-0.96745896,-0.87565607,-0.4145012,0.24782097,-0.41544545,0.90818346,0.051068068
1356790341560,-0.60109335,-0.23192419,-0.76478636,-0.68270797,-0.34845525,0.6422531,-0.41544774,0.9081797,0.05111754
1356790341599,-0.6015855,-0.23182449,-0.7644294,-0.682261,-0.34861183,0.6426428,-0.41546947,0.9081449,0.051555037
1356790341640,-0.60266876,-0.23142132,-0.763698,-0.6812675,-0.34912992,0.6434151,-0.41552982,0.90804875,0.052749872
1356790341679,-0.60483456,-0.23050213,-0.76226234,-0.67924696,-0.3503253,0.6448998,-0.41569057,0.9078221,0.055321038
1356790341720,-0.60667497,-0.22897395,-0.76125973,-0.6774359,-0.35216987,0.6457995,-0.41596407,0.907495,0.058537543
1356790341761,-0.6082444,-0.22709736,-0.76056916,-0.67575014,-0.3545333,0.6462723,-0.41641384,0.9070462,0.06218183
1356790341809,-0.60937726,-0.22480711,-0.7603428,-0.6743854,-0.35735452,0.64614403,-0.41696972,0.9065095,0.0661571
1356790341851,-0.60978496,-0.22209898,-0.7608117,-0.67377174,-0.36023462,0.6451842,-0.41736546,0.90603703,0.07002163
1356790341889,-0.6106988,-0.21936335,-0.76087236,-0.67286485,-0.36284065,0.6446701,-0.4174924,0.9056635,0.073984504
1356790341930,-0.6120567,-0.21665087,-0.76055825,-0.67170167,-0.3651662,0.64457,-0.41737685,0.9053817,0.07797772
1356790341971,-0.6140075,-0.21402577,-0.7597287,-0.6701249,-0.36722362,0.6450422,-0.417046,0.9051739,0.08205402
1356790342011,-0.61580443,-0.21145295,-0.7589944,-0.66873753,-0.3691069,0.64540696,-0.4166233,0.9050125,0.08589113
1356790342050,-0.61687475,-0.20897104,-0.7588126,-0.66800654,-0.37082803,0.64517736,-0.41621238,0.9048854,0.0891605
1356790342092,-0.61633235,-0.2065748,-0.7599086,-0.6686953,-0.3723644,0.6435769,-0.4159097,0.90480465,0.09136468
1356790342151,-0.6130262,-0.20438431,-0.7631682,-0.6717827,-0.37355316,0.63966084,-0.41582057,0.9048121,0.09169608
1356790342168,-0.60672635,-0.20221306,-0.76876056,-0.6773888,-0.3745479,0.6331336,-0.41596556,0.9048887,0.09027135
1356790342208,-0.597381,-0.20034799,-0.7765286,-0.6853608,-0.37526345,0.62406564,-0.4164331,0.90500724,0.08686459
1356790342244,-0.586147,-0.19871457,-0.785458,-0.694514,-0.37600815,0.61340714,-0.4172315,0.90505826,0.08238596
1356790342288,-0.5740097,-0.19747883,-0.7946791,-0.7037788,-0.37711298,0.60206413,-0.4185788,0.90486896,0.077485144
1356790342326,-0.56170225,-0.19680762,-0.8035903,-0.7123196,-0.37900257,0.59072655,-0.42082226,0.9042255,0.072696686
1356790342368,-0.54986846,-0.1968559,-0.8117218,-0.7194804,-0.38199562,0.5800234,-0.42425525,0.9029546,0.06841344
1356790342448,-0.53849775,-0.19776243,-0.8190911,-0.7249838,-0.38667005,0.56998664,-0.4294399,0.9007643,0.0648464
1356790342450,-0.52934426,-0.1997607,-0.82455456,-0.7280021,-0.39212894,0.56235904,-0.43566898,0.89795905,0.062145054
1356790342487,-0.52191454,-0.20262697,-0.82858163,-0.72904694,-0.3983187,0.5566263,-0.44282705,0.8945862,0.060163736
1356790342530,-0.5159136,-0.20633551,-0.83141977,-0.72841585,-0.40511155,0.55253506,-0.4508254,0.8906797,0.058704495
1356790342570,-0.5109904,-0.21073863,-0.83335346,-0.7263433,-0.4126022,0.5497135,-0.45968932,0.886199,0.057767153
1356790342607,-0.50826406,-0.21552622,-0.8337962,-0.72280043,-0.41962057,0.54907024,-0.46821707,0.8817409,0.057495534
1356790342652,-0.506898,-0.21980852,-0.8335099,-0.71849245,-0.42649937,0.54942423,-0.4762596,0.87737256,0.058260858
1356790342688,-0.50651675,-0.22305067,-0.83288014,-0.71395844,-0.43308997,0.55017865,-0.48342976,0.8733164,0.060118377
1356790342736,-0.50585926,-0.22462074,-0.8328577,-0.71027505,-0.43942976,0.549919,-0.48950565,0.86973965,0.06274712
1356790342780,-0.5045787,-0.22401392,-0.8337974,-0.70741314,-0.44636428,0.54801977,-0.4949414,0.8663583,0.0667555
1356790342820,-0.49914742,-0.2194442,-0.83826965,-0.70844185,-0.45370406,0.54061323,-0.4989608,0.86371106,0.0710018
1356790342860,-0.4951644,-0.21292171,-0.84230435,-0.7100518,-0.4594894,0.53356916,-0.50063837,0.8622841,0.07633728
1356790342899,-0.49324334,-0.20379534,-0.84568226,-0.7125664,-0.46296835,0.52717125,-0.49895918,0.86262846,0.08313835
1356790342940,-0.49726772,-0.19275174,-0.8459146,-0.7142166,-0.46259952,0.52525836,-0.49256417,0.8653603,0.09236929
1356790342980,-0.5070175,-0.18028203,-0.8428711,-0.7149277,-0.458274,0.5280753,-0.48146838,0.8703353,0.103464335
1356790343021,-0.52114344,-0.16788319,-0.83679426,-0.7145895,-0.45026582,0.5353713,-0.46665978,0.8769697,0.114685625
1356790343058,-0.53729445,-0.15746841,-0.8285639,-0.71324205,-0.43946922,0.5460334,-0.4501114,0.88434744,0.123811305
1356790343101,-0.5537226,-0.15088788,-0.81891644,-0.7107744,-0.42669827,0.5592212,-0.43380988,0.8917183,0.12902513
1356790343138,-0.56903505,-0.14958379,-0.8085937,-0.70740736,-0.4122939,0.574098,-0.419254,0.898687,0.128793
1356790343181,-0.5811273,-0.1544998,-0.7990125,-0.7044169,-0.39617515,0.588933,-0.40753895,0.90508294,0.121395946
1356790343219,-0.58492774,-0.16623989,-0.79386646,-0.70567906,-0.378204,0.59914845,-0.39984578,0.91067344,0.10390991
1356790343259,-0.5745911,-0.18517897,-0.7972162,-0.71545315,-0.3593862,0.5991396,-0.39745653,0.9146311,0.07401329
1356790343300,-0.53713876,-0.21150362,-0.81654644,-0.741401,-0.34326804,0.57662076,-0.40225172,0.91511375,0.027573645
1356790343339,-0.46939808,-0.24311057,-0.84885967,-0.7803323,-0.33567446,0.52764016,-0.4132154,0.9100658,-0.032142043
1356790343381,-0.36614573,-0.27557173,-0.888818,-0.82603514,-0.3435614,0.44680136,-0.42848945,0.8977893,-0.10183835
1356790343445,-0.24849868,-0.30254856,-0.92016995,-0.86134505,-0.36553657,0.3527997,-0.44309485,0.8802541,-0.16976333
1356790343460,-0.15041596,-0.3208789,-0.93509984,-0.87851334,-0.39042413,0.27528754,-0.45341957,0.8629054,-0.22317031
1356790343499,-0.09684229,-0.3324101,-0.9381498,-0.8831414,-0.40599066,0.23501673,-0.45900202,0.85127854,-0.254248
1356790343539,-0.092416525,-0.3396129,-0.936014,-0.88243586,-0.4075359,0.23499227,-0.46126574,0.8476895,-0.26202354
1356790343579,-0.12865305,-0.3426896,-0.9305978,-0.87778413,-0.39730787,0.26765907,-0.46145785,0.85129917,-0.24969265
1356790343622,-0.1911853,-0.3404112,-0.92063475,-0.8670536,-0.38105726,0.32095686,-0.46007192,0.859602,-0.22230226
1356790343661,-0.26911402,-0.33156416,-0.9042361,-0.84764314,-0.36420578,0.38581768,-0.4572513,0.8702985,-0.1830352
1356790343699,-0.3412376,-0.31715822,-0.8848546,-0.82314277,-0.35370493,0.44421726,-0.4538645,0.8799452,-0.14036912
1356790343741,-0.40657896,-0.2988831,-0.8633437,-0.79473484,-0.35042137,0.49558187,-0.45065522,0.8876225,-0.0950588
1356790343780,-0.45513225,-0.27874696,-0.8456682,-0.7693646,-0.35500646,0.5310825,-0.4482553,0.89233994,-0.05288315
1356790343821,-0.48912388,-0.25893253,-0.8328936,-0.7485158,-0.3655964,0.55323005,-0.44775212,0.894032,-0.014993131
1356790343858,-0.5057727,-0.23988397,-0.8286433,-0.7364963,-0.3800856,0.55956066,-0.44918504,0.8933033,0.01556325
1356790343901,-0.50830495,-0.22324452,-0.831738,-0.73192334,-0.3969229,0.5538416,-0.4537779,0.89028883,0.03835994
1356790343939,-0.4984901,-0.20820189,-0.8415221,-0.73385555,-0.41540623,0.5374881,-0.46147966,0.8854883,0.054285884
1356790343980,-0.4814567,-0.19414175,-0.8546978,-0.73961014,-0.43325603,0.5150398,-0.47029376,0.8801125,0.065004885
1356790344020,-0.46350074,-0.180451,-0.86752784,-0.7468734,-0.4472649,0.49207157,-0.4768095,0.8760089,0.07253358
1356790344059,-0.45037907,-0.16714919,-0.87705183,-0.7537639,-0.45531577,0.47384334,-0.47853807,0.8744991,0.0790737
1356790344100,-0.4458279,-0.15503311,-0.8815908,-0.75891197,-0.4567812,0.46411598,-0.47464746,0.8759656,0.085989356
1356790344140,-0.45069975,-0.14580736,-0.8806873,-0.7613981,-0.4522099,0.46452057,-0.46598595,0.87991285,0.092793345
1356790344180,-0.4651075,-0.14109033,-0.87393856,-0.760344,-0.44193012,0.47599876,-0.45337853,0.8858845,0.098267674
1356790344219,-0.48832512,-0.14306608,-0.86085457,-0.7538446,-0.42778456,0.4987169,-0.4396097,0.89248663,0.10104838
1356790344259,-0.5165786,-0.15162581,-0.8427077,-0.7427148,-0.41037357,0.5291204,-0.42605323,0.89922374,0.09937543
1356790344299,-0.5471212,-0.16800353,-0.8200202,-0.72727287,-0.38959312,0.56505865,-0.4144061,0.9055341,0.09097034
1356790344339,-0.573415,-0.19212094,-0.79642004,-0.7115072,-0.3651365,0.60036063,-0.40614384,0.9109143,0.07267922
1356790344378,-0.58673906,-0.2241016,-0.778149,-0.7023969,-0.3373372,0.62677133,-0.402959,0.9143206,0.04052061
1356790344445,-0.57718045,-0.26430118,-0.7726627,-0.70813966,-0.30922687,0.6347574,-0.4066952,0.9135226,-0.00868243
1356790344460,-0.534342,-0.31224328,-0.78548247,-0.73461396,-0.28812099,0.6142708,-0.4181159,0.9052571,-0.07542306
1356790344499,-0.4721774,-0.36030322,-0.80450606,-0.7683968,-0.27902132,0.57594573,-0.43198943,0.8901285,-0.14510828
1356790344539,-0.40925866,-0.40055078,-0.81979656,-0.7969652,-0.2805323,0.5349282,-0.44424534,0.8722733,-0.20441473
1356790344580,-0.3728106,-0.42838353,-0.8231038,-0.8103393,-0.28185475,0.51372004,-0.45206487,0.8585136,-0.24205756
1356790344620,-0.37527317,-0.44349122,-0.8139322,-0.80716157,-0.27534795,0.5221817,-0.45569754,0.8529355,-0.25463837
1356790344659,-0.40619415,-0.44787467,-0.7965014,-0.7914127,-0.26331544,0.55166197,-0.45680654,0.8544432,-0.24749655
1356790344700,-0.45672607,-0.4423823,-0.77181554,-0.76371527,-0.24995387,0.5951991,-0.45622388,0.86129034,-0.22369361
1356790344740,-0.513586,-0.4287953,-0.743212,-0.7278602,-0.24095595,0.6419966,-0.45436653,0.87067497,-0.18835145
1356790344779,-0.56715626,-0.4099975,-0.7143079,-0.68868613,-0.23958796,0.68433106,-0.4517136,0.8800566,-0.14647579
1356790344835,-0.6162986,-0.38758093,-0.68553406,-0.6470503,-0.24697983,0.7213368,-0.44888955,0.88813394,-0.098571
1356790344861,-0.6511544,-0.36650938,-0.66458166,-0.61380064,-0.26070148,0.7451734,-0.44637048,0.8931436,-0.055206716
1356790344899,-0.6765649,-0.34817046,-0.6488738,-0.5866131,-0.27782565,0.7607219,-0.44513473,0.89531565,-0.016274214
1356790344940,-0.69168776,-0.3329532,-0.64086676,-0.5681961,-0.29685718,0.7674822,-0.4457816,0.8949961,0.01614976
1356790344980,-0.6963695,-0.3212287,-0.6417801,-0.5594475,-0.31716514,0.7657838,-0.449542,0.89231074,0.04115355
1356790345020,-0.69066215,-0.31170216,-0.6525546,-0.5611494,-0.33820307,0.7554667,-0.45617658,0.8879529,0.058672547
1356790345060,-0.675371,-0.30388755,-0.6719572,-0.57165664,-0.35992575,0.7373345,-0.46592143,0.8821031,0.06936401
1356790345099,-0.6537231,-0.29472446,-0.6969818,-0.58845544,-0.381096,0.7130821,-0.47577965,0.87630093,0.07569909
1356790345140,-0.6312244,-0.28349063,-0.721934,-0.6066719,-0.39945382,0.6873032,-0.48322338,0.87181973,0.08015925
1356790345178,-0.61182636,-0.2691834,-0.74378014,-0.62402993,-0.41355574,0.662992,-0.4860609,0.86977696,0.085045755
1356790345220,-0.60064006,-0.25332338,-0.7583263,-0.63730174,-0.42103136,0.6454294,-0.48278153,0.87095344,0.09144485
1356790345273,-0.5983485,-0.23755857,-0.7652092,-0.646423,-0.4211551,0.636212,-0.4734094,0.8753253,0.09843421
1356790345297,-0.60276663,-0.22428672,-0.7657466,-0.65173495,-0.4152763,0.6346552,-0.4603411,0.88161284,0.10413921
1356790345334,-0.6117946,-0.21478313,-0.76129866,-0.65391207,-0.40421677,0.6395372,-0.4450915,0.8890878,0.10684836
1356790345378,-0.6219935,-0.2104049,-0.75422406,-0.65471494,-0.38859737,0.64833677,-0.42950273,0.897063,0.103949726
1356790345444,-0.62739456,-0.21242614,-0.749167,-0.6586733,-0.36840308,0.65607065,-0.41536206,0.90507144,0.09121466
1356790345459,-0.6201086,-0.22226886,-0.75237083,-0.67198384,-0.34441698,0.65560246,-0.4048493,0.9121258,0.064214826
1356790345499,-0.5865621,-0.24238373,-0.772784,-0.7037554,-0.31970417,0.6344428,-0.40084088,0.91599095,0.016947448
1356790345539,-0.5189143,-0.2712338,-0.81065416,-0.75334203,-0.3030694,0.5836306,-0.40398479,0.91355413,-0.04706478
1356790345580,-0.41135484,-0.30416504,-0.8592269,-0.8120855,-0.30575454,0.4970225,-0.41388935,0.90221834,-0.12123448
1356790345618,-0.2920525,-0.3275799,-0.8985526,-0.8567139,-0.32803035,0.39804196,-0.42514306,0.88605165,-0.18484008
1356790345659,-0.19486189,-0.33618715,-0.9214158,-0.87871754,-0.35752457,0.3162781,-0.43575737,0.87129474,-0.22574562
1356790345699,-0.13628906,-0.3304452,-0.93393314,-0.8852726,-0.3825134,0.26452932,-0.44465446,0.8628379,-0.24040166
1356790345739,-0.11282843,-0.31406793,-0.94267225,-0.885208,-0.39914596,0.23893309,-0.45130515,0.86141956,-0.2329804
1356790345778,-0.11658627,-0.28987256,-0.9499376,-0.8827915,-0.4079976,0.23284554,-0.45506784,0.8657435,-0.2083301
1356790345822,-0.13731158,-0.25940928,-0.95595616,-0.87975657,-0.41153878,0.23804203,-0.45516342,0.8736948,-0.1717079
1356790345860,-0.16823119,-0.22387257,-0.95998925,-0.87647665,-0.4116881,0.24960312,-0.4510954,0.8833991,-0.1269603
1356790345899,-0.19723368,-0.18575445,-0.96259755,-0.8739567,-0.41156036,0.2584911,-0.44418293,0.8922518,-0.08116773
1356790345940,-0.22283381,-0.14753905,-0.9636272,-0.8720461,-0.41167533,0.2646869,-0.4357532,0.89930844,-0.036925733
1356790345979,-0.23675323,-0.111192584,-0.965186,-0.87211865,-0.4135142,0.26156265,-0.428202,0.90368253,9.277463E-4
1356790346021,-0.23824567,-0.07934779,-0.9679581,-0.8739778,-0.41714245,0.2493091,-0.42355856,0.9053707,0.030034184
1356790346060,-0.22569746,-0.052216977,-0.97279704,-0.8776175,-0.42258334,0.22629812,-0.42290446,0.90481865,0.04954949
1356790346102,-0.20363027,-0.03119713,-0.9785507,-0.88089067,-0.43036205,0.19702819,-0.42727777,0.90211713,0.060153484
1356790346139,-0.17735076,-0.014761567,-0.98403704,-0.8828624,-0.4394256,0.1657081,-0.43485716,0.8981577,0.06490004
1356790346179,-0.15402281,-0.0012940168,-0.98806655,-0.88355696,-0.4474321,0.13831747,-0.44227162,0.89431703,0.067771375
1356790346219,-0.13911086,0.010968298,-0.990216,-0.88374066,-0.45255738,0.11913982,-0.44682285,0.89166784,0.07264876
1356790346259,-0.13388872,0.023047298,-0.9907284,-0.8843354,-0.4539613,0.10895008,-0.4472413,0.89072335,0.0811618
1356790346298,-0.13652039,0.03503388,-0.99001753,-0.8860625,-0.4512328,0.106217444,-0.4430072,0.8917183,0.09264469
1356790346340,-0.14275622,0.045626998,-0.98870564,-0.8890327,-0.44496453,0.107830405,-0.435019,0.8943851,0.104085326
1356790346380,-0.14884305,0.052992404,-0.98744,-0.8928764,-0.43636328,0.11117083,-0.42499128,0.8982088,0.11226526
1356790346444,-0.15254831,0.055316716,-0.98674667,-0.8970164,-0.4268425,0.11474761,-0.41483805,0.9026325,0.11473414
1356790346464,-0.14792365,0.049164772,-0.98777604,-0.9020319,-0.41624415,0.11436522,-0.4055332,0.90792274,0.10592049
1356790346509,-0.12797666,0.029748052,-0.991331,-0.9076797,-0.40632004,0.10498464,-0.3996745,0.9132465,0.07900113
1356790346549,-0.088492334,-0.0021837056,-0.9960744,-0.9128783,-0.39991587,0.081977904,-0.39852506,0.91654915,0.033396125
1356790346589,-0.018134236,-0.045354575,-0.99880636,-0.91551805,-0.40076727,0.034820378,-0.40186808,0.9150567,-0.034255356
1356790346629,0.075187206,-0.092007935,-0.9929156,-0.91080695,-0.41168028,-0.030821472,-0.40592796,0.9066719,-0.11475453
1356790346670,0.17008668,-0.13140279,-0.9766288,-0.8972432,-0.43044472,-0.098345935,-0.40746176,0.8930009,-0.19111317
1356790346709,0.2401841,-0.15560761,-0.9581742,-0.8813573,-0.44864824,-0.14806798,-0.40684268,0.88005745,-0.2449041
1356790346750,0.2733343,-0.16448256,-0.947752,-0.87169385,-0.4589701,-0.17174456,-0.4067408,0.87309325,-0.26883072
1356790346790,0.27531168,-0.16258943,-0.94750625,-0.8702866,-0.46086648,-0.17379099,-0.40841728,0.87244874,-0.26838136
1356790346829,0.2501732,-0.15280041,-0.9560677,-0.87633324,-0.45557463,-0.15649846,-0.41164717,0.87698567,-0.24787664
1356790346868,0.2057147,-0.13752633,-0.96890044,-0.88619846,-0.44617355,-0.12482545,-0.415131,0.88431644,-0.21366009
1356790346912,0.14906693,-0.11856961,-0.98169255,-0.89616656,-0.43580097,-0.08344367,-0.41792873,0.8921988,-0.17122164
1356790346949,0.08687365,-0.09747949,-0.99143875,-0.90334475,-0.42730415,-0.037141442,-0.42002538,0.8988375,-0.12517905
1356790346989,0.026580751,-0.07611656,-0.9967445,-0.9061353,-0.42290968,0.008131117,-0.4221518,0.90296936,-0.08021316
1356790347028,-0.026203036,-0.055938244,-0.9980904,-0.904599,-0.4236099,0.04748994,-0.4254575,0.9041159,-0.039501846
1356790347069,-0.06713128,-0.038003832,-0.9970201,-0.8998834,-0.42928767,0.076954246,-0.430933,0.9023679,-0.005380422
1356790347113,-0.09493524,-0.022509128,-0.99522895,-0.89302886,-0.4398284,0.09513396,-0.43987137,0.8977997,0.02165395
1356790347149,-0.11048597,-0.008762836,-0.9938391,-0.8861884,-0.4518444,0.102502316,-0.44995886,0.8920537,0.042156965
1356790347197,-0.11835635,0.0033033788,-0.99296564,-0.88013995,-0.46332377,0.10336676,-0.45972317,0.8861829,0.0577448
1356790347227,-0.12232202,0.0146995485,-0.99238163,-0.876292,-0.47106725,0.10103503,-0.46599334,0.8819748,0.070503
1356790347268,-0.12698758,0.025597215,-0.9915739,-0.87509733,-0.473535,0.0998466,-0.46698913,0.880403,0.08253306
1356790347306,-0.13508773,0.035304427,-0.99020445,-0.8762353,-0.47080076,0.10275382,-0.46256134,0.8815329,0.0945344
1356790347349,-0.14734793,0.04242444,-0.98817444,-0.87901187,-0.46365976,0.11116472,-0.45346072,0.884997,0.10561097
1356790347387,-0.16342306,0.045447797,-0.98550874,-0.88244176,-0.4533934,0.1254231,-0.44112295,0.89015114,0.11419994
1356790347448,-0.18225813,0.04317254,-0.9823025,-0.8855527,-0.44135904,0.14490914,-0.42729193,0.8962915,0.11867282
1356790347469,-0.2012952,0.03447905,-0.9789237,-0.88790786,-0.4284472,0.1674892,-0.4136422,0.9029088,0.11685857
1356790347510,-0.21544796,0.017734796,-0.97635424,-0.8899554,-0.41511184,0.18884245,-0.40194714,0.9095975,0.1052182
1356790347550,-0.21574879,-0.009893626,-0.97639877,-0.89312243,-0.40219516,0.20142311,-0.3946957,0.91550046,0.07793695
1356790347589,-0.19574076,-0.048431605,-0.979459,-0.8981197,-0.3922091,0.19887912,-0.39378482,0.9186002,0.033273965
1356790347630,-0.14298636,-0.097917765,-0.984869,-0.9049977,-0.3899054,0.17015556,-0.40066704,0.91563416,-0.032864183
1356790347669,-0.067391515,-0.14767969,-0.98673666,-0.9094305,-0.39767152,0.12162912,-0.41035917,0.90556514,-0.107504785
1356790347710,0.014217138,-0.18736044,-0.98218834,-0.90808904,-0.41358346,0.06574988,-0.41853574,0.89097965,-0.17601997
1356790347748,0.07996285,-0.20944157,-0.9745461,-0.9024352,-0.43043005,0.018458486,-0.42333993,0.8779887,-0.22342584
1356790347787,0.11851621,-0.21435162,-0.96953976,-0.89683926,-0.44219732,-0.011865705,-0.42618445,0.8709276,-0.24464652
1356790347828,0.1289134,-0.20579574,-0.9700668,-0.89418113,-0.44706237,-0.02398637,-0.42874408,0.8705076,-0.24165097
1356790347869,0.11709994,-0.18773797,-0.9752139,-0.8946707,-0.44620728,-0.021529496,-0.4311056,0.87501633,-0.22021455
1356790347909,0.08879733,-0.16281557,-0.9826526,-0.8974149,-0.4411149,-0.008006513,-0.43215913,0.88255805,-0.18528298
1356790347951,0.05209577,-0.1333541,-0.9896983,-0.9007745,-0.43414563,0.011082768,-0.43115118,0.8909176,-0.14273912
1356790347990,0.011878848,-0.10098344,-0.9948172,-0.9034441,-0.4274643,0.03260395,-0.42854136,0.89837444,-0.096310675
1356790348029,-0.023373067,-0.06828728,-0.9973918,-0.90446687,-0.42358005,0.0501962,-0.42590305,0.9032811,-0.051863253
1356790348070,-0.051497757,-0.0372878,-0.99797666,-0.9037291,-0.42352396,0.062458605,-0.424996,0.90511715,-0.011887521
1356790348109,-0.06771213,-0.00942266,-0.99766034,-0.901798,-0.42720473,0.06524071,-0.42681998,0.9041058,0.02042967
1356790348149,-0.072562635,0.014108807,-0.9972641,-0.8987403,-0.43446028,0.059247315,-0.4324357,0.9005805,0.044205695
1356790348207,-0.06754053,0.03380084,-0.99714386,-0.8948564,-0.444023,0.045560777,-0.44121477,0.8953777,0.060236335
1356790348227,-0.05661285,0.050334007,-0.9971266,-0.89086294,-0.4534273,0.027691036,-0.45073065,0.8898709,0.07051051
1356790348274,-0.044412613,0.06469259,-0.9969165,-0.88842773,-0.45891207,0.009799361,-0.456863,0.8861234,0.07785612
1356790348304,-0.032821357,0.077962756,-0.99641585,-0.8880245,-0.45974684,-0.0067210495,-0.45862308,0.88462114,0.08432241
1356790348348,-0.027850091,0.08978298,-0.995572,-0.8918015,-0.4521501,-0.015828758,-0.4515691,0.8874116,0.09266098
1356790348386,-0.028835237,0.09913948,-0.99465567,-0.89823806,-0.43915135,-0.0177311,-0.4385622,0.89292634,0.101713896
1356790348446,-0.035127044,0.10537717,-0.99381167,-0.9061469,-0.4227693,-0.012799174,-0.42150182,0.90008986,0.11033788
1356790348469,-0.046772957,0.10705635,-0.99315214,-0.91346,-0.4069274,-8.44717E-4,-0.4042313,0.90716535,0.116824925
1356790348510,-0.062243164,0.10314676,-0.9927168,-0.9191294,-0.39360034,0.016732752,-0.38900772,0.91347665,0.11930412
1356790348549,-0.08071548,0.09188992,-0.9924925,-0.9224525,-0.3840893,0.039458454,-0.37757987,0.918712,0.11576593
1356790348589,-0.09252107,0.07205653,-0.9931,-0.9238455,-0.37824935,0.058624387,-0.3714152,0.922895,0.10156518
1356790348628,-0.08701843,0.04179883,-0.9953295,-0.92408997,-0.37661147,0.0649744,-0.3721366,0.9254279,0.07139793
1356790348669,-0.0506258,0.0024151206,-0.9987147,-0.9233597,-0.3811841,0.04588422,-0.3805834,0.92449594,0.021527886
1356790348708,0.021248102,-0.040034175,-0.99897236,-0.91850644,-0.39538884,-0.0036912262,-0.3948347,0.9176409,-0.04517293
1356790348749,0.1100502,-0.07575798,-0.9910347,-0.9054725,-0.41883528,-0.06853175,-0.40988845,0.90489656,-0.11468971
1356790348788,0.1858154,-0.09880382,-0.97760445,-0.8874958,-0.44386685,-0.123827785,-0.4216916,0.89062893,-0.17016524
1356790348829,0.22824454,-0.11066517,-0.967294,-0.87383306,-0.461392,-0.1534048,-0.42932513,0.88026726,-0.20201308
1356790348870,0.23034024,-0.11600292,-0.96617115,-0.8710207,-0.46728486,-0.15155154,-0.4338967,0.8764635,-0.20867544
1356790348909,0.20045769,-0.11870271,-0.9724846,-0.8769562,-0.46427113,-0.12409693,-0.43676588,0.87770265,-0.19716379
1356790348951,0.14094442,-0.11996156,-0.98272264,-0.887685,-0.45481956,-0.071793735,-0.438349,0.88246715,-0.17059237
1356790348989,0.06792599,-0.1196565,-0.990489,-0.8960064,-0.44397247,-0.007812232,-0.438815,0.88801515,-0.13737032
1356790349029,-0.0101597905,-0.117093295,-0.99306893,-0.8986378,-0.43450963,0.06042701,-0.43857363,0.8930232,-0.10080987
1356790349068,-0.08194202,-0.111569226,-0.9903726,-0.8950042,-0.42894322,0.12237346,-0.43846673,0.8964151,-0.064706475
1356790349110,-0.13889045,-0.10303044,-0.9849336,-0.8874328,-0.42845803,0.16996089,-0.43951383,0.89766836,-0.03192389
1356790349148,-0.17580914,-0.091760725,-0.9801383,-0.8791832,-0.43327618,0.19826409,-0.4428635,0.8965777,-0.0045005083
1356790349190,-0.19144946,-0.07816926,-0.9783848,-0.8723868,-0.44323325,0.20612052,-0.4497649,0.89299166,0.016662866
1356790349228,-0.1878314,-0.06248012,-0.980212,-0.867427,-0.45759624,0.19538704,-0.46074915,0.8869622,0.031754047
1356790349269,-0.16981924,-0.044742852,-0.984459,-0.8639513,-0.47380948,0.17056587,-0.47407764,0.87949,0.04180634
1356790349309,-0.1443609,-0.02516824,-0.989205,-0.8619887,-0.4877243,0.13820451,-0.48593763,0.8726348,0.048713565
1356790349349,-0.118507385,-0.004155338,-0.9929445,-0.862202,-0.49556798,0.10497722,-0.49250767,0.86855924,0.05514568
1356790349390,-0.09882903,0.016799212,-0.9949627,-0.8652596,-0.4952845,0.077583194,-0.49148622,0.8685684,0.06348413
1356790349447,-0.08602536,0.035815895,-0.995649,-0.87096834,-0.48793942,0.057700396,-0.48374975,0.87214243,0.07316965
1356790349469,-0.081305265,0.05028978,-0.9954196,-0.8790163,-0.4743864,0.04783097,-0.4698082,0.8788791,0.08277568
1356790349508,-0.08392793,0.057913363,-0.99478745,-0.8880192,-0.4572624,0.04829979,-0.4520817,0.8874441,0.089805335
1356790349549,-0.09284544,0.057120353,-0.9940407,-0.8964999,-0.439165,0.058499247,-0.4332064,0.8965888,0.09198284
1356790349588,-0.10511285,0.04708028,-0.9933452,-0.90363955,-0.42156154,0.07564026,-0.41519493,0.90557677,0.08685514
1356790349629,-0.11394417,0.0274733,-0.9931072,-0.9095863,-0.40493697,0.09315923,-0.39958647,0.9139317,0.07112962
1356790349668,-0.107058406,-0.0010825098,-0.9942521,-0.91554844,-0.38983113,0.09900826,-0.3876976,0.9208856,0.04074368
1356790349710,-0.067980826,-0.036484778,-0.99701923,-0.92215645,-0.3791263,0.07675001,-0.3807965,0.9246253,-0.0078713
1356790349749,0.016421378,-0.07408345,-0.99711686,-0.9250009,-0.37974322,0.012980282,-0.37961,0.9221208,-0.07476321
1356790349789,0.13082892,-0.10651505,-0.9856664,-0.9145167,-0.396859,-0.07849896,-0.38280925,0.9116784,-0.14933047
1356790349833,0.23632407,-0.12898964,-0.96307456,-0.8905992,-0.4251089,-0.16160265,-0.38856652,0.89590406,-0.21534154
1356790349869,0.29638243,-0.14435396,-0.94409716,-0.8693633,-0.45005286,-0.20410728,-0.39542988,0.8812573,-0.25888383
1356790349909,0.30177182,-0.1580036,-0.94019604,-0.8640317,-0.46215332,-0.19965887,-0.4029679,0.87261057,-0.27598494
1356790349948,0.2597416,-0.17219493,-0.9502017,-0.8739146,-0.46056068,-0.15542573,-0.41086203,0.8707656,-0.27011043
1356790349989,0.1811943,-0.18556762,-0.9657812,-0.8899808,-0.4487931,-0.08074087,-0.418453,0.8741565,-0.24647039
1356790350028,0.08018237,-0.19498315,-0.97752357,-0.90180135,-0.43197876,0.012194067,-0.4246471,0.8805543,-0.21047315
1356790350068,-0.027228713,-0.19778538,-0.9798671,-0.9030162,-0.4155559,0.10897273,-0.42874274,0.8878031,-0.16728836
1356790350109,-0.12781405,-0.193189,-0.97280085,-0.8932388,-0.40384895,0.19756112,-0.43103123,0.8941946,-0.12094635
1356790350150,-0.21227384,-0.1818808,-0.960135,-0.87631965,-0.3993619,0.26939547,-0.4324392,0.8985708,-0.074611604
1356790350191,-0.2709155,-0.16525042,-0.94831276,-0.8593395,-0.40239435,0.3156176,-0.43375167,0.9004283,-0.03299135
1356790350230,-0.30442363,-0.14589286,-0.9412978,-0.84678876,-0.4110875,0.3375735,-0.43620533,0.8998457,0.001604259
1356790350273,-0.31095463,-0.12404522,-0.9422951,-0.8420708,-0.42377257,0.333667,-0.4407086,0.89723444,0.027319133
1356790350310,-0.2975726,-0.10183892,-0.9492521,-0.8431275,-0.43841106,0.31133878,-0.44786897,0.8929864,0.044595867
1356790350348,-0.27250963,-0.07936704,-0.95887405,-0.8476264,-0.45175934,0.27828586,-0.455267,0.8886025,0.055835098
1356790350389,-0.24638927,-0.05744517,-0.96746695,-0.8535133,-0.4600485,0.2446844,-0.45913765,0.8860336,0.06432074
1356790350446,-0.22720855,-0.036979705,-0.9731437,-0.859969,-0.46129405,0.21831396,-0.45697865,0.8864763,0.0730086
1356790350469,-0.2182402,-0.019062638,-0.97570896,-0.8666547,-0.45585155,0.20275375,-0.44864345,0.8898517,0.08296436
1356790350508,-0.21962994,-0.00505054,-0.9755702,-0.8730526,-0.4452368,0.19885513,-0.43536404,0.8953986,0.09337792
1356790350549,-0.2303015,0.0036381483,-0.97311246,-0.87814397,-0.43167084,0.20621192,-0.41931412,0.9020238,0.10260931
1356790350590,-0.24917835,0.0057620406,-0.9684405,-0.88095206,-0.41672903,0.22418827,-0.40228552,0.9090125,0.108915955
1356790350629,-0.27522886,-2.450943E-4,-0.96137875,-0.8802607,-0.40197325,0.25210845,-0.3865103,0.91565144,0.110418886
1356790350670,-0.2990076,-0.014273882,-0.954144,-0.87840384,-0.3865422,0.28105488,-0.37282863,0.92216134,0.103040785
1356790350707,-0.3163808,-0.03776017,-0.9478805,-0.8765898,-0.3703162,0.30733764,-0.3626206,0.928138,0.08406076
1356790350748,-0.30771387,-0.06966221,-0.9489254,-0.88169104,-0.35403174,0.31190136,-0.35767743,0.9326354,0.047519892
1356790350786,-0.26143533,-0.10910633,-0.95903456,-0.8960786,-0.3418494,0.2831645,-0.35874045,0.93339956,-0.008396268
1356790350828,-0.17517215,-0.15130416,-0.97284216,-0.9146626,-0.34060574,0.2176699,-0.36428994,0.927952,-0.07872766
1356790350867,-0.072502136,-0.18897602,-0.9793016,-0.9257798,-0.3525347,0.13656837,-0.37104598,0.9165191,-0.14939064
1356790350908,0.0060493946,-0.2174811,-0.9760457,-0.9262569,-0.369049,0.07649019,-0.37684393,0.9036064,-0.2036759
1356790350948,0.035045803,-0.23740017,-0.97077954,-0.92330027,-0.37944835,0.05946076,-0.3824767,0.89423716,-0.23248968
1356790350988,0.018804252,-0.25062564,-0.96790147,-0.9210788,-0.3809138,0.08073819,-0.3889221,0.8899952,-0.23800877
1356790351028,-0.034906864,-0.2565068,-0.96591187,-0.9171611,-0.3756981,0.13291514,-0.39698493,0.8905364,-0.22214362
1356790351067,-0.10048336,-0.25443864,-0.9618546,-0.9086952,-0.3702364,0.1928682,-0.40518665,0.8934126,-0.19400457
1356790351118,-0.18198878,-0.2427876,-0.9528558,-0.89216256,-0.36666518,0.26382306,-0.413432,0.89811516,-0.14987707
1356790351178,-0.24159151,-0.22369441,-0.9442427,-0.8747753,-0.37096018,0.31169954,-0.4200019,0.90130424,-0.10606155
1356790351206,-0.28638732,-0.20194432,-0.93659,-0.85830736,-0.3803385,0.34445766,-0.4257825,0.90253043,-0.064406216
1356790351234,-0.31281644,-0.17915273,-0.9327648,-0.84617114,-0.3935182,0.35935757,-0.43143982,0.90169156,-0.028494895
1356790351264,-0.3251618,-0.157357,-0.93247443,-0.83852255,-0.40790796,0.36123535,-0.4372067,0.8993608,6.8867207E-4
1356790351308,-0.3265059,-0.13837418,-0.93501145,-0.8333905,-0.4245584,0.35385105,-0.44593078,0.89476407,0.023301095
1356790351359,-0.31626296,-0.119843215,-0.9410714,-0.8306135,-0.44426864,0.33571824,-0.45832202,0.8878418,0.04096228
1356790351401,-0.2994753,-0.10012591,-0.94883585,-0.8312947,-0.46068865,0.31099063,-0.46825603,0.8818962,0.054730684
1356790351446,-0.28587377,-0.08191389,-0.95475984,-0.83357,-0.47021478,0.2899294,-0.47269145,0.87874234,0.06614119
1356790351481,-0.28040904,-0.06560093,-0.9576363,-0.8370921,-0.4715078,0.27741173,-0.4697314,0.8794186,0.077300966
1356790351519,-0.28298855,-0.0523991,-0.95769095,-0.84068394,-0.46710843,0.27397144,-0.4617013,0.8826461,0.08813518
1356790351559,-0.29346395,-0.042866766,-0.9550085,-0.8437352,-0.45804536,0.2798308,-0.4494327,0.88789463,0.09825158
1356790351598,-0.31080645,-0.03855899,-0.9496907,-0.84508204,-0.44609213,0.2946831,-0.4350123,0.894156,0.10606283
1356790351639,-0.33310187,-0.040343642,-0.9420273,-0.84402573,-0.43260497,0.31697536,-0.42031366,0.9006804,0.1100505
1356790351679,-0.35700977,-0.048824877,-0.9328238,-0.8410131,-0.4177804,0.34373906,-0.40649852,0.90723526,0.10808933
1356790351719,-0.37844676,-0.06480339,-0.92335176,-0.83717585,-0.40157837,0.37131044,-0.39486027,0.91352904,0.0977242
1356790351758,-0.38779515,-0.08904275,-0.91743463,-0.83668184,-0.38362116,0.39089417,-0.38675362,0.9191878,0.07426596
1356790351799,-0.3772862,-0.12294978,-0.917899,-0.8430154,-0.36471438,0.39535892,-0.38338017,0.92296636,0.03395307
1356790351840,-0.3376763,-0.16728386,-0.926278,-0.8588314,-0.34797144,0.37593144,-0.38520554,0.9224598,-0.026166916
1356790351879,-0.27639025,-0.21602368,-0.9364519,-0.87851214,-0.33827364,0.33732367,-0.38964692,0.9159174,-0.09628385
1356790351921,-0.2061398,-0.26168832,-0.94288146,-0.89540136,-0.33819407,0.28962216,-0.3946677,0.9039601,-0.16460079
1356790351959,-0.15128255,-0.29435116,-0.94364774,-0.9046655,-0.3434918,0.25217807,-0.39836416,0.8918357,-0.21432507
1356790351999,-0.12320018,-0.31132954,-0.9422822,-0.9074481,-0.34900224,0.23395592,-0.401696,0.8838956,-0.23951828
1356790352038,-0.11853087,-0.31324705,-0.9422456,-0.9060869,-0.35402328,0.23167637,-0.40614882,0.88121724,-0.24186641
1356790352079,-0.12909353,-0.30254513,-0.94435227,-0.90184134,-0.36016518,0.23866951,-0.4123311,0.8824667,-0.22635275
1356790352119,-0.14780736,-0.2815833,-0.94808435,-0.89558554,-0.3686124,0.24910146,-0.4196184,0.8859096,-0.19769835
1356790352159,-0.16676337,-0.2540063,-0.9527176,-0.88895214,-0.37928486,0.25672388,-0.42656082,0.8897325,-0.16254869
1356790352200,-0.1843046,-0.22244433,-0.95736635,-0.88253534,-0.39128888,0.26081482,-0.43262362,0.892979,-0.124198645
1356790352241,-0.19754207,-0.18961105,-0.9617821,-0.8771386,-0.4039052,0.25978512,-0.43772697,0.8949347,-0.08652693
1356790352280,-0.2060144,-0.15774617,-0.96575063,-0.8728113,-0.41660953,0.25423774,-0.44244593,0.89529467,-0.051855087
1356790352319,-0.20820957,-0.12906054,-0.9695319,-0.86966133,-0.4291908,0.24389437,-0.4475913,0.8939456,-0.022877306
1356790352367,-0.2048217,-0.10538566,-0.9731095,-0.86634654,-0.4431545,0.23034278,-0.45551267,0.8902292,-5.328059E-4
1356790352409,-0.19566518,-0.08658522,-0.9768409,-0.8621563,-0.4594971,0.21342227,-0.4673347,0.8839488,0.015257537
1356790352449,-0.18421936,-0.0709399,-0.98032176,-0.8579608,-0.47501993,0.19559991,-0.47954822,0.87711096,0.0266442
1356790352488,-0.17441404,-0.057014227,-0.9830204,-0.8547063,-0.48694623,0.1798901,-0.48893443,0.8715691,0.036199838
1356790352529,-0.16733855,-0.042881906,-0.9849665,-0.85404426,-0.49281746,0.16655132,-0.49255073,0.8690754,0.045844316
1356790352568,-0.16342801,-0.02714181,-0.98618186,-0.8573011,-0.4907452,0.1555765,-0.4881866,0.87088037,0.056932777
1356790352607,-0.15954429,-0.010722548,-0.98713255,-0.8638109,-0.48254347,0.14485407,-0.4778875,0.87580645,0.067724764
1356790352647,-0.15498906,0.004950762,-0.98790383,-0.873149,-0.46849084,0.13463774,-0.46215728,0.88345456,0.07693368
1356790352689,-0.14761561,0.017934203,-0.9888822,-0.88363653,-0.4515316,0.123716176,-0.44429278,0.8920749,0.08250043
1356790352730,-0.13665777,0.025553018,-0.9902887,-0.8942182,-0.43333662,0.11221868,-0.4262609,0.9008698,0.08206886
1356790352768,-0.12040615,0.025129527,-0.9924066,-0.9042275,-0.4153722,0.09918967,-0.40972558,0.9093044,0.07273623
1356790352809,-0.09538019,0.013647795,-0.9953474,-0.91329885,-0.39894038,0.08204767,-0.3959644,0.91687536,0.050515473
1356790352848,-0.05567813,-0.011871517,-0.99837816,-0.9206853,-0.3862763,0.055938482,-0.38631392,0.92230666,0.010577261
1356790352891,0.0032233,-0.051107436,-0.9986879,-0.92427707,-0.381364,0.016532987,-0.38170856,0.92301106,-0.048466653
1356790352929,0.08028364,-0.09897542,-0.99184597,-0.92060256,-0.3888644,-0.03571251,-0.38215888,0.91596305,-0.12233651
1356790352967,0.1607508,-0.14161023,-0.9767833,-0.9085579,-0.40786225,-0.09039256,-0.38559255,0.90199494,-0.19422528
1356790353009,0.22751462,-0.16831347,-0.9591181,-0.89178455,-0.4315995,-0.13580188,-0.39109764,0.8862237,-0.24829456
1356790353048,0.2732968,-0.17637348,-0.94562215,-0.8762139,-0.4512945,-0.16906339,-0.39693576,0.8747718,-0.27787822
1356790353087,0.29400912,-0.16806251,-0.94091105,-0.8663195,-0.46274015,-0.18804815,-0.40379348,0.8704175,-0.28164566
1356790353127,0.2956675,-0.14864042,-0.9436561,-0.8623111,-0.46662244,-0.19668016,-0.41109648,0.87187696,-0.26613933
1356790353167,0.2812142,-0.12184018,-0.951879,-0.86371195,-0.46443018,-0.19572005,-0.41823474,0.87718844,-0.23583922
1356790353209,0.25302666,-0.090220034,-0.96324337,-0.8692205,-0.4583482,-0.1853984,-0.42477426,0.8841817,-0.19439541
1356790353259,0.21033645,-0.054283857,-0.9761208,-0.8774369,-0.45078564,-0.16400287,-0.4311185,0.8909801,-0.14244734
1356790353298,0.16282463,-0.021209866,-0.98642707,-0.8846507,-0.445845,-0.13643846,-0.4368997,0.89485884,-0.09135786
1356790353338,0.11630368,0.006243944,-0.9931941,-0.8892648,-0.44471812,-0.10692933,-0.442359,0.89564884,-0.046169862
1356790353378,0.07398766,0.027591169,-0.99687743,-0.8906034,-0.4479549,-0.07849839,-0.44872192,0.8936304,-0.008570373
1356790353457,0.03789586,0.0420599,-0.9983961,-0.88891196,-0.45501214,-0.05290866,-0.45650774,0.88949126,0.020144567
1356790353461,0.009083927,0.05078262,-0.99866843,-0.8844997,-0.4654616,-0.03171435,-0.46645233,0.88361,0.040688947
1356790353497,-0.014211953,0.05511582,-0.9983788,-0.8792533,-0.47615546,-0.013770103,-0.47614247,0.8776322,0.05522786
1356790353539,-0.03367293,0.05707991,-0.99780154,-0.8750936,-0.48395002,0.0018472672,-0.48278072,0.87323195,0.066246375
1356790353577,-0.051961303,0.058433294,-0.9969381,-0.8733015,-0.48688412,0.016979635,-0.48440114,0.87150985,0.07632901
1356790353619,-0.07059717,0.060487688,-0.99566925,-0.8740459,-0.4847533,0.032524437,-0.4806867,0.8725568,0.0870913
1356790353657,-0.08949578,0.06321794,-0.99397886,-0.8769076,-0.47820163,0.04854086,-0.47225368,0.8759718,0.09823337
1356790353699,-0.10744804,0.06520006,-0.9920705,-0.8808762,-0.4689197,0.06458694,-0.46099037,0.880831,0.10781768
1356790353738,-0.1234172,0.06488928,-0.9902311,-0.88549376,-0.4576471,0.08037391,-0.4479609,0.886763,0.11394054
1356790353778,-0.13735032,0.060338855,-0.98868304,-0.88961744,-0.4464292,0.096342504,-0.43556374,0.89278233,0.11499566
1356790353818,-0.1449911,0.04934594,-0.98820174,-0.8936795,-0.43516695,0.109392464,-0.4246346,0.89899653,0.10719472
1356790353859,-0.1442874,0.029989839,-0.98908126,-0.8976409,-0.42461687,0.118073285,-0.41643962,0.9048763,0.08818701
1356790353899,-0.1251536,-6.751418E-4,-0.9921372,-0.90207857,-0.4162222,0.11407632,-0.41302648,0.9092627,0.051482618
1356790353937,-0.08546841,-0.040477037,-0.9955183,-0.905812,-0.412993,0.094558805,-0.41496956,0.90983427,-0.0013667643
1356790353979,-0.02242738,-0.08542594,-0.9960921,-0.9063258,-0.41880918,0.056323737,-0.42198396,0.90404725,-0.06803098
1356790354017,0.050000668,-0.12554738,-0.99082685,-0.901137,-0.43343157,0.009445339,-0.43064144,0.8923985,-0.13480726
1356790354060,0.111542344,-0.15212116,-0.98204756,-0.8920096,-0.45091975,-0.03146735,-0.43803772,0.8795059,-0.18599021
1356790354099,0.14906543,-0.16303143,-0.97529495,-0.8836539,-0.4646092,-0.057394266,-0.44377396,0.8703787,-0.2133205
1356790354139,0.16170555,-0.16120732,-0.9735828,-0.87886786,-0.47222537,-0.06778225,-0.4488235,0.8666115,-0.21804139
1356790354177,0.15255451,-0.14993054,-0.9768561,-0.8778123,-0.47467846,-0.06423199,-0.4540623,0.86729527,-0.20402521
1356790354214,0.12951201,-0.13241825,-0.98269635,-0.87881696,-0.47432756,-0.0519059,-0.45924658,0.8703326,-0.17780253
1356790354258,0.09799069,-0.11083129,-0.98899657,-0.8804865,-0.4728322,-0.03425178,-0.46383327,0.87415457,-0.14391857
1356790354297,0.06534892,-0.08777654,-0.99399436,-0.88160115,-0.47171354,-0.016304255,-0.46744943,0.877372,-0.10820991
1356790354338,0.03392619,-0.0649437,-0.99731207,-0.8817878,-0.47164595,7.1662664E-4,-0.47042474,0.8793932,-0.07326773
1356790354387,0.004638791,-0.04310766,-0.9990598,-0.8804734,-0.47381347,0.016356021,-0.47407296,0.87956965,-0.040153116
1356790354452,-0.016422868,-0.024750888,-0.9995587,-0.8778291,-0.4782533,0.026265293,-0.47869238,0.87787306,-0.013872713
1356790354464,-0.030260682,-0.010962397,-0.9994819,-0.8735962,-0.4856128,0.031775594,-0.48570958,0.8741052,0.0051183105
1356790354506,-0.038654506,-0.0011007488,-0.999252,-0.8678404,-0.49567038,0.034117073,-0.4953372,0.86851,0.0182046
1356790354549,-0.04494387,0.006402254,-0.9989691,-0.86126614,-0.5069127,0.03549984,-0.50616276,0.86197364,0.02829665
1356790354588,-0.052167773,0.013194412,-0.9985512,-0.85618556,-0.5152749,0.03792146,-0.514028,0.85692334,0.038177624
1356790354627,-0.06318998,0.020829111,-0.9977841,-0.85436,-0.5178748,0.04329607,-0.51582545,0.8552028,0.050520137
1356790354667,-0.077742636,0.029266447,-0.99654377,-0.8561574,-0.5141229,0.05169201,-0.51083314,0.8572171,0.06502594
1356790354708,-0.09532279,0.037786484,-0.99472904,-0.86139953,-0.5039555,0.063402504,-0.49890336,0.86290276,0.080587655
1356790354747,-0.11347127,0.043963313,-0.9925681,-0.86792845,-0.49060684,0.07749218,-0.48355395,0.87027127,0.09382683
1356790354787,-0.1310131,0.046251148,-0.99030125,-0.8747761,-0.4754154,0.09352568,-0.4664787,0.8785449,0.10274494
1356790354827,-0.14745748,0.042664856,-0.9881478,-0.88091826,-0.4599226,0.111598104,-0.4497102,0.88693345,0.105403274
1356790354869,-0.1601134,0.03163472,-0.9865916,-0.88633084,-0.44454992,0.12958786,-0.43448976,0.89519525,0.099217236
1356790354908,-0.16200393,0.011485755,-0.9867233,-0.8921823,-0.4289425,0.14148882,-0.42162243,0.9032588,0.07973778
1356790354948,-0.1466127,-0.017700285,-0.98903567,-0.89941347,-0.41382313,0.1407333,-0.41177684,0.9101853,0.044751823
1356790354990,-0.09118092,-0.055936605,-0.9942622,-0.90928113,-0.4024498,0.10602912,-0.40607145,0.9137316,-0.014166445
1356790355029,-0.006652355,-0.09584445,-0.99537414,-0.91516215,-0.4006009,0.044690073,-0.40303105,0.911226,-0.08504832
1356790355068,0.10748118,-0.12986353,-0.9856892,-0.9090053,-0.41439986,-0.044522732,-0.4026876,0.900782,-0.16258684
1356790355107,0.20736635,-0.15220922,-0.9663496,-0.891269,-0.43662047,-0.122483134,-0.40328494,0.8866763,-0.22619975
1356790355149,0.26496667,-0.16460106,-0.95010483,-0.8747667,-0.45557457,-0.16503012,-0.4056795,0.87484753,-0.26469958
1356790355187,0.2735352,-0.17334592,-0.9461129,-0.8700626,-0.46395546,-0.16654241,-0.4100848,0.8687327,-0.27772996
1356790355229,0.23372898,-0.18181077,-0.95515215,-0.8783611,-0.46075276,-0.12723485,-0.41695634,0.86870694,-0.26738676
1356790355267,0.15442151,-0.19074005,-0.9694185,-0.89179915,-0.44923723,-0.05366659,-0.42526257,0.8728139,-0.23947364
