1356791504047,-0.08688378,0.26543415,0.96020615,0.6942518,-0.67512286,0.24944632,0.7144687,0.6882977,-0.12562084
1356791504207,-0.3750427,0.22772428,-0.89860153,-0.5906987,0.688367,0.42098206,0.7144356,0.68868893,-0.12365061
1356791504247,-0.36578524,0.21890144,-0.9045902,-0.59651005,0.69092745,0.40840545,0.7144068,0.6889858,-0.122154176
1356791504287,-0.3584933,0.21231845,-0.90906733,-0.6009642,0.6926912,0.39877433,0.7143701,0.68927485,-0.12072939
1356791504326,-0.3508439,0.20532717,-0.91364616,-0.6055175,0.69450593,0.38860014,0.71432287,0.68956673,-0.11933398
1356791504367,-0.34182954,0.19678034,-0.91892886,-0.61067736,0.6967248,0.37636137,0.714301,0.6898204,-0.117991805
1356791504407,-0.33132008,0.18674703,-0.9248527,-0.61633825,0.6993402,0.36200896,0.71439075,0.689963,-0.11660612
1356791504447,-0.31981674,0.1759928,-0.93099076,-0.6220574,0.7021632,0.34642667,0.7146761,0.68992275,-0.11508596
1356791504486,-0.3080292,0.16517673,-0.93692833,-0.62738353,0.70506644,0.33056214,0.71519786,0.68963623,-0.113551855
1356791504528,-0.29671195,0.15484442,-0.94232976,-0.63188636,0.70802665,0.31530595,0.71601796,0.68900025,-0.11223596
1356791504566,-0.28638464,0.14525786,-0.9470397,-0.6354414,0.71097696,0.3012077,0.7170762,0.68804944,-0.111310065
1356791504607,-0.27768457,0.1370588,-0.950845,-0.6378747,0.7137889,0.28917336,0.71833634,0.68681896,-0.11078185
1356791504647,-0.27067277,0.13029912,-0.9538125,-0.63948405,0.71626794,0.27932113,0.71958065,0.68555254,-0.110550046
1356791504687,-0.26517242,0.12468624,-0.95610505,-0.6407197,0.7182196,0.2713648,0.7205288,0.68455386,-0.11056304
1356791504727,-0.26081222,0.11966738,-0.95794404,-0.64190483,0.7196593,0.26466715,0.7210654,0.68393725,-0.11088091
1356791504767,-0.25729185,0.11504963,-0.95946044,-0.6429107,0.72087765,0.25884593,0.7214337,0.68344635,-0.11150926
1356791504806,-0.25449806,0.11113995,-0.96066576,-0.64319587,0.72235805,0.25396442,0.7221703,0.6825297,-0.11235392
1356791504847,-0.25239247,0.10828948,-0.96154636,-0.6421412,0.7246204,0.25015992,0.7238458,0.68058705,-0.11335158
1356791504887,-0.2509409,0.10683033,-0.96208936,-0.63916945,0.7281302,0.24756557,0.72697383,0.6770625,-0.11443496
1356791504927,-0.25015754,0.107405394,-0.9622294,-0.6337844,0.7331465,0.24660419,0.7319417,0.6715358,-0.11533022
1356791504967,-0.25006822,0.11075032,-0.96187335,-0.6258822,0.7394837,0.24786146,0.7387404,0.6640017,-0.11560476
1356791505007,-0.25068563,0.11741695,-0.96092147,-0.6158974,0.7464734,0.2518887,0.7468783,0.6549739,-0.11481333
1356791505046,-0.25199667,0.1276805,-0.9592681,-0.6047101,0.7531229,0.25909758,0.75552845,0.64537084,-0.112574756
1356791505087,-0.25404453,0.14192294,-0.9567232,-0.59300697,0.7585813,0.26999474,0.76407075,0.63593423,-0.1085521
1356791505126,-0.2563045,0.15760829,-0.95366025,-0.5823962,0.76224023,0.282497,0.77144206,0.6278133,-0.10357517
1356791505167,-0.25887656,0.17376685,-0.9501516,-0.5735409,0.76384443,0.29596028,0.7771961,0.62156796,-0.098079026
1356791505206,-0.26214182,0.18946199,-0.94624835,-0.5668619,0.7633127,0.30987316,0.78099257,0.61762285,-0.09269738
1356791505247,-0.26696372,0.2050724,-0.94163454,-0.56197923,0.7606357,0.32498115,0.78288543,0.61593723,-0.0878157
1356791505287,-0.27438968,0.22194588,-0.93565506,-0.5577176,0.755907,0.34286398,0.7833654,0.61590964,-0.083629966
1356791505326,-0.28523004,0.2413494,-0.9275744,-0.55229574,0.7495626,0.36486325,0.7833346,0.6163653,-0.08050156
1356791505367,-0.29944938,0.263106,-0.91711783,-0.5443292,0.7423368,0.3906938,0.78360426,0.6162071,-0.07907605
1356791505407,-0.31661168,0.2860171,-0.90440667,-0.5338724,0.73437166,0.41914013,0.7840519,0.6155424,-0.07981402
1356791505446,-0.33585227,0.30805996,-0.8901137,-0.5229217,0.7250145,0.44822633,0.7834259,0.61599755,-0.08240658
1356791505487,-0.35564476,0.32588178,-0.87596685,-0.51449466,0.71418947,0.47458258,0.7802641,0.619463,-0.086333275
1356791505527,-0.37466106,0.3371687,-0.86368185,-0.510621,0.7024951,0.4957487,0.7738833,0.62675184,-0.09103215
1356791505567,-0.39125097,0.34108603,-0.8547415,-0.5122824,0.69085646,0.5101805,0.76451916,0.63747764,-0.095565915
1356791505607,-0.40362456,0.3384113,-0.85003823,-0.51958156,0.67994404,0.517408,0.7530752,0.6505028,-0.098609865
1356791505647,-0.40998158,0.33039275,-0.8501504,-0.5319348,0.6705481,0.51711756,0.7409187,0.66423327,-0.09916496
1356791505687,-0.40881002,0.3183745,-0.8552847,-0.5481976,0.6635902,0.5090456,0.7296257,0.676968,-0.09675014
1356791505726,-0.3992017,0.30478102,-0.86472344,-0.5666932,0.6593922,0.49402508,0.7207613,0.68724847,-0.09051311
1356791505767,-0.38088983,0.29417652,-0.87657464,-0.58487177,0.65761566,0.47483328,0.7161341,0.6935429,-0.07842356
1356791505807,-0.3540971,0.29325575,-0.8880408,-0.59901774,0.65809166,0.45617226,0.71818733,0.69348145,-0.057362974
1356791505847,-0.31878662,0.3082229,-0.8963111,-0.60571814,0.66110355,0.4427727,0.7290271,0.68406194,-0.024054706
1356791505887,-0.27453607,0.34220317,-0.89862496,-0.6042417,0.6655803,0.43805796,0.7480119,0.66324943,0.024047673
1356791505927,-0.22118959,0.39283627,-0.8926113,-0.5982694,0.6681602,0.44230732,0.7701617,0.6318557,0.087231815
1356791505967,-0.16109085,0.44808918,-0.8793553,-0.5948407,0.66689336,0.4487959,0.78753686,0.5953733,0.15911126
1356791506007,-0.10063261,0.4917578,-0.8648974,-0.59812707,0.6647762,0.4475675,0.795058,0.5623583,0.2272355
1356791506047,-0.04728663,0.51051754,-0.8585661,-0.606142,0.66852033,0.43089724,0.7939494,0.5407887,0.27783406
1356791506087,-0.006279558,0.4992116,-0.8664573,-0.61443,0.68168914,0.39720994,0.78894633,0.5348717,0.30244988
1356791506126,0.022433758,0.46390313,-0.8856019,-0.6196192,0.7016287,0.35183683,0.7845819,0.5408429,0.30318344
1356791506167,0.03834501,0.40753844,-0.9123826,-0.6219444,0.7243787,0.29742318,0.7821219,0.5560466,0.2812426
1356791506207,0.04297121,0.33652693,-0.9406929,-0.6234384,0.74478096,0.2379618,0.7806908,0.5762385,0.24180794
1356791506247,0.038060114,0.2594807,-0.96499807,-0.6263173,0.7586692,0.17929809,0.77863866,0.59757084,0.1913923
1356791506287,0.025148824,0.18551229,-0.9823201,-0.6311592,0.7649676,0.12830645,0.7752454,0.6167736,0.13632584
1356791506327,0.005449936,0.12304044,-0.99238676,-0.63645947,0.7658684,0.09146038,0.77129096,0.63111544,0.082484186
1356791506367,-0.020101592,0.07829139,-0.99672776,-0.6397407,0.7651161,0.07300076,0.7683278,0.63911486,0.034706175
1356791506407,-0.05078429,0.054884315,-0.9972004,-0.6389179,0.7656416,0.074677765,0.7675968,0.6409217,-0.0038160086
1356791506447,-0.08599657,0.05379516,-0.99484205,-0.6329605,0.7681773,0.09625313,0.76939297,0.6379732,-0.032010376
1356791506487,-0.12483196,0.07343066,-0.98945683,-0.62174255,0.77137876,0.13568678,0.77320963,0.6321255,-0.05063778
1356791506526,-0.16591348,0.11033201,-0.97994876,-0.60545903,0.7729777,0.18953845,0.77839077,0.62476575,-0.06144595
1356791506567,-0.20738636,0.15942766,-0.96518064,-0.58435535,0.7710758,0.2529248,0.78455067,0.61646163,-0.0667482
1356791506606,-0.24710299,0.21423346,-0.9450101,-0.55960804,0.7646251,0.31966758,0.79106194,0.6078261,-0.069054365
1356791506648,-0.28348047,0.267489,-0.92091715,-0.53435135,0.75335616,0.38330555,0.79630864,0.60075295,-0.07062864
1356791506686,-0.31580713,0.31222686,-0.8959801,-0.51296115,0.73822546,0.43805727,0.7982085,0.59794456,-0.07297659
1356791506727,-0.34389612,0.34408092,-0.8736955,-0.4989956,0.72123086,0.4804471,0.7954489,0.6011941,-0.07633364
1356791506767,-0.36734122,0.36244544,-0.8565593,-0.4938732,0.7043735,0.50985026,0.7881305,0.6103207,-0.079743326
1356791506807,-0.38533127,0.3692209,-0.84569246,-0.4970361,0.68911415,0.52732986,0.7774798,0.6235364,-0.08202106
1356791506847,-0.39698994,0.3667641,-0.84135795,-0.507046,0.67646706,0.5341317,0.76505125,0.638652,-0.08258438
1356791506906,-0.40174446,0.35740203,-0.84312814,-0.522626,0.66654885,0.5315776,0.751973,0.6541991,-0.080994666
1356791506927,-0.3989048,0.34481746,-0.8496916,-0.5423836,0.6584183,0.5218288,0.7393882,0.66901886,-0.075622916
1356791506967,-0.38729954,0.3348327,-0.85900295,-0.563823,0.6511607,0.50802886,0.7294537,0.681085,-0.0634079
1356791507004,-0.36554286,0.3359258,-0.8680623,-0.58315647,0.64422715,0.49487367,0.7254701,0.6871137,-0.039595306
1356791507047,-0.33078754,0.35540077,-0.8742252,-0.5967701,0.63885504,0.4855199,0.73105735,0.68231547,7.672906E-4
1356791507088,-0.27993107,0.39627665,-0.87441605,-0.6026043,0.63651085,0.48137507,0.747333,0.66167873,0.060618877
1356791507126,-0.21862286,0.44157398,-0.8701819,-0.60455894,0.6386988,0.47599608,0.76597166,0.6301399,0.12732333
1356791507167,-0.15645093,0.48089528,-0.86270666,-0.60426795,0.64431494,0.46874136,0.78127027,0.59464103,0.18978596
1356791507206,-0.10514781,0.5020322,-0.8584332,-0.6040507,0.6534827,0.4561613,0.7899789,0.56650156,0.23454064
1356791507247,-0.07249871,0.503038,-0.8612181,-0.60443944,0.66469336,0.43913046,0.79334533,0.55239064,0.2558666
1356791507287,-0.060242474,0.4884276,-0.87052244,-0.60585564,0.6752008,0.42076454,0.79329044,0.5527588,0.25524086
1356791507327,-0.06645745,0.4644768,-0.88308823,-0.6088021,0.68233204,0.40470114,0.79053366,0.5645213,0.23742837
1356791507367,-0.08792159,0.43683457,-0.89523476,-0.6129075,0.6847342,0.39431378,0.78524774,0.58336484,0.20753634
1356791507407,-0.12107447,0.41011468,-0.90396184,-0.61641294,0.6827364,0.3923087,0.7780592,0.6047123,0.17013806
1356791507447,-0.16234171,0.387882,-0.9072997,-0.61692214,0.67772454,0.40012065,0.77009887,0.6246896,0.12927002
1356791507486,-0.20831221,0.37288687,-0.9041911,-0.61237967,0.6711134,0.41784918,0.7626253,0.64075124,0.08854717
1356791507527,-0.25592855,0.36684138,-0.8943869,-0.6012714,0.6640507,0.4444204,0.75695,0.6515091,0.050621748
1356791507567,-0.30260903,0.370593,-0.87811655,-0.58257186,0.6572578,0.4781446,0.75434595,0.65625685,0.017004907
1356791507607,-0.3461149,0.38388348,-0.8560596,-0.55626243,0.6508051,0.5167445,0.75549763,0.6550467,-0.011713386
1356791507647,-0.384794,0.4060445,-0.82889163,-0.5232638,0.643817,0.5582962,0.7603476,0.648558,-0.035268486
1356791507689,-0.41817346,0.43587366,-0.79696,-0.48557475,0.63421714,0.60165256,0.7676902,0.6385787,-0.053563595
1356791507727,-0.44541076,0.47014713,-0.76195204,-0.44600606,0.6214106,0.6441486,0.77632976,0.62674594,-0.067094505
1356791507767,-0.46863618,0.5055117,-0.724457,-0.40801293,0.60351205,0.68505377,0.7835213,0.6166288,-0.0765723
1356791507808,-0.49048704,0.5367981,-0.68649125,-0.3757659,0.5804832,0.7223844,0.7862712,0.6122802,-0.083009064
1356791507848,-0.5132302,0.56107706,-0.6494515,-0.3505221,0.55369514,0.75535154,0.7834085,0.6153164,-0.087503135
1356791507889,-0.5377122,0.57526433,-0.61639005,-0.33439168,0.52561045,0.7822506,0.77398187,0.62674135,-0.090263546
1356791507927,-0.5620412,0.58229786,-0.58740014,-0.32454216,0.4979698,0.8041757,0.7607773,0.642616,-0.09089935
1356791507968,-0.5844336,0.5830958,-0.56430197,-0.32129037,0.47230822,0.82079077,0.7451241,0.6610025,-0.088689685
1356791508007,-0.60296464,0.5798712,-0.54788977,-0.323879,0.44970232,0.8323883,0.72906524,0.6793506,-0.083346546
1356791508046,-0.61598563,0.5745107,-0.53897977,-0.33265385,0.43049538,0.8390561,0.71407497,0.6961402,-0.074065804
1356791508092,-0.620872,0.5705154,-0.53761524,-0.3487896,0.41313934,0.84122634,0.7020425,0.70980847,-0.057516813
1356791508129,-0.6148034,0.5708893,-0.5441528,-0.37187746,0.39860082,0.8383463,0.6955027,0.71777624,-0.032760322
1356791508170,-0.59256524,0.58648616,-0.55217785,-0.399508,0.3812663,0.8336842,0.69947106,0.71461177,0.008380771
1356791508209,-0.5530366,0.61610556,-0.56086034,-0.4311695,0.36437637,0.82542276,0.7129118,0.6983149,0.06413251
1356791508250,-0.4978062,0.6598347,-0.56285644,-0.46273702,0.3468222,0.8158363,0.73352814,0.6665828,0.13267964
1356791508288,-0.43714833,0.7039853,-0.5597377,-0.4913978,0.33429676,0.80422264,0.7532793,0.6266183,0.19979948
1356791508329,-0.3854236,0.7352776,-0.55750835,-0.5130283,0.33144224,0.79180044,0.7669749,0.5911961,0.24947256
1356791508369,-0.3514005,0.7475602,-0.56362355,-0.525616,0.34066004,0.77953744,0.7747551,0.57017934,0.27322143
1356791508410,-0.33492,0.741307,-0.581629,-0.53075194,0.36161196,0.76651096,0.778544,0.5654206,0.27233917
1356791508448,-0.33217204,0.7182511,-0.611373,-0.5315447,0.39290476,0.7503905,0.7791802,0.5742309,0.25127065
1356791508489,-0.33758003,0.6811938,-0.6496267,-0.53177047,0.43144703,0.728748,0.7766982,0.591463,0.21659082
1356791508530,-0.34722745,0.6326002,-0.6922789,-0.53378236,0.47363377,0.70053375,0.77104443,0.6127708,0.17321217
1356791508569,-0.35709792,0.5796496,-0.73245305,-0.5381648,0.51324606,0.6685486,0.7634526,0.63291764,0.12866789
1356791508608,-0.36656415,0.52748245,-0.7664157,-0.54319614,0.5474499,0.636582,0.75536,0.64966214,0.085850894
1356791508648,-0.37628302,0.48286742,-0.7907277,-0.54577035,0.5741434,0.61032295,0.74869615,0.6612098,0.047494292
1356791508688,-0.38753623,0.45110723,-0.80393904,-0.54264736,0.5933567,0.5945264,0.74521786,0.6666559,0.014844835
1356791508729,-0.4015783,0.43538052,-0.80571616,-0.5313919,0.6057581,0.59218216,0.7458937,0.66595864,-0.011901617
1356791508770,-0.4188051,0.4369582,-0.79603374,-0.51067775,0.6115266,0.6043537,0.7508731,0.6596232,-0.0329656
1356791508809,-0.43924126,0.45445955,-0.7749411,-0.48153305,0.60912454,0.6301533,0.75841486,0.6499491,-0.048715353
1356791508849,-0.46043062,0.4827109,-0.7449792,-0.4471814,0.59883755,0.6643963,0.7668329,0.6390492,-0.059863865
1356791508888,-0.4819791,0.51516837,-0.7087297,-0.41202736,0.580601,0.7022365,0.7732591,0.6304793,-0.067574084
1356791508930,-0.5031954,0.54337466,-0.671966,-0.3815899,0.55795825,0.736934,0.7753603,0.62723726,-0.073415756
1356791508968,-0.52347994,0.5612166,-0.64109653,-0.3600778,0.5362177,0.7634229,0.7722129,0.6304812,-0.07861757
1356791509009,-0.54149294,0.56610054,-0.6215428,-0.35038498,0.52007574,0.7789426,0.76420915,0.6395712,-0.08326417
1356791509049,-0.5548878,0.55773085,-0.6172811,-0.35471463,0.51255083,0.781965,0.7525139,0.65286136,-0.086572886
1356791509089,-0.55999476,0.5371414,-0.63078123,-0.3740666,0.5154132,0.7709886,0.73924285,0.66770375,-0.087702036
1356791509128,-0.5533682,0.5052079,-0.6622301,-0.4087093,0.5280677,0.74437976,0.72576886,0.6825757,-0.08573276
1356791509169,-0.530373,0.4626216,-0.7104123,-0.45751008,0.54928887,0.69926125,0.7137149,0.6958901,-0.07967383
1356791509208,-0.48978767,0.41715634,-0.76556426,-0.51300865,0.5720955,0.63994443,0.70493275,0.70617795,-0.066200495
1356791509246,-0.42984268,0.3744025,-0.82161915,-0.568339,0.5948874,0.5684186,0.7015883,0.7112888,-0.04292047
1356791509287,-0.35898516,0.35412854,-0.86355233,-0.60942674,0.61183023,0.5042448,0.7069149,0.70728827,-0.003822565
1356791509327,-0.28018108,0.3618725,-0.8891269,-0.63307905,0.6265968,0.45451888,0.72160184,0.6902353,0.053533435
1356791509366,-0.19767487,0.39147788,-0.89870435,-0.6414431,0.641612,0.4205767,0.74126595,0.65960526,0.124280274
1356791509407,-0.11494306,0.42026073,-0.900094,-0.64197546,0.66003466,0.39015615,0.7580605,0.6226839,0.19393063
1356791509446,-0.035249025,0.42191875,-0.90594816,-0.6399472,0.68675077,0.34473336,0.7676101,0.5919105,0.24579847
1356791509486,0.038938582,0.38279808,-0.9230111,-0.6352694,0.72249067,0.27283692,0.77130836,0.5757368,0.27131265
1356791509527,0.10602303,0.30319625,-0.94701165,-0.6269019,0.7596427,0.173023,0.7718504,0.575339,0.27061397
1356791509567,0.16380863,0.19470932,-0.9670857,-0.61651117,0.7855111,0.053724825,0.7701173,0.5874186,0.24871397
1356791509607,0.2099171,0.0754576,-0.97480303,-0.6081841,0.79072475,-0.069759816,0.76553696,0.60750353,0.21187878
1356791509647,0.24334025,-0.037209034,-0.96922696,-0.605435,0.7748643,-0.1817517,0.7577822,0.6310315,0.16602802
1356791509687,0.2647397,-0.13300684,-0.9551033,-0.6089798,0.74489546,-0.27253324,0.7477008,0.653789,0.11620492
1356791509727,0.27554315,-0.20877263,-0.93834424,-0.6167666,0.71033305,-0.33915472,0.7373431,0.67219114,0.066963434
1356791509767,0.27714935,-0.26591295,-0.9232977,-0.62541175,0.67957664,-0.3834524,0.72941655,0.68371475,0.022039115
1356791509807,0.270717,-0.30732703,-0.9122842,-0.63191986,0.65817666,-0.40924415,0.726216,0.6872798,-0.016026437
1356791509848,0.25742877,-0.33595222,-0.9060168,-0.6341403,0.64873123,-0.42073023,0.72910666,0.6828499,-0.046038747
1356791509907,0.23795038,-0.35242385,-0.905084,-0.6324767,0.6509794,-0.41976076,0.7371247,0.67232674,-0.067999065
1356791509927,0.21438143,-0.35890377,-0.908421,-0.6265856,0.66292477,-0.409782,0.74928707,0.6570532,-0.08276516
1356791509967,0.18622422,-0.35229144,-0.91717565,-0.62083495,0.6813287,-0.3877564,0.76150143,0.6416244,-0.09183496
1356791510004,0.15366393,-0.33014163,-0.9313398,-0.619406,0.7021823,-0.35110703,0.76988536,0.63082993,-0.09659165
1356791510048,0.11533877,-0.29112214,-0.94970787,-0.62511134,0.72175467,-0.29716337,0.77196693,0.62794757,-0.09873742
1356791510095,0.07092869,-0.23806827,-0.9686551,-0.63735205,0.73619187,-0.22760472,0.76730144,0.633518,-0.09951615
1356791510129,0.022246778,-0.17748658,-0.9838718,-0.65183693,0.74360126,-0.14888173,0.7580328,0.6446361,-0.099149585
1356791510170,-0.02673766,-0.11584821,-0.992907,-0.66601,0.74276984,-0.06872848,0.74546343,0.6594484,-0.09701598
1356791510208,-0.072752886,-0.05785963,-0.9956702,-0.6778641,0.7351557,0.006810248,0.7315786,0.6754245,-0.09270567
1356791510249,-0.113519266,-0.0052512884,-0.9935219,-0.6868516,0.722953,0.074658096,0.7178776,0.69087726,-0.085675955
1356791510290,-0.14926484,0.045594215,-0.9877455,-0.6925402,0.7081841,0.13734406,0.70576775,0.70455414,-0.07413113
1356791510329,-0.18102732,0.09973255,-0.9784082,-0.6935382,0.6924186,0.19890064,0.69730484,0.7145698,-0.05617833
1356791510371,-0.2108436,0.16998318,-0.96262705,-0.6864253,0.6753758,0.2696069,0.6959636,0.7176164,-0.025717914
1356791510408,-0.23638979,0.25663814,-0.93715346,-0.67120624,0.6542542,0.3484732,0.70256805,0.71139884,0.017598152
1356791510448,-0.25451615,0.3633449,-0.8962154,-0.64831877,0.62353253,0.4369095,0.71756834,0.69223374,0.07686418
1356791510488,-0.2615907,0.4748788,-0.84027404,-0.6252204,0.57986856,0.52235234,0.7353025,0.661999,0.14521569
1356791510528,-0.25917327,0.56659836,-0.7821735,-0.6098966,0.53194124,0.58742195,0.7489027,0.6292891,0.2077015
1356791510568,-0.2551701,0.62471664,-0.737982,-0.602867,0.4939252,0.62656945,0.7559362,0.6047868,0.25058615
1356791510608,-0.25732887,0.6510162,-0.7141147,-0.5992771,0.47221398,0.6464371,0.758056,0.5942995,0.26862478
1356791510648,-0.26944315,0.65342003,-0.70741963,-0.5946569,0.46491766,0.6559229,0.75748503,0.5974059,0.26329184
1356791510688,-0.29204607,0.6402184,-0.7105135,-0.5867053,0.4667673,0.66174394,0.75530505,0.6101219,0.23930204
1356791510728,-0.32392198,0.61828566,-0.7160988,-0.57466245,0.4726954,0.66807353,0.7515569,0.6279187,0.20218909
1356791510767,-0.3631339,0.5937006,-0.71809006,-0.55791646,0.47870433,0.67791694,0.7462325,0.6468089,0.15740156
1356791510807,-0.40728343,0.57171845,-0.71222067,-0.5353209,0.48238838,0.6933492,0.73996747,0.6636562,0.109583974
1356791510847,-0.45374495,0.5573708,-0.69530797,-0.5051974,0.48186123,0.7159506,0.734092,0.67612684,0.06294018
1356791510887,-0.49957144,0.5543927,-0.66564023,-0.46607086,0.47569448,0.7459843,0.7302097,0.68290806,0.020742953
1356791510927,-0.541837,0.564691,-0.6225245,-0.41721386,0.46226692,0.7824589,0.72962,0.683691,-0.014876366
1356791510966,-0.5776004,0.58787954,-0.56637037,-0.35939217,0.43981946,0.82304084,0.7329495,0.6789378,-0.04276055
1356791511006,-0.6042463,0.6213868,-0.4987633,-0.29509234,0.4069327,0.8644803,0.7401397,0.6695402,-0.06252116
1356791511046,-0.620189,0.66049635,-0.42321402,-0.22853175,0.36397332,0.90293777,0.75042576,0.6567099,-0.074787855
1356791511090,-0.6262846,0.69881153,-0.34558654,-0.16537943,0.31411088,0.93487114,0.7618512,0.6426483,-0.08115375
1356791511128,-0.6270073,0.7296841,-0.2728055,-0.11099976,0.262937,0.95840657,0.7710647,0.63120925,-0.08386862
1356791511168,-0.62816757,0.74896836,-0.2108365,-0.06837097,0.21678972,0.97382116,0.7750684,0.626138,-0.08497256
1356791511208,-0.633772,0.7563876,-0.16189751,-0.03722903,0.17922974,0.98310256,0.7726234,0.6290902,-0.08543122
1356791511248,-0.64458007,0.75408435,-0.12598982,-0.016549021,0.15099198,0.98839647,0.7643577,0.6391856,-0.08484709
1356791511288,-0.65904415,0.7451061,-0.10236031,-0.0055862367,0.13124532,0.9913342,0.7520835,0.6539048,-0.0823341
1356791511327,-0.6748656,0.73233664,-0.090771616,-0.004183024,0.11920822,0.99286044,0.7379288,0.6704271,-0.07738614
1356791511369,-0.69004697,0.71792436,-0.09175998,-0.013056517,0.11441308,0.9933475,0.7236469,0.68665445,-0.06957686
1356791511407,-0.70233876,0.70394564,-0.105739355,-0.033485472,0.1157068,0.9927188,0.71105486,0.7007656,-0.05769342
1356791511448,-0.708694,0.693171,-0.13140368,-0.06634602,0.11994773,0.9905609,0.7023896,0.71072257,-0.03901714
1356791511488,-0.704964,0.68995434,-0.16428304,-0.11130273,0.12113899,0.98637575,0.7004553,0.71364444,-0.008604884
1356791511528,-0.68865556,0.6969942,-0.19988161,-0.16567591,0.11711818,0.97920114,0.7059072,0.7074478,0.034821033
1356791511566,-0.65882653,0.71750087,-0.22614174,-0.22299117,0.100839555,0.9695908,0.71848625,0.6892197,0.09356058
1356791511607,-0.61972976,0.7466406,-0.24179052,-0.28008384,0.07738829,0.9568511,0.73313564,0.6607108,0.16116226
1356791511647,-0.5799757,0.7745914,-0.25226235,-0.33192843,0.058092713,0.9415141,0.7439433,0.62978834,0.22341657
1356791511687,-0.5469938,0.7934585,-0.26687336,-0.37338656,0.054080665,0.92609817,0.74925315,0.60621685,0.2666849
1356791511727,-0.523373,0.8002893,-0.29260528,-0.40225172,0.07067639,0.91279703,0.75118196,0.59543425,0.28492755
1356791511767,-0.50784403,0.7948096,-0.3322231,-0.42024827,0.10807121,0.9009506,0.75198793,0.5971586,0.2791341
1356791511807,-0.4976539,0.777004,-0.3854937,-0.4318156,0.16350639,0.88701797,0.7522473,0.6078901,0.25415283
1356791511847,-0.49018097,0.7463595,-0.4501888,-0.44192606,0.23237342,0.8664317,0.7512815,0.62365854,0.21593076
1356791511887,-0.48360777,0.7029459,-0.5215272,-0.45387763,0.3080715,0.8361142,0.7484107,0.6410609,0.17006564
1356791511927,-0.47757947,0.649523,-0.5916398,-0.4677476,0.3820663,0.7970179,0.74372715,0.65737754,0.12134582
1356791511966,-0.4737934,0.5934151,-0.6506753,-0.4801418,0.4453184,0.7557482,0.7382301,0.67048496,0.073934495
1356791512006,-0.4757257,0.5456925,-0.6898586,-0.48525718,0.49132013,0.72327733,0.73362845,0.6788404,0.03106755
1356791512046,-0.4870677,0.51749194,-0.70353913,-0.4767075,0.51744145,0.7106366,0.731789,0.68151045,-0.005336821
1356791512094,-0.5094243,0.5161729,-0.6885147,-0.44900972,0.52311397,0.7243908,0.7340826,0.67817205,-0.0347203
1356791512129,-0.54091996,0.54347,-0.64190805,-0.398655,0.5063563,0.7646421,0.74059427,0.66951,-0.0572412
1356791512170,-0.5743111,0.59506905,-0.56219184,-0.32490808,0.46464837,0.8237333,0.75139976,0.6557398,-0.07350999
1356791512209,-0.6017149,0.65779954,-0.45303297,-0.23421751,0.3969497,0.8874531,0.7635976,0.640102,-0.08478236
1356791512250,-0.6162725,0.7123673,-0.33576915,-0.14452362,0.3168143,0.93741214,0.77415824,0.626228,-0.092289984
1356791512289,-0.6227765,0.74765307,-0.23057371,-0.06981337,0.24042273,0.96815443,0.7792788,0.61904097,-0.097533464
1356791512329,-0.6290221,0.7614776,-0.15647048,-0.019933045,0.1854124,0.9824586,0.7771318,0.6211071,-0.10144997
1356791512368,-0.639483,0.76063836,-0.11176258,0.0085361,0.15238762,0.988284,0.7687579,0.63103676,-0.103942156
1356791512409,-0.65366626,0.7512137,-0.09164262,0.019023955,0.1373676,0.9903375,0.7565438,0.64560676,-0.10408366
1356791512448,-0.6689931,0.73755395,-0.091991276,0.013634056,0.13592225,0.99062574,0.74314356,0.66146755,-0.1009869
1356791512489,-0.68288815,0.7219262,-0.11174145,-0.0076058805,0.14592642,0.9892662,0.7304833,0.6764081,-0.0941605
1356791512528,-0.6928685,0.70488876,-0.15187219,-0.04622382,0.16676915,0.9849119,0.7195809,0.6894345,-0.08296645
1356791512570,-0.6952792,0.686652,-0.2123581,-0.10326934,0.19695473,0.97495854,0.7112822,0.69979846,-0.066028416
1356791512608,-0.68511033,0.6697151,-0.28654063,-0.17515902,0.23036146,0.957211,0.7070666,0.7059853,-0.040516376
1356791512648,-0.6587906,0.6613246,-0.35867077,-0.25131696,0.25591058,0.93346107,0.7091084,0.7050954,-0.0023893714
1356791512688,-0.61831117,0.671263,-0.4087755,-0.31830162,0.26167142,0.9111598,0.7185927,0.69349414,0.05186975
1356791512732,-0.57045716,0.7014159,-0.4273108,-0.37089813,0.24419963,0.8959918,0.7328119,0.6696136,0.12084836
1356791512768,-0.5219456,0.7387794,-0.42635393,-0.41501713,0.2167347,0.88362145,0.7452071,0.6381465,0.19348246
1356791512808,-0.47693747,0.7666482,-0.42986184,-0.45649278,0.2018742,0.86652243,0.75109583,0.6095059,0.25368798
1356791512849,-0.43601048,0.77601165,-0.45574212,-0.49573892,0.21554768,0.8412979,0.7510911,0.5927438,0.29071808
1356791512910,-0.3963452,0.76291573,-0.5107543,-0.532099,0.26247597,0.80497015,0.7481851,0.5908179,0.3019157
1356791512928,-0.3541547,0.72633916,-0.589072,-0.5654376,0.335409,0.75351256,0.7448857,0.59994346,0.29191285
1356791512969,-0.30499154,0.6601151,-0.68646073,-0.5972762,0.42884642,0.67775506,0.74178255,0.6167162,0.2634765
1356791513004,-0.2523546,0.5716518,-0.7807249,-0.6250372,0.51962876,0.582507,0.73867834,0.63498044,0.22617292
1356791513048,-0.19823816,0.463611,-0.8635778,-0.64798,0.5990709,0.4703574,0.7354072,0.6528238,0.18165195
1356791513095,-0.15591988,0.35737562,-0.92085385,-0.6631594,0.65304184,0.3657268,0.7320579,0.66769683,0.13517469
1356791513131,-0.13073188,0.26492557,-0.9553657,-0.67166805,0.6851246,0.28189775,0.7292265,0.67854166,0.08837438
1356791513169,-0.1357902,0.20879409,-0.96848655,-0.6727884,0.698146,0.2448427,0.72726667,0.6848337,0.045672894
1356791513210,-0.16611052,0.1869501,-0.9682236,-0.66617364,0.70265985,0.24996369,0.7270626,0.6865266,0.007822037
1356791513249,-0.22871622,0.21000005,-0.9505729,-0.6453122,0.6983892,0.3095556,0.72887653,0.6842167,-0.024217367
1356791513289,-0.3225163,0.2818681,-0.9036225,-0.5992404,0.67817867,0.4254229,0.7327306,0.67869294,-0.049816906
1356791513330,-0.437144,0.39866564,-0.8062077,-0.51287293,0.6258683,0.58758,0.73882776,0.67033917,-0.069129765
1356791513369,-0.546391,0.53541344,-0.6440414,-0.38117576,0.52575,0.76045513,0.7457627,0.6609988,-0.08317846
1356791513410,-0.6154953,0.643407,-0.4551845,-0.237299,0.39945626,0.8855077,0.7515682,0.65304065,-0.09318364
1356791513449,-0.64695084,0.70554465,-0.2892428,-0.1170674,0.28292203,0.9519719,0.7534918,0.64973986,-0.10044038
1356791513490,-0.6602895,0.7280984,-0.1840939,-0.043126255,0.20796365,0.9771854,0.74977195,0.65316457,-0.10591608
1356791513528,-0.67139363,0.729383,-0.1312674,-0.0070133805,0.17086369,0.9852698,0.74106777,0.66242445,-0.10960132
1356791513569,-0.68416625,0.71962357,-0.11856818,-3.8674474E-4,0.16221428,0.98675543,0.72932595,0.6751507,-0.11070317
1356791513609,-0.69717807,0.70344746,-0.138219,-0.018916667,0.17468315,0.98444295,0.71664846,0.6889466,-0.10847843
1356791513649,-0.7066996,0.68218017,-0.18763238,-0.061595887,0.20487064,0.9768491,0.7048274,0.7018962,-0.10276252
1356791513688,-0.70754933,0.6553454,-0.2643792,-0.12769109,0.24939811,0.9599456,0.6950316,0.7129678,-0.092779756
1356791513729,-0.69281167,0.6231662,-0.3628717,-0.21385854,0.30301398,0.9286803,0.6886774,0.7210038,-0.07666218
1356791513770,-0.65805125,0.5933604,-0.46356457,-0.3059476,0.35183358,0.8846521,0.68801504,0.72397286,-0.049987316
1356791513809,-0.6048377,0.5757312,-0.5501863,-0.3898239,0.38839686,0.83497614,0.69441247,0.71950084,-0.0104833245
1356791513848,-0.54634047,0.59051865,-0.5939697,-0.44466597,0.39646697,0.8031726,0.7097777,0.70292366,0.045977473
1356791513888,-0.4882506,0.6348233,-0.59884113,-0.47587606,0.3815307,0.7924496,0.7315418,0.6718881,0.115814626
1356791513928,-0.43200433,0.6871689,-0.5840987,-0.49675435,0.35925013,0.79004717,0.75273335,0.6314573,0.18615645
1356791513967,-0.37718683,0.722119,-0.57989156,-0.5184965,0.35416698,0.7782847,0.76739264,0.5942305,0.24082905
1356791514008,-0.32223803,0.7236233,-0.6103541,-0.5441065,0.38603234,0.7449344,0.7746683,0.57214373,0.26933378
1356791514047,-0.26455104,0.6877657,-0.6760112,-0.5711565,0.45307678,0.68447196,0.7770413,0.5671859,0.2729599
1356791514095,-0.20128149,0.60525525,-0.7701635,-0.5984733,0.5464486,0.5858529,0.7754453,0.57884365,0.25223917
1356791514130,-0.13544506,0.48504323,-0.8639373,-0.6233018,0.6360922,0.45484242,0.77016205,0.6000998,0.21617275
1356791514169,-0.07422724,0.34298217,-0.9364045,-0.64502865,0.6996107,0.3073807,0.7605447,0.6268238,0.16930318
1356791514208,-0.027303085,0.20666213,-0.9780313,-0.6638321,0.7277609,0.17231072,0.747383,0.65395325,0.11731887
1356791514249,5.684942E-4,0.0951899,-0.995459,-0.6803913,0.729558,0.06937471,0.7328488,0.6772622,0.065181136
1356791514288,0.009563491,0.014422417,-0.9998503,-0.69421035,0.7197625,0.0037421882,0.7197087,0.6940706,0.016895652
1356791514329,0.0011118054,-0.035511315,-0.99936867,-0.70380205,0.70991987,-0.026009113,0.71039534,0.70338666,-0.024203658
1356791514368,-0.02217199,-0.05794263,-0.99807364,-0.7072939,0.7064667,-0.025301129,0.70657176,0.7053704,-0.056646228
1356791514409,-0.059426025,-0.05407077,-0.9967673,-0.70296884,0.7112129,0.0033295453,0.7087337,0.7008941,-0.08027464
1356791514450,-0.10923837,-0.024593472,-0.9937113,-0.68835866,0.72306585,0.057775825,0.7170978,0.6903411,-0.095915675
1356791514490,-0.17130715,0.031013638,-0.9847293,-0.66220105,0.7364354,0.13839269,0.7294816,0.67579657,-0.10561937
1356791514529,-0.23988734,0.1067549,-0.96491325,-0.6255777,0.7430578,0.23773451,0.7423656,0.66065764,-0.111466706
1356791514569,-0.30715597,0.190709,-0.9323546,-0.58317304,0.73649156,0.34276724,0.7520401,0.64900714,-0.11500144
1356791514609,-0.36550337,0.26553047,-0.89213276,-0.5438012,0.7169543,0.43618435,0.7554387,0.6445697,-0.11765349
1356791514650,-0.40772158,0.31307933,-0.8577555,-0.519255,0.69320625,0.49983943,0.7510908,0.6491891,-0.12006712
1356791514689,-0.43206787,0.33042732,-0.8391276,-0.5136976,0.6745869,0.5301389,0.74123687,0.6601139,-0.121727586
1356791514731,-0.43900913,0.32147026,-0.83900416,-0.5277713,0.6634545,0.5303637,0.7271372,0.67563677,-0.12159979
1356791514769,-0.4265631,0.2921434,-0.8559767,-0.55674005,0.6610415,0.5030554,0.7128004,0.6911414,-0.11932796
1356791514809,-0.3994338,0.25405514,-0.88085675,-0.59229517,0.6618666,0.4594769,0.6997422,0.70525783,-0.11389625
1356791514848,-0.35711816,0.21165723,-0.90976256,-0.6299987,0.6645137,0.40189955,0.6896146,0.7166748,-0.10396612
1356791514889,-0.30404735,0.1748891,-0.9364662,-0.6625063,0.66756415,0.33976984,0.6845733,0.7237209,-0.08710599
1356791514928,-0.24562073,0.15464413,-0.9569512,-0.6832713,0.67263824,0.28407425,0.68761235,0.7236318,-0.059549987
1356791514968,-0.18484841,0.15781501,-0.97001314,-0.68903947,0.6829763,0.24242118,0.7007537,0.7131885,-0.017506301
1356791515008,-0.122594535,0.18484432,-0.9750913,-0.68098485,0.69905424,0.21813469,0.72196263,0.69076455,0.040175974
1356791515048,-0.058032095,0.2219184,-0.97333676,-0.66588444,0.7178043,0.20335889,0.7437944,0.6599312,0.106116354
1356791515092,0.007461533,0.24561676,-0.96933836,-0.651037,0.73697096,0.18172674,0.7590094,0.62971914,0.1654045
1356791515128,0.069944784,0.23866619,-0.9685794,-0.63905346,0.756276,0.1402044,0.76597536,0.60916746,0.20541805
1356791515168,0.12501773,0.1987745,-0.97203875,-0.6294055,0.7732357,0.07717046,0.76695454,0.6021589,0.22177792
1356791515208,0.16982782,0.13388404,-0.97633684,-0.6218616,0.7831268,-7.7965856E-4,0.7644911,0.6072788,0.21625406
1356791515248,0.20284027,0.05631137,-0.97759134,-0.61766297,0.7820389,-0.083111644,0.75983435,0.6206804,0.19341046
1356791515288,0.22386086,-0.021863014,-0.97437584,-0.61852455,0.7694341,-0.15936929,0.7532023,0.6383519,0.15872335
1356791515328,0.23365664,-0.09218183,-0.96793956,-0.6251097,0.7482535,-0.22215882,0.74474317,0.6569773,0.117210686
1356791515369,0.233399,-0.15012957,-0.96072155,-0.636315,0.7235106,-0.2676484,0.73527414,0.6737904,0.07333696
1356791515408,0.22430095,-0.19445212,-0.95492274,-0.6498296,0.7003883,-0.29525882,0.7262303,0.6867639,0.030737042
1356791515448,0.20739123,-0.22556376,-0.95189804,-0.66315323,0.6829355,-0.30631182,0.7191778,0.6947806,-0.007948518
1356791515488,0.18348864,-0.24436955,-0.9521636,-0.67430943,0.6735128,-0.30279902,0.71528924,0.6976131,-0.04119879
1356791515528,0.15337554,-0.25166962,-0.95558274,-0.6819035,0.67292285,-0.2866748,0.71518075,0.6955841,-0.068404496
1356791515568,0.11766061,-0.24746828,-0.96172523,-0.68501943,0.68092334,-0.25902072,0.71896064,0.68927705,-0.089402735
1356791515608,0.07687685,-0.23140863,-0.96981436,-0.6832299,0.6961859,-0.22027713,0.7261451,0.67954046,-0.104584694
1356791515648,0.031634122,-0.2032961,-0.9786061,-0.6770878,0.71585476,-0.17059931,0.735222,0.667999,-0.115003884
1356791515688,-0.017257065,-0.16346517,-0.98639816,-0.6686299,0.73538876,-0.110170364,0.74339515,0.657634,-0.121988356
1356791515728,-0.068232425,-0.114622355,-0.9910631,-0.6606494,0.74956274,-0.041207194,0.7475873,0.6519336,-0.12686968
1356791515768,-0.11837386,-0.063209385,-0.9909552,-0.6553962,0.75468314,0.030151397,0.74595135,0.6530374,-0.13076198
1356791515808,-0.16363889,-0.017082304,-0.9863724,-0.6540649,0.7503841,0.09551379,0.7385265,0.66078126,-0.13396496
1356791515847,-0.20006794,0.018371433,-0.97960985,-0.6568898,0.73931384,0.14802301,0.7269585,0.67311037,-0.135845
1356791515905,-0.22468422,0.041188538,-0.97356075,-0.6635768,0.72517204,0.18382424,0.71357054,0.6873347,-0.13560295
1356791515927,-0.23583128,0.051895022,-0.97040737,-0.6737423,0.7108921,0.20175166,0.7003249,0.7013839,-0.13268673
1356791515967,-0.23288646,0.05246243,-0.9710878,-0.6865871,0.69831157,0.20238331,0.6887393,0.71386874,-0.1266073
1356791516004,-0.21743631,0.048279375,-0.97487974,-0.70014167,0.6881934,0.19024062,0.68009055,0.72391915,-0.115835845
1356791516047,-0.19152586,0.046857864,-0.98036844,-0.7112701,0.6816673,0.17153558,0.676323,0.73016024,-0.09722835
1356791516092,-0.15729201,0.056484252,-0.98593545,-0.71644664,0.6805926,0.15329006,0.6796788,0.7304815,-0.06658381
1356791516128,-0.116939574,0.0855172,-0.9894504,-0.71261644,0.6867057,0.1435728,0.69173914,0.72188795,-0.019362092
1356791516168,-0.07126504,0.13694009,-0.98801255,-0.69922435,0.69954324,0.1473926,0.7113415,0.7013464,0.045898855
1356791516208,-0.021323606,0.20226997,-0.9790976,-0.68020123,0.7147909,0.16248134,0.73271513,0.66944814,0.12234235
1356791516248,0.029507414,0.26145005,-0.9647659,-0.66224754,0.7280669,0.1770501,0.74870396,0.6336895,0.194628
1356791516288,0.076600015,0.29356664,-0.9528647,-0.6493948,0.73986614,0.1757399,0.75658375,0.6053237,0.2473144
1356791516328,0.116530165,0.2895491,-0.9500432,-0.6411704,0.7524589,0.15068585,0.7584994,0.5915801,0.27333444
1356791516368,0.14768662,0.2518677,-0.9564264,-0.6358426,0.76488245,0.1032424,0.75755715,0.59288913,0.2731111
1356791516408,0.16927356,0.18941258,-0.96719664,-0.6330306,0.77306116,0.040604115,0.7553931,0.60539186,0.25076276
1356791516448,0.1808045,0.113741726,-0.9769199,-0.6340574,0.77280134,-0.02737239,0.7518517,0.62437236,0.21184474
1356791516488,0.18224448,0.036453694,-0.9825773,-0.64049053,0.7626147,-0.09050253,0.7460288,0.645825,0.16233057
1356791516528,0.17404723,-0.032941848,-0.9841862,-0.6522845,0.7448793,-0.14028442,0.7377211,0.66638553,0.10815674
1356791516568,0.15694642,-0.08870584,-0.98361534,-0.6672167,0.72477466,-0.1718243,0.72814125,0.68325174,0.054564774
1356791516609,0.13138556,-0.12767634,-0.9830751,-0.6820414,0.70801944,-0.18310681,0.71941465,0.6945554,0.0059430003
1356791516648,0.097205095,-0.14778545,-0.984231,-0.69389963,0.6988649,-0.17346808,0.7134805,0.69981956,-0.03461504
1356791516688,0.053211838,-0.14682037,-0.98773086,-0.70055425,0.69938874,-0.14170083,0.71161246,0.69949925,-0.06563985
1356791516728,-0.0026621297,-0.1219441,-0.99253345,-0.6995847,0.7094416,-0.08528665,0.71454465,0.69413424,-0.08719885
1356791516768,-0.072793126,-0.06936982,-0.9949317,-0.687621,0.7260698,-3.1486154E-4,0.72241175,0.6841129,-0.100553036
1356791516808,-0.15862983,0.014773488,-0.98722756,-0.6602807,0.7418183,0.11719635,0.73407483,0.6704382,-0.10791987
1356791516848,-0.25785482,0.13017368,-0.9573744,-0.6135961,0.7433473,0.2663357,0.7463315,0.6561171,-0.111801624
1356791516888,-0.3602299,0.2627116,-0.8951073,-0.54825234,0.71670485,0.4309914,0.75475425,0.6460006,-0.11414629
1356791516928,-0.4499922,0.38256454,-0.80693954,-0.47534037,0.662349,0.5790901,0.7560149,0.64415693,-0.11620349
1356791516968,-0.517889,0.4650709,-0.7179832,-0.4127105,0.59933305,0.68590814,0.749307,0.65154356,-0.11844832
1356791517008,-0.565392,0.50762016,-0.65011805,-0.37179574,0.5467305,0.7502357,0.7362742,0.6658884,-0.120386064
1356791517046,-0.59657145,0.5200251,-0.6112908,-0.35486794,0.5122489,0.78209317,0.7198411,0.68350196,-0.12105286
1356791517092,-0.6132221,0.51251,-0.6010758,-0.3599918,0.49600032,0.79018325,0.70311064,0.7009402,-0.11965895
1356791517128,-0.6148664,0.49187553,-0.61643964,-0.3845142,0.4954697,0.77888286,0.68854064,0.7159387,-0.11551452
1356791517168,-0.60067284,0.46380436,-0.6512125,-0.42391652,0.5058362,0.751282,0.6778547,0.7273344,-0.10722774
1356791517208,-0.5709306,0.4357965,-0.69578713,-0.47039258,0.52095544,0.71227545,0.6728812,0.73395294,-0.09243393
1356791517248,-0.52988935,0.42008257,-0.7367143,-0.51209366,0.533954,0.67279506,0.676001,0.7337736,-0.067814946
1356791517288,-0.48427746,0.42930532,-0.76234657,-0.53903186,0.53992677,0.64647025,0.68914443,0.72400004,-0.03006512
1356791517328,-0.43956584,0.46958542,-0.7656836,-0.5483947,0.5348249,0.64282626,0.7113685,0.7024613,0.02242744
1356791517368,-0.39730784,0.5334715,-0.74669576,-0.546629,0.5159954,0.659504,0.7371181,0.6701917,0.08660203
1356791517406,-0.35660493,0.5978639,-0.7179077,-0.5458025,0.49033767,0.679462,0.758243,0.6341354,0.1514588
1356791517447,-0.3179531,0.63992894,-0.699569,-0.55276954,0.4743575,0.6851502,0.77029324,0.604546,0.20290971
1356791517486,-0.28199935,0.6493805,-0.7062445,-0.5661674,0.48164606,0.66893315,0.77455205,0.5884913,0.23183417
1356791517526,-0.24792844,0.62539744,-0.7398712,-0.58193755,0.51443446,0.6298459,0.77451926,0.58671564,0.23639935
1356791517567,-0.21387476,0.56950855,-0.7936735,-0.59776485,0.5662985,0.5674356,0.77261555,0.59579027,0.21931523
1356791517607,-0.178893,0.4853145,-0.85584295,-0.6133491,0.6251433,0.48269954,0.76928556,0.6112821,0.18583345
1356791517647,-0.14447305,0.38123527,-0.91311955,-0.6290762,0.6769215,0.38215244,0.76380026,0.6296325,0.1420291
1356791517687,-0.11464135,0.27148134,-0.9555915,-0.6447858,0.71143955,0.27947265,0.7557172,0.648191,0.093486905
1356791517727,-0.094270065,0.17196618,-0.98058194,-0.65961057,0.72695994,0.19090094,0.7456723,0.66479844,0.04490012
1356791517767,-0.08717303,0.09503108,-0.9916501,-0.67211413,0.7291314,0.12895715,0.73529816,0.6777437,3.1113625E-4
1356791517807,-0.095443025,0.04719442,-0.9943156,-0.68029267,0.72611904,0.09976503,0.7266998,0.6859474,-0.037196994
1356791517847,-0.11971328,0.030139118,-0.99235094,-0.6816554,0.7242117,0.10422754,0.72181344,0.6889188,-0.06615323
1356791517886,-0.15998133,0.043829262,-0.9861465,-0.6732339,0.7257692,0.14147472,0.72191554,0.6865406,-0.08660221
1356791517927,-0.21536784,0.0878537,-0.97257304,-0.65154004,0.7289333,0.21012326,0.727401,0.67892414,-0.09974861
1356791517967,-0.2831741,0.1604958,-0.945544,-0.6134829,0.7275018,0.307213,0.73719144,0.66706985,-0.10754824
1356791518006,-0.35693437,0.25434774,-0.8988354,-0.55956733,0.7122585,0.4237596,0.7479855,0.6542133,-0.11190486
1356791518046,-0.42619738,0.35117266,-0.8336866,-0.49788126,0.6783868,0.54028285,0.75529456,0.64534414,-0.11428434
1356791518090,-0.48185182,0.42683557,-0.76526487,-0.44405487,0.633944,0.6331906,0.7554033,0.6449236,-0.11592871
1356791518128,-0.52262056,0.47266293,-0.7095475,-0.4070903,0.59289825,0.6948016,0.7490964,0.65196747,-0.11744434
1356791518168,-0.5490532,0.4860801,-0.679902,-0.3953632,0.5656618,0.72368133,0.7363617,0.6661478,-0.118400216
1356791518208,-0.56271136,0.47598022,-0.6758689,-0.40627253,0.55280447,0.7275644,0.71992964,0.68399566,-0.117691636
1356791518248,-0.56337184,0.45123437,-0.6920981,-0.43420085,0.550976,0.7126676,0.7029095,0.70200646,-0.11447799
