1356790659848,0.19116807,-0.031082362,0.98106503,0.9038762,-0.38412505,-0.18829718,0.38270438,0.92275774,-0.045337856
1356790659891,-0.2535782,0.15204865,0.9552902,0.88839644,-0.3540935,0.29218075,0.38268772,0.92276704,-0.0452891
1356790659931,-0.25404978,0.15194348,0.9551816,0.8883027,-0.35400367,0.29257438,0.3825926,0.9228188,-0.04503724
1356790659977,-0.25623554,0.1514129,0.9546819,0.8878829,-0.35355866,0.29438126,0.38210914,0.9230766,-0.043842733
1356790660029,-0.26176363,0.15051988,0.9533224,0.8867421,-0.35243577,0.299128,0.3810096,0.9236519,-0.041217446
1356790660077,-0.26930565,0.14947495,0.95138407,0.8851273,-0.35087186,0.30567715,0.379505,0.92441666,-0.03781259
1356790660121,-0.27723956,0.14881682,0.9492059,0.88335943,-0.34909916,0.31273934,0.37790787,0.92519367,-0.034674644
1356790660168,-0.2841528,0.14873934,0.9471715,0.881953,-0.34692317,0.31906632,0.3760534,0.9260243,-0.032601953
1356790660232,-0.2896213,0.14956874,0.94538283,0.8809816,-0.34444815,0.3243868,0.37415352,0.9268142,-0.032007784
1356790660260,-0.2909605,0.15140069,0.94467974,0.8816358,-0.3410443,0.32620102,0.37156466,0.9277751,-0.034249842
1356790660294,-0.29043716,0.15394053,0.94443035,0.88296366,-0.33729047,0.3265123,0.3688108,0.92872894,-0.037962228
1356790660336,-0.28674263,0.15694168,0.945065,0.8854444,-0.33319896,0.32398558,0.36574158,0.929703,-0.04342076
1356790660378,-0.28018326,0.16031894,0.9464646,0.8888718,-0.32899052,0.3188607,0.36249727,0.93062514,-0.050325394
1356790660418,-0.27060866,0.16407272,0.9486048,0.8931639,-0.32487935,0.31098485,0.3592062,0.93141484,-0.058628738
1356790660457,-0.25822377,0.16819367,0.9513313,0.8980453,-0.32122153,0.30055156,0.356139,0.9319483,-0.068098485
1356790660497,-0.24225146,0.17162555,0.954913,0.90343446,-0.31893027,0.28651285,0.35372362,0.9321095,-0.077791154
1356790660539,-0.22841072,0.17664206,0.957406,0.9076029,-0.31718272,0.27504948,0.3522579,0.93176866,-0.08787295
1356790660590,-0.21110296,0.18206155,0.96035886,0.911952,-0.31695098,0.2605488,0.35182258,0.9308038,-0.09912211
1356790660629,-0.19286466,0.18780544,0.9630847,0.9159527,-0.3175447,0.24534869,0.3519003,0.9294592,-0.110777736
1356790660678,-0.17135805,0.19469443,0.9657798,0.91989386,-0.31936574,0.2275984,0.35274908,0.9274156,-0.12437233
1356790660728,-0.15166557,0.20287883,0.967387,0.9226017,-0.32214254,0.21220341,0.3546881,0.9246969,-0.13831839
1356790660792,-0.12776554,0.21367586,0.96851367,0.9243064,-0.32843405,0.19439366,0.35963005,0.92004013,-0.15553948
1356790660810,-0.114179134,0.22784188,0.96698046,0.9237404,-0.3338542,0.18773681,0.3656048,0.91467446,-0.17234755
1356790660851,-0.10403228,0.24437279,0.9640846,0.922152,-0.3394248,0.18554363,0.3725761,0.9083351,-0.19003764
1356790660890,-0.101698756,0.26445675,0.9590204,0.9196367,-0.34263903,0.19200751,0.37937546,0.9014772,-0.20835826
1356790660931,-0.10098356,0.28786904,0.9523307,0.9171429,-0.34402084,0.20124236,0.38555303,0.89374554,-0.2292766
1356790660970,-0.101656795,0.31584692,0.94334865,0.91504,-0.34238762,0.21324268,0.39034298,0.88487935,-0.25420648
1356790661011,-0.10161108,0.3482588,0.931875,0.913904,-0.33737653,0.22573534,0.39300707,0.8745816,-0.28399396
1356790661049,-0.09732753,0.3844378,0.91800594,0.9143485,-0.32974112,0.23502702,0.39305755,0.86225194,-0.3194173
1356790661092,-0.08868128,0.4232233,0.90167487,0.9162313,-0.32042718,0.24051327,0.390712,0.8474718,-0.35935456
1356790661129,-0.075950354,0.46253547,0.88334167,0.9189565,-0.3113453,0.2420392,0.386976,0.8301356,-0.4014032
1356790661172,-0.06297511,0.49970144,0.8639055,0.92137283,-0.3035555,0.24274725,0.3835444,0.811266,-0.44129485
1356790661211,-0.05559826,0.53194004,0.84495485,0.92232805,-0.29673922,0.24750116,0.38238704,0.7930862,-0.47412503
1356790661249,-0.062606096,0.5570129,0.8281407,0.9212105,-0.28700137,0.26268107,0.38399428,0.77933735,-0.4951582
1356790661291,-0.090661496,0.57242465,0.8149297,0.9168432,-0.2715092,0.29271358,0.38881743,0.77370065,-0.5002082
1356790661329,-0.1363126,0.57837474,0.80430186,0.90876484,-0.25023365,0.3339604,0.39441764,0.7764443,-0.49149656
1356790661370,-0.20069298,0.5729604,0.79463124,0.894439,-0.22371557,0.38720825,0.39962637,0.7884592,-0.4675799
1356790661410,-0.27535003,0.55603373,0.7842249,0.87264705,-0.19767779,0.4465542,0.4033231,0.80731034,-0.43079054
1356790661449,-0.34936535,0.52955353,0.7729921,0.84505653,-0.1782884,0.504076,0.40475076,0.8293288,-0.38521487
1356790661489,-0.41538614,0.49633086,0.76230574,0.8152219,-0.16867298,0.55404216,0.40356863,0.85158974,-0.3345554
1356790661532,-0.4672628,0.46001756,0.7550161,0.7884444,-0.16957486,0.59126973,0.40002617,0.87156653,-0.28346223
1356790661569,-0.50303113,0.42353138,0.75337964,0.76897335,-0.17857438,0.6138332,0.39451188,0.8881061,-0.23585588
1356790661609,-0.5225723,0.38859367,0.75888944,0.75959504,-0.19204634,0.62139654,0.38721272,0.90117323,-0.1948157
1356790661651,-0.52781296,0.3555521,0.7713599,0.76072705,-0.20602942,0.61550486,0.37776688,0.9116658,-0.16173303
1356790661689,-0.5181161,0.3242228,0.7914766,0.7726095,-0.21956187,0.5957073,0.36692,0.9201479,-0.13673908
1356790661731,-0.49863875,0.2946841,0.8151814,0.7913559,-0.22899884,0.5668469,0.35371637,0.9277504,-0.119012296
1356790661790,-0.46649438,0.26548603,0.8437418,0.8169695,-0.23630005,0.52604485,0.33903375,0.93470824,-0.10666132
1356790661810,-0.426342,0.23716846,0.8729167,0.8453127,-0.23905009,0.477809,0.32199204,0.94159764,-0.098564446
1356790661849,-0.37618023,0.20914176,0.90263397,0.87568665,-0.23807365,0.42011175,0.30275625,0.94846225,-0.09358406
1356790661891,-0.31611747,0.18164697,0.9311681,0.90561116,-0.2347269,0.35323045,0.2827334,0.95493853,-0.09030026
1356790661928,-0.2474857,0.15481621,0.9564427,0.9319373,-0.23199362,0.27869675,0.26503536,0.9603181,-0.086863875
1356790661971,-0.17404443,0.12814924,0.9763638,0.9515656,-0.23329198,0.20024395,0.25343895,0.9639256,-0.08133918
1356790662009,-0.10244548,0.1009126,0.9896068,0.96269584,-0.24041086,0.12417492,0.25044304,0.9654114,-0.07251912
1356790662050,-0.03956133,0.07328737,0.9965259,0.9657059,-0.25331175,0.05696714,0.25660673,0.9646046,-0.06075269
1356790662090,0.010001302,0.046879917,0.99885046,0.96248055,-0.27133298,0.003097564,0.27116632,0.96134317,-0.047834724
1356790662129,0.044973254,0.024814188,0.99867994,0.9560053,-0.29115462,-0.035817206,0.28988153,0.95635414,-0.036816686
1356790662170,0.06448889,0.0099135935,0.99786913,0.9481566,-0.31243396,-0.058172137,0.31119153,0.94988775,-0.029548138
1356790662209,0.0669176,0.005261183,0.9977447,0.940984,-0.33284324,-0.06135562,0.33176973,0.94296753,-0.027223736
1356790662251,0.059076726,0.01223141,0.9981785,0.9345687,-0.35210872,-0.050997347,0.35084358,0.9358791,-0.032232463
1356790662289,0.045018137,0.03342837,0.99842674,0.92887294,-0.36922026,-0.029520124,0.3676526,0.9287405,-0.04767233
1356790662331,0.033765197,0.06986067,0.9969852,0.92379093,-0.38287145,-0.004457772,0.38140574,0.92115635,-0.0774644
1356790662371,0.037990928,0.12238914,0.9917548,0.91949993,-0.39286643,0.013259321,0.39125,0.91141474,-0.12746212
1356790662410,0.052300572,0.1865702,0.9810486,0.91632557,-0.39951432,0.027127147,0.39700404,0.89754105,-0.19185388
1356790662450,0.08140463,0.25447294,0.9636477,0.91344273,-0.4058591,0.030012667,0.3987426,0.8777938,-0.26548532
1356790662491,0.104412526,0.31756106,0.94247174,0.9115292,-0.40956613,0.03701669,0.39775953,0.8552255,-0.33223003
1356790662531,0.103862435,0.36867794,0.92373645,0.9123491,-0.40512356,0.05910921,0.39601967,0.836631,-0.3784401
1356790662570,0.07091278,0.40697157,0.9106841,0.9160671,-0.38783967,0.10198799,0.39470562,0.8270155,-0.4003161
1356790662611,0.0028181076,0.42976654,0.9029357,0.919026,-0.35704136,0.1670711,0.3941869,0.8293505,-0.39597285
1356790662649,-0.08870047,0.44033772,0.89343995,0.9148267,-0.31877887,0.24793601,0.39398533,0.8393347,-0.37455684
1356790662689,-0.19349164,0.4371974,0.8783049,0.89874786,-0.2800362,0.33739,0.3934632,0.85465676,-0.33874553
1356790662730,-0.29726136,0.42246294,0.85624814,0.8706931,-0.24808031,0.4246761,0.3918282,0.8717691,-0.29409093
1356790662810,-0.38768017,0.3994844,0.8307324,0.8359778,-0.22734588,0.49945465,0.38838798,0.88810253,-0.24582261
1356790662813,-0.45826268,0.37186223,0.807288,0.80223995,-0.21795464,0.5557939,0.38263088,0.90233827,-0.19844234
1356790662845,-0.5053697,0.34324318,0.79169786,0.7772201,-0.21752101,0.59043497,0.37487367,0.9137115,-0.156847
1356790662894,-0.53384525,0.3146162,0.7848731,0.7631372,-0.22050816,0.60745186,0.3641851,0.9232512,-0.12237811
1356790662930,-0.54230684,0.28589395,0.790043,0.76328576,-0.22534668,0.6054864,0.35113847,0.931388,-0.0960117
1356790662974,-0.5380441,0.25771752,0.80255234,0.7742537,-0.2252906,0.5914181,0.33322632,0.9395881,-0.07832247
1356790663011,-0.5166735,0.22942096,0.8248725,0.7972762,-0.22226018,0.561205,0.3120885,0.947611,-0.068076015
1356790663052,-0.48366994,0.2026869,0.85145843,0.8269234,-0.21296191,0.5204277,0.2868121,0.955806,-0.06460327
1356790663091,-0.43388653,0.17727175,0.8833556,0.86142755,-0.20564425,0.46438456,0.2639793,0.96243703,-0.0634805
1356790663134,-0.37676418,0.15448004,0.91333705,0.892582,-0.20309567,0.4025536,0.24768132,0.96689606,-0.061366916
1356790663171,-0.31354308,0.13279158,0.9402431,0.91870743,-0.20798594,0.33573565,0.24014023,0.9690759,-0.056784093
1356790663210,-0.25747925,0.112746805,0.95968354,0.9352881,-0.22045243,0.27683353,0.24277663,0.96885955,-0.04868883
1356790663266,-0.21291602,0.09507969,0.9724333,0.94347787,-0.23872083,0.22991711,0.25400054,0.9664224,-0.038878024
1356790663287,-0.18271369,0.08190009,0.97974896,0.9449984,-0.26033795,0.19799542,0.2712817,0.9620377,-0.029828131
1356790663328,-0.16693759,0.075485796,0.9830736,0.94152117,-0.2837838,0.18167195,0.29269394,0.9559125,-0.023697287
1356790663364,-0.16487122,0.078110605,0.9832172,0.93461525,-0.30613405,0.1810419,0.31513757,0.94877845,-0.022530586
1356790663408,-0.16810119,0.0925456,0.981416,0.92613006,-0.32621086,0.1893926,0.33767602,0.94075596,-0.030872822
1356790663449,-0.17806745,0.120832264,0.9765713,0.91674346,-0.3402807,0.2092618,0.35759392,0.93252814,-0.050179303
1356790663491,-0.17705166,0.16509047,0.97025657,0.91034615,-0.34721154,0.22519782,0.3740623,0.923141,-0.08881506
1356790663531,-0.17116004,0.2240459,0.95943093,0.9062823,-0.34617615,0.24251732,0.38646707,0.91102445,-0.14379737
1356790663573,-0.14705318,0.29625562,0.9437202,0.9072627,-0.33966208,0.24800012,0.39401746,0.89267135,-0.21883327
1356790663611,-0.12876445,0.36809313,0.9208296,0.90857863,-0.32829088,0.25828263,0.39737207,0.8699037,-0.29216933
1356790663650,-0.120073736,0.42822406,0.89565974,0.9094163,-0.31440246,0.27223694,0.398176,0.8472161,-0.35168248
1356790663690,-0.13286334,0.46989924,0.87266374,0.9076324,-0.2960412,0.2975953,0.39818427,0.83159745,-0.3871627
1356790663730,-0.16805601,0.4912493,0.85465276,0.9017781,-0.2735905,0.33458084,0.39818755,0.82693547,-0.39701933
1356790663797,-0.21973562,0.49402827,0.8412207,0.8905656,-0.2504388,0.3797016,0.39825767,0.8325962,-0.3849342
1356790663807,-0.27940482,0.4814011,0.8307743,0.873718,-0.23134017,0.42790014,0.3981831,0.8454198,-0.35597116
1356790663851,-0.33933902,0.456671,0.82237506,0.8525753,-0.22007185,0.47400814,0.39744735,0.8619861,-0.3146674
1356790663890,-0.38768208,0.42648235,0.8171997,0.832618,-0.2183922,0.50897163,0.39553747,0.87773436,-0.27043015
1356790663933,-0.42911118,0.3910612,0.81420803,0.81407225,-0.22310948,0.53619826,0.39134383,0.89291286,-0.22261328
1356790663971,-0.45293444,0.3539806,0.8182593,0.8041217,-0.23415685,0.54640555,0.38501793,0.90546584,-0.17858571
1356790664009,-0.46524018,0.31671792,0.82658404,0.80153984,-0.24550933,0.54521465,0.3756134,0.91619587,-0.13964117
1356790664051,-0.46229678,0.27879754,0.8417562,0.80924344,-0.2554251,0.52903974,0.36250067,0.9257591,-0.10753292
1356790664090,-0.44410223,0.24052134,0.86308897,0.82708895,-0.2603585,0.4981338,0.34452438,0.93507373,-0.08330679
1356790664133,-0.40999383,0.20252368,0.88931954,0.8538407,-0.25763124,0.45230752,0.3207195,0.9447805,-0.06729579
1356790664170,-0.35830134,0.16594398,0.9187398,0.8867574,-0.24732661,0.39050093,0.2920301,0.9546163,-0.058534563
1356790664210,-0.28761005,0.13202825,0.94860375,0.9210783,-0.23331231,0.31173736,0.2624791,0.9633971,-0.054505408
1356790664250,-0.19947153,0.10097417,0.97468734,0.9504185,-0.22223127,0.21752721,0.23857057,0.9697513,-0.0516389
1356790664290,-0.103926,0.071771234,0.9919921,0.9686711,-0.21888894,0.117319494,0.22555628,0.9731066,-0.046774477
1356790664329,-0.013693035,0.042908162,0.9989852,0.9741415,-0.22476423,0.023006529,0.22552332,0.97346795,-0.038720906
1356790664370,0.058726013,0.014845729,0.99816376,0.9694694,-0.23930961,-0.0534786,0.23807627,0.97082984,-0.028446198
1356790664410,0.10899961,-0.009579986,0.99399567,0.9598472,-0.25900412,-0.10775119,0.25848117,0.9658287,-0.019036055
1356790664452,0.13688439,-0.02712527,0.9902156,0.9488933,-0.2833702,-0.13893455,0.2843662,0.9586269,-0.01304999
1356790664491,0.14220834,-0.03406933,0.98925024,0.9400903,-0.30819732,-0.14575562,0.30985004,0.9507122,-0.011799991
1356790664530,0.13503242,-0.02923745,0.99040973,0.9328525,-0.33318394,-0.13702083,0.33399478,0.94240844,-0.017716378
1356790664571,0.11828679,-0.009300202,0.9929359,0.9271903,-0.35688686,-0.11379737,0.35542417,0.9341013,-0.033591896
1356790664610,0.10258317,0.027308375,0.99434954,0.9221468,-0.3774382,-0.08476856,0.37299055,0.9256321,-0.063901186
1356790664650,0.09926629,0.08137059,0.9917283,0.9171801,-0.3940091,-0.059476316,0.38591036,0.9154975,-0.113743305
1356790664690,0.11100054,0.14950305,0.9825109,0.9121954,-0.4076972,-0.04101962,0.39443436,0.9007951,-0.18163061
1356790664731,0.13555074,0.22358361,0.9652131,0.90661585,-0.42090178,-0.029823154,0.39959198,0.87912,-0.25975797
1356790664797,0.15211976,0.29168862,0.94433963,0.9026429,-0.43020827,-0.012519836,0.40261075,0.854306,-0.3287339
1356790664813,0.14839685,0.34500936,0.92679393,0.9024285,-0.43055058,0.01578173,0.40447643,0.83402324,-0.37523866
1356790664850,0.11838019,0.38404167,0.9156954,0.90665174,-0.41786796,0.058042347,0.40493047,0.82334584,-0.39765936
1356790664893,0.0567151,0.40434688,0.9128455,0.9130456,-0.3908896,0.116417825,0.403895,0.8268669,-0.3913565
1356790664932,-0.02196151,0.41124594,0.91125983,0.9152318,-0.35853302,0.18386096,0.4023288,0.83805186,-0.3685115
1356790664970,-0.11303955,0.40441594,0.90756255,0.9093057,-0.32605916,0.25855082,0.40048116,0.8544783,-0.33088017
1356790665010,-0.20349562,0.386367,0.8996166,0.8944298,-0.3003664,0.3313236,0.39822713,0.87206674,-0.28445482
1356790665051,-0.28272897,0.36034265,0.8889417,0.8740654,-0.28491265,0.39349017,0.39506203,0.8882443,-0.23440993
1356790665090,-0.3422876,0.32986298,0.87978953,0.8547478,-0.27952325,0.43734777,0.3901865,0.9016968,-0.1862722
1356790665130,-0.3795678,0.29727626,0.8761023,0.842445,-0.28033417,0.46010798,0.38238052,0.91271013,-0.14403307
1356790665171,-0.39420664,0.2633309,0.8804873,0.8412404,-0.28234923,0.46107858,0.37002113,0.9224618,-0.11022067
1356790665209,-0.38506365,0.22821364,0.89422834,0.8527044,-0.28265548,0.43931872,0.35301706,0.93167824,-0.08575845
1356790665252,-0.35567892,0.19335642,0.9143882,0.87466633,-0.27587265,0.3985639,0.32931957,0.94154537,-0.07100028
1356790665290,-0.2999344,0.15803659,0.94077826,0.9047499,-0.2655254,0.3330523,0.30243495,0.9510629,-0.063343346
1356790665332,-0.22494328,0.12523043,0.9662908,0.9352319,-0.25050384,0.25017813,0.2733894,0.9599819,-0.060770333
1356790665369,-0.1282919,0.09330818,0.9873372,0.95987964,-0.23862314,0.14727521,0.24934345,0.96661913,-0.0589512
1356790665410,-0.02875626,0.06300023,0.9975991,0.971612,-0.2326945,0.042702228,0.23482609,0.97050726,-0.05452034
1356790665451,0.060251594,0.032736093,0.9976462,0.9708667,-0.23414057,-0.050951302,0.23192155,0.9716514,-0.045889646
1356790665489,0.12606913,0.0033448339,0.9920159,0.9625077,-0.24252093,-0.121501446,0.24017817,0.97014046,-0.033793867
1356790665530,0.16556269,-0.022509277,0.98594236,0.9521393,-0.25682247,-0.16574973,0.25694308,0.9661965,-0.021088272
1356790665571,0.18105334,-0.041374743,0.9826026,0.9431902,-0.27571487,-0.18540087,0.27858904,0.9603486,-0.010894835
1356790665611,0.17633992,-0.05005032,0.98305607,0.9368621,-0.2978596,-0.18321857,0.3019828,0.95329666,-0.005634308
1356790665651,0.15412253,-0.04563093,0.9869975,0.9333962,-0.32090914,-0.16058883,0.32406434,0.9460101,-0.0068675876
1356790665706,0.13409221,-0.024008632,0.99067795,0.92873335,-0.34565258,-0.1340845,0.3456496,0.9380554,-0.024051666
1356790665742,0.09208739,0.02168125,0.99551487,0.92695343,-0.36703146,-0.077751726,0.36369953,0.92995584,-0.053896457
1356790665798,0.07141149,0.08074269,0.9941735,0.92327106,-0.38252825,-0.0352512,0.37745318,0.920409,-0.10186428
1356790665819,0.07812601,0.15203351,0.9852828,0.91919047,-0.3936258,-0.012147129,0.38598597,0.90661156,-0.17050016
1356790665860,0.1045267,0.22906956,0.96778166,0.9151988,-0.40298784,-0.0034620166,0.38921115,0.8860745,-0.25176722
1356790665901,0.12974885,0.3004784,0.94492215,0.91213495,-0.40985832,0.00508523,0.38881224,0.86123675,-0.3272555
1356790665940,0.13232148,0.35738727,0.92453516,0.91235745,-0.40848154,0.027323633,0.38742074,0.8398911,-0.38011578
1356790665982,0.10217565,0.39659265,0.91229075,0.9164909,-0.39411527,0.06868443,0.38678747,0.82908833,-0.40374255
1356790666020,0.047507435,0.42039838,0.906095,0.920966,-0.3696474,0.123217076,0.38673592,0.828629,-0.4047337
1356790666063,-0.033122122,0.4279644,0.90318847,0.9216413,-0.33650184,0.19324592,0.38662693,0.8388165,-0.38328403
1356790666101,-0.11669481,0.4228732,0.89864373,0.9151886,-0.3056628,0.26267853,0.3857617,0.8530818,-0.35133952
1356790666139,-0.20043379,0.40685934,0.89123046,0.9015625,-0.27942055,0.33031687,0.38342056,0.86970663,-0.3108039
1356790666182,-0.2735455,0.38181737,0.8828297,0.88403094,-0.26188093,0.38717926,0.37902802,0.88635993,-0.26590198
1356790666220,-0.3281511,0.35084817,0.87705326,0.8681567,-0.25393546,0.42640442,0.37231815,0.9013447,-0.22126198
1356790666278,-0.36210167,0.3162655,0.87684584,0.85864305,-0.25294143,0.44581696,0.36278716,0.9143286,-0.17996866
1356790666297,-0.3729244,0.2789655,0.8849325,0.8594023,-0.25569755,0.44277143,0.34979305,0.9256333,-0.14438772
1356790666338,-0.3598246,0.23928303,0.9018147,0.87194246,-0.25772148,0.41628814,0.33202776,0.93612134,-0.11590648
1356790666374,-0.31714553,0.19702193,0.9276859,0.89636075,-0.25723112,0.36106724,0.30976778,0.94605213,-0.095023096
1356790666417,-0.24455935,0.15344235,0.9574164,0.9274652,-0.2510051,0.27713656,0.28284088,0.95574677,-0.080926776
1356790666458,-0.13136888,0.10738054,0.9855007,0.95752025,-0.24368072,0.15419054,0.25670457,0.9638927,-0.07080695
1356790666500,0.010199368,0.06063673,0.99810773,0.9715899,-0.23662859,0.004447192,0.2364505,0.9697062,-0.061327547
1356790666541,0.16097957,0.013369948,0.9868672,0.9606887,-0.23128253,-0.1535759,0.22619188,0.9727948,-0.050076097
1356790666581,0.28512648,-0.03172794,0.95796466,0.9308907,-0.228946,-0.28465095,0.22835353,0.97292197,-0.035743326
1356790666621,0.37252417,-0.07204652,0.9252217,0.896441,-0.22994086,-0.37884152,0.24004045,0.9705342,-0.021073118
1356790666660,0.41908938,-0.10480651,0.9018756,0.87012064,-0.23735702,-0.43191636,0.25933418,0.9657521,-0.008279502
1356790666702,0.43202937,-0.12746635,0.8928063,0.85652375,-0.25193322,-0.45044088,0.2823435,0.9593134,3.3533573E-4
1356790666741,0.41845486,-0.13746008,0.8977752,0.85505366,-0.27366498,-0.4404437,0.30623308,0.9519518,0.0030193478
1356790666798,0.38515687,-0.13182628,0.91338706,0.8621846,-0.30152917,-0.40708455,0.32907733,0.9442997,-0.0024774224
1356790666812,0.3343657,-0.10977137,0.9360288,0.875451,-0.3315926,-0.35161325,0.34897727,0.9370147,-0.014773756
1356790666844,0.30321676,-0.074592054,0.94999766,0.8797839,-0.36110997,-0.30915987,0.3661145,0.92953515,-0.043869674
1356790666879,0.26708156,-0.02250132,0.96341115,0.88527715,-0.3892402,-0.25451195,0.3807252,0.92086136,-0.08403894
1356790666921,0.27073067,0.039824247,0.9618311,0.8786612,-0.4183969,-0.22999701,0.39326763,0.90739083,-0.1482649
1356790666960,0.2859876,0.11407173,0.9514193,0.86902547,-0.4492171,-0.20736125,0.40373975,0.8861104,-0.22760177
1356790667000,0.2974511,0.18897396,0.9358481,0.8612123,-0.47621778,-0.17756703,0.41211197,0.85878146,-0.3043982
1356790667040,0.28685156,0.2562444,0.9230683,0.861796,-0.48982337,-0.13183537,0.41835836,0.8333138,-0.361337
1356790667080,0.24261084,0.31253102,0.9184031,0.87348235,-0.48227534,-0.06662685,0.42210025,0.81837326,-0.38999555
1356790667119,0.16398323,0.35696727,0.91961074,0.8911533,-0.4533807,0.017080992,0.4230311,0.8167131,-0.3924594
1356790667162,0.05257082,0.38696218,0.9205958,0.9054656,-0.4072554,0.119478434,0.42115122,0.8272867,-0.37179077
1356790667200,-0.071664155,0.40217394,0.9127543,0.9057972,-0.3568992,0.22837338,0.41760707,0.8431364,-0.33871114
1356790667240,-0.19557285,0.40178192,0.8946074,0.88964117,-0.31116617,0.33423668,0.41266188,0.86124724,-0.29658604
1356790667281,-0.30312818,0.38843364,0.8701912,0.86198574,-0.27758586,0.4241778,0.40631762,0.8786726,-0.25068015
1356790667320,-0.3855194,0.36615193,0.8469401,0.83238685,-0.25804502,0.49045378,0.39812928,0.89406127,-0.20529872
1356790667359,-0.4411654,0.33821645,0.83125377,0.8094903,-0.24990326,0.53129447,0.38742557,0.90728056,-0.16353428
1356790667401,-0.47158182,0.3065384,0.8268281,0.7988158,-0.24864239,0.5477867,0.37350222,0.91880965,-0.12761253
1356790667440,-0.47767454,0.27225927,0.83528554,0.8032479,-0.24974763,0.5407578,0.35583687,0.9292476,-0.099393666
1356790667480,-0.46048743,0.23640412,0.8556076,0.82254595,-0.24873441,0.51141894,0.3337206,0.9392786,-0.07991421
1356790667519,-0.41993207,0.19967592,0.8853172,0.85406506,-0.24300301,0.45991558,0.30696884,0.94925183,-0.0684914
1356790667559,-0.35552233,0.16266477,0.9204043,0.8923414,-0.23391044,0.3860219,0.27808428,0.9585542,-0.06199211
1356790667600,-0.27035135,0.12602648,0.95447755,0.92908657,-0.22576034,0.2929682,0.2524049,0.9659967,-0.05605489
1356790667640,-0.17287004,0.08985838,0.9808371,0.956275,-0.22320592,0.18898982,0.23591101,0.9706207,-0.04734373
1356790667686,-0.08409679,0.05401653,0.9949924,0.9687782,-0.22928321,0.09432861,0.23323038,0.9718597,-0.033048034
1356790667730,-0.013019025,0.019292533,0.99972916,0.9697104,-0.24364197,0.017329782,0.24391031,0.9696734,-0.015536219
1356790667805,0.035238385,-0.00923422,0.99933624,0.96466994,-0.2609309,-0.03642711,0.26109406,0.9653133,-2.8681755E-4
1356790667808,0.060084164,-0.028477103,0.9977871,0.95757043,-0.2806177,-0.065671355,0.28186682,0.9593972,0.0104081035
1356790667848,0.06391513,-0.036376774,0.9972921,0.9505763,-0.3020423,-0.071938336,0.3038413,0.9526002,0.015273869
1356790667892,0.05338937,-0.031026006,0.9980916,0.94364846,-0.3253556,-0.060590923,0.3266146,0.9450826,0.011907101
1356790667929,0.03174591,-0.01042527,0.9994416,0.93668413,-0.34858012,-0.033388585,0.34873354,0.93722105,-0.0013008118
1356790667972,0.01905018,0.027399302,0.99944305,0.9286285,-0.3709346,-0.0075314045,0.37052163,0.9282548,-0.03251022
1356790668011,0.01209408,0.08426067,0.99637043,0.9206083,-0.38987857,0.021796644,0.39030007,0.9170032,-0.08228627
1356790668051,0.024555683,0.15799737,0.9871341,0.913304,-0.4050948,0.042118996,0.40653765,0.90051925,-0.15424696
1356790668091,0.047803998,0.2415134,0.9692193,0.9074651,-0.4159788,0.05889687,0.41739905,0.8767172,-0.23905042
1356790668130,0.06563008,0.31967565,0.94525146,0.9040365,-0.42003816,0.07928467,0.422387,0.8493383,-0.3165656
1356790668170,0.066015005,0.38036177,0.9224787,0.90378106,-0.41459173,0.106269985,0.42287314,0.8267034,-0.37113303
1356790668210,0.0440633,0.41913456,0.9068543,0.90618366,-0.39891735,0.14034295,0.42058244,0.8155925,-0.39739048
1356790668247,0.0030855536,0.43688607,0.8995116,0.90921557,-0.3757087,0.17936006,0.41631424,0.8172965,-0.39838284
1356790668291,-0.05010712,0.43651554,0.8983003,0.9105712,-0.34953707,0.22064397,0.41030383,0.8290223,-0.37996417
1356790668334,-0.1100564,0.42033654,0.9006691,0.90874976,-0.3244717,0.26247275,0.4025685,0.8473697,-0.34627056
1356790668370,-0.16150415,0.39488846,0.90442216,0.90472263,-0.30682623,0.29552418,0.39419958,0.8659796,-0.30771077
1356790668412,-0.20720136,0.3620415,0.90884185,0.8995452,-0.2946751,0.32246715,0.38455963,0.8843599,-0.26461554
1356790668451,-0.23544538,0.32507095,0.9159118,0.8970318,-0.29000014,0.33351746,0.37403134,0.9001272,-0.22331983
1356790668490,-0.24993771,0.28656784,0.9248837,0.8981544,-0.28823602,0.33202213,0.36173174,0.9136732,-0.18534106
1356790668531,-0.24611276,0.24684012,0.9372825,0.90502405,-0.28761137,0.3133868,0.3469295,0.9253917,-0.15261143
1356790668570,-0.22291368,0.20682356,0.95264554,0.9176092,-0.28538537,0.27667382,0.32909384,0.9358307,-0.12616688
1356790668610,-0.18018293,0.16754073,0.9692596,0.9342261,-0.27922446,0.22193545,0.30782422,0.9454966,-0.10620946
1356790668650,-0.11685866,0.12958145,0.9846587,0.9516995,-0.26882684,0.14832476,0.2839228,0.95443225,-0.09190792
1356790668691,-0.035194635,0.09335032,0.9950111,0.9649036,-0.25608432,0.05815509,0.26023552,0.9621365,-0.081061244
1356790668730,0.057115912,0.058678925,0.99664164,0.9688099,-0.24436718,-0.041133344,0.24113289,0.9679057,-0.07080597
1356790668806,0.14730716,0.024638385,0.9887839,0.9618906,-0.23640001,-0.13741001,0.23036295,0.9713434,-0.05852285
1356790668807,0.22456992,-0.008842617,0.9744179,0.94723094,-0.23274517,-0.2204163,0.2287401,0.9724976,-0.04389158
1356790668849,0.27826807,-0.040531546,0.9596479,0.9309324,-0.23462382,-0.27985096,0.23649904,0.9712409,-0.027556181
1356790668891,0.3081077,-0.066808164,0.9490028,0.9178083,-0.24167559,-0.3149935,0.25039488,0.96805453,-0.01314503
1356790668930,0.31523174,-0.08466348,0.9452307,0.9102279,-0.2548666,-0.3263866,0.26854074,0.9632628,-0.0032790154
1356790668971,0.30000922,-0.09051204,0.9496326,0.9093287,-0.2737213,-0.31336543,0.28829807,0.95754063,1.8626451E-4
1356790669010,0.26420546,-0.08175877,0.96099484,0.9139421,-0.29704398,-0.27654102,0.30806732,0.95135725,-0.003757909
1356790669050,0.21265107,-0.056369215,0.97550094,0.92071366,-0.32275134,-0.21935806,0.32720926,0.9448037,-0.016733527
1356790669089,0.15478212,-0.012543887,0.98786896,0.9256089,-0.34772843,-0.14944243,0.34538478,0.9375113,-0.042211413
1356790669129,0.10425329,0.05059001,0.99326324,0.9262285,-0.3687117,-0.07843763,0.36225963,0.9281661,-0.085297346
1356790669171,0.070073664,0.1300374,0.98902977,0.9235623,-0.38315254,-0.015058428,0.37699112,0.9144858,-0.14694652
1356790669214,0.064933956,0.21939787,0.97347224,0.9190639,-0.3931613,0.02730465,0.3887222,0.89291024,-0.22717017
1356790669272,0.059637547,0.3067352,0.9499247,0.915936,-0.39515585,0.07009402,0.39686862,0.8658899,-0.3045159
1356790669289,0.04424092,0.3799137,0.92396337,0.9141089,-0.3885263,0.11598447,0.4030481,0.8394718,-0.36447126
1356790669326,-0.00181669,0.43620133,0.89984727,0.91295815,-0.3664598,0.17948464,0.40804923,0.821849,-0.39756787
1356790669364,-0.07750845,0.47363502,0.8773041,0.9078532,-0.33015913,0.25845224,0.41206196,0.8164955,-0.404401
1356790669407,-0.178218,0.49230468,0.8519826,0.8923955,-0.28392816,0.350735,0.41457033,0.82281274,-0.38872933
1356790669448,-0.28810656,0.49439406,0.8201031,0.86288905,-0.23732334,0.44620642,0.4152314,0.836213,-0.3582328
1356790669492,-0.39348167,0.4823146,0.7826524,0.82095826,-0.19881094,0.53525865,0.4137629,0.8531394,-0.31773168
1356790669529,-0.48098892,0.46148658,0.74543935,0.7749988,-0.1737293,0.6076142,0.4099105,0.86997026,-0.27408963
1356790669570,-0.54942584,0.4350201,0.7133644,0.7321168,-0.160801,0.6619276,0.4026615,0.88594615,-0.23013729
1356790669610,-0.5979881,0.40545624,0.6913866,0.6994274,-0.15728623,0.6971816,0.39142227,0.9004811,-0.18953198
1356790669653,-0.6301147,0.37353623,0.6807541,0.6798395,-0.15822649,0.7160884,0.3751983,0.9140214,-0.15424383
1356790669691,-0.64384586,0.3408135,0.6850611,0.6772946,-0.16271013,0.71749383,0.35599792,0.9259437,-0.12607098
1356790669732,-0.6458352,0.30772272,0.6987157,0.6873808,-0.1639306,0.70755523,0.3322717,0.9372478,-0.105650544
1356790669806,-0.6305946,0.2746184,0.72590303,0.7130387,-0.16434187,0.6815919,0.30647397,0.94740516,-0.09218043
1356790669810,-0.6039464,0.24259406,0.75920814,0.7469552,-0.16001874,0.6453309,0.27804095,0.9568397,-0.08456421
1356790669847,-0.56096953,0.21229652,0.80015206,0.7885153,-0.15732431,0.5945525,0.25210476,0.964458,-0.079144895
1356790669890,-0.5070908,0.18474364,0.8418603,0.82969975,-0.15982789,0.53483963,0.23336098,0.96970356,-0.07223445
1356790669932,-0.44683158,0.15941739,0.88029975,0.8656602,-0.17128378,0.47041923,0.22577411,0.9722386,-0.061466277
1356790669970,-0.38921803,0.13632286,0.91100246,0.8919101,-0.19141304,0.40970412,0.2302298,0.97199655,-0.0470863
1356790670010,-0.3417753,0.11673075,0.93250394,0.9073191,-0.21755773,0.35977858,0.24487066,0.9690421,-0.03155619
1356790670049,-0.30805176,0.10281998,0.9457971,0.91345686,-0.24588442,0.32424903,0.26589605,0.96383035,-0.018176496
1356790670091,-0.28797263,0.096847594,0.95272887,0.9127018,-0.27342433,0.3036684,0.2899088,0.9570056,-0.0096542835
1356790670131,-0.28127235,0.100194365,0.954383,0.9069793,-0.29713422,0.29849583,0.3134875,0.9495643,-0.007298559
1356790670172,-0.28051257,0.11389959,0.9530685,0.8989979,-0.31674242,0.30245152,0.33632636,0.9416481,-0.013545245
1356790670212,-0.2829252,0.13989541,0.9488849,0.8899604,-0.3306229,0.31410015,0.3576643,0.93333685,-0.030959815
1356790670251,-0.28046775,0.17981425,0.9428705,0.8827578,-0.33741963,0.3269356,0.37693068,0.92402107,-0.064097166
1356790670292,-0.2673881,0.23552132,0.93436253,0.87965894,-0.33614326,0.33646384,0.39332402,0.9118868,-0.11729777
1356790670330,-0.24368554,0.30490372,0.9206797,0.88079643,-0.32779342,0.3416854,0.40597394,0.8941952,-0.18867958
1356790670371,-0.21493316,0.3798815,0.8997187,0.88433385,-0.31523347,0.34435657,0.41443616,0.8696654,-0.26818788
1356790670410,-0.1945839,0.44714397,0.87304026,0.8868434,-0.30009305,0.3513587,0.4191013,0.84261876,-0.33815336
1356790670450,-0.19317293,0.49584723,0.84665203,0.88622034,-0.28213978,0.36743793,0.42106736,0.8212993,-0.3849281
1356790670491,-0.21225041,0.52226454,0.82594764,0.8817927,-0.26192373,0.3922214,0.42117858,0.8115638,-0.40493572
1356790670531,-0.24829262,0.5264646,0.81313336,0.87317574,-0.24181455,0.42319,0.41942203,0.81508327,-0.39965534
1356790670570,-0.29022813,0.5137704,0.80734605,0.8618751,-0.22628844,0.45383355,0.41585928,0.8275467,-0.37713063
1356790670611,-0.33568949,0.48521256,0.80739164,0.8481494,-0.2172184,0.48317567,0.40982327,0.8469858,-0.33861476
1356790670660,-0.37860692,0.44196182,0.8132199,0.8344489,-0.2171433,0.5065016,0.40043962,0.8703554,-0.2865826
1356790670701,-0.4018227,0.39427403,0.8264905,0.82889736,-0.22698998,0.51127756,0.38918853,0.89051867,-0.23560297
1356790670740,-0.41166335,0.3457028,0.84322166,0.8303343,-0.2390629,0.50338244,0.3756038,0.90738,-0.18863541
1356790670805,-0.4050846,0.29719156,0.8646292,0.8406941,-0.25063115,0.48001814,0.3593604,0.92133665,-0.14832038
1356790670824,-0.3812418,0.24930272,0.89022624,0.85990906,-0.25792593,0.44048908,0.33942756,0.9334465,-0.116045535
1356790670859,-0.3358276,0.20284578,0.91982245,0.8867699,-0.26116627,0.38135433,0.31758276,0.94374025,-0.092170656
1356790670901,-0.2756511,0.16050619,0.9477628,0.91580886,-0.25573534,0.3096669,0.29207987,0.95332956,-0.07649928
1356790670941,-0.19500178,0.121047586,0.9733045,0.943997,-0.24613667,0.21974143,0.2661651,0.96164656,-0.066271484
1356790670982,-0.103153646,0.08566785,0.99096936,0.9647219,-0.233998,0.12065029,0.2422207,0.96845543,-0.05850795
1356790671020,-0.001541853,0.05187887,0.9986522,0.9742226,-0.22520226,0.013203114,0.2255837,0.97292984,-0.050194323
1356790671060,0.09458125,0.018386245,0.9953473,0.9710122,-0.2221762,-0.08816481,0.21952146,0.97483313,-0.038866967
1356790671101,0.17894953,-0.016028792,0.9837277,0.9579549,-0.22508633,-0.17792875,0.22427562,0.974207,-0.024924219
1356790671140,0.245321,-0.049624115,0.968171,0.93968,-0.2333869,-0.25006422,0.23836765,0.9711169,-0.010623932
1356790671181,0.2918824,-0.07916477,0.9531723,0.920846,-0.24613291,-0.30242565,0.2585486,0.9659977,0.0010567307
1356790671220,0.3186209,-0.10138896,0.9424442,0.9050894,-0.26282832,-0.33426732,0.281592,0.95950073,0.008023456
1356790671260,0.3268768,-0.11343905,0.938234,0.8943529,-0.2837108,-0.34589142,0.30542478,0.9521763,0.008716121
1356790671301,0.3188935,-0.112445325,0.94109666,0.88905144,-0.30863047,-0.33813396,0.32847273,0.9445121,0.0015494525
1356790671342,0.30351055,-0.094555855,0.94812477,0.8859755,-0.3381474,-0.3173387,0.35061213,0.9363309,-0.018857151
1356790671380,0.28399557,-0.05675909,0.95714414,0.8843224,-0.3702978,-0.2843474,0.37056765,0.9271774,-0.054969624
1356790671423,0.28025138,0.0039059818,0.95991874,0.87827456,-0.4046316,-0.25476867,0.3874183,0.91447145,-0.11682914
1356790671461,0.28162175,0.08023378,0.9561651,0.8722855,-0.43657,-0.22028297,0.39975882,0.89608544,-0.19293438
1356790671499,0.29557228,0.16035548,0.941766,0.8641459,-0.46517283,-0.19200584,0.40729478,0.8705747,-0.27606267
1356790671541,0.30493596,0.23225093,0.92361987,0.85910344,-0.4856479,-0.16151601,0.41104177,0.842737,-0.34761906
1356790671579,0.29818785,0.28714505,0.9102921,0.86072576,-0.49312758,-0.12639767,0.4125957,0.8212021,-0.3941978
1356790671620,0.2712717,0.32311952,0.9066452,0.86959577,-0.48604572,-0.0869644,0.41257107,0.81200576,-0.41283384
1356790671660,0.22442344,0.3419516,0.91252565,0.8838085,-0.46588895,-0.042777836,0.41050768,0.81609833,-0.40677616
1356790671701,0.16086677,0.3454545,0.9245448,0.8995487,-0.4367694,0.006680578,0.4061207,0.83059835,-0.38101488
1356790671740,0.089530826,0.33653545,0.937405,0.91204023,-0.405891,0.058609664,0.4002085,0.84970367,-0.34327358
1356790671805,0.01645559,0.31668302,0.9483887,0.9193455,-0.37771142,0.11017254,0.39310697,0.8700839,-0.29735655
1356790671816,-0.047596395,0.289125,0.9561073,0.9217751,-0.35602462,0.15354851,0.3847925,0.8886243,-0.24956268
1356790671857,-0.09731245,0.25671256,0.9615762,0.92214096,-0.34021372,0.18414858,0.37441465,0.9046289,-0.2036182
1356790671901,-0.1270755,0.22199824,0.96673095,0.92359424,-0.32892132,0.19693807,0.3616983,0.91789305,-0.16323844
1356790671939,-0.13820446,0.18702698,0.9725844,0.9281143,-0.31830525,0.19309497,0.3456927,0.9293561,-0.12959123
1356790671981,-0.12835807,0.15239358,0.9799492,0.9365617,-0.30634147,0.17031464,0.32615393,0.9396441,-0.10340461
1356790672020,-0.097474456,0.11956617,0.9880296,0.947778,-0.29176104,0.12881085,0.30367002,0.94898856,-0.084882855
1356790672063,-0.04753226,0.09021446,0.99478745,0.9590223,-0.27436668,0.07070488,0.2793151,0.95738405,-0.073476404
1356790672099,0.017511904,0.0648157,0.99774355,0.9666596,-0.25606447,-3.3172965E-4,0.2554652,0.9644842,-0.06713891
1356790672146,0.08932394,0.0425165,0.9950948,0.96768177,-0.2402603,-0.0765979,0.23582506,0.969777,-0.06260347
1356790672182,0.15800536,0.021466881,0.9872049,0.9616569,-0.23030907,-0.14890823,0.22416568,0.9728807,-0.057033837
1356790672221,0.21158627,6.6137314E-4,0.9773591,0.95158356,-0.22828457,-0.2058517,0.22297984,0.9735943,-0.04893124
1356790672279,0.24733019,-0.019147515,0.96874213,0.94090843,-0.23396719,-0.24484843,0.2313421,0.972056,-0.0398511
1356790672300,0.2644927,-0.035755545,0.9637246,0.9319533,-0.2475102,-0.26495606,0.24800539,0.9682253,-0.032142103
1356790672337,0.26449412,-0.04552394,0.9633122,0.9262766,-0.2660399,-0.26689777,0.2684297,0.96288645,-0.028198257
1356790672375,0.25058866,-0.046217144,0.96698976,0.9234848,-0.28830397,-0.2530941,0.29048428,0.9564229,-0.029564843
1356790672417,0.22218251,-0.035666645,0.97435254,0.9237712,-0.31198132,-0.22206864,0.3119002,0.94941854,-0.036368996
1356790672459,0.18709278,-0.012805879,0.9822588,0.92430085,-0.33631837,-0.1804381,0.33266237,0.9416613,-0.051086277
1356790672501,0.15000582,0.025304824,0.98836124,0.9237256,-0.35996568,-0.1309798,0.35246173,0.9326223,-0.0773716
1356790672540,0.11999458,0.080296755,0.989522,0.92118216,-0.3806466,-0.08081904,0.3701686,0.9212278,-0.11964351
1356790672580,0.10563934,0.15238115,0.9826598,0.9174762,-0.39604592,-0.03721702,0.38350722,0.90549856,-0.18164408
1356790672620,0.104388416,0.23505637,0.9663599,0.9146538,-0.40423763,-4.7665834E-4,0.39052707,0.88393456,-0.25719288
1356790672662,0.113001436,0.3181634,0.9412772,0.9134408,-0.4060357,0.027585477,0.39096886,0.85668373,-0.33650604
1356790672710,0.1118139,0.38852042,0.9146308,0.9150118,-0.39927298,0.057744294,0.3876222,0.83044136,-0.40014502
1356790672750,0.08565137,0.43781808,0.89497435,0.9191741,-0.38131705,0.09857151,0.38442537,0.81419444,-0.43509135
1356790672808,0.037897885,0.46375766,0.88515115,0.9230536,-0.3555696,0.1467731,0.38279998,0.81147957,-0.44154853
1356790672830,-0.028061002,0.46930948,0.8825878,0.9234203,-0.32591793,0.20266363,0.38276315,0.82068634,-0.42422426
1356790672870,-0.10527754,0.4576712,0.88286674,0.9174131,-0.29790527,0.26382884,0.38375756,0.83772874,-0.38851076
1356790672910,-0.1840322,0.4329183,0.8824477,0.90447176,-0.2768739,0.32445621,0.3847897,0.8578594,-0.34060866
1356790672951,-0.2564217,0.39871228,0.88049793,0.8867694,-0.26539433,0.37842554,0.38456205,0.8778351,-0.28551304
1356790672991,-0.31431502,0.35974523,0.8785155,0.8692539,-0.26290894,0.4186605,0.38158068,0.89524424,-0.23007375
1356790673031,-0.35684854,0.31801793,0.8783642,0.85631776,-0.26441652,0.4436257,0.37333497,0.9104661,-0.17796779
1356790673071,-0.37805516,0.2765744,0.88350487,0.85305285,-0.2667098,0.44851613,0.35968748,0.9232402,-0.13510162
1356790673113,-0.38244027,0.23753965,0.8929246,0.859864,-0.26221716,0.43803656,0.3381912,0.93531656,-0.103969395
1356790673151,-0.36435807,0.20103657,0.9093005,0.876904,-0.25463843,0.4076746,0.31350034,0.94590884,-0.08351016
1356790673189,-0.33116055,0.16936892,0.92824936,0.8990833,-0.2418791,0.36488867,0.28632495,0.95541024,-0.07217598
1356790673239,-0.2819687,0.14151028,0.94893014,0.9236709,-0.22744846,0.30838162,0.2594719,0.9634531,-0.06657553
1356790673269,-0.21676385,0.11586639,0.96932364,0.94622207,-0.21933419,0.23781553,0.24016067,0.96874535,-0.06209165
1356790673309,-0.15363473,0.093394995,0.98370415,0.9605558,-0.21941423,0.17085102,0.23179525,0.97115135,-0.056001514
1356790673350,-0.09723163,0.07200733,0.9926535,0.96730745,-0.22788846,0.111280024,0.23422727,0.971021,-0.047495246
1356790673390,-0.053785026,0.05261925,0.9971652,0.9679047,-0.24276215,0.065017015,0.24549508,0.96865773,-0.037873507
1356790673429,-0.025761604,0.038051337,0.9989437,0.96466565,-0.26116538,0.0348258,0.26221466,0.9645438,-0.029978782
1356790673471,-0.013376296,0.03131613,0.99942005,0.9594575,-0.28102088,0.021647006,0.28153574,0.9591906,-0.026287526
1356790673511,-0.018121481,0.034446836,0.9992422,0.9537412,-0.29935765,0.027616084,0.30008212,0.9535189,-0.027428508
1356790673553,-0.033156455,0.0488348,0.9982563,0.9475467,-0.31615174,0.04693836,0.31789276,0.9474509,-0.03579074
1356790673591,-0.06262773,0.076220244,0.9951222,0.9405271,-0.32906824,0.08439639,0.3338958,0.94122505,-0.05107841
1356790673630,-0.08966732,0.11710811,0.989063,0.9330598,-0.33747196,0.12454787,0.34836653,0.9340228,-0.0790087
1356790673672,-0.11245215,0.17482916,0.9781561,0.92576396,-0.33919603,0.16705462,0.36099264,0.92432725,-0.123707235
1356790673710,-0.12699735,0.24740344,0.9605535,0.91993135,-0.33277297,0.2073367,0.3709421,0.9099746,-0.18533286
1356790673750,-0.1323154,0.3285325,0.93517864,0.91653633,-0.31870294,0.2416395,0.37743056,0.8890978,-0.25894272
1356790673806,-0.13882768,0.40571037,0.9033969,0.914119,-0.29840225,0.2744861,0.38093752,0.86391854,-0.329441
1356790673831,-0.15790015,0.46611923,0.8705174,0.90999526,-0.27357954,0.31154925,0.3833748,0.8413603,-0.3809681
1356790673870,-0.19406152,0.50412005,0.841548,0.9018958,-0.24578232,0.35521102,0.38590664,0.8279215,-0.40696687
1356790673913,-0.2464686,0.5174225,0.81946766,0.88790387,-0.21833837,0.40491366,0.38843265,0.827407,-0.40560788
1356790673951,-0.30318582,0.5138706,0.80250573,0.8695948,-0.19521743,0.45353603,0.3897219,0.8353605,-0.38767213
1356790673993,-0.36196136,0.49315193,0.79106575,0.8473184,-0.17973417,0.49974707,0.38863283,0.85117376,-0.35279983
