1356790964158,-0.6337562,0.39058802,0.6676781,0.6199558,-0.25973314,0.7404009,0.4626099,0.88316464,-0.0775398
1356790964197,-0.16670966,7.8853965E-4,-0.98600566,-0.87074506,0.46906096,0.14759699,0.4626132,0.8831655,-0.07751042
1356790964237,-0.16679952,0.0010778308,-0.98599017,-0.87071824,0.46904305,0.1478118,0.4626312,0.88317466,-0.07729769
1356790964278,-0.16709349,0.002053976,-0.9859389,-0.8706406,0.46896031,0.14853007,0.46267128,0.8832168,-0.07657194
1356790964315,-0.16786951,0.004270822,-0.9857999,-0.8704753,0.4687155,0.15026182,0.4627014,0.88333887,-0.07496536
1356790964356,-0.16930461,0.008033842,-0.985531,-0.8702321,0.46817833,0.15331388,0.46263596,0.8835975,-0.07227343
1356790964398,-0.17222148,0.013629198,-0.98496395,-0.869804,0.4672286,0.15855086,0.46236426,0.88403153,-0.0686121
1356790964437,-0.17574754,0.020247519,-0.98422706,-0.869399,0.46580872,0.16482604,0.46179882,0.8846538,-0.064261556
1356790964477,-0.17975181,0.0275805,-0.98332524,-0.86903125,0.4639448,0.17187172,0.4609489,0.8854347,-0.059426606
1356790964517,-0.18390748,0.03551069,-0.98230195,-0.86869156,0.46175298,0.17932981,0.459949,0.8862975,-0.054071963
1356790964557,-0.18805209,0.04423949,-0.9811622,-0.8683163,0.45935497,0.18713558,0.45898047,0.8871504,-0.047968745
1356790964597,-0.19227016,0.053982586,-0.97985613,-0.86780524,0.45685077,0.19545215,0.45819902,0.88790387,-0.04099238
1356790964636,-0.1967862,0.06454441,-0.9783195,-0.86704004,0.45438978,0.2043809,0.45773003,0.8884616,-0.033455014
1356790964678,-0.20183778,0.075211704,-0.97652686,-0.86590827,0.45220697,0.21380287,0.45767272,0.8887362,-0.026146054
1356790964716,-0.20765781,0.08519307,-0.9744847,-0.86428595,0.45058578,0.22356692,0.45813528,0.8886589,-0.019936502
1356790964757,-0.21439397,0.09386903,-0.97222626,-0.861994,0.4499243,0.23352614,0.45934907,0.8881198,-0.015546501
1356790964797,-0.22197506,0.10069081,-0.96983933,-0.8588387,0.45074257,0.24336654,0.46165264,0.8869569,-0.013576448
1356790964837,-0.23023376,0.10525799,-0.967426,-0.85476923,0.45331004,0.25274417,0.4651472,0.8851162,-0.014395952
1356790964876,-0.23905462,0.10750595,-0.9650364,-0.8499479,0.45739114,0.26149923,0.46951187,0.8827433,-0.017967045
1356790964917,-0.24872908,0.10809663,-0.96252227,-0.84461105,0.46221355,0.2701683,0.4740951,0.88015556,-0.023666382
1356790964956,-0.25971335,0.10808626,-0.95961785,-0.838869,0.46701473,0.2796356,0.47838044,0.87761873,-0.03061974
1356790964996,-0.27261907,0.10872182,-0.9559594,-0.83254874,0.47134215,0.291031,0.48222536,0.8752234,-0.037980676
1356790965036,-0.28793174,0.11101952,-0.95119405,-0.82527316,0.47511625,0.3052684,0.48581854,0.8728913,-0.045179665
1356790965104,-0.306014,0.11568943,-0.9449717,-0.81656265,0.47842908,0.32300308,0.48947,0.8704721,-0.051938355
1356790965119,-0.32728893,0.12341061,-0.93683064,-0.8058839,0.48121917,0.3449337,0.49338934,0.8678698,-0.058043063
1356790965158,-0.35214767,0.13490257,-0.92617136,-0.7926563,0.483205,0.37176457,0.49768263,0.8650516,-0.06322813
1356790965198,-0.3811369,0.15108657,-0.9120896,-0.7760335,0.48393703,0.40444642,0.5025004,0.86196154,-0.06719804
1356790965238,-0.41452897,0.17255896,-0.8935263,-0.75514054,0.4827252,0.4435529,0.50786674,0.8586034,-0.06979734
1356790965278,-0.45135072,0.19830695,-0.87003267,-0.7301445,0.47844395,0.48783225,0.5130024,0.85543305,-0.07115328
1356790965318,-0.48906577,0.2247856,-0.8427848,-0.70321107,0.4700392,0.5334392,0.51605135,0.8535424,-0.0718084
1356790965358,-0.5240458,0.24641487,-0.8152642,-0.6783258,0.4580893,0.57448095,0.5150244,0.85406905,-0.07291025
1356790965399,-0.5530627,0.258125,-0.79214466,-0.6597013,0.44501507,0.60560364,0.5088378,0.85751563,-0.075835824
1356790965438,-0.5741935,0.25799108,-0.77700865,-0.6501553,0.4331228,0.62426174,0.49759412,0.86362326,-0.080962
1356790965478,-0.58669025,0.24777962,-0.7709733,-0.65041375,0.42300493,0.63089526,0.48244846,0.8715917,-0.0870136
1356790965518,-0.5905311,0.23178717,-0.77301204,-0.65909076,0.4142251,0.6277077,0.4656956,0.88016605,-0.09184408
1356790965558,-0.58611417,0.2146488,-0.78127855,-0.67368656,0.4066003,0.6171083,0.4501297,0.88803273,-0.09370822
1356790965598,-0.5739442,0.19988869,-0.79412377,-0.6917899,0.40056682,0.60081017,0.43819478,0.8941984,-0.091621995
1356790965638,-0.55475944,0.18987867,-0.81005436,-0.7114525,0.39652067,0.58017814,0.43136674,0.8981745,-0.08488393
1356790965668,-0.5284181,0.18206412,-0.8292328,-0.73290914,0.39516133,0.5537976,0.42850745,0.90038896,-0.07537401
1356790965708,-0.5026651,0.18796837,-0.84379834,-0.74814594,0.39445806,0.5335546,0.43313438,0.8994836,-0.057652533
1356790965748,-0.47076762,0.20669383,-0.85770357,-0.76117915,0.39638203,0.5133105,0.44607636,0.89451605,-0.029272735
1356790965788,-0.4338696,0.2420477,-0.86785376,-0.7699696,0.4005931,0.4966609,0.4678719,0.883707,0.012564123
1356790965828,-0.39220315,0.29516327,-0.8712378,-0.7736317,0.4065653,0.4860027,0.49766523,0.86462903,0.068891466
1356790965868,-0.34550387,0.35975742,-0.8667189,-0.77353215,0.41372317,0.48008454,0.53129566,0.836306,0.13534105
1356790965898,-0.29557127,0.41526943,-0.86034244,-0.7743154,0.42332923,0.47034883,0.5595296,0.80519795,0.1964255
1356790965928,-0.24864554,0.45829818,-0.8533102,-0.77545595,0.43369275,0.45888853,0.5803822,0.775805,0.24755424
1356790965968,-0.2068665,0.4831478,-0.8507494,-0.778863,0.44492078,0.44206107,0.5920969,0.7540648,0.2842667
1356790966008,-0.17093265,0.48304206,-0.85875046,-0.7855634,0.45925832,0.41469496,0.59470344,0.74548787,0.30095792
1356790966038,-0.14199534,0.46788356,-0.8723085,-0.79281557,0.4738904,0.3832379,0.5926893,0.74599785,0.30365527
1356790966069,-0.12082949,0.43960702,-0.89002573,-0.8006959,0.48680714,0.34914893,0.5867592,0.75482744,0.29317087
1356790966109,-0.10912734,0.3873714,-0.91544235,-0.8118899,0.49661845,0.30692828,0.5735208,0.7767327,0.26030827
1356790966146,-0.10898638,0.32936597,-0.93789124,-0.8236904,0.4982568,0.2706922,0.55646753,0.8020338,0.21699238
1356790966187,-0.11936647,0.27088618,-0.95518184,-0.83492243,0.4932186,0.24421301,0.5372673,0.8266536,0.16729522
1356790966227,-0.14104041,0.21939796,-0.9653871,-0.8432148,0.48433188,0.23326269,0.51874506,0.8469281,0.116689205
1356790966267,-0.17318648,0.18007585,-0.9682867,-0.846411,0.47547626,0.23981401,0.50358206,0.86110103,0.070072114
1356790966308,-0.21393704,0.15538701,-0.9644096,-0.8430457,0.46935612,0.2626379,0.4934621,0.8692294,0.030585706
1356790966347,-0.26131663,0.14583349,-0.95417297,-0.83229816,0.46661142,0.29925492,0.4888694,0.8723568,-5.5634975E-4
1356790966388,-0.31303215,0.15027377,-0.93777865,-0.8138765,0.4664721,0.3464229,0.48950583,0.8716775,-0.02371651
1356790966428,-0.36683163,0.16696095,-0.91518223,-0.7877286,0.46759263,0.4010496,0.49489212,0.86803293,-0.04000783
1356790966464,-0.42048484,0.19361436,-0.8864006,-0.7542297,0.46844292,0.4601074,0.50431144,0.8620178,-0.050943434
1356790966507,-0.47161856,0.22671412,-0.85216,-0.7151021,0.46710792,0.5200378,0.51595056,0.85464084,-0.058173
1356790966547,-0.51896614,0.26090544,-0.814004,-0.67391807,0.46092677,0.5773915,0.5258408,0.8482187,-0.06337649
1356790966588,-0.5617632,0.289451,-0.77500975,-0.6354717,0.44885254,0.6282573,0.5297148,0.8454286,-0.0682109
1356790966627,-0.6003392,0.30722803,-0.73837924,-0.60348463,0.43181056,0.6703328,0.52478504,0.84802747,-0.07382542
1356790966667,-0.6350226,0.31306708,-0.7062119,-0.5794991,0.41145313,0.70348215,0.51081014,0.8559762,-0.07985991
1356790966707,-0.66536754,0.30943042,-0.6793666,-0.5631777,0.38930023,0.7288871,0.4900174,0.86758184,-0.08476347
1356790966747,-0.69049615,0.30078784,-0.6578311,-0.5528556,0.36698896,0.74811083,0.46643937,0.88025326,-0.08711219
1356790966787,-0.7096345,0.2912519,-0.64155376,-0.5470309,0.34611326,0.7622092,0.44404507,0.8918396,-0.08629012
1356790966827,-0.7224268,0.2835426,-0.630637,-0.54526246,0.32723516,0.77175516,0.42519206,0.9013993,-0.081798255
1356790966867,-0.7285542,0.28043768,-0.6249507,-0.5475528,0.30975962,0.77732545,0.41157582,0.9085173,-0.07212216
1356790966907,-0.727291,0.2866844,-0.62358624,-0.5536078,0.29198688,0.7799116,0.40566748,0.9124449,-0.05364865
1356790966946,-0.7172833,0.30902272,-0.62450755,-0.5629104,0.27123016,0.7807472,0.41065392,0.9115586,-0.020596743
1356790966987,-0.69678843,0.3524994,-0.6246839,-0.5755714,0.24492109,0.7802123,0.42802268,0.9031931,0.032230377
1356790967027,-0.6650969,0.41492212,-0.6208751,-0.59242666,0.21298891,0.7769597,0.4546173,0.8845764,0.10415262
1356790967067,-0.6256419,0.48272514,-0.61282027,-0.61342776,0.18089443,0.76875454,0.4819529,0.85688597,0.18294191
1356790967107,-0.586291,0.53894174,-0.6048178,-0.6357305,0.15665382,0.75584805,0.50210506,0.82764804,0.250777
1356790967146,-0.5547049,0.57180655,-0.60443336,-0.6554735,0.14714217,0.7407453,0.5125007,0.80708516,0.29318357
1356790967187,-0.534186,0.5806602,-0.61439306,-0.67003167,0.15233642,0.7265336,0.51546365,0.79976696,0.30768484
1356790967226,-0.52275604,0.56880474,-0.6349702,-0.6801466,0.1707561,0.71291155,0.5139326,0.80455166,0.2976069
1356790967267,-0.5171735,0.5405748,-0.663559,-0.68753564,0.19933897,0.6982541,0.5097317,0.81733894,0.26857156
1356790967306,-0.51491433,0.5000434,-0.69629,-0.693733,0.23408324,0.6811312,0.503585,0.83376354,0.22636378
1356790967347,-0.5148022,0.45144963,-0.72881544,-0.69931865,0.2706256,0.6616005,0.4959154,0.85026765,0.1763885
1356790967387,-0.51705027,0.39974922,-0.7568748,-0.7036542,0.30497092,0.64176595,0.48737022,0.8644035,0.12359995
1356790967427,-0.52299327,0.35084403,-0.77677953,-0.70506823,0.33399063,0.62556297,0.47891212,0.8748478,0.07269406
1356790967467,-0.5345804,0.3110978,-0.7857747,-0.701083,0.35594743,0.6178867,0.47191775,0.8812035,0.027822852
1356790967507,-0.5535678,0.28612974,-0.78210765,-0.6886095,0.37091535,0.62308806,0.4683798,0.88348824,-0.008295178
1356790967546,-0.5810547,0.28014553,-0.7641296,-0.6640772,0.37958837,0.64413834,0.4705072,0.88172054,-0.034523368
1356790967587,-0.6164008,0.29479486,-0.7301686,-0.62451893,0.38176602,0.6813448,0.47961044,0.87598556,-0.051215887
1356790967626,-0.6565684,0.32791537,-0.67925656,-0.56905335,0.37573838,0.73143625,0.49507192,0.8667711,-0.06009662
1356790967667,-0.69659156,0.37191036,-0.6135495,-0.5012835,0.35951978,0.787058,0.51329815,0.8558202,-0.06400585
1356790967706,-0.73162556,0.41471857,-0.54104763,-0.43047267,0.33435756,0.83839023,0.52859944,0.8462939,-0.066099584
1356790967747,-0.75995797,0.44509444,-0.47366118,-0.3678356,0.30630112,0.8779957,0.535874,0.8414693,-0.069054425
1356790967787,-0.78270733,0.45753136,-0.4219412,-0.3218343,0.2827378,0.903594,0.53272134,0.84304476,-0.07405168
1356790967828,-0.8011886,0.45223892,-0.39188874,-0.29705948,0.26792347,0.9165002,0.51947325,0.85070384,-0.08031535
1356790967866,-0.8149515,0.4328749,-0.38532254,-0.29511526,0.26224154,0.91876894,0.4987596,0.86246663,-0.08596611
1356790967907,-0.821634,0.40412334,-0.40199742,-0.31598523,0.2640484,0.9112803,0.4744164,0.87576413,-0.08925414
1356790967947,-0.8174902,0.37065235,-0.440825,-0.35861114,0.27134538,0.8931796,0.4506749,0.8882503,-0.088902116
1356790967987,-0.7988111,0.33664227,-0.49857074,-0.41997433,0.2813177,0.8628336,0.43072307,0.898628,-0.08333862
1356790968026,-0.76235455,0.30730635,-0.56954217,-0.49441522,0.29129028,0.8189649,0.41757518,0.905932,-0.070129454
1356790968066,-0.70880306,0.29096302,-0.64260316,-0.5709368,0.29837602,0.76485485,0.41428185,0.90901726,-0.045368373
1356790968110,-0.64346594,0.29675657,-0.70561117,-0.63803095,0.30137128,0.70858437,0.42292804,0.9061517,-0.004582286
1356790968148,-0.57418877,0.32995158,-0.7492924,-0.68837935,0.30088037,0.66000366,0.44321656,0.8947642,0.054369807
1356790968188,-0.5063509,0.38571417,-0.7712545,-0.7219937,0.29942364,0.62375534,0.4715231,0.8726798,0.12686974
1356790968228,-0.4392568,0.44519585,-0.780291,-0.74587184,0.30339313,0.5929821,0.5007281,0.84246856,0.19879162
1356790968268,-0.36927903,0.48578483,-0.7922411,-0.7672828,0.3215993,0.5548431,0.5243186,0.81276494,0.2539745
1356790968308,-0.29154056,0.49187428,-0.8204046,-0.78962845,0.36032838,0.4966391,0.53989905,0.7926053,0.2833476
1356790968348,-0.2010271,0.4559754,-0.86699164,-0.81184375,0.41772968,0.40793592,0.5481769,0.78586787,0.28620577
1356790968388,-0.095965326,0.37712654,-0.92117643,-0.82954574,0.48117715,0.28341186,0.5501312,0.79135585,0.2666675
1356790968428,0.01690206,0.26458696,-0.9642136,-0.8377223,0.53019917,0.13080567,0.54583466,0.80553246,0.23061192
1356790968467,0.12229627,0.14028141,-0.98252976,-0.83572876,0.5485404,-0.025705546,0.5353513,0.82427216,0.18432164
1356790968507,0.20648383,0.027469128,-0.9780644,-0.8288107,0.5361904,-0.15991515,0.520036,0.84365004,0.13348138
1356790968546,0.26507175,-0.06213492,-0.9622246,-0.82270765,0.5058787,-0.2593046,0.5028808,0.86036384,0.08297527
1356790968587,0.3006698,-0.12817505,-0.9450761,-0.8197198,0.4717852,-0.32477394,0.4875009,0.87234735,0.036783934
1356790968627,0.31745172,-0.17447472,-0.9320852,-0.81967497,0.44375718,-0.36223254,0.47681993,0.8789983,-0.002141118
1356790968667,0.3185596,-0.20458359,-0.9255622,-0.82188934,0.42684674,-0.3772264,0.47224754,0.88087875,-0.032168925
1356790968707,0.30560362,-0.22047424,-0.9262816,-0.8260449,0.42244363,-0.3730834,0.473557,0.8791658,-0.05302131
1356790968747,0.27926227,-0.22319007,-0.9339158,-0.83193314,0.42942968,-0.35139346,0.47947866,0.8750864,-0.065755665
1356790968787,0.23986879,-0.21360075,-0.94701517,-0.83928585,0.44464585,-0.31287268,0.48791623,0.8698648,-0.072615445
1356790968827,0.1878497,-0.19242942,-0.96316326,-0.8479706,0.46306992,-0.25789955,0.49563932,0.8651805,-0.076186955
1356790968867,0.12476288,-0.16138038,-0.9789742,-0.85755813,0.4787202,-0.18820459,0.49902725,0.8630083,-0.07866657
1356790968907,0.055797175,-0.12550655,-0.9905225,-0.8666252,0.4865768,-0.1104708,0.4958301,0.8645756,-0.081617534
1356790968947,-0.010150835,-0.09212047,-0.9956962,-0.8738525,0.48486024,-0.035949975,0.4860852,0.86972666,-0.08542144
1356790968987,-0.06462784,-0.06638676,-0.99569875,-0.8792925,0.47560644,0.025361925,0.47187704,0.8771496,-0.08911079
1356790969026,-0.102885425,-0.049502015,-0.99346066,-0.8837894,0.4628486,0.068464816,0.4564328,0.88505405,-0.09136975
1356790969067,-0.123862386,-0.04015553,-0.99148655,-0.88807976,0.45024365,0.09270918,0.44268772,0.89200234,-0.09142953
1356790969106,-0.13064635,-0.034636855,-0.99082375,-0.8921797,0.4399525,0.102259874,0.43237337,0.8973528,-0.088380456
1356790969145,-0.12723616,-0.029107183,-0.99144524,-0.8956022,0.43295088,0.10222557,0.42627162,0.90094745,-0.08115548
1356790969187,-0.12716487,-0.012470514,-0.99180317,-0.89586556,0.430634,0.109449565,0.4257393,0.9024405,-0.065933466
1356790969227,-0.13884255,0.025161356,-0.9899948,-0.8908371,0.4335042,0.13595387,0.43258768,0.9008002,-0.037774146
1356790969267,-0.16958833,0.09477693,-0.98094714,-0.8774588,0.43863446,0.19407693,0.44867125,0.89365387,0.008775532
1356790969307,-0.21881595,0.20031002,-0.9549845,-0.85336614,0.4353046,0.28683814,0.4731657,0.8777162,0.07568622
1356790969347,-0.2733333,0.32556117,-0.9051513,-0.8217057,0.41018003,0.39566666,0.50008863,0.85191685,0.15539962
1356790969387,-0.31456178,0.43587738,-0.8432448,-0.79350215,0.36679864,0.48560593,0.5209657,0.8218696,0.23048884
1356790969424,-0.3363384,0.50698256,-0.79362786,-0.7775451,0.32595807,0.5377499,0.53131926,0.7979474,0.28456956
1356790969467,-0.34588003,0.5376885,-0.76893306,-0.7727456,0.30159038,0.55848676,0.53219473,0.78735906,0.31118232
1356790969507,-0.35391927,0.5380195,-0.7650335,-0.77261287,0.2927888,0.56333303,0.52707744,0.79044914,0.3120572
1356790969546,-0.36670297,0.5165917,-0.7737325,-0.7726279,0.2941758,0.5625894,0.5182424,0.8041104,0.29125798
1356790969587,-0.3887182,0.48145643,-0.7855557,-0.769575,0.29914397,0.5641517,0.5066087,0.8238401,0.2542342
1356790969627,-0.42169875,0.43972313,-0.79297775,-0.761068,0.30374438,0.5731622,0.4928952,0.84521174,0.20657063
1356790969667,-0.46548194,0.39820936,-0.7904151,-0.7443856,0.3069538,0.5930174,0.47876602,0.86441237,0.15353984
1356790969707,-0.5187827,0.3638156,-0.7736296,-0.71626097,0.3090675,0.62565774,0.4667278,0.87870103,0.10024804
1356790969747,-0.5789811,0.3424011,-0.739961,-0.67381567,0.31005788,0.6706985,0.45907867,0.88691914,0.05119759
1356790969787,-0.64190406,0.33714652,-0.6886883,-0.6157259,0.3086468,0.72499585,0.45699123,0.88942087,0.009468138
1356790969827,-0.70235175,0.34782714,-0.62106216,-0.5430073,0.3023451,0.7834095,0.4602662,0.88747036,-0.023479939
1356790969867,-0.7550123,0.37137744,-0.5404028,-0.4592658,0.28872037,0.84006876,0.46800786,0.88245076,-0.047426462
1356790969907,-0.79606247,0.40331328,-0.45124593,-0.36957526,0.26649058,0.89016676,0.47926888,0.8753977,-0.063088536
1356790969947,-0.8239337,0.43791634,-0.35966986,-0.28036356,0.23656392,0.93028694,0.49247277,0.8673331,-0.07213724
1356790969987,-0.8400933,0.46873468,-0.27300355,-0.19879834,0.20222038,0.9589505,0.5047003,0.85988057,-0.07670033
1356790970026,-0.84904003,0.49018127,-0.19711226,-0.1298765,0.16799265,0.9771952,0.5121162,0.8552782,-0.07896942
1356790970066,-0.85581535,0.49918032,-0.13564308,-0.0757879,0.13839376,0.9874732,0.5116994,0.8553749,-0.08060759
1356790970109,-0.86415005,0.49519816,-0.08957395,-0.036455065,0.11592817,0.9925884,0.5019121,0.8610108,-0.082126856
1356790970148,-0.8744135,0.4818204,-0.05700977,-0.0097245425,0.100073814,0.9949325,0.485084,0.87053674,-0.082820415
1356790970188,-0.88598615,0.46216682,-0.037820145,0.004366547,0.08987111,0.9959438,0.46369112,0.8822273,-0.08164263
1356790970228,-0.8972505,0.44042853,-0.031054392,0.0065984726,0.08370304,0.9964689,0.44147265,0.89387727,-0.07800883
1356790970268,-0.9069372,0.41966859,-0.036649913,-0.0031394064,0.08026391,0.9967687,0.4212542,0.90412164,-0.07147682
1356790970309,-0.91393065,0.40219724,-0.054481506,-0.025289759,0.07754129,0.9966684,0.40508184,0.9122636,-0.060695946
1356790970348,-0.9166217,0.39103037,-0.08306646,-0.059533104,0.07194871,0.9956301,0.39529812,0.91756123,-0.042670548
1356790970388,-0.9128357,0.39086622,-0.11812934,-0.10343605,0.058516383,0.9929133,0.39500877,0.9185856,-0.012986183
1356790970428,-0.90067357,0.40682063,-0.15259126,-0.15262976,0.032574236,0.9877464,0.4068062,0.9129271,0.032754183
1356790970468,-0.87986755,0.4401776,-0.17910022,-0.20287159,-0.007108152,0.97917956,0.42973983,0.89788264,0.095553696
1356790970508,-0.85298765,0.48403752,-0.19524303,-0.25175577,-0.05388695,0.96628946,0.4571993,0.87338644,0.16782409
1356790970548,-0.82524556,0.5257059,-0.20640533,-0.2973117,-0.093652606,0.95017624,0.48018283,0.84549546,0.23358482
1356790970588,-0.8016712,0.55504984,-0.22190751,-0.33718902,-0.11336452,0.9345865,0.4935857,0.8240559,0.2780378
1356790970628,-0.784141,0.56867665,-0.24845439,-0.37061474,-0.10800266,0.92248577,0.49776244,0.8154399,0.29544932
1356790970668,-0.771156,0.5672159,-0.2891099,-0.40006176,-0.07848436,0.91312146,0.4952464,0.8198209,0.28744507
1356790970708,-0.7596667,0.55163014,-0.34439906,-0.4298836,-0.028591037,0.90243155,0.48796168,0.8335987,0.25885642
1356790970748,-0.74626195,0.5222673,-0.4127106,-0.4643021,0.03587675,0.88495,0.47698712,0.8520269,0.21571636
1356790970787,-0.7283302,0.47995535,-0.48905826,-0.504599,0.107194364,0.85667336,0.46358925,0.8707193,0.16411209
1356790970827,-0.70587826,0.42821267,-0.56424266,-0.5471022,0.17635888,0.8182767,0.4499056,0.8863022,0.10978824
1356790970867,-0.68330693,0.3745235,-0.62675655,-0.58376783,0.23533583,0.7770664,0.43852785,0.8968552,0.057828188
1356790970907,-0.6688228,0.3289301,-0.66669416,-0.60528886,0.27973318,0.7452347,0.43162665,0.90197253,0.012005746
1356790970950,-0.67102325,0.30095652,-0.67760825,-0.60366213,0.30886805,0.734978,0.43048796,0.9022338,-0.025581598
1356790970987,-0.694798,0.2970553,-0.6549915,-0.572574,0.32264245,0.75369817,0.4352181,0.8986991,-0.054085135
1356790971026,-0.7371565,0.31896585,-0.5957022,-0.50803334,0.319654,0.7998271,0.44553614,0.8922343,-0.07358968
1356790971066,-0.78736013,0.36201376,-0.4990092,-0.41006732,0.296866,0.8623894,0.46033567,0.8836383,-0.08529043
1356790971109,-0.8295375,0.41332772,-0.37553662,-0.29051247,0.2549144,0.9222913,0.47693825,0.8741733,-0.09138417
1356790971148,-0.8544463,0.4557551,-0.2494171,-0.17298849,0.20310777,0.9637542,0.48989448,0.86662245,-0.09470433
1356790971188,-0.86560416,0.4785942,-0.14723122,-0.08060649,0.1570152,0.9843012,0.49419838,0.863883,-0.09733522
1356790971227,-0.87299234,0.48148996,-0.07779387,-0.019081399,0.12566197,0.99188966,0.48736063,0.8673964,-0.10051447
1356790971267,-0.88243896,0.46876186,-0.039545074,0.01419422,0.11055547,0.9937686,0.47021276,0.8763788,-0.104212165
1356790971307,-0.8946913,0.44586062,-0.02712445,0.023754343,0.108129084,0.99385303,0.4460529,0.88854736,-0.1073333
1356790971347,-0.9077128,0.41805422,-0.03589107,0.013058677,0.11364317,0.99343586,0.41938883,0.90128577,-0.108614564
1356790971386,-0.91876537,0.38965166,-0.06357421,-0.016239151,0.12359345,0.99219996,0.39446974,0.91263145,-0.107225716
1356790971427,-0.92503995,0.3636079,-0.109956294,-0.06412399,0.13583714,0.98865384,0.3744185,0.92159516,-0.10233879
1356790971466,-0.9232135,0.34234747,-0.17457111,-0.13041115,0.14820683,0.9803202,0.3614828,0.9278109,-0.09218061
1356790971506,-0.90983087,0.32996944,-0.2516504,-0.21010944,0.15665144,0.9650463,0.35785717,0.9309031,-0.07319665
1356790971547,-0.8843321,0.33405536,-0.3261344,-0.28980452,0.15488666,0.9444699,0.3660191,0.9297403,-0.040160537
1356790971587,-0.852244,0.3632377,-0.3764819,-0.3514044,0.13564146,0.92634577,0.3875503,0.9217699,0.012043595
1356790971627,-0.8210256,0.41731468,-0.38957062,-0.38673928,0.09539032,0.9172423,0.4199399,0.9037417,0.08307421
1356790971667,-0.7926539,0.48071998,-0.37497735,-0.4060098,0.042607367,0.91287494,0.45481402,0.8758384,0.16140419
1356790971707,-0.765066,0.5333606,-0.36083278,-0.42678538,-3.7282705E-4,0.90435284,0.48221168,0.84588784,0.22791582
1356790971747,-0.7363344,0.5655578,-0.37142444,-0.4584313,-0.0132603645,0.8886309,0.49764693,0.82460207,0.26903337
1356790971787,-0.70294815,0.57604855,-0.4171715,-0.50329775,0.011559606,0.8640358,0.50254893,0.81733376,0.28179806
1356790971827,-0.65814084,0.5637085,-0.49908248,-0.56277555,0.07200974,0.8234672,0.5001343,0.8228288,0.26984882
1356790971867,-0.59268576,0.52389574,-0.6117653,-0.6372646,0.15947962,0.7539629,0.49256203,0.8367195,0.23933893
1356790971907,-0.50007874,0.45178813,-0.7387886,-0.7199884,0.25712895,0.64459395,0.48118386,0.854267,0.19669753
1356790971947,-0.3885647,0.35339305,-0.8509588,-0.7937571,0.34063077,0.5039052,0.4679393,0.8712543,0.14815116
1356790971987,-0.28107825,0.24755877,-0.9272053,-0.84474653,0.3946583,0.36145285,0.45541012,0.88485,0.09819448
1356790972027,-0.20418474,0.15713114,-0.9662392,-0.8712389,0.4209011,0.2525569,0.4463757,0.8933935,0.050957203
1356790972066,-0.17309293,0.09585631,-0.98022985,-0.879756,0.4324002,0.19763505,0.44279614,0.89657223,0.009484708
1356790972109,-0.19500548,0.07019231,-0.9782872,-0.8737081,0.4407795,0.20578533,0.44565353,0.89486676,-0.024626851
1356790972148,-0.28013727,0.088495046,-0.95587224,-0.84582806,0.44814762,0.28937632,0.45398027,0.8895686,-0.050691307
1356790972188,-0.42841867,0.15721169,-0.8897988,-0.77355707,0.44511077,0.451094,0.46697634,0.88156724,-0.069081545
1356790972228,-0.618667,0.27368075,-0.7364442,-0.62007356,0.40552342,0.6716097,0.48245198,0.87215227,-0.081181765
1356790972268,-0.7720038,0.3926344,-0.49984828,-0.39664638,0.316899,0.86153734,0.49667063,0.86337316,-0.08891022
1356790972325,-0.84070235,0.46435586,-0.27855557,-0.1952121,0.21992606,0.9557849,0.50508595,0.857908,-0.09424448
1356790972347,-0.8604444,0.4896454,-0.14100614,-0.07247743,0.15630639,0.9850459,0.5043633,0.857797,-0.099004745
1356790972387,-0.8693374,0.48756278,-0.08083986,-0.019028887,0.13042837,0.9912751,0.49385267,0.8632908,-0.10410845
1356790972424,-0.8794555,0.470407,-0.07263151,-0.012175024,0.13031125,0.9913984,0.47582546,0.872775,-0.10887581
1356790972467,-0.8902483,0.44469157,-0.098525986,-0.037395775,0.14422297,0.9888383,0.45393777,0.8839961,-0.11176467
1356790972507,-0.897494,0.41565847,-0.14741938,-0.085533336,0.16386825,0.98276716,0.43265283,0.8946369,-0.111518145
1356790972546,-0.8969494,0.38650447,-0.21469966,-0.15248299,0.18538707,0.97076285,0.41500673,0.90346324,-0.10734743
1356790972587,-0.88405436,0.3588912,-0.29940784,-0.23708999,0.20770818,0.94902354,0.40278566,0.909975,-0.098535776
1356790972627,-0.85454357,0.33505827,-0.39685175,-0.33469886,0.22902238,0.9140708,0.3971549,0.91393906,-0.08356595
1356790972667,-0.8084706,0.32107183,-0.4932426,-0.4322109,0.24493402,0.8678716,0.399461,0.9148335,-0.05925125
1356790972707,-0.75484836,0.32808226,-0.56794894,-0.51046306,0.24988139,0.82279205,0.41186333,0.91100013,-0.021148682
1356790972747,-0.7084089,0.36699495,-0.60288596,-0.55469286,0.23869616,0.7970821,0.43643168,0.89907664,0.03447497
1356790972787,-0.675665,0.43582594,-0.5945861,-0.56667507,0.20884961,0.7970328,0.4715466,0.87546426,0.10585922
1356790972827,-0.6500039,0.5144415,-0.55932534,-0.5640223,0.1666761,0.8087632,0.5092875,0.8411712,0.1818164
1356790972867,-0.62089187,0.57711613,-0.5305001,-0.56887937,0.1338768,0.8114514,0.5393233,0.80561405,0.24518639
1356790972907,-0.5818993,0.60999984,-0.5378601,-0.59324235,0.13400346,0.79379255,0.5562884,0.78098863,0.28390115
1356790972947,-0.5262623,0.6082623,-0.5941927,-0.63913727,0.17794245,0.74822456,0.5608489,0.77353305,0.29511875
1356790972987,-0.44344187,0.56566733,-0.69525516,-0.70305365,0.2616129,0.66126704,0.5559449,0.78203523,0.2816844
1356790973027,-0.32515055,0.4749148,-0.8177611,-0.77361524,0.36375356,0.5188476,0.54387194,0.80133593,0.24912661
1356790973066,-0.18096682,0.34300536,-0.9217367,-0.83097714,0.4479688,0.3298501,0.5260496,0.825634,0.20396203
1356790973109,-0.040610373,0.19862655,-0.9792335,-0.86272645,0.48741537,0.13464537,0.5040376,0.8502786,0.15156627
1356790973148,0.06515896,0.07695916,-0.99490285,-0.8739797,0.48556393,-0.019679368,0.4815745,0.8708071,0.09889954
1356790973188,0.13185544,-0.013382226,-0.9911785,-0.8770317,0.4644361,-0.12294102,0.46198437,0.88550544,0.049501777
1356790973228,0.16281615,-0.07426894,-0.9838572,-0.87898844,0.44203973,-0.17883015,0.4481855,0.89391553,0.0066896677
1356790973268,0.16372325,-0.1107648,-0.98026824,-0.8819845,0.4287024,-0.19574896,0.4419255,0.89663005,-0.027504265
1356790973308,0.1379737,-0.12590727,-0.9824004,-0.8854761,0.42869797,-0.1793043,0.44372872,0.89463145,-0.05233884
1356790973348,0.08624053,-0.119763315,-0.9890497,-0.8873945,0.44203562,-0.13090247,0.4528725,0.8889664,-0.068155944
1356790973388,0.007939622,-0.090617776,-0.99585414,-0.8839291,0.46500856,-0.049360752,0.46755365,0.8806563,-0.07640767
1356790973428,-0.09612399,-0.03730449,-0.99467003,-0.86944103,0.48965424,0.065657765,0.48459515,0.8711183,-0.07950163
1356790973468,-0.21819344,0.035832137,-0.9752475,-0.8384268,0.5045346,0.20611978,0.49943185,0.86264765,-0.080043554
1356790973508,-0.33904344,0.113141894,-0.9339424,-0.79208213,0.5013083,0.3482755,0.5075976,0.8578396,-0.0803476
1356790973546,-0.4360173,0.17295441,-0.8831624,-0.7438451,0.48310754,0.4618459,0.50654066,0.8583088,-0.08199191
1356790973587,-0.49819613,0.20314926,-0.84293,-0.71112114,0.46049398,0.53127396,0.49609214,0.8641039,-0.08495265
1356790973627,-0.52725947,0.20597471,-0.82436156,-0.7022366,0.44059104,0.5592346,0.4783945,0.87375855,-0.087662876
1356790973667,-0.5283965,0.19011232,-0.8274386,-0.71550167,0.4249032,0.5545401,0.45700622,0.8850506,-0.08849174
1356790973707,-0.5053278,0.1635637,-0.8472843,-0.7450398,0.41269958,0.52401775,0.43538415,0.89606136,-0.08668709
1356790973747,-0.46071884,0.13218996,-0.8776468,-0.78412557,0.40262845,0.47226846,0.41579473,0.9057683,-0.081844926
1356790973787,-0.39895898,0.1020191,-0.911276,-0.82521975,0.3933546,0.40532017,0.39980498,0.91370904,-0.07274413
1356790973827,-0.32792893,0.08103675,-0.9412203,-0.86070365,0.38507184,0.3330299,0.38942513,0.9193219,-0.056527615
1356790973867,-0.2573497,0.078241825,-0.9631455,-0.88519156,0.3806695,0.26744458,0.38756546,0.92139506,-0.028706193
1356790973907,-0.19501361,0.1012758,-0.97555774,-0.8967395,0.38447633,0.21917164,0.39727563,0.9175626,0.015839934
1356790973946,-0.1420739,0.15059233,-0.9783337,-0.8970791,0.3981854,0.19156578,0.4184065,0.9048593,0.07852155
1356790973987,-0.094581544,0.21648404,-0.9716938,-0.8902942,0.41835958,0.17986488,0.44545525,0.88210535,0.15316546
1356790974027,-0.04250747,0.27473435,-0.9605801,-0.8822335,0.44089937,0.16514158,0.46888924,0.85447574,0.22363836
1356790974066,0.020563662,0.30236447,-0.9529705,-0.8754951,0.46572447,0.12887618,0.4827892,0.8316709,0.27429563
1356790974109,0.09455225,0.2896552,-0.9524493,-0.8681438,0.49223217,0.06351271,0.487223,0.82085776,0.29800403
1356790974148,0.1730712,0.24254856,-0.9545767,-0.8569068,0.5148872,-0.024535269,0.48554832,0.8222295,0.29695362
1356790974188,0.2476731,0.17260066,-0.9533452,-0.8413862,0.5261754,-0.123324156,0.48034096,0.8326755,0.27554327
1356790974228,0.31116003,0.093991965,-0.94569814,-0.82402587,0.5224285,-0.21920303,0.47345638,0.847487,0.24001068
1356790974268,0.3596508,0.017366469,-0.93292534,-0.8081903,0.5055009,-0.3021544,0.46634722,0.8626512,0.19583923
1356790974308,0.39240256,-0.051496595,-0.9183508,-0.79630697,0.48067972,-0.36720848,0.46034262,0.8753828,0.14761287
1356790974348,0.41028392,-0.110046834,-0.90529376,-0.78956866,0.45387697,-0.4130097,0.4563424,0.88424283,0.099328876
1356790974388,0.4146037,-0.15711308,-0.89633656,-0.7882398,0.43019706,-0.4400096,0.45473257,0.88895774,0.05451852
1356790974428,0.4066534,-0.19247669,-0.8930766,-0.7917534,0.41347343,-0.44962913,0.45580655,0.8899396,0.015746295
1356790974468,0.38746005,-0.21670845,-0.8960537,-0.7988547,0.4061908,-0.44366685,0.4601152,0.88771987,-0.015735865
1356790974508,0.35793215,-0.23073423,-0.90479076,-0.8078102,0.40948117,-0.42399037,0.46832386,0.88265896,-0.039822996
1356790974548,0.31867722,-0.23504704,-0.91825795,-0.81712335,0.42283794,-0.39181295,0.48036876,0.8751919,-0.05731362
1356790974588,0.27033427,-0.22956204,-0.9349977,-0.82607245,0.44349632,-0.3477288,0.49449337,0.86637884,-0.06974262
1356790974627,0.21302307,-0.21312472,-0.9535193,-0.83545697,0.46627146,-0.29086518,0.50658935,0.85858536,-0.07872993
1356790974667,0.14738365,-0.18550327,-0.97152793,-0.8462894,0.48474628,-0.22094187,0.51193,0.85475695,-0.08554578
1356790974706,0.07666674,-0.15056604,-0.9856227,-0.8579759,0.49363133,-0.14214599,0.50793666,0.85653836,-0.091336906
1356790974747,0.007449314,-0.11558935,-0.99326915,-0.8689356,0.4908173,-0.063634515,0.49486917,0.8635609,-0.09678346
1356790974787,-0.05321595,-0.086386025,-0.99483943,-0.8782618,0.4781489,0.005460292,0.4752097,0.8740201,-0.10131472
1356790974827,-0.100425124,-0.06476995,-0.9928341,-0.8860804,0.459679,0.05963871,0.45252225,0.88572,-0.103554726
1356790974867,-0.13197094,-0.049719185,-0.99000585,-0.8927938,0.43991578,0.09691924,0.43070045,0.8966616,-0.102445066
1356790974907,-0.14769393,-0.039021164,-0.988263,-0.8987371,0.42241383,0.11763564,0.41286564,0.90556276,-0.09745771
1356790974946,-0.14924124,-0.029511273,-0.9883604,-0.9038651,0.40937462,0.124259084,0.40094268,0.91188896,-0.08776981
1356790974987,-0.14009747,-0.016474396,-0.9900006,-0.9072927,0.40250483,0.12169531,0.39647517,0.9152696,-0.071336985
1356790975027,-0.1255311,0.007117778,-0.9920641,-0.90707684,0.40418276,0.11767712,0.4018128,0.91465056,-0.044281125
1356790975067,-0.111073375,0.049659252,-0.99257076,-0.90061957,0.41723347,0.12165815,0.4201752,0.90744156,-0.0016194582
1356790975110,-0.10149422,0.11973503,-0.9876044,-0.88515604,0.4422603,0.14458445,0.45409003,0.88885844,0.061097324
1356790975148,-0.090084255,0.20402563,-0.9748119,-0.86444795,0.47005397,0.17826644,0.49458516,0.8587333,0.1340251
1356790975188,-0.07583356,0.28728744,-0.9548378,-0.84366965,0.49192572,0.215013,0.53147984,0.82187283,0.20507121
1356790975228,-0.049283028,0.34027186,-0.93903476,-0.83064055,0.5081156,0.22771674,0.5546238,0.7912229,0.25760216
1356790975268,-0.0083628,0.34830216,-0.937345,-0.8268447,0.5247613,0.20236972,0.56236815,0.77673113,0.2836033
1356790975325,0.043260396,0.31418714,-0.94837487,-0.82869375,0.5414965,0.14159125,0.55802786,0.7797871,0.2837903
1356790975347,0.09874895,0.25043377,-0.96308434,-0.8324839,0.551013,0.057923675,0.54517794,0.7960324,0.2628941
1356790975387,0.15058914,0.17257065,-0.9734178,-0.8367612,0.5466,-0.03254515,0.5264538,0.8194192,0.22671247
1356790975424,0.19242299,0.09494701,-0.976708,-0.8417232,0.52762014,-0.11453882,0.50445575,0.8441576,0.1814453
1356790975467,0.22113991,0.025651276,-0.9749047,-0.8478735,0.4989984,-0.1791957,0.4818793,0.86622316,0.13209748
1356790975507,0.23447336,-0.030359536,-0.97164834,-0.8554375,0.468356,-0.22106391,0.46178874,0.8830181,0.08384633
1356790975547,0.23233631,-0.07261971,-0.9699207,-0.8640448,0.44246724,-0.24010295,0.4465943,0.89383954,0.04005456
1356790975587,0.21328649,-0.10085979,-0.9717696,-0.8733405,0.42616943,-0.23591498,0.43793276,0.89900327,0.002811253
1356790975627,0.17549923,-0.11475235,-0.9777688,-0.8823705,0.42212853,-0.20791784,0.43660316,0.89924383,-0.027170837
1356790975667,0.115762815,-0.11235407,-0.986902,-0.8891716,0.43110222,-0.15337804,0.44268823,0.8952807,-0.049996436
1356790975707,0.028388605,-0.08899918,-0.9956271,-0.88988256,0.45142996,-0.065726876,0.45530552,0.8878571,-0.06638336
1356790975747,-0.09352493,-0.037742704,-0.9949013,-0.8766643,0.47678328,0.06432283,0.47192457,0.87821025,-0.0776788
1356790975787,-0.25236145,0.046789348,-0.9665012,-0.8356808,0.49299094,0.24206933,0.48780257,0.86877537,-0.085310936
1356790975827,-0.43008476,0.15478379,-0.8894207,-0.7532083,0.4816069,0.44803137,0.49769908,0.8626105,-0.09054732
1356790975866,-0.5856832,0.2543995,-0.7695818,-0.6389613,0.4392681,0.6314839,0.49870193,0.8615825,-0.09472048
1356790975907,-0.6923648,0.3187929,-0.64730364,-0.52896154,0.38589358,0.75583446,0.490745,0.8657119,-0.09854996
1356790975946,-0.75551194,0.34724876,-0.55553573,-0.45015594,0.34093004,0.82530373,0.4759845,0.8736046,-0.10126066
1356790975987,-0.78928924,0.35051933,-0.50414157,-0.4099643,0.31040108,0.8576599,0.45711243,0.88362175,-0.10129583
1356790976027,-0.8030583,0.3393662,-0.48982447,-0.40476203,0.2926212,0.8663374,0.43733865,0.8939818,-0.09762931
1356790976066,-0.79988956,0.32063997,-0.5073132,-0.42943895,0.28470182,0.85704553,0.41923606,0.90340185,-0.09003472
1356790976109,-0.77928525,0.29878145,-0.5508575,-0.47872663,0.28340995,0.8309631,0.40439484,0.91126746,-0.07782251
1356790976148,-0.73913985,0.27764577,-0.61366534,-0.5462009,0.28604752,0.7873001,0.394128,0.9171094,-0.05977881
1356790976188,-0.6873239,0.26867342,-0.67483366,-0.6125394,0.28490794,0.7373079,0.39036047,0.92013156,-0.031250954
1356790976228,-0.6341471,0.28309637,-0.7195233,-0.6645696,0.27610016,0.6943456,0.39522722,0.91849065,0.013049185
1356790976268,-0.59409493,0.33019572,-0.7334998,-0.6919101,0.2553026,0.6753377,0.410258,0.9087306,0.07679176
1356790976308,-0.57073957,0.4046651,-0.71449447,-0.69728947,0.22067058,0.68197644,0.43364,0.88744044,0.15622336
1356790976348,-0.5539823,0.48398712,-0.6773922,-0.6946767,0.17970341,0.6965134,0.45883328,0.8564247,0.23666203
1356790976388,-0.53082615,0.54377913,-0.6500213,-0.6993902,0.15208715,0.6983716,0.47861978,0.82533246,0.299582
1356790976428,-0.49364114,0.5725619,-0.65459234,-0.7183365,0.15583438,0.67801785,0.49021524,0.8049152,0.3343659
1356790976468,-0.4379927,0.5676835,-0.69706357,-0.7503546,0.19618762,0.6312514,0.49510622,0.7995284,0.34003532
1356790976508,-0.36057878,0.5272799,-0.76938844,-0.7900346,0.26582694,0.5524322,0.4958105,0.8070389,0.32071793
1356790976549,-0.2629828,0.45108667,-0.8528545,-0.8289772,0.346596,0.43893957,0.49359575,0.8224305,0.2827918
1356790976588,-0.15684482,0.34760192,-0.92443097,-0.858287,0.41510788,0.3017101,0.4886136,0.84074867,0.23323464
1356790976628,-0.061387688,0.2360985,-0.96978813,-0.8744223,0.45577034,0.16630995,0.4812662,0.8582138,0.17847109
1356790976668,0.008008331,0.136195,-0.9906497,-0.8811483,0.4693428,0.057402343,0.47277215,0.87244964,0.12376666
1356790976708,0.04540682,0.059011698,-0.99722403,-0.88422966,0.46688145,-0.0126336515,0.46483988,0.8823488,0.07337946
1356790976748,0.05172494,0.007230282,-0.9986352,-0.8868477,0.4600936,-0.04260373,0.45915768,0.887841,0.030210435
1356790976788,0.030002117,-0.020290256,-0.99934393,-0.8888906,0.4567061,-0.035958886,0.4571361,0.88938624,-0.004333675
1356790976828,-0.01752016,-0.024673253,-0.99954206,-0.8878535,0.46010712,0.004204899,0.45979267,0.88752055,-0.029967427
1356790976868,-0.08928776,-0.0062176585,-0.99598646,-0.8794131,0.4699694,0.075903326,0.4676112,0.88266087,-0.047430396
1356790976908,-0.18290111,0.0345622,-0.9825237,-0.85813594,0.4820569,0.1767031,0.47973958,0.875458,-0.058509707
1356790976948,-0.2921326,0.094216675,-0.95172566,-0.8196908,0.4880139,0.2999157,0.49271244,0.867736,-0.06533623
1356790976988,-0.40358558,0.16165447,-0.9005479,-0.7654808,0.47947124,0.42912287,0.5011565,0.86253995,-0.069764316
1356790977027,-0.4997495,0.21901868,-0.83802223,-0.70650274,0.4566551,0.5406663,0.50110316,0.86226267,-0.0734759
1356790977066,-0.570716,0.25403428,-0.78086483,-0.65741086,0.42845064,0.6198718,0.49203074,0.8671197,-0.07751876
1356790977109,-0.61637133,0.26597226,-0.74117815,-0.6274747,0.4027943,0.6663574,0.4757749,0.8757942,-0.08138001
1356790977148,-0.6411049,0.2628103,-0.7210516,-0.616676,0.38285583,0.68784606,0.4568318,0.88563657,-0.08338201
1356790977188,-0.64815766,0.25157642,-0.71874964,-0.62252045,0.36856276,0.6903838,0.43858862,0.8949139,-0.08227527
1356790977228,-0.6383184,0.23683044,-0.732435,-0.6424626,0.36021048,0.6763802,0.42401817,0.90230805,-0.077774346
1356790977268,-0.61273086,0.22184512,-0.7585155,-0.67285264,0.3569886,0.6479417,0.4145241,0.90738297,-0.069468915
1356790977307,-0.57349294,0.21026357,-0.791767,-0.708831,0.35716403,0.60827005,0.41068769,0.91006756,-0.05578965
1356790977347,-0.52532786,0.20820636,-0.82503384,-0.74370503,0.35876793,0.56408197,0.41344112,0.9099098,-0.033626676
1356790977386,-0.4751153,0.22400847,-0.8509323,-0.77080405,0.36048418,0.52527356,0.42441338,0.9054675,0.0013950467
1356790977427,-0.42878985,0.2643824,-0.8638525,-0.7866216,0.36096662,0.50092876,0.4442587,0.8943182,0.053190053
1356790977467,-0.38697755,0.32616895,-0.86247444,-0.79364175,0.35838127,0.4916255,0.46944764,0.87474376,0.12017584
1356790977507,-0.34440833,0.39114022,-0.85345906,-0.79933655,0.3546145,0.48508728,0.49238616,0.84926903,0.19052047
1356790977547,-0.29553777,0.4365213,-0.8497685,-0.80961406,0.35774362,0.46534345,0.5071316,0.8255111,0.24768704
1356790977586,-0.2379039,0.44875172,-0.861408,-0.8249309,0.37481308,0.42308903,0.5127289,0.8112565,0.28101963
1356790977627,-0.17181724,0.42539108,-0.8885501,-0.84212565,0.40460128,0.35654205,0.5111783,0.8095309,0.28871524
1356790977667,-0.1000607,0.37153015,-0.92301315,-0.8573201,0.43860978,0.26948786,0.5049655,0.81828284,0.27463263
1356790977706,-0.028366536,0.29745415,-0.9543146,-0.8678539,0.4664013,0.17117104,0.4960091,0.8330611,0.2449165
1356790977747,0.036059737,0.21591884,-0.9757452,-0.8733637,0.48137665,0.07424581,0.48573208,0.8495031,0.20593393
1356790977787,0.08713356,0.13828766,-0.98655176,-0.8754208,0.48326668,-0.009577513,0.47544315,0.8644824,0.16316861
1356790977827,0.12130177,0.07208508,-0.98999476,-0.8761885,0.47645938,-0.07266462,0.46645427,0.8762364,0.12095547
1356790977867,0.1373461,0.020825982,-0.9903041,-0.87725323,0.466815,-0.111849844,0.45995942,0.8841097,0.082384884
1356790977907,0.1354323,-0.014777452,-0.9906763,-0.87916875,0.4592638,-0.12703905,0.45685908,0.8881769,0.04920727
1356790977947,0.115924135,-0.03512904,-0.99263656,-0.8816502,0.45662087,-0.1191223,0.4574432,0.8889675,0.021961868
1356790977986,0.079882696,-0.041399777,-0.99594414,-0.8834482,0.4598087,-0.08997306,0.4616686,0.8870524,1.5622377E-4
1356790978027,0.0278939,-0.034187555,-0.99902606,-0.88248104,0.46858585,-0.040675253,0.46952006,0.88275623,-0.017099142
1356790978066,-0.039055645,-0.013589442,-0.99914455,-0.8759928,0.48152852,0.027692497,0.48074028,0.876325,-0.030710638
1356790978110,-0.11864641,0.020097345,-0.9927332,-0.86160743,0.49483857,0.112992644,0.49351352,0.8687525,-0.04139483
