1356791095578,-0.008176982,0.072618455,0.99732625,0.8307456,-0.55464786,0.047196865,0.5565922,0.8289103,-0.055792093
1356791095617,0.07470155,0.01699087,0.99706113,0.8274189,-0.5591292,-0.05246353,0.5565946,0.82890636,-0.05582635
1356791095657,0.07500315,0.017079055,0.99703693,0.8273798,-0.55916834,-0.052662045,0.55661213,0.82887816,-0.05607021
1356791095697,0.076036036,0.017356336,0.996954,0.8272529,-0.5592904,-0.05335635,0.5566607,0.8287901,-0.056884333
1356791095738,0.078376114,0.017888665,0.99676335,0.82698023,-0.55953604,-0.054984123,0.55674136,0.82861304,-0.058647886
1356791095777,0.08239657,0.018645138,0.9964253,0.8265259,-0.559916,-0.05787006,0.5568354,0.8283396,-0.061545894
1356791095816,0.08809346,0.019593835,0.99591947,0.8258733,-0.56043386,-0.062026143,0.5569316,0.8279674,-0.06555264
1356791095858,0.09526938,0.020846128,0.99523324,0.8249918,-0.5611328,-0.067219436,0.5570567,0.8274632,-0.07065663
1356791095897,0.10341036,0.022538632,0.99438334,0.82386315,-0.5620763,-0.07293722,0.5572754,0.8267783,-0.07669325
1356791095937,0.11165744,0.024690747,0.99344,0.8225237,-0.5632946,-0.07844734,0.5576624,0.82588714,-0.08320476
1356791095977,0.118961096,0.027147025,0.9925277,0.8211131,-0.5647028,-0.0829705,0.55823076,0.82484776,-0.08946851
1356791096019,0.1246866,0.02972582,0.9917508,0.8198135,-0.56612045,-0.08610165,0.5588909,0.82378644,-0.09495729
1356791096057,0.12873179,0.03228283,0.99115384,0.81878424,-0.5673377,-0.08786556,0.55948234,0.82285225,-0.099467054
1356791096097,0.13110805,0.034640193,0.9907627,0.81814957,-0.5681695,-0.08840108,0.5598589,0.8221822,-0.10283245
1356791096137,0.13187647,0.03659773,0.99059033,0.81797546,-0.56849897,-0.08789304,0.5599328,0.8218696,-0.104907736
1356791096184,0.13155615,0.038070768,0.9905774,0.81822157,-0.568309,-0.08682424,0.5596486,0.82193404,-0.10591489
1356791096206,0.13114184,0.039189547,0.9905887,0.8186183,-0.5678766,-0.08590883,0.5591654,0.8221803,-0.1065537
1356791096247,0.13102794,0.040089577,0.9905678,0.81922483,-0.5670761,-0.0854131,0.5583031,0.8226892,-0.10714519
1356791096286,0.13127524,0.04087919,0.9905028,0.81985104,-0.56618893,-0.08529079,0.55732507,0.82326126,-0.10784146
1356791096327,0.13222998,0.04118097,0.99036324,0.82024723,-0.56550694,-0.08600187,0.5565157,0.82371473,-0.10855551
1356791096366,0.13103211,0.042800546,0.99045384,0.82077944,-0.5650104,-0.08416924,0.5560142,0.82397294,-0.10916437
1356791096407,0.12932831,0.04457864,0.9905993,0.82117784,-0.5647803,-0.08179334,0.55582476,0.82403636,-0.10964908
1356791096447,0.12690896,0.046797097,0.9908099,0.8214246,-0.5648843,-0.078532964,0.55601776,0.82384217,-0.11012919
1356791096510,0.12423843,0.049340457,0.99102485,0.821278,-0.5656038,-0.074798435,0.55683684,0.82319975,-0.11079194
1356791096529,0.12187606,0.051950812,0.9911848,0.8204771,-0.5672338,-0.07115546,0.55853695,0.8219166,-0.11175665
1356791096568,0.11989397,0.054545492,0.9912871,0.8189008,-0.56993,-0.067683876,0.5612725,0.8198808,-0.1129985
1356791096608,0.11746687,0.057461888,0.99141294,0.81665254,-0.5736241,-0.06351346,0.56504875,0.81710064,-0.11430821
1356791096648,0.11312121,0.061400324,0.99168223,0.813941,-0.5781395,-0.057050586,0.56982774,0.81362444,-0.1153761
1356791096688,0.10550225,0.067135215,0.9921503,0.8109472,-0.5832474,-0.046767473,0.57552934,0.80951554,-0.11597705
1356791096718,0.094382465,0.075155705,0.9926951,0.8082936,-0.58789074,-0.03234163,0.5811657,0.8054415,-0.11623439
1356791096748,0.082345665,0.08369392,0.99308336,0.8055485,-0.5922894,-0.016879141,0.5867801,0.8013667,-0.11619198
1356791096789,0.069398165,0.092683494,0.9932742,0.8021175,-0.5971661,-3.2016635E-4,0.5931201,0.7967448,-0.115785286
1356791096829,0.05442232,0.10320392,0.99317026,0.798223,-0.60206777,0.018823147,0.59989846,0.79174703,-0.11514567
1356791096887,0.039381087,0.11374143,0.99272954,0.79358983,-0.60725933,0.038095057,0.60717726,0.7863199,-0.11417855
1356791096908,0.025711656,0.122968644,0.99207747,0.787892,-0.6132986,0.055598944,0.6152766,0.78022027,-0.112655
1356791096947,0.014507592,0.13000378,0.9914074,0.7810868,-0.62049365,0.06993571,0.62425387,0.7733606,-0.11054614
1356791096984,0.006757021,0.13439855,0.99090433,0.77413,-0.6279648,0.07989341,0.6329906,0.76654893,-0.108285114
1356791097027,0.0029805303,0.13611743,0.99068826,0.76900995,-0.6335951,0.08474034,0.63922983,0.76159656,-0.10656412
1356791097067,0.0034314394,0.13527748,0.99080175,0.7681714,-0.6347101,0.08399868,0.640235,0.7608174,-0.10609424
1356791097107,0.0079212785,0.13231295,0.9911763,0.77336204,-0.62917167,0.07780811,0.6339151,0.76592183,-0.10730967
1356791097147,0.016152859,0.12732014,0.9917301,0.7842432,-0.6168877,0.0664238,0.6202432,0.77668464,-0.10981442
1356791097187,0.027051449,0.12012625,0.9923899,0.7987432,-0.5995238,0.05079794,0.6010636,0.7912906,-0.11216794
1356791097227,0.039159358,0.110164195,0.9931417,0.81421804,-0.57966584,0.032194972,0.57923704,0.80737317,-0.112397075
1356791097267,0.05153215,0.09675434,0.9939734,0.82829857,-0.5601671,0.011584431,0.557912,0.8227098,-0.10900806
1356791097308,0.06364143,0.0794847,0.9948025,0.83957124,-0.5431518,-0.010312885,0.53950906,0.8358638,-0.101300046
1356791097347,0.07498139,0.058125347,0.9954894,0.84741616,-0.5299097,-0.032887638,0.5256079,0.8460598,-0.088989735
1356791097387,0.08281499,0.032763064,0.9960263,0.85169625,-0.52128047,-0.053667754,0.5174507,0.85275626,-0.071074024
1356791097427,0.08155978,0.0037433803,0.9966614,0.85230637,-0.5186301,-0.06779885,0.51664484,0.85499054,-0.045489863
1356791097467,0.0625636,-0.027590811,0.99765956,0.8488092,-0.5243431,-0.06773013,0.5249846,0.85106003,-0.0093854815
1356791097511,0.013871014,-0.058728606,0.9981776,0.8389579,-0.54244906,-0.043573856,0.5440195,0.8380334,0.041746512
1356791097548,-0.0581522,-0.084834635,0.9946966,0.82103395,-0.5708788,-6.889701E-4,0.5679097,0.81663966,0.10285002
1356791097588,-0.14845884,-0.10193774,0.9836507,0.79212475,-0.6077318,0.05657205,0.592029,0.78757274,0.17097056
1356791097618,-0.22991824,-0.10903856,0.96708226,0.7587757,-0.6423408,0.107970595,0.6094234,0.758623,0.23042169
1356791097648,-0.29383945,-0.109592676,0.94955146,0.7278527,-0.66958195,0.14795464,0.61958766,0.7346085,0.27651685
1356791097688,-0.33341056,-0.1065321,0.93674344,0.7082552,-0.6841047,0.17428535,0.6222636,0.72156197,0.3035397
1356791097733,-0.34335905,-0.100767076,0.93378294,0.7059689,-0.6834263,0.18583971,0.6194453,0.72303146,0.305799
1356791097767,-0.33767384,-0.0920966,0.9367467,0.712358,-0.67550224,0.19037506,0.61524165,0.7315837,0.29370534
1356791097807,-0.3081925,-0.08441314,0.9475715,0.73053443,-0.65902686,0.17889383,0.60937405,0.7473674,0.26477385
1356791097847,-0.2620542,-0.07623848,0.962037,0.75421214,-0.6381045,0.15487596,0.60207266,0.766166,0.22471802
1356791097887,-0.20441973,-0.06770426,0.9765392,0.77809274,-0.6165549,0.120132476,0.59395653,0.78439546,0.17871614
1356791097927,-0.14116287,-0.058895946,0.988233,0.79776627,-0.59785795,0.07832521,0.5862099,0.7994355,0.13138056
1356791097967,-0.07899898,-0.04979649,0.9956302,0.8106729,-0.5844467,0.035092324,0.5801453,0.80990267,0.08653936
1356791098007,-0.025141954,-0.04009992,0.99887925,0.81648755,-0.577357,-0.0026268363,0.5768153,0.81550646,0.04725702
1356791098048,0.014907062,-0.029326707,0.99945873,0.81669533,-0.5763354,-0.029092282,0.5768766,0.816687,0.015359491
1356791098087,0.03894329,-0.01698646,0.999097,0.8133482,-0.5802902,-0.041569084,0.58047235,0.8142326,-0.008782491
1356791098127,0.04845524,-0.0030062199,0.9988209,0.8077074,-0.5881595,-0.040954113,0.587589,0.8087394,-0.02607128
1356791098167,0.047325432,0.012351751,0.99880314,0.8000542,-0.5991519,-0.030498862,0.5980581,0.80054003,-0.038237184
1356791098207,0.040525675,0.028477937,0.99877256,0.7911477,-0.61144924,-0.014666975,0.61028105,0.790771,-0.047309622
1356791098247,0.032269537,0.044335783,0.99849534,0.7833335,-0.6215975,0.0022846162,0.62076354,0.7820811,-0.054788396
1356791098287,0.02453661,0.059107304,0.9979501,0.7801851,-0.6252939,0.017852932,0.62506735,0.7781477,-0.06145723
1356791098327,0.018673599,0.07163647,0.997256,0.7837608,-0.6203433,0.02988559,0.62078196,0.7810521,-0.067729905
1356791098366,0.01544404,0.080637455,0.9966238,0.7933109,-0.6076989,0.036875904,0.6086208,0.790063,-0.0733559
1356791098407,0.0153717995,0.08460471,0.99629605,0.80620813,-0.5904297,0.03769988,0.59143233,0.80264246,-0.07728502
1356791098447,0.019564152,0.08208346,0.9964334,0.819566,-0.5721434,0.031040102,0.5726507,0.81603575,-0.07846634
1356791098509,0.030128837,0.07188895,0.9969575,0.83125186,-0.5556949,0.014949143,0.5550788,0.8282724,-0.07650025
1356791098528,0.04954177,0.05300322,0.99736464,0.83996344,-0.5424898,-0.012893528,0.5403768,0.83838856,-0.07139669
1356791098568,0.07751948,0.025043905,0.99667627,0.84495705,-0.53226656,-0.05234459,0.52918655,0.8462063,-0.062422052
1356791098608,0.11022782,-0.012150168,0.9938321,0.84562063,-0.52429557,-0.10019922,0.52227914,0.85144967,-0.047517523
1356791098648,0.1362493,-0.05683437,0.98904294,0.8422539,-0.5189758,-0.14585024,0.5215787,0.85289735,-0.022841036
1356791098688,0.13745904,-0.10441798,0.9849883,0.8369435,-0.51959836,-0.17188114,0.52974576,0.8480062,0.015968457
1356791098728,0.09378672,-0.14652786,0.98475057,0.83127797,-0.5327956,-0.15844852,0.54788786,0.83346176,0.07183617
1356791098768,0.0042235255,-0.17494172,0.98456967,0.82037413,-0.5623921,-0.1034469,0.57181144,0.80815244,0.14114243
1356791098808,-0.10008979,-0.18861043,0.9769381,0.79889995,-0.60049736,-0.03408441,0.5930774,0.7770643,0.21078455
1356791098848,-0.17762637,-0.19694614,0.9641894,0.77552646,-0.63116103,0.013948709,0.6058116,0.750232,0.26484773
1356791098888,-0.20469058,-0.21226612,0.9555338,0.765609,-0.64295745,0.021176517,0.6098725,0.7359,0.2941202
1356791098928,-0.17512095,-0.24166593,0.95442665,0.7744274,-0.63240564,-0.01803431,0.60794306,0.735976,0.2979002
1356791098968,-0.08916485,-0.28514448,0.9543282,0.7933936,-0.5995809,-0.10502088,0.60214305,0.7477937,0.27969337
1356791099008,0.044453144,-0.33504233,0.9411538,0.80362236,-0.5476664,-0.23292151,0.59347695,0.76668644,0.2449021
1356791099048,0.20306778,-0.37869596,0.90296894,0.7869048,-0.48567784,-0.38065457,0.58270437,0.7878493,0.19937214
1356791099088,0.35449547,-0.4061519,0.84224325,0.74021375,-0.42846674,-0.5181698,0.5713288,0.80712885,0.14874968
1356791099128,0.47429663,-0.41653144,0.7755928,0.67804563,-0.3890767,-0.62359715,0.56151295,0.8216573,0.0978896
1356791099168,0.55491215,-0.41539422,0.72077745,0.61952865,-0.37189186,-0.6912892,0.55520874,0.830147,0.050981313
1356791099210,0.6010748,-0.40858316,0.68685436,0.57649606,-0.37355378,-0.72671163,0.5534992,0.8327769,0.011012822
1356791099248,0.6204562,-0.39916217,0.6750582,0.5525176,-0.38838825,-0.7374815,0.5565594,0.8305565,-0.020433784
1356791099289,0.61894166,-0.38785347,0.6829941,0.54636526,-0.4121026,-0.7291478,0.5642661,0.8244642,-0.043157816
1356791099328,0.6003728,-0.37393534,0.70691216,0.5546976,-0.44203544,-0.70492214,0.57607555,0.81533855,-0.05796501
1356791099368,0.56905687,-0.35653973,0.7409816,0.57232374,-0.47530037,-0.66823286,0.5904404,0.8043439,-0.0664168
1356791099408,0.53224295,-0.33582696,0.7771343,0.5932305,-0.50695115,-0.62536246,0.6039827,0.79386455,-0.07059839
1356791099448,0.49899086,-0.3138991,0.8077595,0.6128016,-0.531263,-0.58500755,0.612766,0.7869098,-0.072737485
1356791099506,0.47679982,-0.29416287,0.8283297,0.62873566,-0.544418,-0.5552482,0.61429095,0.78554267,-0.0746277
1356791099528,0.46951127,-0.28002393,0.83734447,0.6400308,-0.5453516,-0.5412506,0.60821027,0.79004943,-0.076824784
1356791099568,0.47783062,-0.27396983,0.8346367,0.6456005,-0.5347961,-0.5451542,0.59571624,0.7993332,-0.078666866
1356791099608,0.5005088,-0.27729875,0.8201197,0.6434366,-0.5146371,-0.5666904,0.5792065,0.8113286,-0.07915625
1356791099648,0.53525096,-0.28999972,0.7933515,0.6312101,-0.48681563,-0.6038083,0.5613201,0.8239604,-0.07751778
1356791099688,0.578166,-0.31064132,0.7544707,0.6079881,-0.45263815,-0.65228003,0.54412735,0.8358354,-0.07283378
1356791099729,0.6224358,-0.33671066,0.7065406,0.5763004,-0.41364166,-0.7048251,0.5295768,0.84588796,-0.063418895
1356791099768,0.65741265,-0.36543274,0.65898985,0.5450633,-0.3732384,-0.75073236,0.5203025,0.8527321,-0.0461877
1356791099808,0.67001396,-0.39553547,0.62819815,0.5300966,-0.33749253,-0.77787936,0.5196911,0.8541957,-0.01645267
1356791099866,0.6465714,-0.42754874,0.6317812,0.5483984,-0.3151945,-0.7745397,0.5302874,0.847263,0.030671239
1356791099887,0.57613784,-0.4603026,0.6754159,0.6042888,-0.31653845,-0.73118967,0.55036366,0.8294124,0.095785946
1356791099927,0.46299452,-0.48718676,0.7404629,0.67676616,-0.34516573,-0.65026784,0.57238424,0.80219066,0.16990164
1356791099964,0.34291595,-0.50216573,0.79387546,0.7326328,-0.3859672,-0.5606055,0.58792675,0.77385986,0.23554873
1356791100027,0.27496147,-0.50933444,0.81545967,0.75713325,-0.40803576,-0.51015294,0.59257525,0.757684,0.27344
1356791100066,0.24603033,-0.50383353,0.82802224,0.76677597,-0.42138845,-0.48423788,0.5928943,0.7540448,0.28265312
1356791100107,0.2706064,-0.49564266,0.8252942,0.7601868,-0.41597617,-0.49907893,0.59066755,0.7624317,0.26421523
1356791100147,0.3241238,-0.47905648,0.8157504,0.74293506,-0.4049303,-0.5329907,0.5856547,0.77880454,0.22466025
1356791100187,0.38806355,-0.4527852,0.8027405,0.71862954,-0.39668345,-0.5711514,0.57704276,0.79851604,0.17144641
1356791100227,0.4488573,-0.41901064,0.78927636,0.6920811,-0.3957346,-0.60367024,0.5652883,0.8172051,0.112361014
1356791100267,0.4976047,-0.38182622,0.77884424,0.66868037,-0.40306655,-0.62482315,0.5524999,0.8317128,0.054751873
1356791100307,0.5291821,-0.3453707,0.775039,0.6530264,-0.41744873,-0.6318965,0.54177755,0.8405092,0.004629791
1356791100347,0.54190207,-0.312546,0.78016484,0.64718807,-0.4370341,-0.62461895,0.53618085,0.84339565,-0.034553617
1356791100387,0.5365218,-0.28455418,0.7944642,0.65037227,-0.4604686,-0.6041395,0.53773624,0.84083146,-0.061985288
1356791100427,0.51533717,-0.2612009,0.8162118,0.6598977,-0.48671585,-0.5724009,0.54677486,0.83359575,-0.07845691
1356791100466,0.48210597,-0.24156123,0.84215325,0.67216086,-0.51455474,-0.5323844,0.5619374,0.82272816,-0.08570191
1356791100509,0.44206762,-0.22463071,0.86839926,0.6837887,-0.5421809,-0.48833686,0.5805249,0.80967957,-0.08608067
1356791100549,0.40399778,-0.20939942,0.8904705,0.69307566,-0.5652534,-0.44736433,0.5970192,0.7978976,-0.08323148
1356791100588,0.37430304,-0.19600692,0.90635455,0.70120263,-0.57976216,-0.41495872,0.60680485,0.7908585,-0.07956614
1356791100628,0.35661268,-0.18462199,0.91582865,0.7103537,-0.58312833,-0.3941561,0.6068155,0.7911233,-0.07680404
1356791100668,0.3512059,-0.17583561,0.91963917,0.7214445,-0.57524353,-0.38550317,0.5968017,0.7988596,-0.07517326
1356791100708,0.3557998,-0.17054391,0.9188695,0.7332875,-0.5586067,-0.38761815,0.5793927,0.81171,-0.073694386
1356791100748,0.36782408,-0.16983894,0.9142539,0.74345994,-0.5368388,-0.39883733,0.5585452,0.82641315,-0.071193755
1356791100788,0.38574088,-0.17489618,0.9058782,0.7494345,-0.51326483,-0.4182191,0.53810036,0.8402206,-0.06691402
1356791100828,0.40846056,-0.1865105,0.8935176,0.7498286,-0.48964143,-0.44498134,0.52049696,0.8517424,-0.0601483
1356791100868,0.43326336,-0.20505247,0.87763107,0.74496365,-0.46658957,-0.47678435,0.50725937,0.86037636,-0.049399532
1356791100908,0.45366138,-0.23049599,0.8608501,0.7376621,-0.444892,-0.5078638,0.5000459,0.8654147,-0.031802148
1356791100948,0.45831695,-0.2622912,0.84920484,0.73411787,-0.42688337,-0.5280545,0.5010155,0.86543274,-0.0030952096
1356791100988,0.4325164,-0.2989953,0.8506065,0.7422476,-0.41750443,-0.5241743,0.51185757,0.8580745,0.041350994
1356791101028,0.36430764,-0.3367896,0.8682469,0.7648119,-0.42375296,-0.4852794,0.5313593,0.8408365,0.10320428
1356791101068,0.2592172,-0.36866173,0.8926897,0.7913747,-0.4487688,-0.41512954,0.5536537,0.8140608,0.17542103
1356791101108,0.15032637,-0.38950092,0.90867543,0.80691034,-0.4827199,-0.3404073,0.5712247,0.7843918,0.24172679
1356791101148,0.07766205,-0.402103,0.9122948,0.810579,-0.5072948,-0.29259843,0.58045703,0.7622108,0.28653866
1356791101186,0.059452116,-0.41212428,0.9091859,0.8105557,-0.5116731,-0.28493857,0.5826361,0.753886,0.3036297
1356791101226,0.09263277,-0.42100346,0.90231663,0.80888426,-0.49662358,-0.3147558,0.580625,0.7590264,0.29453948
1356791101267,0.16259408,-0.4260118,0.8899871,0.80094457,-0.4697855,-0.37119973,0.57623863,0.77318525,0.26482755
1356791101307,0.25028044,-0.42418486,0.8703028,0.78263015,-0.44054186,-0.4397874,0.56995595,0.7911954,0.22172078
1356791101346,0.33912766,-0.41514975,0.8441819,0.7542922,-0.41625035,-0.50771946,0.5621706,0.80894154,0.17198217
1356791101386,0.41813976,-0.40094045,0.8151109,0.7198322,-0.40107965,-0.56654805,0.55407643,0.82363933,0.12090251
1356791101426,0.480785,-0.38456684,0.7880064,0.6849565,-0.3963532,-0.6113417,0.54743063,0.8336741,0.07285091
1356791101466,0.5248058,-0.36862105,0.7672662,0.65494627,-0.4008821,-0.6405772,0.5437134,0.83869684,0.03104165
1356791101509,0.5508034,-0.35442615,0.75564396,0.63308907,-0.41255808,-0.6549765,0.54388773,0.8391532,-0.0028550923
1356791101548,0.56123686,-0.34165883,0.7538451,0.6208411,-0.42853835,-0.6564383,0.54732955,0.8364354,-0.028395653
1356791101588,0.5584763,-0.3300658,0.7610261,0.6173146,-0.44745037,-0.6470786,0.5541,0.8311706,-0.04613599
1356791101628,0.5443249,-0.31821328,0.776177,0.6212058,-0.46889973,-0.6278824,0.56374973,0.8239377,-0.05755782
1356791101668,0.5223479,-0.30511025,0.7962791,0.6295657,-0.4918433,-0.6014459,0.5751518,0.81547403,-0.0648264
1356791101708,0.49847308,-0.2903203,0.8168468,0.63937783,-0.5131868,-0.5725691,0.5854234,0.807684,-0.07018542
1356791101747,0.47956467,-0.2745003,0.83346707,0.64890164,-0.5284551,-0.5474138,0.5907151,0.80335844,-0.07530469
1356791101787,0.47050953,-0.25930166,0.8434354,0.65765166,-0.53423953,-0.5311142,0.58831537,0.80458105,-0.0808346
1356791101827,0.47266153,-0.24673484,0.8459982,0.66532725,-0.5296004,-0.52617776,0.5778673,0.8115697,-0.0861623
1356791101866,0.48451313,-0.23861766,0.8416108,0.6708874,-0.51605177,-0.53254175,0.5613886,0.8226495,-0.0899483
1356791101907,0.5037672,-0.23626907,0.83090043,0.6725456,-0.4963742,-0.5489036,0.5421264,0.835338,-0.09115532
1356791101947,0.528415,-0.24042249,0.81423247,0.66852355,-0.47332942,-0.57361615,0.5233104,0.84744096,-0.089386284
1356791101987,0.5557898,-0.25079536,0.7925904,0.6589367,-0.4483854,-0.6039479,0.5068532,0.85793495,-0.083949804
1356791102027,0.58129144,-0.2668551,0.76869273,0.64635015,-0.4224466,-0.63542926,0.49429914,0.8662143,-0.073082775
1356791102066,0.59634686,-0.2879849,0.74928975,0.63748085,-0.39737052,-0.660087,0.48784077,0.8712987,-0.053385794
1356791102107,0.5885534,-0.3140775,0.74495655,0.6428068,-0.3770416,-0.66681266,0.4903105,0.871318,-0.020017982
1356791102147,0.54345524,-0.34465933,0.765419,0.67169154,-0.36834496,-0.6427693,0.5034747,0.8634419,0.031325787
1356791102187,0.45142263,-0.3758279,0.8093028,0.7213901,-0.38009775,-0.57889724,0.52517986,0.84515035,0.099533826
1356791102226,0.3246299,-0.39899155,0.85756695,0.7706343,-0.41411114,-0.4843911,0.548396,0.81811845,0.17304373
1356791102267,0.20225239,-0.40829384,0.89016294,0.79924166,-0.4564656,-0.3909628,0.5659565,0.7905284,0.23400417
1356791102307,0.119350016,-0.40589958,0.9060911,0.8089064,-0.4894178,-0.32579225,0.5756961,0.7718262,0.2699228
1356791102346,0.083195806,-0.39547992,0.91469896,0.81077635,-0.5068207,-0.2928729,0.57941365,0.76598203,0.27848038
1356791102386,0.08332473,-0.37746054,0.9222693,0.8109271,-0.5122149,-0.28290135,0.5791841,0.77146584,0.26341277
1356791102427,0.105585515,-0.35079926,0.93047917,0.81073135,-0.51145965,-0.28482217,0.57581794,0.78444177,0.23040125
1356791102466,0.13699532,-0.3152818,0.9390578,0.8105182,-0.5093129,-0.28924125,0.5694668,0.80074817,0.18576819
1356791102510,0.17081916,-0.27241743,0.94689465,0.81038845,-0.5077822,-0.29228023,0.5604385,0.8172796,0.13402501
1356791102548,0.19482881,-0.22450113,0.95479894,0.81173146,-0.5095254,-0.2854399,0.55057585,0.8306523,0.08296436
1356791102588,0.21054226,-0.17661542,0.96149826,0.8138817,-0.5131762,-0.2724823,0.54154265,0.8399149,0.03569883
1356791102628,0.21477056,-0.13074335,0.9678739,0.8171669,-0.5186895,-0.251395,0.5348943,0.8449067,-0.004560083
1356791102668,0.20803136,-0.0892064,0.9740457,0.82081896,-0.525668,-0.22344846,0.5319578,0.84599954,-0.03613308
1356791102708,0.19222724,-0.053370237,0.97989804,0.82331675,-0.53461224,-0.19062829,0.53403944,0.8434105,-0.058826372
1356791102747,0.17036265,-0.023691595,0.98509663,0.8229128,-0.54648656,-0.15545762,0.542025,0.83713275,-0.07360482
1356791102787,0.14655215,1.1175871E-4,0.989203,0.8187797,-0.56116,-0.12124023,0.55508757,0.8277073,-0.08233072
1356791102827,0.124958456,0.018835604,0.9919832,0.8125059,-0.57574034,-0.09141794,0.5694028,0.8174156,-0.087247685
1356791102885,0.10838348,0.033402443,0.9935479,0.8079216,-0.5853003,-0.06845662,0.5792372,0.81012833,-0.090423495
1356791102907,0.09794003,0.0444988,0.99419695,0.8084818,-0.58609235,-0.05341226,0.58031446,0.80902135,-0.09337835
1356791102947,0.093382895,0.052324623,0.99425435,0.81506026,-0.57753456,-0.046158582,0.57180107,0.8146876,-0.09657952
1356791102984,0.09348583,0.056456923,0.9940187,0.8258319,-0.562058,-0.045745164,0.5561135,0.82516885,-0.09916842
1356791103027,0.096762955,0.05620265,0.99371934,0.8379959,-0.54330015,-0.05087158,0.5370288,0.8376552,-0.09966892
1356791103067,0.10230273,0.05099839,0.9934451,0.84883666,-0.52518755,-0.060450822,0.51866215,0.8494569,-0.09701739
1356791103106,0.10876238,0.0407663,0.9932315,0.8569533,-0.5102125,-0.07289824,0.50378734,0.8590816,-0.09042673
1356791103147,0.11372578,0.025247961,0.9931913,0.8619385,-0.4996668,-0.08599454,0.4940936,0.8658496,-0.07858716
1356791103187,0.11175239,0.0039179623,0.9937284,0.8640652,-0.49429166,-0.09522194,0.49081853,0.8692874,-0.058623686
1356791103227,0.09414506,-0.02391094,0.9952713,0.8635452,-0.49551064,-0.09358922,0.49540532,0.86827266,-0.026001722
1356791103267,0.051510096,-0.05782956,0.99699676,0.8590625,-0.50652796,-0.073764235,0.50927246,0.86028206,0.023587853
1356791103307,-0.01979649,-0.09439072,0.99533844,0.84664583,-0.5310996,-0.03352657,0.53178835,0.8420354,0.090429366
1356791103346,-0.10810882,-0.12632206,0.98608077,0.82318985,-0.567495,0.017551243,0.55737877,0.8136291,0.1653382
1356791103387,-0.18951988,-0.14672959,0.9708515,0.79362744,-0.6050838,0.063474625,0.5781329,0.7825241,0.23112406
1356791103427,-0.24521387,-0.15397972,0.9571627,0.76943266,-0.6315448,0.0955224,0.58978266,0.7598956,0.27334058
1356791103466,-0.27047235,-0.1506972,0.9508602,0.75849307,-0.6416208,0.114066094,0.59290224,0.7520726,0.28784347
1356791103510,-0.26629013,-0.13949963,0.9537449,0.7627115,-0.6355085,0.119999975,0.5893731,0.759387,0.27562773
1356791103548,-0.24415314,-0.12336561,0.9618577,0.77540576,-0.62048346,0.11724341,0.582353,0.77445537,0.24715145
1356791103588,-0.20616329,-0.10404962,0.9729699,0.79354453,-0.59955424,0.104028195,0.5725241,0.79354167,0.20617406
1356791103628,-0.15845054,-0.0828388,0.98388577,0.8124404,-0.57721496,0.08224103,0.56110084,0.8123797,0.15876158
1356791103668,-0.10657638,-0.06133291,0.99241114,0.828315,-0.5576064,0.054492682,0.5500325,0.82783663,0.110230565
1356791103708,-0.05571145,-0.04108557,0.9976012,0.83878374,-0.5439158,0.024441421,0.54160684,0.8381334,0.06476425
1356791103748,-0.010355175,-0.023442626,0.9996716,0.8431376,-0.53768396,-0.0038751662,0.53759825,0.8428205,0.025333121
1356791103788,0.026710033,-0.009242564,0.99960047,0.8419905,-0.53879213,-0.027480394,0.5388308,0.84238803,-0.006608993
1356791103828,0.05458671,0.0012516975,0.9985083,0.83657366,-0.5459992,-0.045049608,0.5451283,0.8377848,-0.030851498
1356791103868,0.07388008,0.008273751,0.99723274,0.828141,-0.557642,-0.056726277,0.55562955,0.8300403,-0.04805042
1356791103908,0.08648807,0.012467265,0.9961748,0.81809163,-0.57152957,-0.063874066,0.5685471,0.82048666,-0.059629783
1356791103947,0.09514648,0.014739424,0.9953542,0.8086659,-0.584249,-0.0686492,0.5805228,0.8114407,-0.06750853
1356791103987,0.102384925,0.015901476,0.9946178,0.8027067,-0.59186876,-0.073167294,0.58751965,0.80587757,-0.07336271
1356791104027,0.11028457,0.016410947,0.9937646,0.80238116,-0.59152323,-0.07927716,0.5865337,0.806121,-0.07840377
1356791104067,0.12015051,0.016251385,0.9926226,0.80790627,-0.5826653,-0.088252276,0.57693267,0.8125496,-0.08313708
1356791104107,0.1321801,0.01474902,0.9911159,0.81764996,-0.5668563,-0.100610286,0.5603365,0.8236846,-0.086986616
1356791104147,0.14575213,0.010780245,0.98926234,0.82909644,-0.54689837,-0.11619452,0.53977346,0.8371295,-0.08864942
1356791104187,0.16024894,0.0031878948,0.9870715,0.8396185,-0.5262326,-0.13461071,0.51900005,0.8503347,-0.087004855
1356791104227,0.1751591,-0.008819044,0.98450065,0.8474367,-0.50766766,-0.1553207,0.50116897,0.86150783,-0.08144905
1356791104266,0.18919069,-0.025777817,0.98160195,0.85201645,-0.4926309,-0.17715177,0.48813403,0.8698565,-0.071238056
1356791104307,0.19860435,-0.048379302,0.97888494,0.8537607,-0.4819429,-0.19703713,0.48129916,0.874866,-0.05441162
1356791104347,0.19600469,-0.077661455,0.97752285,0.85349184,-0.47733277,-0.20905778,0.48283935,0.8752841,-0.027276069
1356791104387,0.17088777,-0.11419308,0.9786507,0.851699,-0.4822721,-0.20499349,0.4953848,0.8685467,0.014843807
1356791104426,0.11489576,-0.15596837,0.98105705,0.8468556,-0.50086325,-0.1788061,0.5192635,0.8513577,0.07453562
1356791104466,0.032303333,-0.19640282,0.9799911,0.8351214,-0.53338736,-0.1344257,0.5491164,0.82275385,0.14678998
1356791104510,-0.056515038,-0.22723562,0.9721985,0.8156802,-0.57203174,-0.086286664,0.5757358,0.78812665,0.21768004
1356791104548,-0.12402552,-0.24376842,0.9618703,0.7963885,-0.60271007,-0.050057888,0.59193146,0.7598141,0.26888585
1356791104588,-0.15768999,-0.24806473,0.95582294,0.7858969,-0.6175983,-0.030629396,0.5979128,0.7463485,0.29234248
1356791104628,-0.15839231,-0.24276516,0.95706683,0.7864609,-0.617077,-0.026367426,0.59698504,0.74851924,0.28866553
1356791104668,-0.13290995,-0.22979772,0.96412027,0.7952565,-0.6052827,-0.03463784,0.5915251,0.7621192,0.26319635
1356791104708,-0.08987117,-0.2104106,0.9734734,0.8081291,-0.58668756,-0.052202553,0.58210874,0.78200066,0.22276522
1356791104748,-0.037279785,-0.18588325,0.98186433,0.8215933,-0.5650158,-0.075772315,0.56885374,0.8038684,0.17378418
1356791104787,0.01804322,-0.15784466,0.9872991,0.833052,-0.5436825,-0.1021457,0.55290043,0.8243145,0.12168303
1356791104829,0.07027894,-0.12828511,0.98924404,0.84090537,-0.5258436,-0.12793186,0.53659946,0.84085155,0.07091993
1356791104870,0.11499733,-0.09919679,0.9884005,0.8446673,-0.5138895,-0.14984879,0.5227931,0.8521018,0.024692386
1356791104909,0.14699084,-0.07248619,0.9864783,0.84518516,-0.5089054,-0.1633316,0.51386344,0.8577651,-0.013540119
1356791104950,0.16584373,-0.04987508,0.98489,0.8428691,-0.51128066,-0.16782048,0.5119252,0.85796535,-0.042754516
1356791104988,0.17187947,-0.031584114,0.9846116,0.83824086,-0.5203622,-0.16302022,0.51750344,0.85336137,-0.06296454
1356791105027,0.16795373,-0.017396063,0.98564136,0.83138824,-0.5347525,-0.15110704,0.5297029,0.84482956,-0.07535075
1356791105067,0.15824163,-0.0065025985,0.987379,0.82278454,-0.5519655,-0.13549814,0.54588026,0.83384156,-0.08199367
1356791105109,0.14743626,0.0023384988,0.98906887,0.81474423,-0.5672438,-0.12010926,0.5607623,0.8235466,-0.08553757
1356791105148,0.13883358,0.010024518,0.990265,0.8103802,-0.5759049,-0.10778409,0.5692179,0.81745523,-0.08807863
1356791105186,0.13371211,0.017152458,0.9908718,0.8114306,-0.57591194,-0.09952828,0.5689478,0.8173318,-0.0909244
1356791105226,0.13231927,0.023493856,0.9909287,0.8184067,-0.5665893,-0.09584907,0.5591977,0.8236654,-0.09419821
1356791105267,0.13328749,0.028084815,0.99067944,0.82927084,-0.55054593,-0.095963866,0.5427194,0.83433235,-0.09667082
1356791105307,0.13578194,0.029706448,0.9902933,0.8411497,-0.53159165,-0.09938601,0.52347916,0.8464798,-0.09716816
1356791105347,0.14008087,0.027415395,0.98976046,0.85181826,-0.51292807,-0.1063503,0.5047603,0.85799366,-0.09520434
1356791105386,0.14649421,0.020428687,0.98900056,0.8601463,-0.4964105,-0.117154,0.48855698,0.8678475,-0.0902929
1356791105426,0.15274405,0.007844895,0.98823464,0.865875,-0.4830746,-0.12999707,0.4763713,0.875544,-0.08057943
1356791105466,0.15283161,-0.011509031,0.9881853,0.86902106,-0.474576,-0.13992909,0.47057942,0.88013935,-0.062528655
1356791105509,0.1338185,-0.03818482,0.9902699,0.8698599,-0.47422886,-0.13583338,0.47480133,0.8795731,-0.030245155
1356791105548,0.08647972,-0.06928387,0.9938415,0.8675661,-0.48515922,-0.109313846,0.4897451,0.8716767,0.01815191
1356791105589,0.0012281537,-0.098413676,0.99514484,0.85752773,-0.51183575,-0.051675707,0.51443636,0.85342777,0.08376385
1356791105628,-0.105624974,-0.11815262,0.9873618,0.8340158,-0.5512502,0.02325514,0.54153574,0.82593167,0.15676697
1356791105668,-0.20199186,-0.12609631,0.9712358,0.80143684,-0.5912824,0.08991143,0.5629372,0.7965455,0.22049247
1356791105708,-0.2632879,-0.1271972,0.95629513,0.7741822,-0.6193061,0.13077429,0.5756053,0.7747779,0.26152956
1356791105748,-0.28248852,-0.12805837,0.95068455,0.763288,-0.63028103,0.14190546,0.5810263,0.7657329,0.2757926
1356791105788,-0.26235008,-0.13237399,0.95585024,0.7701856,-0.6254977,0.124767125,0.5813662,0.7689147,0.2660519
1356791105828,-0.20906019,-0.14031091,0.9677844,0.7889432,-0.6089512,0.0821403,0.5778084,0.78069925,0.23800482
1356791105885,-0.13041645,-0.14961743,0.9801052,0.81057227,-0.5853463,0.018502086,0.5709327,0.796859,0.19761454
1356791105907,-0.035915554,-0.1570518,0.98693717,0.8266938,-0.5595547,-0.058958113,0.5615047,0.8137772,0.14993042
1356791105947,0.060816586,-0.1594249,0.985335,0.83229524,-0.53682196,-0.1382272,0.5509864,0.8284961,0.10004096
1356791105984,0.14636046,-0.15509218,0.97699803,0.8282148,-0.5208758,-0.20675755,0.5409611,0.8394253,0.05221398
1356791106027,0.21068257,-0.14393792,0.9668996,0.8197247,-0.512879,-0.25496382,0.53260154,0.8463078,0.009934828
1356791106067,0.24844694,-0.12663803,0.9603317,0.8130002,-0.51171494,-0.27781022,0.5265974,0.8497709,-0.024177298
1356791106108,0.26013094,-0.10466665,0.95988375,0.81113994,-0.5156084,-0.27604344,0.52381665,0.8504075,-0.049226373
1356791106146,0.24887657,-0.078608274,0.96533996,0.8141034,-0.5229663,-0.25247145,0.52468663,0.8487208,-0.066158816
1356791106187,0.22270864,-0.05129713,0.9735345,0.8184419,-0.53272784,-0.21529949,0.52967316,0.8447305,-0.07665938
1356791106226,0.18882638,-0.023764074,0.98172295,0.8222652,-0.5427142,-0.17129323,0.5368656,0.83958125,-0.08293843
1356791106267,0.1548813,0.002152145,0.9879307,0.82574224,-0.5492718,-0.1282579,0.54236656,0.8356409,-0.086849004
1356791106307,0.126198,0.024930418,0.99169177,0.8304852,-0.54941237,-0.09187183,0.5425573,0.83517945,-0.09003909
1356791106347,0.10556704,0.043340117,0.99346733,0.837502,-0.54251534,-0.06532666,0.53613997,0.83892715,-0.093569174
1356791106387,0.09298831,0.056289434,0.99407476,0.8464957,-0.5301206,-0.04916531,0.52421206,0.8460518,-0.096943796
1356791106427,0.08702046,0.06268054,0.99423265,0.8561871,-0.51491696,-0.04247552,0.50928485,0.8549454,-0.09847459
1356791106466,0.086829126,0.061592013,0.9943174,0.86494565,-0.49988276,-0.0445669,0.49429718,0.8639002,-0.09667814
1356791106510,0.09173995,0.05238366,0.99440426,0.8715972,-0.48715627,-0.05474764,0.48156232,0.8717424,-0.09034917
1356791106548,0.10491681,0.034013808,0.99389917,0.8749709,-0.47817385,-0.075998336,0.47267157,0.8776064,-0.07992959
1356791106588,0.11572009,0.008900166,0.9932419,0.87547165,-0.47327852,-0.097758055,0.46921003,0.8808678,-0.062559634
1356791106628,0.11534369,-0.023182005,0.9930551,0.8734784,-0.4736839,-0.11251259,0.47300243,0.8803898,-0.034387514
1356791106668,0.08548039,-0.058299422,0.9946327,0.8699666,-0.4822266,-0.103031576,0.4856451,0.87410444,0.009497687
1356791106708,0.011103451,-0.08938405,0.9959354,0.8623011,-0.5034226,-0.054795206,0.50627416,0.85940456,0.07148619
1356791106748,-0.100441515,-0.10905793,0.9889479,0.84214175,-0.53862256,0.026133776,0.52981955,0.83545923,0.14594232
1356791106788,-0.21306652,-0.11656064,0.9700599,0.8081825,-0.5789549,0.10794523,0.54903877,0.8069849,0.21755826
1356791106828,-0.29119027,-0.11930412,0.94919693,0.77560204,-0.610284,0.16122931,0.5600444,0.78314745,0.2702413
1356791106869,-0.32185876,-0.12549663,0.9384335,0.76040167,-0.624799,0.17724404,0.5640888,0.77063394,0.2965249
1356791106908,-0.30589402,-0.13913277,0.9418444,0.7667763,-0.6223954,0.15709248,0.5643429,0.7702377,0.29707074
1356791106948,-0.24883687,-0.15954247,0.9553149,0.78818595,-0.6065862,0.10400078,0.56288826,0.77884495,0.27669013
1356791106988,-0.16012359,-0.18258888,0.9700628,0.81283087,-0.58197904,0.024627775,0.56005937,0.7924404,0.24160232
1356791107028,-0.052959204,-0.20296225,0.97775334,0.8297918,-0.55366737,-0.06998539,0.55555457,0.80762535,0.19773823
1356791107068,0.05770594,-0.2164754,0.9745812,0.8334241,-0.52698624,-0.16640285,0.54961294,0.82184184,0.15000553
1356791107108,0.15772754,-0.22118804,0.9623918,0.82462156,-0.5066555,-0.25159368,0.5432506,0.83329225,0.102482915
1356791107148,0.23641926,-0.21732712,0.9470347,0.80920017,-0.49549717,-0.31571758,0.53786707,0.84098244,0.05871609
1356791107188,0.28868812,-0.20642993,0.9349042,0.79408765,-0.49388885,-0.35425782,0.5348681,0.8446659,0.021343559
1356791107228,0.31413442,-0.19015235,0.9301406,0.7839104,-0.50071335,-0.36711115,0.53554094,0.84446913,-0.008228868
1356791107268,0.3156522,-0.16984892,0.93354964,0.77958465,-0.5144526,-0.3571924,0.54093575,0.84052956,-0.029976517
1356791107308,0.29861873,-0.1466268,0.9430416,0.77902734,-0.53336,-0.32961118,0.5513105,0.8330833,-0.045045048
1356791107348,0.27085024,-0.121670276,0.95490134,0.7795179,-0.554297,-0.29173067,0.5647938,0.82337797,-0.055287324
1356791107386,0.24103034,-0.09650582,0.9657075,0.7803153,-0.57238525,-0.25195843,0.5770722,0.81428593,-0.062657185
1356791107426,0.21585912,-0.072672546,0.9737164,0.78307945,-0.5828007,-0.21709451,0.58325934,0.8093591,-0.06889449
1356791107466,0.19854254,-0.05157402,0.97873443,0.7896863,-0.58304936,-0.19091651,0.5804967,0.81079817,-0.075032845
1356791107510,0.18944156,-0.03463614,0.9812809,0.8007583,-0.57291067,-0.17481267,0.5682411,0.8188856,-0.080797896
1356791107548,0.18636072,-0.02348739,0.9822006,0.81364685,-0.55664927,-0.16769081,0.5506799,0.8304154,-0.08462708
1356791107588,0.18801624,-0.019153297,0.98197913,0.82663393,-0.5368443,-0.16874388,0.53040195,0.8434639,-0.08510266
1356791107628,0.19539255,-0.023274362,0.9804489,0.83723766,-0.51667213,-0.17911717,0.5107395,0.8558669,-0.0814677
1356791107668,0.2083981,-0.036319137,0.9773695,0.844202,-0.49791396,-0.1985062,0.49385542,0.86646557,-0.07310365
1356791107708,0.22354919,-0.058004647,0.97296524,0.8475226,-0.48144042,-0.22342914,0.48138466,0.87455744,-0.058465436
1356791107747,0.23065639,-0.08704507,0.96913403,0.84899706,-0.46860808,-0.2441526,0.47539634,0.8791073,-0.034186438
1356791107787,0.21257961,-0.1206404,0.96966785,0.8521229,-0.4627763,-0.2443862,0.4782222,0.8782277,0.004423633
1356791107827,0.15103179,-0.15371102,0.97650516,0.858015,-0.47018945,-0.20671761,0.4909172,0.86907697,0.060872823
1356791107867,0.043638885,-0.17964807,0.98276263,0.85858774,-0.49621516,-0.12883267,0.51080614,0.84940994,0.13258924
1356791107907,-0.079582095,-0.19503197,0.97756284,0.84355175,-0.5356874,-0.03820166,0.5311187,0.8215847,0.20715074
1356791107946,-0.17347658,-0.20452946,0.96336573,0.81988233,-0.5719316,0.026213825,0.54561776,0.7943941,0.26690686
1356791107986,-0.21510363,-0.21576053,0.95245886,0.8046133,-0.59188557,0.047634304,0.55346906,0.77660733,0.3009205
1356791108026,-0.20252234,-0.23259267,0.95125467,0.8054501,-0.5920613,0.026714712,0.55698735,0.77159846,0.30724734
1356791108066,-0.14325345,-0.2533506,0.9567089,0.8175281,-0.57511276,-0.029885203,0.55778694,0.7778553,0.28950804
1356791108106,-0.04987657,-0.2726815,0.96081066,0.8299322,-0.54650235,-0.11201677,0.5556302,0.79182065,0.25356483
1356791108147,0.061488807,-0.2847849,0.95661736,0.8329581,-0.51340765,-0.20638174,0.549909,0.8095123,0.20564505
1356791108187,0.17353815,-0.28626075,0.94230527,0.8226727,-0.48385012,-0.2984939,0.54138166,0.82700896,0.15153247
1356791108226,0.270734,-0.2772615,0.92186177,0.8020648,-0.4645993,-0.37528586,0.53234863,0.84099555,0.09659886
1356791108266,0.34340805,-0.26071432,0.9022743,0.7784873,-0.45840013,-0.42875016,0.525384,0.8496454,0.045544557
1356791108307,0.38868755,-0.24016741,0.88951755,0.75912976,-0.4636463,-0.456896,0.52215314,0.85284907,0.0021047294
1356791108347,0.40888768,-0.21829966,0.88609034,0.74767554,-0.47659147,-0.4624303,0.5232515,0.8515901,-0.031655036
1356791108387,0.40846586,-0.1965481,0.891361,0.7441728,-0.49376374,-0.44989347,0.5285475,0.84709275,-0.055419862
1356791108426,0.39308643,-0.17567208,0.9025643,0.7461275,-0.5127203,-0.4247489,0.5373796,0.84039104,-0.07046958
1356791108466,0.369672,-0.1563107,0.91592014,0.7502763,-0.5312771,-0.3934846,0.5481132,0.8326534,-0.07912209
1356791108510,0.34545308,-0.13927403,0.92804354,0.7547922,-0.54639506,-0.36296135,0.5576295,0.8258663,-0.08363085
1356791108548,0.32725894,-0.12538928,0.9365784,0.7595222,-0.5547569,-0.33966297,0.56216335,0.8225098,-0.08631325
1356791108588,0.3193174,-0.11539477,0.9405958,0.7651563,-0.5541821,-0.327747,0.5590816,0.8243581,-0.08866501
1356791108628,0.322986,-0.10990262,0.9400007,0.7711474,-0.5452321,-0.32871494,0.5486453,0.83104944,-0.09135118
1356791108668,0.33629626,-0.109093934,0.93541616,0.7764056,-0.5300469,-0.34094685,0.5330096,0.84092146,-0.09355166
1356791108708,0.35564798,-0.11319929,0.9277394,0.77961636,-0.51154083,-0.36128145,0.51547337,0.85176986,-0.09367645
1356791108748,0.37775457,-0.122347325,0.9177868,0.779788,-0.49241555,-0.38659763,0.49923164,0.8617182,-0.090607285
1356791108788,0.400021,-0.13627148,0.90631855,0.7769364,-0.47413477,-0.41420525,0.48616147,0.8698427,-0.083789594
1356791108828,0.41972148,-0.15463716,0.8943832,0.772123,-0.45716667,-0.44138974,0.47713736,0.8758345,-0.0724838
1356791108886,0.43114352,-0.17729586,0.88469285,0.7682249,-0.4421233,-0.46298757,0.4732291,0.8792572,-0.054415487
1356791108907,0.42496663,-0.2049798,0.88169533,0.76957846,-0.4310243,-0.47113377,0.47660512,0.8787498,-0.025422871
1356791108947,0.38936126,-0.23878312,0.8895957,0.77996385,-0.42827183,-0.45633292,0.48995334,0.8715308,0.019489706
1356791108984,0.31737667,-0.2775219,0.90678203,0.79743224,-0.43938136,-0.41357714,0.5131998,0.85435694,0.08185545
1356791109027,0.21572304,-0.31574965,0.9239945,0.8127773,-0.4663725,-0.34912735,0.54116243,0.82631654,0.15602681
1356791109067,0.112125695,-0.34513807,0.93183017,0.81764925,-0.50085205,-0.28389567,0.5646924,0.79374224,0.22604358
1356791109106,0.034006476,-0.3616769,0.931683,0.81460404,-0.53005666,-0.23549965,0.5790196,0.76696134,0.27659816
1356791109146,-0.007957876,-0.36507684,0.9309433,0.81078404,-0.54726315,-0.20768285,0.5852912,0.75314134,0.3003536
1356791109187,-0.017967641,-0.35585985,0.9343666,0.8098335,-0.5532547,-0.19513789,0.58638453,0.75317526,0.29812795
1356791109227,-0.0063231587,-0.3342652,0.94245785,0.8120314,-0.5517374,-0.1902388,0.5835795,0.76410246,0.27492255
1356791109266,0.016593158,-0.3013096,0.953382,0.81675076,-0.54593176,-0.186753,0.57675195,0.7817743,0.23703611
1356791109307,0.04328513,-0.25931865,0.96482134,0.82331127,-0.5377945,-0.18148151,0.56593716,0.80220366,0.19022155
1356791109347,0.06852889,-0.21190226,0.9748852,0.83077395,-0.52892244,-0.17336592,0.5523753,0.82178986,0.13979638
1356791109387,0.08933622,-0.16334152,0.9825165,0.8380408,-0.52076083,-0.16277519,0.538244,0.8379307,0.09036407
1356791109426,0.10412753,-0.117617816,0.98758477,0.84404373,-0.5147812,-0.1503017,0.52606815,0.8492152,0.04567164
1356791109466,0.11257869,-0.077652544,0.9906039,0.8478613,-0.51234156,-0.13651848,0.51812863,0.8552638,0.008159876
1356791109508,0.11512208,-0.04511872,0.9923261,0.8488282,-0.51443136,-0.1218645,0.5159821,0.8563437,-0.020924315
1356791109548,0.11285573,-0.020624638,0.99339736,0.84652084,-0.5214923,-0.106996804,0.5202558,0.8530067,-0.04139425
