1356790535314,-0.17984354,0.0011703074,0.98369443,0.96159875,-0.21055329,0.17605436,0.20732614,0.9775816,0.036741287
1356790535360,0.216959,-0.009341508,-0.9761361,-0.9539101,0.21034718,-0.214032,0.20732689,0.97758216,0.03672573
1356790535399,0.21715093,-0.009471357,-0.9760921,-0.95386535,0.21033084,-0.21424708,0.20733145,0.97758436,0.036639124
1356790535446,0.21783498,-0.009911865,-0.97593534,-0.9537126,0.21024516,-0.21501002,0.20731679,0.9775984,0.03634569
1356790535501,0.2193529,-0.010790139,-0.97558594,-0.9533931,0.20997399,-0.21668541,0.20718578,0.9776474,0.03577116
1356790535520,0.22239006,-0.012486339,-0.9748778,-0.95280504,0.20915943,-0.22003374,0.20665222,0.9778018,0.03461796
1356790535557,0.22696745,-0.014972895,-0.97378725,-0.9519472,0.20770097,-0.22507069,0.20562655,0.97807777,0.032887936
1356790535594,0.232737,-0.018389523,-0.97236586,-0.9509265,0.20530945,-0.23148832,0.20389286,0.9785243,0.030295968
1356790535637,0.23832354,-0.022365421,-0.97092825,-0.95006096,0.20201263,-0.23785478,0.20145947,0.97912747,0.02689588
1356790535678,0.24137846,-0.02599594,-0.9700828,-0.94989586,0.19822875,-0.24166748,0.19858068,0.97981095,0.023154706
1356790535723,0.24086705,-0.028859943,-0.9701289,-0.95069337,0.19418028,-0.2418181,0.19535875,0.9805412,0.019334674
1356790535760,0.23616016,-0.030665696,-0.9712302,-0.9525074,0.19043702,-0.23762047,0.19224507,0.98122036,0.015764266
1356790535802,0.2310243,-0.03255284,-0.9724033,-0.95435566,0.18686864,-0.23299226,0.18929628,0.9818454,0.012104183
1356790535841,0.22700128,-0.034903944,-0.97326875,-0.95582384,0.18363622,-0.22951818,0.18673846,0.9823744,0.00832364
1356790535884,0.22621521,-0.038191438,-0.9733284,-0.9564272,0.18064871,-0.22937551,0.18459076,0.98280597,0.0043381155
1356790535921,0.22797358,-0.04162562,-0.972777,-0.9563344,0.17810208,-0.23174122,0.18289992,0.9831312,7.946193E-4
1356790535963,0.23142895,-0.044802308,-0.97181964,-0.9557457,0.1760337,-0.23571652,0.18163371,0.98336405,-0.002080351
1356790536002,0.23719856,-0.047835767,-0.9702828,-0.9545072,0.17430803,-0.24193552,0.18070129,0.9835286,-0.0043139756
1356790536040,0.24523857,-0.050997615,-0.96812046,-0.95260966,0.17271617,-0.25040764,0.17998025,0.9836505,-0.0062241554
1356790536082,0.25669485,-0.054719895,-0.9649422,-0.9497063,0.17098707,-0.26233816,0.17934775,0.9837526,-0.00807628
1356790536120,0.27137122,-0.058999002,-0.96066487,-0.9457287,0.16903439,-0.27753326,0.1787596,0.98384273,-0.009926051
1356790536163,0.28785864,-0.063660085,-0.9555548,-0.940949,0.16685554,-0.29457477,0.17819232,0.98392415,-0.011870116
1356790536200,0.30492184,-0.06845057,-0.94991434,-0.93566835,0.16448382,-0.31220162,0.17761597,0.9840019,-0.013892353
1356790536272,0.3207674,-0.073138386,-0.94433,-0.93047416,0.16197532,-0.3286059,0.17699185,0.9840807,-0.01609701
1356790536274,0.33402145,-0.077340126,-0.9393872,-0.9258987,0.1596679,-0.3423708,0.176469,0.9841365,-0.018276662
1356790536304,0.34497672,-0.08151111,-0.9350652,-0.9219055,0.1576941,-0.35386813,0.17629844,0.9841181,-0.020744741
1356790536337,0.35143584,-0.085044354,-0.9323413,-0.9194138,0.15645158,-0.36083376,0.17655307,0.9840174,-0.023208201
1356790536380,0.35606498,-0.08927125,-0.93018734,-0.9173805,0.15605967,-0.36613992,0.17785051,0.9837053,-0.026328325
1356790536420,0.354178,-0.093584746,-0.93048364,-0.9176682,0.15685768,-0.3650762,0.1801191,0.9831773,-0.03032422
1356790536460,0.34615687,-0.098483115,-0.9329933,-0.92011595,0.15855554,-0.35811567,0.18319964,0.98242617,-0.03573081
1356790536501,0.3311399,-0.10401052,-0.93783164,-0.92492753,0.1608735,-0.34442535,0.18669614,0.9814793,-0.042930573
1356790536542,0.31163168,-0.11144227,-0.94364524,-0.9309153,0.16327111,-0.32670975,0.19047931,0.9802669,-0.052862912
1356790536581,0.28351295,-0.1192694,-0.9515225,-0.9390775,0.16651405,-0.30067667,0.19430333,0.9787991,-0.06479427
1356790536622,0.25431633,-0.13001397,-0.95834213,-0.9465021,0.17006697,-0.27424654,0.19863826,0.9768181,-0.07980767
1356790536661,0.21627298,-0.14068949,-0.966143,-0.95493233,0.17557141,-0.23933008,0.2032983,0.9743619,-0.09637755
1356790536701,0.17845416,-0.15363243,-0.9718803,-0.96159124,0.1821304,-0.20535567,0.20855823,0.9711981,-0.115229666
1356790536741,0.13915142,-0.16848111,-0.97583354,-0.96678376,0.19023386,-0.17070559,0.21439728,0.96717393,-0.13641351
1356790536780,0.10204974,-0.18630335,-0.9771781,-0.97000074,0.1992428,-0.13928673,0.22064534,0.9620776,-0.16038173
1356790536823,0.074706316,-0.2105265,-0.9747295,-0.97102845,0.2071343,-0.11916047,0.22698635,0.95539206,-0.18895298
1356790536860,0.054145753,-0.23928186,-0.9694392,-0.97112405,0.21329194,-0.10688564,0.23234934,0.9472332,-0.22082353
1356790536900,0.053268164,-0.2777144,-0.9591858,-0.9703032,0.21257302,-0.11543217,0.23595423,0.93684983,-0.25814378
1356790536940,0.071853295,-0.32570943,-0.94273555,-0.9688326,0.20185895,-0.14358336,0.237066,0.92367,-0.3010537
1356790536982,0.11205016,-0.38291433,-0.9169631,-0.9654653,0.17646615,-0.19166747,0.23520517,0.9067725,-0.34991747
1356790537021,0.15658075,-0.43841216,-0.88502944,-0.9601579,0.14243978,-0.24043217,0.23147175,0.8874152,-0.3986416
1356790537064,0.20011714,-0.487698,-0.84976685,-0.9530332,0.10434702,-0.28432277,0.22733423,0.86675394,-0.44391072
1356790537101,0.21791497,-0.52070075,-0.8254597,-0.9497426,0.08161227,-0.30220574,0.22472635,0.8498295,-0.47674716
1356790537140,0.20130497,-0.53401166,-0.82116246,-0.95348984,0.085181125,-0.28913882,0.22435105,0.8411752,-0.49202734
1356790537182,0.13989072,-0.5233549,-0.8405535,-0.9642166,0.12107293,-0.23585534,0.22520432,0.8434696,-0.48769045
1356790537220,0.0363214,-0.48558402,-0.87343514,-0.97347486,0.18037122,-0.14075845,0.22589263,0.8553797,-0.4661525
1356790537262,-0.102720186,-0.41616222,-0.9034697,-0.96883094,0.24769135,-0.0039417446,0.225422,0.8749045,-0.4286337
1356790537284,-0.22977528,-0.33866552,-0.91241926,-0.9471587,0.29341057,0.12961757,0.22381645,0.8939887,-0.38818848
1356790537325,-0.35537627,-0.24768847,-0.9013091,-0.9086233,0.3178127,0.2709222,0.21934313,0.9152298,-0.33799857
1356790537370,-0.4551555,-0.16263124,-0.8754339,-0.8650297,0.31384003,0.39144346,0.21108532,0.935444,-0.2835269
1356790537408,-0.5246311,-0.094771385,-0.8460382,-0.827886,0.2884063,0.4810682,0.19841126,0.95280653,-0.22976685
1356790537451,-0.5676836,-0.047181934,-0.82189363,-0.8029176,0.2522261,0.5400974,0.18182021,0.9665174,-0.18106782
1356790537494,-0.59085673,-0.01733306,-0.8065903,-0.7903589,0.21310097,0.57438725,0.16192928,0.97687644,-0.13961148
1356790537530,-0.59964687,-3.2797456E-4,-0.8002647,-0.787567,0.17767406,0.5900595,0.1419928,0.9840894,-0.10680002
1356790537572,-0.5977744,0.0072361827,-0.8016317,-0.79230344,0.14703327,0.5921456,0.122151434,0.98910505,-0.08215946
1356790537611,-0.5861587,0.008810848,-0.81014836,-0.80350804,0.12189716,0.58268,0.10388869,0.99250364,-0.06437147
1356790537651,-0.56564146,0.005555153,-0.8246326,-0.8201399,0.10066593,0.5632379,0.08614129,0.99490476,-0.052384794
1356790537692,-0.5350357,-0.0012409985,-0.8448285,-0.84208035,0.08139032,0.5331757,0.06809917,0.9966816,-0.044591725
1356790537731,-0.49647778,-0.008684367,-0.868006,-0.8665559,0.06358951,0.49501222,0.05089721,0.99793833,-0.039096236
1356790537770,-0.45452195,-0.013528109,-0.8906328,-0.8899597,0.04862094,0.45343992,0.037169218,0.99872565,-0.03413874
1356790537810,-0.41356307,-0.013462186,-0.91037595,-0.9100071,0.038180232,0.41283092,0.029200733,0.9991802,-0.028040588
1356790537849,-0.37710917,-0.007825911,-0.9261358,-0.92575735,0.03298962,0.3766763,0.027605057,0.99942505,-0.019685626
1356790537891,-0.3478222,0.0025635064,-0.937557,-0.9369993,0.033644497,0.34770724,0.03243497,0.99943054,-0.009300292
1356790537935,-0.32746607,0.016105711,-0.94472563,-0.94381356,0.041534126,0.32785803,0.04451874,0.9990073,0.0015997887
1356790537970,-0.31372845,0.028215885,-0.94909346,-0.94762737,0.053654432,0.31483898,0.059806496,0.99816084,0.009905219
1356790538010,-0.3075232,0.037249446,-0.95081115,-0.9482839,0.070602655,0.3094718,0.07865742,0.9968087,0.013611138
1356790538051,-0.31211972,0.04197356,-0.94911516,-0.94496655,0.089419544,0.31470987,0.098078966,0.9951092,0.011753976
1356790538090,-0.32154882,0.039479226,-0.9460696,-0.9395969,0.110488296,0.32395962,0.117319256,0.993093,0.0015672445
1356790538131,-0.33071673,0.025591075,-0.9433831,-0.934002,0.13428521,0.33107078,0.13515487,0.99061227,-0.02050829
1356790538170,-0.3274886,-0.006629646,-0.94483185,-0.9328622,0.1610874,0.32220954,0.15006435,0.9869179,-0.0589388
1356790538210,-0.2965774,-0.064652026,-0.9528179,-0.9413654,0.18783307,0.28026748,0.16085085,0.9800708,-0.11656827
1356790538282,-0.22494704,-0.1508478,-0.96262336,-0.95989513,0.20397139,0.19234616,0.16733262,0.9672852,-0.1906808
1356790538290,-0.11310825,-0.25433454,-0.9604794,-0.97891283,0.19402674,0.06390077,0.17010656,0.9474532,-0.27091742
1356790538328,-0.0063085556,-0.33749908,-0.9413047,-0.98528963,0.16285658,-0.051787883,0.17077601,0.92713106,-0.33356178
1356790538372,0.06606273,-0.38599625,-0.92013186,-0.9832629,0.1317343,-0.12585801,0.16979367,0.91304594,-0.37083304
1356790538410,0.10266593,-0.40348926,-0.9092063,-0.9805542,0.11263439,-0.16070747,0.16725168,0.90802526,-0.3840794
1356790538469,0.09744243,-0.39259985,-0.9145329,-0.9818604,0.11225347,-0.15280542,0.16265094,0.9128332,-0.37453997
1356790538487,0.07191913,-0.3651055,-0.92818403,-0.98498106,0.120457396,-0.123702526,0.1569711,0.9231403,-0.35095888
1356790538528,0.024914593,-0.32291582,-0.94609976,-0.98831725,0.13438836,-0.071894795,0.15036073,0.9368379,-0.315795
1356790538564,-0.030439466,-0.27285248,-0.96157426,-0.98929065,0.14561573,-0.010002524,0.14274961,0.95097196,-0.27436292
1356790538607,-0.08711779,-0.2200613,-0.97158813,-0.9872273,0.1496619,0.054622173,0.13338947,0.9639369,-0.23028874
1356790538649,-0.13464761,-0.17101863,-0.9760239,-0.9833816,0.14411908,0.110410124,0.12178147,0.9746704,-0.18758184
1356790538692,-0.16488972,-0.13077688,-0.9776036,-0.9803852,0.13022771,0.14793795,0.10796422,0.9828215,-0.14968485
1356790538731,-0.17449471,-0.101213425,-0.97944236,-0.98040354,0.11022672,0.16327545,0.091435045,0.9887395,-0.11846393
1356790538771,-0.16135192,-0.08228582,-0.98346055,-0.9842499,0.08635509,0.1542561,0.07223371,0.99286044,-0.09492338
1356790538814,-0.12935326,-0.07222545,-0.9889647,-0.9904127,0.05817154,0.12529433,0.048480153,0.99569046,-0.07905769
1356790538850,-0.08531663,-0.066283494,-0.99414665,-0.9960706,0.029465944,0.083517134,0.023757637,0.99736565,-0.068537
1356790538889,-0.043094307,-0.060709357,-0.9972247,-0.9990709,0.0031026304,0.04298526,4.8437715E-4,0.99815065,-0.060786605
1356790538931,-0.055745542,-0.053482473,-0.99701154,-0.9983241,-0.01255554,0.056492418,-0.015539378,0.99848986,-0.05269289
1356790538971,0.001770258,-0.0418939,-0.9991205,-0.99977964,-0.020974338,-8.919835E-4,-0.020918459,0.9989019,-0.041921794
1356790539011,0.03212467,-0.027885944,-0.9990947,-0.9993683,-0.016094714,-0.03168419,-0.015196651,0.99948156,-0.028385371
1356790539050,0.044650942,-0.014210463,-0.99890155,-0.9990026,-9.6282363E-4,-0.044641763,-3.274083E-4,0.99989855,-0.014239281
1356790539090,0.045650393,-0.0030631125,-0.9989528,-0.99873745,0.020850569,-0.045704484,0.020968735,0.9997779,-0.0021074116
1356790539130,0.03802094,0.0042128563,-0.99926805,-0.99822545,0.046023518,-0.03778726,0.045830697,0.99893147,0.0059551597
1356790539170,0.022951812,0.006768793,-0.9997136,-0.9971348,0.07225028,-0.02240339,0.07207793,0.99736357,0.008407652
1356790539209,0.002938211,0.0030172467,-0.9999912,-0.99515474,0.09828597,-0.0026274025,0.09827712,0.99515367,0.0032914877
1356790539272,-0.014506221,-0.011595815,-0.99982756,-0.99223626,0.12368965,0.012961566,0.12351805,0.99225324,-0.013300061
1356790539289,-0.022562593,-0.041437536,-0.9988863,-0.98902154,0.14687529,0.016246885,0.14603847,0.9882866,-0.044296503
1356790539332,-0.004088968,-0.096669585,-0.99530804,-0.98642933,0.16375813,-0.011852562,0.16413555,0.98175263,-0.096027315
1356790539370,0.037185013,-0.17261654,-0.984287,-0.9835623,0.16784114,-0.066592336,0.17669883,0.9705838,-0.16353798
1356790539410,0.0992876,-0.26164982,-0.96004236,-0.97793925,0.1525391,-0.14271152,0.18378448,0.9530326,-0.24073243
1356790539451,0.15713623,-0.34049627,-0.9270224,-0.96966684,0.124764055,-0.21019071,0.18722826,0.93193144,-0.31056303
1356790539490,0.19226255,-0.39301288,-0.89920855,-0.9630859,0.10036315,-0.24978557,0.18841636,0.9140395,-0.35920906
1356790539530,0.20071802,-0.41636539,-0.886765,-0.9615587,0.08941916,-0.2596327,0.18739581,0.90478957,-0.38241166
1356790539570,0.18748195,-0.4144622,-0.89054567,-0.9649081,0.09198739,-0.24594828,0.18385524,0.90540564,-0.382672
1356790539610,0.16125363,-0.3935567,-0.9050472,-0.9706894,0.10234892,-0.2174553,0.17821166,0.9135852,-0.3655172
1356790539650,0.12916444,-0.35933188,-0.9242279,-0.976727,0.11484228,-0.18115115,0.17123383,0.9261166,-0.33613563
1356790539692,0.09438725,-0.31490105,-0.9444196,-0.9820996,0.12587847,-0.14012516,0.1630077,0.9407401,-0.2973829
1356790539740,0.060626417,-0.26370054,-0.9626975,-0.986438,0.13155064,-0.09815565,0.15252718,0.9555923,-0.2521488
1356790539779,0.039323896,-0.21731153,-0.97530985,-0.9892869,0.12886247,-0.06859961,0.14058828,0.96755886,-0.209916
1356790539821,0.025677145,-0.17762405,-0.98376334,-0.9915928,0.12032139,-0.0476062,0.12682378,0.9767151,-0.17304128
1356790539861,0.019857496,-0.14593664,-0.9890946,-0.9935509,0.10758057,-0.035819978,0.11163476,0.98342705,-0.14285916
1356790539900,0.020336986,-0.12190449,-0.9923334,-0.99528444,0.091686726,-0.031660795,0.09484336,0.98829794,-0.11946499
1356790539941,0.025615305,-0.10432923,-0.99421287,-0.99682105,0.07238981,-0.033278823,0.07544282,0.99190474,-0.10214329
1356790539981,0.033679962,-0.09111744,-0.99527043,-0.9980394,0.049497366,-0.038305134,0.052753508,0.99460924,-0.089271784
1356790540021,0.042219788,-0.079719186,-0.9959228,-0.9986943,0.025325984,-0.044364512,0.02875945,0.99649554,-0.07854587
1356790540062,0.048869997,-0.067530125,-0.9965197,-0.9987726,0.004744619,-0.049301982,0.008057475,0.99770594,-0.06721538
1356790540110,0.051466912,-0.05191675,-0.99732435,-0.99866927,-0.005994171,-0.05122429,-0.0033186972,0.99863344,-0.05215615
1356790540151,0.052191943,-0.0355348,-0.9980047,-0.9986226,-0.0072408617,-0.05196649,-0.005379796,0.99934226,-0.035863817
1356790540190,0.04928747,-0.019381791,-0.99859655,-0.9987837,4.068911E-4,-0.049304575,0.0013619065,0.999812,-0.019338131
1356790540231,0.043750435,-0.006160587,-0.99902344,-0.99893165,0.014622003,-0.043836534,0.014877766,0.99987406,-0.005514294
1356790540271,0.03622818,0.0015315413,-0.9993423,-0.99880546,0.03286606,-0.036158323,0.03278902,0.99945855,0.0027204156
1356790540305,0.026073605,0.002443701,-0.99965703,-0.99829745,0.05225858,-0.025910407,0.05217731,0.99863064,0.0038021207
1356790540355,0.016818792,-0.006904483,-0.9998347,-0.99722207,0.07245538,-0.017275244,0.072562635,0.99734783,-0.005666673
1356790540391,0.005087942,-0.02498132,-0.999675,-0.99577826,0.09149632,-0.0073545575,0.09165031,0.99549204,-0.024410367
1356790540432,0.0070456862,-0.061301112,-0.99809444,-0.9939424,0.10904366,-0.013713658,0.10967648,0.992145,-0.06016147
1356790540470,0.020270944,-0.114840955,-0.99317706,-0.9918815,0.122424185,-0.034400433,0.12553951,0.98581123,-0.11142701
1356790540513,0.061083764,-0.19358909,-0.97917926,-0.98845434,0.12454978,-0.086286515,0.13866067,0.97314465,-0.18374604
1356790540552,0.11091715,-0.27717644,-0.9543954,-0.9826172,0.11326027,-0.1470902,0.14886501,0.95412016,-0.25979584
1356790540590,0.1626792,-0.3524497,-0.9215827,-0.97415555,0.09096974,-0.20674986,0.15670511,0.9313988,-0.32854193
1356790540630,0.19806637,-0.40506873,-0.89257437,-0.9666506,0.07010116,-0.24631757,0.16234607,0.9115948,-0.3776753
1356790540670,0.20752841,-0.43035784,-0.8784782,-0.96418893,0.0616135,-0.25796014,0.16514128,0.90055305,-0.4021597
1356790540710,0.1892339,-0.42943832,-0.8830477,-0.968174,0.0684129,-0.24074632,0.16379759,0.9005012,-0.402825
1356790540750,0.15280725,-0.40990636,-0.8992367,-0.9754672,0.083350435,-0.20375535,0.15847239,0.90831125,-0.3871137
1356790540794,0.099273205,-0.3724305,-0.9227352,-0.98387414,0.10191572,-0.14698565,0.14878312,0.9224471,-0.35630727
1356790540830,0.046200067,-0.32890573,-0.94323194,-0.9894254,0.11489311,-0.08852592,0.13748753,0.93734765,-0.32011962
1356790540871,-0.008881092,-0.2789562,-0.9602628,-0.9922378,0.12157649,-0.026141167,0.12403762,0.9525768,-0.2778706
1356790540911,-0.052826315,-0.23205906,-0.97126615,-0.9925049,0.11953077,0.025422692,0.11019662,0.9653294,-0.23663414
1356790540949,-0.08760181,-0.18946317,-0.97797215,-0.9915422,0.110958606,0.06732133,0.09575948,0.9755982,-0.19758087
1356790540991,-0.10989365,-0.15348428,-0.98202133,-0.9906221,0.09761414,0.09559962,0.081186146,0.98331785,-0.16277212
1356790541030,-0.11968398,-0.124818206,-0.98493457,-0.9905846,0.081430376,0.110051095,0.066467255,0.9888324,-0.13338894
1356790541070,-0.11782712,-0.103337884,-0.98764265,-0.9917276,0.06324655,0.11169699,0.050922394,0.99263346,-0.109935164
1356790541110,-0.10612595,-0.08820388,-0.99043286,-0.99378,0.04320872,0.102636606,0.033742398,0.9951649,-0.09224081
1356790541151,-0.08790946,-0.077505976,-0.99310863,-0.9960052,0.022526145,0.08640778,0.015673846,0.99673736,-0.079176664
1356790541191,-0.06801689,-0.06863189,-0.99532074,-0.9976841,0.0043138266,0.0678809,-3.6513805E-4,0.99763274,-0.068766356
1356790541232,-0.051423848,-0.058898896,-0.99693847,-0.9986211,-0.007510543,0.05195436,-0.010547638,0.9982356,-0.058431447
1356790541270,-0.040795207,-0.04747328,-0.99803907,-0.9990741,-0.011721432,0.04139507,-0.01366359,0.99880373,-0.046951115
1356790541309,-0.039060593,-0.033540368,-0.99867374,-0.9991983,-0.0074622035,0.039331734,-0.008771479,0.9994095,-0.03322202
1356790541350,-0.044572413,-0.019518256,-0.99881554,-0.9990041,0.0029174685,0.044523776,0.0020450354,0.9998053,-0.019628882
1356790541390,-0.05587679,-0.0071713924,-0.99841195,-0.9982822,0.018048525,0.05573988,0.017620146,0.9998114,-0.008167565
1356790541431,-0.07277608,0.0019578338,-0.9973464,-0.9967109,0.03560406,0.07279953,0.03565213,0.999364,-6.3973665E-4
1356790541489,-0.094491005,0.0067106783,-0.99550307,-0.994032,0.054121673,0.09471622,0.0545139,0.9985118,0.0015566945
1356790541507,-0.11839765,0.0051504076,-0.99295294,-0.9902494,0.07331014,0.11845559,0.07340363,0.9972959,-0.003579557
1356790541545,-0.13837534,-0.0065451264,-0.99035823,-0.9861066,0.093704045,0.137162,0.09190282,0.99557865,-0.019420505
1356790541585,-0.14533186,-0.03387171,-0.98880297,-0.9833364,0.11526841,0.14057985,0.109216034,0.9927567,-0.050059497
1356790541628,-0.12802437,-0.08285573,-0.9883039,-0.98400843,0.13504645,0.11614612,0.12384352,0.98736894,-0.09881997
1356790541670,-0.08051109,-0.15415737,-0.98476064,-0.9876753,0.14537692,0.057991654,0.13422164,0.9772928,-0.16396189
1356790541712,-0.014030874,-0.23456758,-0.9719986,-0.99001175,0.13964272,-0.019408405,0.14028504,0.96201766,-0.23418397
1356790541753,0.054543585,-0.3085744,-0.949635,-0.98824465,0.119348854,-0.09554234,0.14281973,0.943683,-0.29843724
1356790541791,0.097209886,-0.35758656,-0.9288068,-0.9848812,0.0998853,-0.14153403,0.14338481,0.9285229,-0.3424704
1356790541830,0.10541786,-0.37793055,-0.9198128,-0.9842576,0.09229638,-0.15072623,0.14185944,0.921222,-0.36225128
1356790541871,0.08371216,-0.37318996,-0.92397046,-0.98694825,0.09695697,-0.12857875,0.13756964,0.92267466,-0.36020273
1356790541911,0.04334271,-0.349739,-0.93584406,-0.9905071,0.10726738,-0.08596185,0.13044977,0.930686,-0.3417697
1356790541950,-0.0045987368,-0.31390253,-0.94944406,-0.9926202,0.11648679,-0.03370461,0.12117764,0.9422823,-0.31212163
1356790541990,-0.051517725,-0.2713749,-0.9610939,-0.992543,0.12037045,0.019215673,0.11047265,0.9549171,-0.27555245
1356790542031,-0.09163174,-0.22703478,-0.96956635,-0.9909086,0.11710718,0.06622681,0.098507404,0.9668201,-0.23570144
1356790542070,-0.12026307,-0.18579212,-0.97520155,-0.98905337,0.10702708,0.10158089,0.08550006,0.97674286,-0.19662976
1356790542112,-0.1384472,-0.14898905,-0.9790989,-0.98782134,0.091650695,0.12573412,0.071002126,0.9845824,-0.15986335
1356790542151,-0.143002,-0.11918366,-0.98252,-0.9881184,0.07368711,0.13487825,0.056323737,0.990134,-0.12830496
1356790542191,-0.13711265,-0.09639612,-0.9858539,-0.98972225,0.0541462,0.13235626,0.04062164,0.9938692,-0.102829516
1356790542231,-0.118802905,-0.08051041,-0.98964834,-0.99261856,0.034100592,0.11638531,0.024377316,0.9961703,-0.08396739
1356790542282,-0.093449175,-0.06984794,-0.993171,-0.99560225,0.013157904,0.092752546,0.0065894425,0.99747086,-0.07077038
1356790542311,-0.06452912,-0.06128171,-0.9960325,-0.9978576,-0.006826699,0.06506738,-0.01078701,0.9980972,-0.060709953
1356790542351,-0.037690938,-0.051822245,-0.9979448,-0.99900395,-0.021915913,0.038869053,-0.02388519,0.9984158,-0.050944507
1356790542390,-0.017220914,-0.039980263,-0.99905205,-0.9994117,-0.028950274,0.018385619,-0.02965784,0.99878097,-0.039458275
1356790542430,-0.004846871,-0.026018798,-0.9996497,-0.99962837,-0.0266909,0.0055415034,-0.026825726,0.99930507,-0.02587974
1356790542470,-1.3715029E-4,-0.011716932,-0.99993134,-0.9998758,-0.0157547,3.2177567E-4,-0.015757442,0.99980724,-0.011713207
1356790542510,-0.0019498467,6.173849E-4,-0.99999785,-0.9999974,0.0011488199,0.001950562,0.0011499822,0.9999991,6.1517954E-4
1356790542552,-0.009204268,0.009279281,-0.9999146,-0.99970305,0.022477746,0.009410948,0.02256316,0.99970424,0.009069681
1356790542590,-0.02279514,0.013237596,-0.9996525,-0.9987552,0.044071913,0.023358285,0.044365793,0.99894065,0.012216508
1356790542631,-0.035751253,0.008893698,-0.9993212,-0.99713945,0.06631604,0.036263376,0.06659356,0.9977591,0.0064973235
1356790542669,-0.050008,-0.0038538873,-0.99874145,-0.99494016,0.08744049,0.04948017,0.087139785,0.9961623,-0.008207142
1356790542711,-0.051022828,-0.031873554,-0.99818873,-0.9931073,0.10722327,0.04733923,0.10552022,0.993724,-0.037124693
1356790542750,-0.031352907,-0.08026323,-0.99628055,-0.9922185,0.12266615,0.021342695,0.12049687,0.9891971,-0.08348459
1356790542789,0.016698956,-0.15146846,-0.98832107,-0.9912366,0.12703651,-0.03621766,0.1310387,0.9802648,-0.14801973
1356790542829,0.08672726,-0.235924,-0.9678937,-0.9867443,0.113423765,-0.116063386,0.13716424,0.9651295,-0.2229597
1356790542869,0.15695262,-0.3132157,-0.9366225,-0.9776988,0.08471763,-0.1921663,0.1395379,0.9458958,-0.29293394
1356790542910,0.20485689,-0.36614066,-0.9077305,-0.96893066,0.055453017,-0.24103597,0.13858944,0.92890584,-0.34340495
1356790542949,0.22179121,-0.39032865,-0.8935616,-0.9657897,0.038357377,-0.25647435,0.13438395,0.9198762,-0.368468
1356790542991,0.20992726,-0.38883248,-0.8970729,-0.96941936,0.036504626,-0.2426801,0.12710917,0.92058504,-0.36927837
1356790543030,0.17897885,-0.3688891,-0.9120786,-0.97674024,0.044649646,-0.209726,0.118089646,0.9284004,-0.35231745
1356790543073,0.13364531,-0.33349216,-0.93323195,-0.98510516,0.058105543,-0.16183805,0.10819769,0.9409605,-0.32075936
1356790543111,0.08830568,-0.29304704,-0.95201135,-0.991166,0.06909582,-0.113206595,0.098954886,0.953598,-0.2843567
1356790543150,0.044499636,-0.24964479,-0.9673145,-0.9949564,0.076057374,-0.06540018,0.08989832,0.9653459,-0.24500114
1356790543191,0.007878423,-0.20769936,-0.978161,-0.99672455,0.07710254,-0.024399638,0.08048645,0.9751493,-0.2064116
1356790543232,-0.018831372,-0.1703308,-0.98520696,-0.99735725,0.07235736,0.0065538883,0.07017064,0.9827267,-0.17124325
1356790543272,-0.03402829,-0.13979235,-0.989596,-0.99769795,0.062868,0.02542603,0.058659583,0.988183,-0.14160979
1356790543308,-0.039564878,-0.1163705,-0.9924175,-0.9982248,0.048853368,0.03406787,0.04451841,0.9920037,-0.11809683
1356790543352,-0.037057728,-0.09961867,-0.99433535,-0.99897385,0.029618472,0.034263223,0.026037395,0.9945847,-0.10061401
1356790543390,-0.0295569,-0.08775291,-0.9957037,-0.99955356,0.0069341958,0.029060066,0.0043542683,0.9961181,-0.0879187
1356790543432,-0.021180898,-0.07832396,-0.99670297,-0.9995998,-0.01704052,0.022581547,-0.018752992,0.9967823,-0.07793164
1356790543471,-0.014119476,-0.06912264,-0.9975082,-0.99922955,-0.03555891,0.01660791,-0.036618292,0.99697423,-0.068567276
1356790543513,-0.011692733,-0.057650477,-0.99826837,-0.9989265,-0.04408005,0.014246076,-0.044824928,0.9973632,-0.057073176
1356790543551,-0.012555718,-0.0448578,-0.9989145,-0.9989521,-0.04340887,0.014505565,-0.044012457,0.9980498,-0.044265747
1356790543590,-0.017086864,-0.030927747,-0.9993755,-0.9992707,-0.033607006,0.018125176,-0.034146607,0.99895644,-0.030330896
1356790543631,-0.024018347,-0.01806897,-0.9995482,-0.99955314,-0.01736319,0.024332315,-0.017794967,0.999686,-0.017643869
1356790543671,-0.032598436,-0.008579314,-0.9994317,-0.99946696,0.002031684,0.032582194,0.0017509758,0.99996114,-0.008640945
1356790543710,-0.04247588,-0.004147321,-0.9990889,-0.9988426,0.022764683,0.042370915,0.022568226,0.99973226,-0.005109489
1356790543750,-0.052933693,-0.0067412257,-0.9985753,-0.99764997,0.043922305,0.052588075,0.04350528,0.99901223,-0.009050369
1356790543790,-0.061409235,-0.019313425,-0.9979258,-0.99607563,0.06503016,0.06003681,0.06373578,0.9976964,-0.02323109
1356790543831,-0.06259915,-0.046212047,-0.99696827,-0.9946164,0.08554229,0.058486372,0.08258018,0.99526227,-0.05131811
1356790543872,-0.048185468,-0.09393725,-0.99441135,-0.9939035,0.10335028,0.03839788,0.09916571,0.9901992,-0.098344564
1356790543910,-0.018504739,-0.15884063,-0.9871308,-0.99351573,0.11369449,3.296733E-4,0.11217898,0.9807361,-0.15991455
1356790543953,0.02882579,-0.23779595,-0.9708873,-0.99225974,0.11056146,-0.056539744,0.12078765,0.9650022,-0.23276836
1356790543990,0.07377109,-0.30803573,-0.9485103,-0.98932207,0.09727225,-0.10853511,0.12569642,0.9463889,-0.2975707
1356790544031,0.10351275,-0.35641962,-0.9285743,-0.98643166,0.082819924,-0.14175162,0.12742749,0.9306481,-0.34301066
1356790544070,0.11113538,-0.3780489,-0.91909075,-0.9857545,0.07554443,-0.1502699,0.12624153,0.92269826,-0.36426777
1356790544110,0.09735836,-0.37471652,-0.92201346,-0.98775196,0.07711889,-0.13564181,0.12193185,0.9239265,-0.3626188
1356790544150,0.068392575,-0.35222924,-0.9334115,-0.9910102,0.08384621,-0.104252875,0.11498392,0.9321504,-0.3433283
1356790544190,0.030766755,-0.31623894,-0.94818056,-0.9938567,0.09121975,-0.062672645,0.106312364,0.94428384,-0.31148964
1356790544231,-0.009665847,-0.27209777,-0.96222115,-0.99526197,0.095719814,-0.017070025,0.09674838,0.957497,-0.27173376
1356790544281,-0.047862977,-0.2251628,-0.9731448,-0.9950877,0.095273346,0.026898235,0.0866583,0.9696518,-0.22861677
1356790544312,-0.08132982,-0.17881557,-0.9805155,-0.99380696,0.08928615,0.066149265,0.075717956,0.979823,-0.18496984
1356790544351,-0.1061728,-0.1387327,-0.98462206,-0.9922432,0.07917333,0.09583911,0.064659774,0.98715997,-0.14606261
1356790544391,-0.12340817,-0.10612711,-0.98666483,-0.9909619,0.0658631,0.116861254,0.05258268,0.9921689,-0.11329597
1356790544431,-0.13263857,-0.08246291,-0.9877281,-0.9903642,0.051062524,0.12872949,0.039820462,0.99528515,-0.08844119
1356790544487,-0.13553178,-0.067797065,-0.98845065,-0.99046576,0.03411317,0.13346827,0.024670392,0.99711573,-0.071774125
1356790544508,-0.13413006,-0.05994734,-0.9891489,-0.9909388,0.0151968,0.13345176,0.007031858,0.9980859,-0.061442554
1356790544547,-0.13136667,-0.055101752,-0.9898013,-0.99128246,-0.0028677583,0.1317229,-0.010096699,0.9984766,-0.054244637
1356790544584,-0.1297409,-0.049474,-0.9903129,-0.9913063,-0.015575826,0.13064918,-0.021888673,0.9986539,-0.047023058
1356790544627,-0.13065231,-0.040635824,-0.9905951,-0.9911101,-0.019957006,0.1315389,-0.025114506,0.9989747,-0.037667215
1356790544670,-0.13405943,-0.02840224,-0.9905662,-0.99079204,-0.015279472,0.1345281,-0.018956244,0.99947983,-0.02609235
1356790544710,-0.1380933,-0.015996486,-0.99029005,-0.99039686,-0.0045004487,0.13818088,-0.006667167,0.99986196,-0.015221357
1356790544751,-0.14216423,-0.0054605305,-0.98982805,-0.98977554,0.012471795,0.14208788,0.011569083,0.9999073,-0.0071777105
1356790544791,-0.14607567,0.0010487139,-0.9892729,-0.98878837,0.031158507,0.14603707,0.030977428,0.99951386,-0.0035145283
1356790544833,-0.14854568,0.0010995269,-0.98890495,-0.9875648,0.051890075,0.1484021,0.05147758,0.9986522,-0.0066221952
1356790544871,-0.15092707,-0.005608678,-0.98852897,-0.98600566,0.07248181,0.1501306,0.07080832,0.9973539,-0.016469657
1356790544909,-0.14855051,-0.023879081,-0.9886165,-0.9848777,0.09370291,0.1457254,0.08915645,0.9953139,-0.03743756
1356790544951,-0.13870409,-0.0577223,-0.98865026,-0.9846381,0.114952296,0.13142967,0.10606116,0.99169254,-0.072779894
1356790544990,-0.11594704,-0.11181858,-0.98694116,-0.98589504,0.13369861,0.10067633,0.120695174,0.9846935,-0.12574333
1356790545031,-0.07800007,-0.1850467,-0.9796294,-0.98817754,0.1444425,0.05139631,0.13198939,0.97205657,-0.19412547
1356790545070,-0.030298054,-0.26544502,-0.96364987,-0.98975694,0.14253086,-0.008142382,0.13951123,0.95353234,-0.26704443
1356790545110,0.013990343,-0.3336458,-0.9425947,-0.98952544,0.1308378,-0.060998976,0.14367908,0.93357486,-0.32832056
1356790545149,0.043087527,-0.37587306,-0.92566895,-0.98851407,0.11829917,-0.09404886,0.14485636,0.9190891,-0.36645865
1356790545192,0.051549777,-0.38770345,-0.9203416,-0.9884405,0.1117612,-0.10244471,0.14257666,0.9149839,-0.37746048
1356790545231,0.046612963,-0.37872493,-0.92433476,-0.98934007,0.11029737,-0.09508297,0.13796201,0.9189135,-0.36954647
1356790545289,0.027761132,-0.34974718,-0.9364327,-0.99094725,0.11346683,-0.071755886,0.13135049,0.9299475,-0.34343106
1356790545310,0.003814876,-0.31045818,-0.95057935,-0.99220467,0.11723107,-0.04226944,0.1245603,0.9433305,-0.30759084
1356790545350,-0.022902519,-0.26483533,-0.9640217,-0.99276185,0.119737774,-0.009308964,0.117895156,0.95683074,-0.2656607
1356790545391,-0.04931304,-0.21713755,-0.9748946,-0.9926287,0.11884686,0.023739427,0.110708416,0.9688791,-0.2213977
1356790545430,-0.07237965,-0.17212242,-0.98241293,-0.992119,0.11343473,0.05322057,0.102279305,0.9785226,-0.1789763
1356790545470,-0.09077278,-0.13280511,-0.98697674,-0.99162424,0.10348919,0.07727498,0.09187889,0.9857245,-0.14108676
1356790545510,-0.103179544,-0.10141474,-0.9894792,-0.9915164,0.08954856,0.09421387,0.07905173,0.99080586,-0.10979396
1356790545550,-0.10905793,-0.07900423,-0.99089086,-0.9920159,0.07215962,0.10342842,0.06333101,0.9942592,-0.08624303
1356790545590,-0.10881597,-0.0650346,-0.9919323,-0.99302804,0.052609682,0.10548687,0.04532501,0.99649525,-0.070306
1356790545632,-0.10418928,-0.05765447,-0.992885,-0.9942372,0.031374156,0.10250935,0.025240779,0.9978435,-0.060591042
1356790545671,-0.098875344,-0.05233997,-0.99372244,-0.995071,0.012807548,0.09833491,0.0075802803,0.9985472,-0.053348303
1356790545713,-0.09716058,-0.045017064,-0.9942502,-0.9952598,1.7011166E-4,0.097251534,-0.004208833,0.99898624,-0.04482019
1356790545751,-0.10059166,-0.034632802,-0.9943248,-0.99489045,-0.0051535964,0.10082844,-0.008616358,0.9993868,-0.033937395
1356790545790,-0.11063427,-0.02019754,-0.9936559,-0.99384904,-0.0026904345,0.11071047,-0.004909426,0.99979234,-0.019775689
1356790545831,-0.12667477,-0.0038920045,-0.9919367,-0.9919299,0.005892217,0.12665078,0.005351782,0.9999751,-0.004607022
1356790545870,-0.14701664,0.0110960305,-0.9890718,-0.98894584,0.017857373,0.14719823,0.019295514,0.999779,0.008348048
1356790545910,-0.17029369,0.02263537,-0.98513335,-0.9847777,0.031426072,0.17095432,0.034828484,0.9992497,0.016939163
1356790545950,-0.19584775,0.02916205,-0.98020065,-0.97932744,0.045771897,0.19703498,0.050611615,0.9985262,0.019594848
1356790545991,-0.22067112,0.027968705,-0.9749471,-0.97306234,0.06208253,0.22202548,0.06673691,0.997679,0.013515532
1356790546029,-0.2417674,0.016257524,-0.97019804,-0.9667807,0.08145541,0.24228081,0.082966805,0.99654436,-0.0039758086
1356790546072,-0.24857938,-0.013987124,-0.9685105,-0.96349317,0.10622692,0.24575746,0.09944448,0.9942435,-0.039882302
1356790546111,-0.2388869,-0.063706666,-0.9689554,-0.964273,0.1332252,0.22897318,0.11450219,0.9890362,-0.093256414
1356790546150,-0.20119411,-0.13876522,-0.9696727,-0.9713588,0.15602493,0.179216,0.1264242,0.97795725,-0.1661821
1356790546190,-0.14597237,-0.22458208,-0.9634599,-0.9801737,0.16473055,0.11010602,0.13398343,0.9604305,-0.24417555
1356790546230,-0.09108278,-0.30060998,-0.94938797,-0.98635316,0.15853485,0.04443142,0.13715452,0.9404788,-0.31094736
1356790546283,-0.05734262,-0.34929025,-0.9352584,-0.9889561,0.14811328,0.0053191483,0.1366663,0.92523444,-0.35392594
1356790546310,-0.052695215,-0.36667636,-0.928855,-0.9897013,0.14314789,-3.6218762E-4,0.1330964,0.9192699,-0.37044322
1356790546350,-0.072649986,-0.35789508,-0.93093127,-0.9891738,0.1451824,0.021380126,0.12750298,0.92240614,-0.36456794
1356790546390,-0.106765,-0.3312994,-0.93746567,-0.9868318,0.15053079,0.059189767,0.12150788,0.93144035,-0.34300822
1356790546431,-0.1472696,-0.2928345,-0.94475377,-0.98227787,0.15526211,0.10499409,0.115938574,0.9434732,-0.31051028
1356790546471,-0.18453607,-0.25075555,-0.9502989,-0.97661865,0.1552817,0.14867282,0.110283464,0.95551515,-0.27354765
1356790546510,-0.2176385,-0.20758152,-0.9536998,-0.9706323,0.14864647,0.18914834,0.10250044,0.9668579,-0.23383653
1356790546550,-0.24012774,-0.16994539,-0.9557496,-0.9663738,0.13513923,0.21876743,0.091980755,0.9761435,-0.19668144
1356790546592,-0.2533718,-0.1393952,-0.95727307,-0.9643079,0.11505404,0.23848,0.07689518,0.98353016,-0.16357136
1356790546631,-0.25526989,-0.11730236,-0.95972776,-0.96506315,0.091564834,0.2454975,0.059079856,0.9888661,-0.1365779
1356790546669,-0.24837089,-0.10288823,-0.9631853,-0.96789956,0.0658834,0.2425488,0.038502455,0.99250865,-0.115948915
1356790546711,-0.23302412,-0.09438023,-0.9678802,-0.9723295,0.039583087,0.23023555,0.016582012,0.99474895,-0.10099256
1356790546750,-0.21205121,-0.08859712,-0.9732342,-0.9772484,0.014680743,0.21158943,-0.004458368,0.9959593,-0.08969444
1356790546790,-0.18961543,-0.08197436,-0.9784305,-0.9816191,-0.006170988,0.19075042,-0.021674544,0.99661535,-0.07929748
1356790546830,-0.16898131,-0.07186568,-0.98299575,-0.9851079,-0.019807637,0.17079249,-0.031744957,0.99721766,-0.06744832
1356790546871,-0.15205324,-0.0576123,-0.9866917,-0.9878206,-0.024492085,0.15365729,-0.03301868,0.99803853,-0.053186476
1356790546910,-0.13902146,-0.040475696,-0.9894619,-0.9899632,-0.019964874,0.13990855,-0.025417328,0.9989811,-0.03729391
1356790546951,-0.12853914,-0.023207754,-0.9914329,-0.99165845,-0.006620288,0.12872335,-0.009550929,0.9997088,-0.022163212
1356790546990,-0.11844319,-0.009506315,-0.9929153,-0.9928987,0.012313902,0.118323386,0.011101812,0.99987894,-0.010897279
1356790547032,-0.10818559,-0.0018028617,-0.99412906,-0.9934723,0.036586344,0.108047694,0.03617677,0.99932885,-0.0057492256
1356790547070,-0.09849936,-0.0011690855,-0.9951364,-0.99319434,0.062570155,0.09823361,0.062150955,0.99803984,-0.0073242188
1356790547114,-0.08278221,-0.013043195,-0.99648225,-0.99244905,0.0918929,0.08124435,0.09050998,0.99568343,-0.0205518
1356790547151,-0.0655002,-0.035978198,-0.99720377,-0.9908484,0.1205439,0.060733616,0.118021786,0.99205583,-0.04354465
1356790547193,-0.029404461,-0.07977685,-0.99637896,-0.98901105,0.14681005,0.017432392,0.14488775,0.9859424,-0.083217084
1356790547232,0.029946119,-0.14853206,-0.9884541,-0.9851508,0.16287175,-0.054320306,0.16905954,0.97540295,-0.1414491
1356790547284,0.11237687,-0.23849568,-0.96461976,-0.975754,0.15700382,-0.15249214,0.1878177,0.9583682,-0.21506953
1356790547311,0.20126776,-0.332158,-0.92149997,-0.9589603,0.124992535,-0.2545035,0.19971594,0.9349053,-0.2933693
1356790547350,0.26667494,-0.40485388,-0.87463015,-0.9415416,0.08441329,-0.32615006,0.20587355,0.9104767,-0.3586759
1356790547392,0.294191,-0.44671148,-0.84492636,-0.93290204,0.05791557,-0.35544273,0.2077147,0.8928015,-0.3996998
1356790547429,0.28600505,-0.4613827,-0.83983755,-0.9356845,0.054524034,-0.34859955,0.20662913,0.8855243,-0.4161145
1356790547490,0.24176304,-0.4478352,-0.8608103,-0.94904053,0.075702116,-0.30592692,0.20217004,0.8909056,-0.40671182
1356790547507,0.18191893,-0.41747424,-0.8902925,-0.96356475,0.10486169,-0.24606267,0.19608238,0.90261805,-0.38318717
1356790547547,0.11085744,-0.371481,-0.9217985,-0.9757752,0.13533916,-0.17188987,0.1886093,0.9185233,-0.34747857
1356790547584,0.041942045,-0.31739736,-0.9473646,-0.982754,0.15781371,-0.096381456,0.18009835,0.93506885,-0.30530453
1356790547627,-0.01744613,-0.26134375,-0.9650881,-0.98532367,0.16841844,-0.027795404,0.16980278,0.9504392,-0.26044643
1356790547670,-0.06049773,-0.2099308,-0.9758428,-0.98573077,0.16641614,0.02531007,0.15708262,0.96344936,-0.21700305
1356790547709,-0.085521996,-0.1670413,-0.98223376,-0.986164,0.15470594,0.059554458,0.14200935,0.97373676,-0.17796087
1356790547750,-0.09373772,-0.13389978,-0.98655164,-0.9877471,0.13669598,0.07529822,0.1247752,0.98152184,-0.1450727
1356790547790,-0.08537948,-0.11089516,-0.99015784,-0.9906597,0.11549431,0.07248771,0.10631904,0.98709846,-0.11972016
1356790547832,-0.063739955,-0.09674057,-0.9932666,-0.9942709,0.091730535,0.05487019,0.0858047,0.99107355,-0.10203326
1356790547871,-0.03308016,-0.087479204,-0.9956169,-0.997349,0.06748712,0.02720803,0.0648112,0.9938777,-0.089479744
1356790547913,-0.0038172305,-0.07851061,-0.996906,-0.9990572,0.043412,4.0656328E-4,0.043245733,0.9959676,-0.078602254
1356790547951,0.0214082,-0.0675866,-0.99748373,-0.9994311,0.024560332,-0.023114145,0.02606073,0.9974111,-0.06702232
1356790547990,0.03626433,-0.05301839,-0.9979348,-0.9992196,0.013717622,-0.037039757,0.015653104,0.9984993,-0.052479565
1356790548031,0.040846944,-0.035624593,-0.99853015,-0.9990804,0.011577547,-0.041282624,0.013031244,0.9992982,-0.035118997
1356790548070,0.03710869,-0.01790288,-0.9991509,-0.9991602,0.016722888,-0.03740865,0.01737845,0.9996999,-0.017267317
1356790548110,0.026898742,-0.0022509694,-0.9996357,-0.9992668,0.027197123,-0.026950091,0.027247906,0.9996276,-0.0015177727
1356790548149,0.011345208,0.009178251,-0.99989355,-0.9991089,0.04075718,-0.010962129,0.040652186,0.9991269,0.009632528
1356790548190,-0.008541226,0.014629811,-0.9998565,-0.99837816,0.05615616,0.00935024,0.056284904,0.9983148,0.01412642
1356790548235,-0.029599667,0.0114296675,-0.99949646,-0.9968355,0.07346618,0.030361027,0.073776156,0.9972322,0.009218931
1356790548274,-0.048197985,-0.003065139,-0.9988331,-0.9946078,0.09208125,0.04771152,0.09182757,0.99574685,-0.0074867606
1356790548307,-0.05366671,-0.033318162,-0.9980029,-0.9925988,0.110814214,0.049676627,0.10893777,0.99328244,-0.03901863
1356790548352,-0.027888268,-0.08839232,-0.99569523,-0.9919358,0.12564579,0.016628861,0.12363505,0.9881295,-0.09118354
1356790548390,0.026841402,-0.16320127,-0.9862276,-0.99055237,0.12838334,-0.048203975,0.13448209,0.978204,-0.15821344
1356790548430,0.11261532,-0.25160432,-0.9612559,-0.9836438,0.10863981,-0.1436741,0.14057967,0.9617133,-0.23525453
1356790548472,0.19722152,-0.33001402,-0.9231438,-0.9699687,0.07104492,-0.23262304,0.1423536,0.9412988,-0.30609167
1356790548510,0.2512766,-0.3817951,-0.88943386,-0.95758384,0.035845116,-0.28591663,0.14104345,0.9235516,-0.3565938
1356790548550,0.26438844,-0.40498397,-0.8752638,-0.95456123,0.019522712,-0.29737478,0.13751957,0.91411537,-0.38142043
1356790548590,0.23956193,-0.4035921,-0.8830195,-0.961818,0.025326326,-0.27251545,0.13234872,0.91458845,-0.38211495
1356790548631,0.18449813,-0.38115126,-0.9059162,-0.97470874,0.04731083,-0.21841377,0.12610841,0.9233014,-0.36278278
1356790548670,0.11479907,-0.3439868,-0.9319304,-0.986152,0.073568925,-0.14863345,0.11968902,0.93608797,-0.3307776
1356790548713,0.03407237,-0.29304436,-0.95549154,-0.993021,0.09808245,-0.06549209,0.11290905,0.95105463,-0.28765732
1356790548750,-0.035670936,-0.24001113,-0.9701145,-0.9937488,0.111275375,0.009009898,0.10578734,0.9643715,-0.24248004
1356790548792,-0.097911716,-0.18620878,-0.9776193,-0.9904569,0.1139766,0.077488154,0.096996754,0.9758768,-0.19559145
1356790548831,-0.13933995,-0.13968134,-0.9803436,-0.9864255,0.1064432,0.12503815,0.08688536,0.9844587,-0.15261704
1356790548869,-0.16406995,-0.10178369,-0.9811836,-0.98360854,0.092304945,0.1549001,0.07480186,0.990515,-0.115259826
