1356790403738,0.124203324,-0.132804,0.9833294,0.967422,-0.2041226,-0.14976197,0.22060874,0.9698954,0.1031248
1356790403776,0.34990832,-0.17739534,0.91983426,0.9104364,-0.16684124,-0.37850967,0.22061214,0.9698943,0.10312803
1356790403816,0.3498519,-0.17743549,0.91984797,0.91044974,-0.16686821,-0.37846577,0.22064659,0.96988237,0.10316689
1356790403858,0.3497449,-0.17758104,0.9198606,0.91045606,-0.16697386,-0.37840378,0.22079006,0.9698374,0.10328151
1356790403896,0.34993085,-0.17778671,0.91975015,0.91029847,-0.16724524,-0.37866318,0.2211451,0.969753,0.10331468
1356790403937,0.3512701,-0.17774445,0.9192476,0.9096257,-0.16778883,-0.38003674,0.22178891,0.96966684,0.10274175
1356790403977,0.35481927,-0.17700803,0.91802585,0.90800416,-0.16873452,-0.38348022,0.22278169,0.9696375,0.100853756
1356790404017,0.36141255,-0.17522871,0.91579247,0.90504944,-0.17024246,-0.38974726,0.22420171,0.969697,0.097062916
1356790404056,0.37135148,-0.17234275,0.91235745,0.90055716,-0.17236453,-0.3991079,0.22604147,0.96983933,0.09119673
1356790404098,0.38431367,-0.16857973,0.90768045,0.8945737,-0.1749461,-0.41125625,0.22812468,0.9700385,0.08357288
1356790404136,0.39934742,-0.16442773,0.9019341,0.8874389,-0.17764777,-0.42531565,0.2301603,0.97026014,0.074976414
1356790404177,0.4151357,-0.16045892,0.8954972,0.8797107,-0.180091,-0.44008678,0.23188683,0.9704742,0.06639521
1356790404217,0.4305184,-0.15711573,0.88880175,0.87195814,-0.1819343,-0.45452058,0.23311585,0.9706774,0.058672234
1356790404257,0.44504735,-0.15447867,0.8820823,0.864465,-0.18298683,-0.46820506,0.23373717,0.9709027,0.052103594
1356790404297,0.45885786,-0.15234372,0.87535185,0.8571981,-0.18333355,-0.48124862,0.23379654,0.9711747,0.046464697
1356790404337,0.47218242,-0.1503785,0.8685793,0.8499993,-0.1833879,-0.493832,0.2335487,0.9714706,0.04122907
1356790404377,0.4853579,-0.1481862,0.86166614,0.8425802,-0.18383875,-0.5062232,0.23342294,0.97172225,0.03563115
1356790404417,0.4990331,-0.14515972,0.85433865,0.8344747,-0.18538004,-0.5189279,0.23370478,0.9718862,0.02862136
1356790404457,0.51437706,-0.14039066,0.8459945,0.82498133,-0.1883381,-0.53285503,0.23414087,0.9720181,0.018942863
1356790404497,0.53213096,-0.1331313,0.8361296,0.813673,-0.19257009,-0.5485008,0.23403615,0.9722103,0.0058528185
1356790404537,0.55165154,-0.12321448,0.8249235,0.80086106,-0.19807172,-0.56514525,0.23302808,0.97241235,-0.010588914
1356790404576,0.57099164,-0.11098611,0.8134191,0.78759325,-0.20553431,-0.58090675,0.23165807,0.9723363,-0.029946476
1356790404618,0.5877995,-0.09691396,0.8031808,0.7752956,-0.21612477,-0.59347016,0.23110285,0.97154397,-0.051901042
1356790404674,0.6033898,-0.07954669,0.793469,0.7625301,-0.23365194,-0.6032865,0.23338503,0.9690609,-0.08032644
1356790404708,0.607787,-0.06002009,0.79182863,0.75767857,-0.25468975,-0.60087967,0.23773551,0.96515846,-0.109321184
1356790404748,0.60796475,-0.039085507,0.79300135,0.75545657,-0.27879882,-0.592922,0.24426252,0.9595537,-0.13997243
1356790404788,0.6051479,-0.015417874,0.79596376,0.7550294,-0.30591816,-0.5799523,0.25244138,0.95193297,-0.1734848
1356790404828,0.6008935,0.011686325,0.7992436,0.7554203,-0.33514148,-0.56304556,0.26127976,0.94209534,-0.2102124
1356790404868,0.5961222,0.04176855,0.80180657,0.7561456,-0.36499345,-0.54316086,0.26996708,0.9300727,-0.24916382
1356790404908,0.59046865,0.07338652,0.80371714,0.7575489,-0.39383546,-0.5205894,0.27832806,0.9162467,-0.28814137
1356790404949,0.58264303,0.10456231,0.8059738,0.76045954,-0.4200372,-0.49524736,0.2867548,0.9014629,-0.32424718
1356790405007,0.5691707,0.1331577,0.81136537,0.7671895,-0.44094992,-0.4658147,0.2957447,0.8875991,-0.35313296
1356790405028,0.54529494,0.15742335,0.8233294,0.78057444,-0.45338058,-0.43029022,0.30554384,0.8773049,-0.37010676
1356790405068,0.5065607,0.17669359,0.843905,0.8024336,-0.4546918,-0.38646555,0.31543064,0.872946,-0.37211388
1356790405104,0.45130646,0.19096497,0.87169653,0.8316816,-0.44408995,-0.33330134,0.32346278,0.87539506,-0.35924274
1356790405147,0.379127,0.1996445,0.9035512,0.8654892,-0.42198828,-0.2699157,0.3274008,0.8843461,-0.3327773
1356790405186,0.29317173,0.20180199,0.9345193,0.89887345,-0.3911682,-0.19751942,0.32569444,0.8979217,-0.29607388
1356790405227,0.19805682,0.19615856,0.9603621,0.9272237,-0.3552096,-0.11866939,0.3178518,0.9139737,-0.25223455
1356790405267,0.1018213,0.18195394,0.9780211,0.9470235,-0.31875175,-0.039292663,0.30459648,0.93020976,-0.20477036
1356790405307,0.014770627,0.15984541,0.9870316,0.9577566,-0.2857998,0.031951457,0.2872007,0.94486403,-0.15731448
1356790405347,-0.051952124,0.13210982,0.9898727,0.96226174,-0.25850838,0.08500388,0.26712027,0.9569328,-0.1136941
1356790405386,-0.08884114,0.10196775,0.9908128,0.96521324,-0.23677385,0.11091292,0.24590805,0.96619916,-0.077385396
1356790405428,-0.08942354,0.07239181,0.9933594,0.9702037,-0.21916127,0.103310585,0.22518474,0.97299933,-0.05063665
1356790405469,-0.050793648,0.045551747,0.9976698,0.97722065,-0.20384258,0.05905962,0.20605788,0.9779434,-0.034160197
1356790405507,0.02622968,0.021766722,0.999419,0.98148686,-0.1903063,-0.021614313,0.18972519,0.98148346,-0.026355475
1356790405549,0.13212854,0.0026084185,0.9912292,0.97543186,-0.17818081,-0.12955388,0.17628005,0.98399425,-0.026087105
1356790405587,0.2554854,-0.014223456,0.9667083,0.9524926,-0.1677554,-0.2541966,0.16578606,0.985726,-0.0293113
1356790405627,0.37336558,-0.02941674,0.9272177,0.914061,-0.15899616,-0.373112,0.15839982,0.98684084,-0.032474965
1356790405676,0.47041088,-0.04660648,0.8812158,0.8686669,-0.15133393,-0.47171587,0.1553429,0.9873833,-0.03070359
1356790405708,0.5571474,-0.06636846,0.82775724,0.8158098,-0.14237458,-0.5605211,0.15505251,0.9875853,-0.025179595
1356790405748,0.60828614,-0.08822122,0.78879976,0.7776016,-0.13301218,-0.614527,0.1591343,0.98718023,-0.012308508
1356790405788,0.6354638,-0.11200845,0.7639632,0.7537949,-0.12434782,-0.64523697,0.1672692,0.98589635,0.005412884
1356790405828,0.64215744,-0.13505554,0.75458187,0.7455229,-0.1190646,-0.6557584,0.17840785,0.9836582,0.024228834
1356790405868,0.6281231,-0.1542145,0.762679,0.7542603,-0.120161176,-0.6454864,0.1911878,0.9807034,0.040841885
1356790405909,0.5910337,-0.1658094,0.78942156,0.78028715,-0.13061798,-0.6116297,0.2045266,0.9774693,0.05217933
1356790405948,0.52995044,-0.16506955,0.831808,0.8196236,-0.1520397,-0.5523594,0.21764565,0.9744926,0.05472146
1356790405988,0.45462394,-0.14720446,0.8784349,0.8604199,-0.18232179,-0.47585323,0.23020554,0.97215724,0.04376982
1356790406028,0.38598385,-0.10964072,0.9159669,0.8902531,-0.21598086,-0.401001,0.24179727,0.97022235,0.014242783
1356790406068,0.35039088,-0.055014282,0.9349865,0.9022155,-0.2481943,-0.35271356,0.25146258,0.9671469,-0.037330315
1356790406108,0.35419586,0.009046376,0.9351275,0.8989531,-0.27888533,-0.33779618,0.25773755,0.9602817,-0.10691227
1356790406138,0.36072394,0.07154563,0.9299244,0.8954754,-0.3053402,-0.32386896,0.26077193,0.9495517,-0.17421088
1356790406178,0.372474,0.1249485,0.91959286,0.89068747,-0.3264339,-0.31641233,0.260651,0.9369252,-0.23287827
1356790406219,0.3489705,0.1705383,0.9214859,0.9005449,-0.3331044,-0.27939284,0.2593038,0.9273393,-0.26982105
1356790406258,0.27988818,0.20772389,0.9372905,0.9247879,-0.32044736,-0.20513669,0.25774044,0.9242102,-0.28179
1356790406298,0.16647315,0.23537996,0.95754004,0.9522693,-0.29036784,-0.09417936,0.2558709,0.9275143,-0.2724836
1356790406338,0.021552742,0.25089663,0.9677739,0.96710247,-0.25065023,0.04344359,0.25347257,0.9350002,-0.24804497
1356790406378,-0.13090503,0.2525762,0.95868087,0.9592674,-0.21191013,0.18681553,0.25033936,0.94408655,-0.21454799
1356790406418,-0.2666676,0.24189487,0.932939,0.9319154,-0.18216527,0.3136073,0.24580914,0.95304906,-0.17684793
1356790406459,-0.3717271,0.22258326,0.90126336,0.8970784,-0.16370022,0.41042978,0.23889181,0.9610718,-0.1388228
1356790406499,-0.44362974,0.19821683,0.8740153,0.86653185,-0.15402406,0.47476223,0.22872525,0.96798074,-0.10343152
1356790406539,-0.4828409,0.17125055,0.8588003,0.8489026,-0.14925307,0.50703824,0.21500912,0.9738567,-0.0733096
1356790406578,-0.49227268,0.14298916,0.85861623,0.8477985,-0.14476156,0.5101783,0.19724455,0.9790803,-0.04996389
1356790406618,-0.47185624,0.11376077,0.8743056,0.8640213,-0.1377852,0.48423392,0.17555323,0.9839074,-0.033276916
1356790406676,-0.4175459,0.08403504,0.90476155,0.8958197,-0.12870294,0.42537338,0.15219179,0.9881162,-0.02154082
1356790406698,-0.32172537,0.05434534,0.94527215,0.9376128,-0.12070131,0.32605776,0.13181525,0.9912002,-0.012122273
1356790406738,-0.19151062,0.025172591,0.98116773,0.97432137,-0.115730464,0.1931434,0.11841291,0.99296165,-0.002362609
1356790406769,-0.051618874,-0.0017957389,0.9986652,0.992414,-0.1118207,0.05109462,0.11157963,0.99372673,0.0075541437
1356790406810,0.043896496,-0.025360882,0.9987141,0.9923819,-0.114081085,-0.046515048,0.11511406,0.9931477,0.02015993
1356790406849,0.08363569,-0.042989373,0.99556863,0.988521,-0.12256783,-0.08833614,0.12582228,0.99152863,0.03224489
1356790406890,0.07157761,-0.05234793,0.9960604,0.98714566,-0.13935107,-0.0782606,0.14289892,0.9888584,0.04170063
1356790406928,0.009326935,-0.049098313,0.9987503,0.9866349,-0.16203791,-0.017179519,0.16267893,0.9855623,0.04693085
1356790406968,-0.073156774,-0.03275457,0.9967824,0.9800986,-0.18729681,0.06577766,0.18453965,0.98175716,0.04580474
1356790407008,-0.16149342,-0.0011332035,0.98687315,0.9648963,-0.21004689,0.15765595,0.20711097,0.9776907,0.0350146
1356790407048,-0.23072147,0.044434667,0.9720047,0.945574,-0.22534978,0.23474944,0.2294721,0.9732641,0.009976774
1356790407088,-0.26533872,0.10191876,0.95875335,0.93083054,-0.23209971,0.282284,0.2512964,0.9673377,-0.033284068
1356790407128,-0.2642011,0.16877478,0.9495857,0.9252382,-0.23359442,0.29894486,0.27227223,0.9575745,-0.094441
1356790407168,-0.24306273,0.2396051,0.93995214,0.92516506,-0.23396677,0.29887992,0.29153076,0.94225734,-0.16480559
1356790407208,-0.23221445,0.30571318,0.92337203,0.9227574,-0.23094112,0.30852064,0.30756342,0.9236913,-0.22847122
1356790407248,-0.25838423,0.35876033,0.89695525,0.9120008,-0.21560413,0.34895477,0.3185784,0.9081882,-0.27148098
1356790407288,-0.32744247,0.39291912,0.8592998,0.88790566,-0.18304414,0.42204076,0.32311764,0.90117115,-0.28893876
1356790407328,-0.42559296,0.40475756,0.80934656,0.8461748,-0.13898015,0.51446354,0.32071614,0.9038007,-0.2833467
1356790407368,-0.52941847,0.39503068,0.7507775,0.7887668,-0.09662968,0.60704994,0.31235075,0.91357183,-0.26042956
1356790407408,-0.61962634,0.36927658,0.6926023,0.72535735,-0.06771475,0.68503386,0.29986638,0.9268492,-0.2258997
1356790407448,-0.68711334,0.33506835,0.6446738,0.66830313,-0.05662781,0.74173045,0.28503692,0.9404905,-0.18501747
1356790407488,-0.7323802,0.29779392,0.6123219,0.6256662,-0.060459495,0.77774453,0.26862824,0.9527137,-0.14204031
1356790407528,-0.7585842,0.26025048,0.5973439,0.60133994,-0.07335645,0.7956187,0.25087914,0.9627505,-0.10085201
1356790407569,-0.7681875,0.22384693,0.59981704,0.59668356,-0.08928329,0.79749435,0.2320703,0.97052616,-0.06497949
1356790407608,-0.7621706,0.18930416,0.6190799,0.6115399,-0.10322213,0.7844515,0.21240266,0.976478,-0.037094176
1356790407675,-0.740377,0.15678509,0.6536516,0.6442095,-0.11214924,0.75658226,0.19192731,0.9812447,-0.017969787
1356790407689,-0.7021812,0.12629682,0.70070726,0.69110954,-0.11573458,0.7134235,0.1711992,0.98521805,-0.006018281
1356790407728,-0.64543617,0.09819642,0.75747585,0.7483312,-0.11736852,0.6528592,0.15301225,0.98822176,0.0022704005
1356790407768,-0.573865,0.07253778,0.815731,0.80689985,-0.120159924,0.57833743,0.13996953,0.99010086,0.010424972
1356790407806,-0.49263835,0.04818824,0.868899,0.85993385,-0.12621093,0.494555,0.13349631,0.9908323,0.020737648
1356790407846,-0.41210884,0.02496773,0.91079247,0.90129596,-0.13533407,0.41152185,0.13353598,0.99048537,0.033269048
1356790407886,-0.34064144,0.0042659044,0.9401835,0.9298343,-0.14650464,0.3375565,0.13918126,0.9892007,0.04593903
1356790407926,-0.28400683,-0.011770576,0.95875,0.94716537,-0.1588906,0.27862442,0.14905679,0.987226,0.056274652
1356790407985,-0.24494845,-0.020981848,0.96930903,0.9559535,-0.17198855,0.23785052,0.1617195,0.98487544,0.062186003
1356790408007,-0.2217434,-0.020769924,0.9748838,0.9590968,-0.18506068,0.2142098,0.17596352,0.9825076,0.06095636
1356790408047,-0.20756078,-0.0076152086,0.97819245,0.9594113,-0.19674397,0.20204395,0.19091484,0.9804253,0.048142463
1356790408084,-0.19339007,0.022107005,0.9808728,0.95928144,-0.20550972,0.19376487,0.20586246,0.9784053,0.018536717
1356790408127,-0.16889077,0.07126877,0.98305476,0.9606769,-0.21112299,0.18035203,0.2203989,0.97485787,-0.032809556
1356790408166,-0.13641757,0.13602453,0.9812683,0.9626185,-0.21576923,0.16373503,0.23399946,0.9669235,-0.10150504
1356790408206,-0.1028409,0.2060731,0.9731175,0.96372145,-0.22160083,0.1487754,0.24630225,0.95311433,-0.17580742
1356790408256,-0.08340919,0.26847735,0.95966804,0.96283555,-0.22654039,0.14706159,0.25688633,0.9362688,-0.23960394
1356790408297,-0.10304618,0.3107394,0.9448929,0.95927346,-0.22014064,0.17701033,0.26301333,0.9246509,-0.2753994
1356790408337,-0.14907897,0.32903582,0.9324757,0.95284146,-0.20427912,0.22441742,0.2643267,0.9219574,-0.28306526
1356790408377,-0.21263921,0.32644874,0.9209863,0.94150084,-0.18375337,0.28250805,0.26145875,0.9271817,-0.2682786
1356790408417,-0.28292674,0.30750272,0.90851223,0.924433,-0.16508311,0.34376025,0.25568727,0.9371177,-0.2375592
1356790408456,-0.34973717,0.27737337,0.89484525,0.903372,-0.15320557,0.4005585,0.2481995,0.9484683,-0.1969896
1356790408497,-0.40616953,0.24067429,0.881534,0.8818948,-0.14943844,0.4471351,0.23934898,0.9590329,-0.15155202
1356790408538,-0.4477737,0.20136687,0.87117743,0.864354,-0.15193039,0.47938427,0.22889051,0.9676614,-0.10602182
1356790408577,-0.4727052,0.16236442,0.8661337,0.8543014,-0.15664518,0.4956121,0.21614543,0.97421765,-0.064661205
1356790408617,-0.4784612,0.12629357,0.8689792,0.8548317,-0.15935314,0.49383122,0.20084226,0.97911006,-0.031715453
1356790408679,-0.46648562,0.094649315,0.8794502,0.86560005,-0.15574133,0.47590044,0.18201038,0.9832529,-0.009277344
1356790408698,-0.435668,0.06770018,0.89755785,0.8856336,-0.14586365,0.4408821,0.16076884,0.98698556,0.0035905838
1356790408739,-0.38743615,0.04561758,0.9207672,0.911081,-0.13359481,0.38997915,0.14079964,0.9899856,0.010198176
1356790408778,-0.32519776,0.027466089,0.945247,0.93707407,-0.12492281,0.32601592,0.12703735,0.9917861,0.014886975
1356790408818,-0.2578197,0.011205733,0.9661281,0.9584058,-0.12373179,0.25719407,0.122422844,0.99225247,0.021160841
1356790408858,-0.19669765,-0.0044844747,0.98045397,0.97220916,-0.13038284,0.19444722,0.12696242,0.9914536,0.030005813
1356790408898,-0.15087843,-0.01857081,0.98837787,0.978763,-0.14316475,0.1467207,0.13877612,0.98952466,0.03977692
1356790408938,-0.12518352,-0.0284231,0.9917264,0.9799353,-0.15980798,0.119115025,0.1551002,0.9867389,0.04785809
1356790408977,-0.120936275,-0.031262934,0.99216783,0.97740203,-0.17832291,0.11351758,0.1733774,0.98347527,0.052122146
1356790409017,-0.13579416,-0.024552166,0.99043286,0.9719592,-0.19701427,0.1283775,0.19197741,0.9800932,0.05061701
1356790409056,-0.16306281,-0.0056793094,0.98659945,0.9639696,-0.21393919,0.15809101,0.21017435,0.97683054,0.040360093
1356790409097,-0.19256264,0.028200626,0.9808793,0.9545511,-0.22635007,0.1939016,0.22749028,0.97363764,0.016667664
1356790409136,-0.2147392,0.079107404,0.97346246,0.9459554,-0.23115444,0.22745582,0.24301359,0.9696957,-0.025194168
1356790409176,-0.22706854,0.14500195,0.96302354,0.9398032,-0.22666329,0.25572208,0.25536227,0.96311903,-0.08480519
1356790409216,-0.23877698,0.2163445,0.94666815,0.9346988,-0.21311814,0.28446242,0.26329398,0.9527726,-0.15132928
1356790409256,-0.26485735,0.2786274,0.92315614,0.9267514,-0.19095653,0.32352352,0.26642522,0.94122386,-0.20764208
1356790409296,-0.3130355,0.32059407,0.89399564,0.9119042,-0.16158843,0.37725312,0.26540443,0.933332,-0.24176824
1356790409336,-0.37865138,0.33880147,0.8612994,0.88778186,-0.13013506,0.44148397,0.2616607,0.93181455,-0.25150597
1356790409377,-0.44969922,0.33634162,0.82743275,0.85545945,-0.10418552,0.50728154,0.2568264,0.9359592,-0.24087441
1356790409417,-0.5146327,0.3194562,0.79567635,0.8195709,-0.08936381,0.56596607,0.251906,0.9433779,-0.21582747
1356790409457,-0.5670818,0.29380262,0.7694793,0.78589547,-0.086637616,0.61226,0.2465494,0.9519317,-0.18176746
1356790409498,-0.6059842,0.26212585,0.7510481,0.75873935,-0.09314841,0.6447,0.23895144,0.9605277,-0.14243871
1356790409537,-0.6293906,0.22789758,0.74292,0.74288994,-0.104037404,0.6612796,0.22799551,0.968111,-0.10382271
1356790409577,-0.64053345,0.19194326,0.7435554,0.7379987,-0.11383253,0.6651317,0.21230829,0.974782,-0.06874031
1356790409617,-0.6377652,0.1561951,0.75422716,0.74583113,-0.11928284,0.65536827,0.19233167,0.9804972,-0.04042071
1356790409677,-0.6221999,0.12095186,0.77345836,0.7651428,-0.11503959,0.63350016,0.16560134,0.98596984,-0.020967841
1356790409708,-0.5819428,0.08947146,0.80829287,0.8010098,-0.10859299,0.5887196,0.14044854,0.9900516,-0.008472562
1356790409748,-0.5285365,0.06401178,0.8464937,0.8403431,-0.10185766,0.53239864,0.12030172,0.99273735,4.3690205E-5
1356790409788,-0.4628845,0.043592215,0.8853461,0.8797489,-0.0997023,0.46486717,0.10853565,0.994062,0.00780046
1356790409828,-0.38919675,0.025935829,0.92078936,0.91498154,-0.10464615,0.38968948,0.106464,0.99417126,0.016997159
1356790409866,-0.31412584,0.009302139,0.9493358,0.9425927,-0.11631256,0.31303427,0.113331586,0.99316907,0.027768612
1356790409907,-0.24483746,-0.0060535073,0.96954525,0.9611504,-0.13296777,0.2418873,0.12745395,0.99110186,0.038373828
1356790409946,-0.18773216,-0.01845774,0.98204684,0.9712775,-0.15231669,0.18281057,0.14620781,0.9881594,0.04652232
1356790409987,-0.14739335,-0.02556923,0.98874736,0.97483075,-0.17281926,0.14084962,0.16727313,0.98462164,0.05039811
1356790410026,-0.12492752,-0.024213374,0.9918703,0.97402686,-0.19327849,0.117961824,0.18885097,0.98084503,0.047730297
1356790410066,-0.11612189,-0.010203242,0.99318254,0.97080624,-0.21246737,0.11132297,0.2098831,0.9771148,0.03457755
1356790410106,-0.112074316,0.020850688,0.9934811,0.9667609,-0.2289285,0.11386469,0.2298103,0.97322,0.005499333
1356790410146,-0.102614045,0.0713436,0.9921595,0.96323234,-0.2418499,0.11701307,0.24830177,0.96768725,-0.04390323
1356790410186,-0.083048284,0.13799956,0.9869443,0.96065414,-0.2523113,0.11611548,0.26504108,0.9577553,-0.11161581
1356790410226,-0.060465634,0.20962232,0.975911,0.9581837,-0.26176685,0.11559394,0.2796923,0.9420916,-0.18502879
1356790410266,-0.05104518,0.2715957,0.9610568,0.95513296,-0.2678402,0.1264224,0.29174542,0.9243903,-0.24573809
1356790410306,-0.06654149,0.31472364,0.94684815,0.9514816,-0.2657073,0.15518573,0.30042508,0.91123474,-0.2817732
1356790410346,-0.10786718,0.33726522,0.93520945,0.9462569,-0.25366986,0.20062253,0.3048975,0.90658903,-0.29177684
1356790410388,-0.16916257,0.34054682,0.9248848,0.93731964,-0.23448563,0.25777563,0.3046569,0.91051865,-0.279535
1356790410427,-0.23591661,0.32965693,0.91414964,0.9240937,-0.21493912,0.3159934,0.30065596,0.91930807,-0.25392616
1356790410467,-0.30097902,0.30701354,0.902859,0.9074458,-0.19886148,0.3701301,0.29317883,0.93069696,-0.218745
1356790410507,-0.3563916,0.27575067,0.8927187,0.89066994,-0.1884135,0.41377243,0.2822982,0.9425826,-0.17845386
1356790410547,-0.3974238,0.23887616,0.885998,0.87779754,-0.18243498,0.44293216,0.26744297,0.9537587,-0.13718092
1356790410587,-0.42127097,0.19905904,0.88482,0.8723792,-0.17780071,0.4553478,0.24796268,0.9637233,-0.09875268
1356790410628,-0.42634094,0.15851972,0.89056444,0.87660336,-0.1704815,0.45000285,0.2231591,0.9725264,-0.066275656
1356790410679,-0.4073015,0.12003192,0.9053716,0.8922231,-0.15941626,0.42252135,0.19504696,0.9798871,-0.042164803
1356790410707,-0.36451024,0.08634052,0.92718804,0.91650236,-0.14293909,0.37361994,0.16478994,0.98595834,-0.027028501
1356790410746,-0.29254,0.058561653,0.9544585,0.94650793,-0.124402344,0.29773602,0.1361728,0.9905021,-0.019036412
1356790410786,-0.19333029,0.03671503,0.9804466,0.9745481,-0.10840267,0.19622657,0.11348751,0.9934288,-0.0148230195
1356790410826,-0.076750875,0.018287241,0.9968827,0.99199504,-0.09915519,0.078193516,0.10027602,0.9949039,-0.010530621
1356790410866,0.03775847,9.432435E-5,0.9992869,0.9944656,-0.09811729,-0.03756705,0.09804377,0.9951749,-0.0037985742
1356790410906,0.13100415,-0.019141048,0.991197,0.9856491,-0.10485017,-0.13229564,0.10645947,0.9943038,0.005130559
1356790410946,0.19239238,-0.03795588,0.9805838,0.97350097,-0.11849329,-0.19558927,0.12361637,0.9922291,0.0141528845
1356790411005,0.21968272,-0.05316174,0.9741218,0.96447873,-0.13831297,-0.22505632,0.14669809,0.98896074,0.020888388
1356790411027,0.21629271,-0.060812324,0.9744328,0.9608729,-0.1636264,-0.22349444,0.17303407,0.9846463,0.023041666
1356790411067,0.19000286,-0.05650872,0.98015594,0.9610887,-0.19319421,-0.19744489,0.20051786,0.9795319,0.017602444
1356790411104,0.15266383,-0.036153942,0.98761666,0.9617516,-0.2245456,-0.15688562,0.22743702,0.9737927,4.9111247E-4
1356790411147,0.11951631,0.0029011965,0.992828,0.96019787,-0.25461906,-0.11484423,0.25245976,0.9670371,-0.033216834
1356790411186,0.09816033,0.059274375,0.9934038,0.9567118,-0.2804451,-0.07780114,0.2739836,0.9580382,-0.08423713
1356790411226,0.08810967,0.12594831,0.98811626,0.9528512,-0.29981512,-0.0467498,0.29036412,0.9456469,-0.14642668
1356790411267,0.07422507,0.1916033,0.9786618,0.9508567,-0.3094164,-0.011538386,0.30060324,0.9314235,-0.20515373
1356790411307,0.041742325,0.24573278,0.9684384,0.95145917,-0.30559903,0.03653264,0.30493113,0.91990465,-0.24656111
1356790411347,-0.015102029,0.2827661,0.95906997,0.9525032,-0.28770298,0.09982312,0.3041539,0.91502476,-0.26499075
1356790411386,-0.092309475,0.3013189,0.9490447,0.94975483,-0.25962907,0.17481002,0.29907322,0.9174963,-0.2622128
1356790411426,-0.1799342,0.30253795,0.93599916,0.9397507,-0.22830665,0.25444975,0.29067555,0.9253901,-0.24323004
1356790411466,-0.26659173,0.28910956,0.9194262,0.92225385,-0.2005741,0.33048126,0.27995837,0.9360479,-0.21316099
1356790411507,-0.3423227,0.2648245,0.90148944,0.9007075,-0.18063694,0.39509025,0.26747185,0.94722664,-0.17669338
1356790411547,-0.4010052,0.23343647,0.8858342,0.8804538,-0.16882175,0.4430578,0.25297394,0.95760465,-0.13783169
1356790411588,-0.43852127,0.19842705,0.87654203,0.86716735,-0.16274911,0.4706735,0.23605078,0.9665089,-0.10070056
1356790411628,-0.45469224,0.16205326,0.8757818,0.864167,-0.15772611,0.4778473,0.2155703,0.9740951,-0.06832427
1356790411683,-0.4430765,0.12652203,0.88751084,0.8754945,-0.15190136,0.45873234,0.19285387,0.9802643,-0.043465376
1356790411710,-0.40727335,0.0934999,0.9085076,0.89780533,-0.14150637,0.41703892,0.16755268,0.9855119,-0.026312947
1356790411749,-0.33933675,0.06268045,0.9385743,0.92971015,-0.12948513,0.34477922,0.14314231,0.9895983,-0.014335632
1356790411790,-0.24444062,0.034472823,0.96905136,0.96183044,-0.11815667,0.24682239,0.12300852,0.9923965,-0.0042747855
1356790411829,-0.12329745,0.007569343,0.9923409,0.9861258,-0.111064374,0.123372406,0.11114752,0.9937844,0.0062295794
1356790411870,-0.00165838,-0.018871576,0.9998206,0.99396574,-0.10969019,-4.2170286E-4,0.10967854,0.99378663,0.018939644
1356790411909,0.10186458,-0.045437455,0.9937601,0.9877676,-0.11393696,-0.1064598,0.11806324,0.9924484,0.033275515
1356790411949,0.17390618,-0.07045138,0.9822389,0.9756199,-0.12327203,-0.18157601,0.13387486,0.989869,0.047295988
1356790411988,0.21058175,-0.09146306,0.9732882,0.96525276,-0.13813409,-0.22182408,0.15473309,0.98618126,0.05919653
1356790412028,0.2148239,-0.105262846,0.97096366,0.96038806,-0.1579144,-0.22960374,0.1774978,0.9818263,0.06716937
1356790412068,0.19498014,-0.10894114,0.97473824,0.9601019,-0.18192571,-0.2123853,0.20046744,0.9772589,0.06912261
1356790412108,0.1606425,-0.0993835,0.9819964,0.96168995,-0.20815969,-0.17838758,0.22214082,0.97303265,0.06213677
1356790412149,0.12616247,-0.074322104,0.9892216,0.9622489,-0.23325461,-0.14024729,0.24116397,0.9695713,0.04208839
1356790412188,0.105722606,-0.033043534,0.99384654,0.9607829,-0.2542652,-0.11065921,0.25635707,0.9665699,0.004866034
1356790412228,0.1123181,0.02307117,0.9934044,0.9571955,-0.27089924,-0.101932704,0.2667608,0.9623311,-0.05251047
1356790412268,0.14454567,0.08866373,0.98551774,0.9515009,-0.28580737,-0.11384332,0.27157447,0.95417655,-0.1256758
1356790412308,0.18491185,0.15320233,0.97074026,0.94469404,-0.29994494,-0.13261303,0.27085203,0.9415742,-0.20019263
1356790412348,0.20938411,0.20608163,0.9558706,0.9408704,-0.30869058,-0.13954592,0.26631033,0.9285691,-0.25853106
1356790412388,0.2027474,0.24234888,0.9487679,0.9440186,-0.30586064,-0.12360489,0.2602352,0.9207151,-0.2907943
1356790412428,0.16162997,0.2618873,0.9514677,0.9536803,-0.2893253,-0.08237037,0.25371188,0.9207095,-0.29652047
1356790412466,0.09116185,0.26615465,0.9596099,0.96473324,-0.26255524,-0.018826991,0.24693972,0.9274839,-0.28070328
1356790412507,0.0020245612,0.25677568,0.9664689,0.9707183,-0.23266307,0.05978149,0.24021202,0.938048,-0.2497279
1356790412546,-0.09066874,0.23617819,0.9674704,0.9680867,-0.20701051,0.14126176,0.23363948,0.9494032,-0.20987159
1356790412588,-0.17295486,0.20747915,0.96282864,0.9585812,-0.18914127,0.21294981,0.22629333,0.95978016,-0.16617268
1356790412627,-0.23092753,0.17462847,0.95717156,0.9484763,-0.17894775,0.26147726,0.21694505,0.9682369,-0.12430704
1356790412682,-0.26202637,0.14060384,0.95476323,0.9431824,-0.1721543,0.28420052,0.20432621,0.9749838,-0.087506115
1356790412709,-0.25942808,0.1072945,0.95978385,0.9471744,-0.16577697,0.274552,0.18856794,0.9803091,-0.05861944
1356790412750,-0.2183649,0.076579094,0.97285783,0.96077776,-0.15776366,0.22807187,0.17094716,0.9845031,-0.039125443
1356790412789,-0.13579583,0.049791217,0.9894849,0.978866,-0.14739966,0.14175576,0.15290797,0.98782295,-0.028722644
1356790412828,-0.014415503,0.026764035,0.9995378,0.9905503,-0.13597333,0.017926723,0.1363903,0.99035096,-0.024551004
1356790412868,0.12661958,0.006985992,0.9919268,0.98426867,-0.12509996,-0.124760985,0.12321845,0.99211955,-0.022716224
1356790412907,0.25974014,-0.011434913,0.9656108,0.95877457,-0.11630115,-0.2592785,0.1152665,0.9931481,-0.019244522
1356790412946,0.3595295,-0.030375391,0.93263924,0.9261563,-0.11038017,-0.36062536,0.11389902,0.99342513,-0.011552572
1356790412986,0.4155972,-0.0506728,0.9081361,0.9016315,-0.1085006,-0.41867456,0.11974871,0.99280405,5.95659E-4
1356790413026,0.4294445,-0.07115713,0.9002855,0.8933394,-0.11264771,-0.43503457,0.13237092,0.9910838,0.01519154
1356790413066,0.4070715,-0.08865973,0.9090832,0.9009713,-0.12462941,-0.41559386,0.15014488,0.9882343,0.029146746
1356790413106,0.35571042,-0.09888214,0.9293506,0.9188239,-0.14491442,-0.36710015,0.17097595,0.9844909,0.03930767
1356790413146,0.28486377,-0.09741312,0.9536054,0.93896466,-0.17180568,-0.2980406,0.19286788,0.9803027,0.042526245
1356790413187,0.20776558,-0.08070496,0.97484374,0.95450413,-0.20120454,-0.22008795,0.21390513,0.976219,0.035229802
1356790413228,0.14208126,-0.046287537,0.98877215,0.9621414,-0.22825605,-0.14893997,0.23258725,0.9725002,0.012104243
1356790413276,0.11308485,0.0111270845,0.99352306,0.96213007,-0.25083947,-0.10670233,0.2480275,0.96796477,-0.039071858
1356790413316,0.085496604,0.08566779,0.99264866,0.96192974,-0.26666588,-0.059836924,0.25957948,0.9599741,-0.10520539
1356790413356,0.07616079,0.1634618,0.9836055,0.96059513,-0.2764938,-0.028429627,0.2673136,0.9470119,-0.17807865
1356790413396,0.06248948,0.23418161,0.97018254,0.96032035,-0.27884582,0.0054532588,0.27180842,0.9313452,-0.24231431
1356790413436,0.027763426,0.28883627,0.9569759,0.96140695,-0.26986682,0.05355972,0.27372605,0.9185562,-0.28518158
1356790413476,-0.032060683,0.32302207,0.9458482,0.9614329,-0.24867088,0.117514044,0.27316454,0.9131372,-0.30259144
1356790413516,-0.1103766,0.33613652,0.93532306,0.95656735,-0.21954149,0.19178247,0.26980728,0.9158678,-0.29730493
1356790413556,-0.19513279,0.3304746,0.9234228,0.94467175,-0.18978065,0.26754168,0.26366353,0.92453766,-0.27515757
1356790413597,-0.27421218,0.31019133,0.91026866,0.9271799,-0.16594642,0.33585602,0.25523546,0.9360786,-0.24209857
1356790413636,-0.33802706,0.28045,0.8983793,0.9086133,-0.15152705,0.3891804,0.2452744,0.94783294,-0.20360035
1356790413677,-0.38285565,0.2450397,0.89071715,0.89366627,-0.1460455,0.42430097,0.23405585,0.9584499,-0.16306943
1356790413715,-0.40240067,0.20829433,0.8914522,0.8880374,-0.14775383,0.43538302,0.22240326,0.9668414,-0.12551695
1356790413758,-0.4015116,0.17213199,0.8995327,0.8914734,-0.15166086,0.4269357,0.20991313,0.9733292,-0.09255755
1356790413797,-0.37794304,0.13711166,0.91561973,0.90483344,-0.1547184,0.39665946,0.19604984,0.97839797,-0.065588474
1356790413838,-0.3321609,0.10407707,0.93746305,0.92585397,-0.15387905,0.34513125,0.18017623,0.98259306,-0.045247495
1356790413877,-0.26472747,0.073911935,0.9614866,0.95052147,-0.14808697,0.27309218,0.16256833,0.98620856,-0.031052172
1356790413916,-0.17708439,0.047036827,0.9830711,0.9732775,-0.14000034,0.18201882,0.14619187,0.98903364,-0.020988047
1356790413956,-0.07882476,0.023135424,0.99662,0.98777294,-0.13307476,0.08121416,0.1345039,0.9908359,-0.012362927
1356790414015,0.020106554,8.162856E-5,0.9997978,0.9912988,-0.13011426,-0.019924968,0.1300863,0.99149895,-0.0026970506
1356790414037,0.10752398,-0.023666978,0.9939208,0.98519766,-0.13171118,-0.109716535,0.13350716,0.99100554,0.009154528
1356790414077,0.17586008,-0.04776621,0.9832556,0.9738314,-0.1376296,-0.18086055,0.14396414,0.98933136,0.022312671
1356790414115,0.22247937,-0.07014778,0.97241056,0.96172357,-0.14786753,-0.23070112,0.15997115,0.98651636,0.0345653
1356790414159,0.24766156,-0.08776072,0.96486354,0.9522296,-0.16160646,-0.25911784,0.17866859,0.9829452,0.04354468
1356790414196,0.2531831,-0.09815261,0.9624263,0.94689035,-0.17871103,-0.2673218,0.19823456,0.97899354,0.047693163
1356790414237,0.24240232,-0.09862241,0.9651501,0.9454248,-0.19926369,-0.25780967,0.21774518,0.9749706,0.044938087
1356790414276,0.21991837,-0.0858742,0.9717312,0.9464433,-0.22260094,-0.23386711,0.23639143,0.9711202,0.032321066
1356790414317,0.19523412,-0.056863964,0.9791068,0.94739777,-0.24722278,-0.20326933,0.2536162,0.9672886,0.0056064725
1356790414357,0.17865843,-0.009981245,0.9838606,0.9464674,-0.27148956,-0.17462248,0.26885083,0.96238965,-0.039057016
1356790414397,0.17538267,0.051999092,0.98312616,0.9434113,-0.29436213,-0.15272853,0.2814534,0.95427823,-0.1006825
1356790414437,0.17856884,0.11997789,0.97658515,0.93987566,-0.31446046,-0.13322365,0.2911135,0.94165814,-0.16891715
1356790414477,0.1729472,0.18233526,0.9679066,0.9386873,-0.3280966,-0.10591912,0.29825404,0.92688,-0.2278992
1356790414516,0.14542761,0.2314466,0.96191645,0.9417081,-0.33050838,-0.06284878,0.30337536,0.91498446,-0.26602015
1356790414557,0.09129673,0.26519468,0.9598628,0.94762516,-0.31937897,-0.0018934608,0.30605793,0.90976304,-0.28046337
1356790414597,0.013416886,0.2842685,0.9586508,0.9521766,-0.2963164,0.07454038,0.30525342,0.9118048,-0.27464947
1356790414636,-0.08039892,0.2899036,0.9536728,0.9503994,-0.26610982,0.16101679,0.3004611,0.9193157,-0.2541293
1356790414680,-0.18172902,0.28287527,0.9417835,0.9390483,-0.23430198,0.25157648,0.29182655,0.93009895,-0.22305405
1356790414718,-0.2753442,0.26678926,0.9235848,0.9193556,-0.20775968,0.33409742,0.28101733,0.94109476,-0.18806875
1356790414759,-0.35602134,0.24396583,0.90206957,0.8951638,-0.18801343,0.40414435,0.26819864,0.951384,-0.1514526
1356790414799,-0.41831893,0.21690768,0.8820206,0.8722784,-0.17482388,0.4566914,0.2532581,0.96041024,-0.11607176
1356790414839,-0.4589342,0.18839216,0.8682672,0.8564527,-0.16617996,0.48874635,0.23636463,0.96793216,-0.085083306
1356790414878,-0.479779,0.16028368,0.8626245,0.85008633,-0.15843976,0.502245,0.21717569,0.97427195,-0.06023884
1356790414919,-0.4802243,0.13366434,0.86690164,0.8549067,-0.1498152,0.496679,0.19626328,0.9796373,-0.042325675
1356790414960,-0.46141738,0.10934231,0.8804194,0.86985433,-0.13942385,0.47319594,0.1744918,0.9841775,-0.030779302
1356790414998,-0.42272902,0.08756819,0.9020155,0.8928853,-0.13009864,0.43108022,0.15509993,0.98762655,-0.02319187
1356790415039,-0.37050116,0.06845099,0.92630637,0.91804767,-0.124542,0.37640116,0.14112905,0.9898504,-0.01669836
1356790415079,-0.31210393,0.050548017,0.94870234,0.9403793,-0.12566614,0.3160614,0.135196,0.99078405,-0.008313477
1356790415120,-0.26143962,0.03278455,0.96466285,0.95529807,-0.1341418,0.26346052,0.13803905,0.9904196,0.00375098
1356790415158,-0.23035878,0.016033143,0.97297376,0.96168756,-0.14897025,0.23014146,0.14863402,0.9887118,0.018897712
1356790415199,-0.22358418,0.0031867623,0.97467947,0.9606298,-0.1684882,0.22091213,0.16492596,0.9856986,0.034609973
1356790415238,-0.23953205,-0.002345562,0.97088563,0.9531593,-0.19079947,0.2346977,0.1846939,0.9816263,0.047938287
1356790415278,-0.2729125,0.0022295117,0.96203625,0.9397046,-0.21360594,0.2670725,0.20609212,0.9769173,0.056200683
1356790415318,-0.31513184,0.018585443,0.9488659,0.92125744,-0.23418707,0.3105497,0.22798383,0.97201383,0.05667782
1356790415358,-0.35565984,0.047510713,0.93340707,0.9006721,-0.24928403,0.3558753,0.24959135,0.96726424,0.045868754
1356790415398,-0.38526016,0.08931005,0.91847605,0.88245344,-0.25545752,0.39499027,0.26990825,0.96268636,0.019605696
1356790415438,-0.39732265,0.14388871,0.9063281,0.871498,-0.25019485,0.4217745,0.28744718,0.9574437,-0.025990665
1356790415479,-0.39226586,0.20941418,0.895697,0.8694033,-0.23363727,0.4353751,0.30044195,0.94950473,-0.090417385
1356790415518,-0.37677765,0.2807115,0.8827455,0.87371635,-0.20882672,0.43933034,0.3076659,0.93679905,-0.16658098
1356790415558,-0.3785053,0.34504327,0.85888237,0.87208223,-0.17800903,0.45583487,0.31017154,0.92155194,-0.2335288
1356790415598,-0.40607017,0.39131016,0.82582283,0.8599475,-0.14212477,0.49019468,0.30918804,0.9092177,-0.2787935
1356790415637,-0.4610237,0.41549748,0.7841039,0.8329105,-0.10221797,0.5438856,0.30613267,0.90383255,-0.29894727
1356790415679,-0.53241533,0.41624844,0.73706937,0.7911267,-0.06502658,0.6081859,0.30108547,0.9069227,-0.29468417
1356790415715,-0.60324895,0.39925784,0.69042295,0.7411471,-0.039137185,0.6702008,0.29460412,0.916003,-0.27229935
1356790415758,-0.66300404,0.37118995,0.6501105,0.6913717,-0.029450655,0.7218988,0.28710777,0.92808986,-0.2371043
1356790415797,-0.7071002,0.33811262,0.62103873,0.649904,-0.03532052,0.75919515,0.27862883,0.9404426,-0.19476563
1356790415838,-0.7363303,0.30324087,0.6048658,0.62103355,-0.05195713,0.78205997,0.26857966,0.9514964,-0.15006506
1356790415878,-0.7528362,0.26762778,0.60134256,0.606316,-0.07358545,0.7918119,0.2561609,0.9607083,-0.10686916
1356790415918,-0.7566258,0.23275109,0.6110192,0.6075367,-0.09517759,0.7885686,0.24169552,0.96786785,-0.06939107
1356790415959,-0.750419,0.1987259,0.6303802,0.62169766,-0.11160284,0.7752656,0.22441757,0.97368,-0.039798558
1356790416008,-0.73238,0.16505131,0.66058886,0.6500454,-0.11923581,0.7504824,0.20263393,0.97905105,-0.019964933
1356790416048,-0.69430363,0.13362387,0.70716846,0.69642866,-0.12301588,0.7070038,0.1814655,0.9833676,-0.0076491833
1356790416086,-0.64548665,0.1067054,0.75628096,0.74624336,-0.12280828,0.6542468,0.16268927,0.9866773,-3.5703182E-4
1356790416126,-0.5841091,0.08421859,0.807294,0.79767084,-0.12439841,0.5901239,0.15012547,0.98865175,0.005483508
1356790416170,-0.5127773,0.064896315,0.8560654,0.8457682,-0.13304919,0.51669544,0.14743042,0.9889825,0.013337314
1356790416207,-0.43577826,0.046399653,0.89885724,0.88699085,-0.1473903,0.43763372,0.1527889,0.9879894,0.023073494
1356790416247,-0.36416066,0.028952986,0.93088603,0.91635513,-0.16741544,0.3636832,0.16637433,0.98546124,0.034434855
1356790416287,-0.3013394,0.01353094,0.953421,0.9353417,-0.19010329,0.29832315,0.18528509,0.98167086,0.044629574
1356790416328,-0.24987972,0.0022380054,0.96827435,0.94606125,-0.21241534,0.24463826,0.20622385,0.97717696,0.050960988
1356790416368,-0.20962644,-0.0022271574,0.97777903,0.9509895,-0.23295248,0.20335242,0.22732317,0.97248554,0.050951004
1356790416406,-0.18045276,0.0022687316,0.983581,0.95219135,-0.25022322,0.17527097,0.24651247,0.9681855,0.042993218
1356790416448,-0.15405399,0.019971997,0.98786056,0.9524201,-0.26311034,0.15384659,0.26298895,0.96455896,0.021511436
1356790416488,-0.1300962,0.052515417,0.9901097,0.9524263,-0.27096015,0.13951644,0.27560702,0.96115696,-0.014766246
1356790416526,-0.09935522,0.1013487,0.9898772,0.95375866,-0.27390575,0.12377381,0.28367737,0.9564016,-0.06944823
1356790416569,-0.06221497,0.16338378,0.984599,0.95573467,-0.2744959,0.10594073,0.2875773,0.94760644,-0.13907382
1356790416608,-0.032180727,0.22328982,0.97422075,0.9567435,-0.27510375,0.094656676,0.2891476,0.93512547,-0.20477808
1356790416684,-0.014371157,0.26928458,0.96295345,0.95691514,-0.27562165,0.09135711,0.29001188,0.92277765,-0.2537215
1356790416688,-0.012806296,0.2949863,0.9554157,0.95673114,-0.27416193,0.09747195,0.29069152,0.9153242,-0.27871156
1356790416730,-0.027414322,0.29862982,0.9539752,0.95652896,-0.26935452,0.11180571,0.290346,0.91557,-0.278264
1356790416767,-0.045240402,0.28735328,0.95675576,0.95650375,-0.2638337,0.124468684,0.28819087,0.92077136,-0.26291853
1356790416809,-0.06661028,0.26386127,0.962258,0.9566597,-0.25711507,0.13672641,0.28348783,0.9296608,-0.23529887
1356790416847,-0.08494204,0.23113453,0.9692067,0.9572202,-0.25111276,0.14377648,0.27661192,0.93995696,-0.1999166
1356790416888,-0.095489144,0.19265696,0.976609,0.9586054,-0.24658757,0.14237347,0.2682489,0.94977784,-0.16113561
1356790416928,-0.09643358,0.1508345,0.9838443,0.96120983,-0.24251002,0.13139454,0.25841096,0.9583516,-0.1215975
1356790416990,-0.08140564,0.108754486,0.9907298,0.96551394,-0.23803419,0.10546327,0.24729717,0.9651488,-0.08562666
1356790417030,-0.05192101,0.069046855,0.99626136,0.9710599,-0.22938967,0.06650573,0.2331241,0.9708826,-0.0551385
1356790417058,9.495616E-4,0.03270018,0.99946475,0.9769478,-0.21339232,0.0060535967,0.21347609,0.9764191,-0.032148957
1356790417094,0.08261263,3.5345554E-4,0.9965817,0.97789776,-0.19275826,-0.08099553,0.1920707,0.98124623,-0.016269952
1356790417135,0.17410249,-0.024440885,0.98442423,0.9697983,-0.16916049,-0.17571571,0.17082027,0.9852855,-0.00574857
1356790417178,0.27020505,-0.04426396,0.9617847,0.95038587,-0.14765278,-0.27379796,0.1541296,0.9880482,0.0021713376
1356790417218,0.3605999,-0.06261039,0.93061686,0.9213209,-0.1316056,-0.36585206,0.14538053,0.98932296,0.010227308
1356790417261,0.4316224,-0.08212891,0.8983078,0.8901818,-0.122258246,-0.43889558,0.14587149,0.9890945,0.020340234
1356790417300,0.4803477,-0.10354096,0.8709451,0.863299,-0.11951095,-0.49033847,0.15485764,0.987419,0.031980023
1356790417339,0.50713,-0.12468466,0.85280293,0.8449453,-0.123200744,-0.52047,0.16996056,0.9845178,0.042872906
1356790417381,0.5134257,-0.1426551,0.84619355,0.8371284,-0.13358167,-0.5304452,0.1887066,0.9807168,0.05083634
1356790417420,0.5007589,-0.15389472,0.8517963,0.8402467,-0.14994255,-0.52105933,0.20790881,0.9766441,0.05422443
1356790417462,0.4744011,-0.15498656,0.86655796,0.8506822,-0.17251846,-0.49656525,0.22645828,0.9727366,0.050001428
1356790417502,0.43401232,-0.14224324,0.8896068,0.86766195,-0.1997768,-0.4552494,0.2424789,0.9694618,0.036713436
1356790417541,0.39716807,-0.11255166,0.9108181,0.8815255,-0.22927913,-0.4127273,0.25528476,0.9668315,0.008154839
1356790417581,0.36838722,-0.063313335,0.927514,0.89124584,-0.25982016,-0.37171802,0.26452154,0.9635792,-0.039286673
1356790417620,0.35352725,0.0023242533,0.93542135,0.895584,-0.2895738,-0.33775192,0.27008843,0.9571529,-0.10445385
1356790417683,0.34656665,0.074342966,0.9350747,0.89763266,-0.31566128,-0.3075929,0.27229956,0.94595504,-0.17613032
1356790417701,0.3350103,0.14002368,0.93175185,0.9020883,-0.33318204,-0.27427414,0.27203813,0.93240714,-0.2379331
1356790417739,0.3080742,0.1908446,0.93202394,0.9121639,-0.3375692,-0.23238769,0.27027267,0.92175126,-0.2780779
1356790417780,0.26134187,0.22419968,0.93884766,0.92747927,-0.3277409,-0.17991182,0.26736256,0.91778016,-0.293593
1356790417822,0.19428548,0.23985821,0.9511684,0.9449881,-0.30588898,-0.11588645,0.2631556,0.92135775,-0.28609294
