1356791040307,-0.23361468,-0.10236761,-0.9669256,-0.9179653,-0.30463874,0.2540374,-0.3205682,0.94695103,-0.022801876
1356791040457,-0.6671817,-0.2119183,0.7141143,0.6718922,0.2426967,0.6997565,-0.32160437,0.94667256,-0.019536495
1356791040499,-0.6585189,-0.21137413,0.72226995,0.6799942,0.24407077,0.6914025,-0.3224296,0.946441,-0.016992092
1356791040537,-0.6517305,-0.21148716,0.7283684,0.68608093,0.24500197,0.68503064,-0.32332686,0.94617504,-0.014577866
1356791040577,-0.64371383,-0.21106866,0.7355831,0.69311345,0.2466411,0.67731965,-0.32438594,0.9458426,-0.0124717355
1356791040618,-0.6328628,-0.20929514,0.7454396,0.70246464,0.24968886,0.66648245,-0.32561952,0.94543695,-0.010996342
1356791040657,-0.6182379,-0.20569426,0.75859845,0.7147515,0.25437552,0.6514778,-0.32697412,0.94497776,-0.01024425
1356791040696,-0.6000816,-0.20048493,0.77440804,0.7294546,0.2601956,0.6326091,-0.32832617,0.9445126,-0.009893954
1356791040736,-0.5803959,-0.19476101,0.7907015,0.74466324,0.26603276,0.61213017,-0.3295716,0.94408405,-0.00937295
1356791040778,-0.56100917,-0.18964487,0.80579376,0.7589419,0.2708789,0.59214175,-0.33056915,0.9437475,-0.008036137
1356791040818,-0.5440578,-0.18629432,0.81810486,0.7709129,0.2738942,0.57504374,-0.33120155,0.94354457,-0.005397618
1356791040882,-0.5306354,-0.18496412,0.8271725,0.78011847,0.2750132,0.5619456,-0.33142316,0.9434808,-0.001637876
1356791040900,-0.52047104,-0.18445525,0.83371836,0.78694665,0.27532637,0.5521869,-0.33139843,0.94348913,0.0018569827
1356791040939,-0.512946,-0.18381259,0.8385102,0.79195344,0.2755487,0.54486954,-0.33120424,0.94354963,0.0042294264
1356791040978,-0.5078559,-0.18256405,0.8418745,0.795308,0.27615643,0.5396506,-0.33100978,0.9436143,0.0049470663
1356791041020,-0.5046781,-0.18046588,0.84423465,0.79737055,0.27739424,0.53595954,-0.33090824,0.94365484,0.003903389
1356791041058,-0.5040715,-0.17845291,0.8450246,0.7977515,0.27868015,0.5347241,-0.3309147,0.9436588,0.0018863082
1356791041098,-0.50599915,-0.17722028,0.84413135,0.79648876,0.2795773,0.53613627,-0.3310142,0.9436257,-3.118515E-4
1356791041128,-0.51079243,-0.1775195,0.8411765,0.7933717,0.27954096,0.5407572,-0.33113822,0.94358027,-0.0019484758
1356791041168,-0.5171611,-0.17946804,0.83686066,0.7891608,0.2785082,0.5474107,-0.33131528,0.9435171,-0.002404511
1356791041208,-0.5264712,-0.1835401,0.8301452,0.7828741,0.27613765,0.5575447,-0.33156615,0.9434304,-0.0016896725
1356791041238,-0.53737557,-0.1885401,0.8219977,0.7753008,0.27311015,0.56949055,-0.33186775,0.94332576,-5.874634E-4
1356791041278,-0.5483796,-0.19416127,0.8133764,0.7673515,0.26972955,0.5817368,-0.33234242,0.94315815,0.0010757446
1356791041309,-0.5603373,-0.20016757,0.8037133,0.75845313,0.26591712,0.59501004,-0.33282292,0.9429852,0.0028143525
1356791041348,-0.5717465,-0.20614877,0.79410857,0.74975276,0.26173162,0.6077559,-0.3331315,0.9428675,0.004916489
1356791041386,-0.58340114,-0.21161634,0.7841311,0.7408319,0.25705272,0.62055784,-0.33288318,0.9429435,0.0068073273
1356791041427,-0.59387845,-0.21543193,0.7751758,0.73302805,0.25225604,0.63169354,-0.33162975,0.9433748,0.008108199
1356791041467,-0.6030711,-0.21715954,0.7675592,0.72671425,0.24720377,0.6409187,-0.32892513,0.94431573,0.008731425
1356791041507,-0.6108012,-0.21646324,0.7616203,0.72240126,0.2414152,0.6479622,-0.32412672,0.9459716,0.008916676
1356791041546,-0.61700505,-0.21323085,0.7575207,0.7204147,0.23435336,0.652749,-0.31671372,0.9484784,0.009017348
1356791041586,-0.6216434,-0.207634,0.7552797,0.72077775,0.2258597,0.65533715,-0.3066575,0.9517749,0.0092538
1356791041627,-0.6246797,-0.20006654,0.7548169,0.72322965,0.21628505,0.6558655,-0.29447234,0.9556119,0.009585202
1356791041666,-0.62614644,-0.19109401,0.7559257,0.727283,0.20634598,0.6545844,-0.28106934,0.95963764,0.009776652
1356791041707,-0.62629914,-0.18144614,0.75817317,0.73222554,0.19688457,0.65198326,-0.26757246,0.96349037,0.009550869
1356791041747,-0.6258227,-0.17203957,0.7607551,0.7370389,0.18867439,0.64898044,-0.2551853,0.96685284,0.00872314
1356791041787,-0.62581867,-0.16385865,0.7625623,0.74052024,0.18216723,0.6468732,-0.24490961,0.9695181,0.007336974
1356791041827,-0.62751555,-0.15772164,0.7624619,0.7415839,0.17729652,0.647008,-0.23722896,0.97143704,0.0057075024
1356791041867,-0.63186836,-0.15410784,0.75960076,0.73954964,0.17343229,0.65037495,-0.23196718,0.97271377,0.004383981
1356791041907,-0.63922286,-0.15312716,0.753622,0.7343203,0.16951859,0.6572953,-0.22840273,0.9735581,0.0040842295
1356791041946,-0.64908904,-0.15439817,0.744879,0.72651255,0.16447937,0.66717774,-0.22552827,0.97422165,0.005410373
1356791041987,-0.66023296,-0.15707919,0.7344513,0.7173184,0.15793526,0.6786095,-0.22259119,0.9748757,0.008401692
1356791042026,-0.6714614,-0.1603685,0.7234787,0.7076333,0.15106815,0.6902416,-0.21998754,0.9754282,0.012045741
1356791042067,-0.6819712,-0.16403893,0.7127458,0.697688,0.14645898,0.7012712,-0.2194238,0.97552085,0.014567137
1356791042107,-0.69138014,-0.16818407,0.7026433,0.6872859,0.14678127,0.71140236,-0.22278138,0.9747663,0.014108956
1356791042146,-0.69952613,-0.17305586,0.69333595,0.67622733,0.15338218,0.72054875,-0.23104052,0.9728954,0.009730279
1356791042187,-0.70656884,-0.17953414,0.68449116,0.66424954,0.16524786,0.729017,-0.24399415,0.96977353,0.0024964213
1356791042226,-0.71276516,-0.18896504,0.67546874,0.65135133,0.17893958,0.73737514,-0.26020622,0.9655428,-0.0044593215
1356791042267,-0.7180403,-0.20211478,0.66600883,0.63835895,0.19005537,0.7459067,-0.2773373,0.9607438,-0.0074456334
1356791042307,-0.72193545,-0.21860655,0.6565213,0.62682784,0.19525003,0.7542972,-0.2930801,0.9560798,-0.003929198
1356791042347,-0.7244518,-0.23858553,0.6467197,0.617571,0.19214272,0.7626842,-0.30622786,0.9519234,0.008145452
1356791042386,-0.7246141,-0.25996614,0.63824147,0.61236435,0.18196058,0.7693505,-0.31613988,0.9483185,0.027342737
1356791042427,-0.7246714,-0.28466386,0.62754923,0.6090229,0.1615004,0.7765364,-0.3224013,0.9449255,0.056331992
1356791042467,-0.7254511,-0.31362495,0.61266637,0.60699487,0.12810493,0.78431267,-0.3244656,0.9408658,0.09743488
1356791042507,-0.728916,-0.34758887,0.5897995,0.6041024,0.0787552,0.7930056,-0.32208973,0.9343338,0.15257335
1356791042547,-0.73669606,-0.38540664,0.5556444,0.5978458,0.012775004,0.8015094,-0.31600538,0.92265844,0.22100246
1356791042586,-0.74831456,-0.42255065,0.5113475,0.5874085,-0.06397492,0.806758,-0.30818272,0.90407854,0.2960832
1356791042626,-0.764724,-0.45190492,0.45932475,0.56958085,-0.14077115,0.8097908,-0.30128875,0.880889,0.36504745
1356791042666,-0.77189165,-0.47264415,0.42519504,0.5618623,-0.19421238,0.8041097,-0.29747957,0.8595866,0.4154718
1356791042707,-0.77785456,-0.48281112,0.40228796,0.5535418,-0.22329134,0.80232936,-0.29754615,0.8467788,0.44094437
1356791042747,-0.7800993,-0.48446193,0.39590636,0.5485121,-0.22517711,0.8052514,-0.30096462,0.8453354,0.44139367
1356791042786,-0.7775244,-0.47917286,0.4072459,0.54928064,-0.2021814,0.81081045,-0.30618075,0.85411716,0.42040133
1356791042827,-0.76968646,-0.46709248,0.43520954,0.55744666,-0.15942705,0.81476146,-0.3111848,0.86971694,0.383088
1356791042867,-0.7565313,-0.44747335,0.47689402,0.57358354,-0.10377133,0.81254745,-0.3141054,0.8882562,0.3351696
1356791042907,-0.7385434,-0.41963068,0.5276967,0.59688926,-0.043024063,0.8011693,-0.31349155,0.90667474,0.28224814
1356791042947,-0.71759963,-0.3842159,0.5808864,0.6244373,0.014425576,0.7809418,-0.3084299,0.9231306,0.22956687
1356791042987,-0.6976653,-0.34420067,0.62832236,0.6511756,0.061022997,0.7564697,-0.29871947,0.93691087,0.18156153
1356791043027,-0.6832447,-0.3038736,0.6639559,0.6723777,0.09277409,0.73437124,-0.28475395,0.94818443,0.14093047
1356791043066,-0.6774414,-0.26697952,0.68541586,0.6852531,0.1096735,0.7199999,-0.26739717,0.9574412,0.10865122
1356791043106,-0.68067753,-0.23554932,0.6936821,0.68941194,0.114290655,0.7152964,-0.24776894,0.96511877,0.08459538
1356791043146,-0.691375,-0.21019685,0.6912439,0.6858759,0.1097846,0.71938986,-0.22710145,0.97147554,0.06826651
1356791043187,-0.70681196,-0.19051073,0.6812653,0.6765894,0.09907138,0.72966534,-0.20650297,0.9766732,0.05887276
1356791043245,-0.72424775,-0.17566815,0.66678786,0.6635195,0.08559108,0.74324703,-0.18763593,0.9807216,0.05457002
1356791043267,-0.7417842,-0.16541901,0.6499175,0.64780116,0.07400966,0.75820595,-0.17352185,0.9834425,0.052259445
1356791043308,-0.75852996,-0.16031198,0.6316109,0.6296958,0.06908202,0.77376413,-0.16767661,0.98464596,0.04854709
1356791043344,-0.7738933,-0.16127624,0.6124371,0.60942465,0.07346666,0.78943294,-0.17231047,0.9841711,0.041430295
1356791043387,-0.7873044,-0.16907075,0.59293073,0.5874866,0.08613527,0.8046366,-0.18711276,0.98183286,0.03151214
1356791043427,-0.7979996,-0.1835617,0.5740223,0.56507266,0.10320419,0.8185607,-0.2094979,0.97757554,0.021368802
1356791043467,-0.80508626,-0.20318477,0.55727184,0.54440355,0.11989629,0.83021057,-0.23550095,0.97177196,0.014087796
1356791043507,-0.8075871,-0.22485128,0.5452018,0.5289948,0.13248509,0.83821964,-0.26070583,0.9653443,0.011951923
1356791043547,-0.8055474,-0.2462143,0.5389544,0.5208713,0.13935775,0.84218323,-0.282465,0.95914435,0.015986681
1356791043587,-0.79960495,-0.26648706,0.5381603,0.5203499,0.1398964,0.8424161,-0.29977968,0.9536318,0.026804745
1356791043627,-0.7908303,-0.28647178,0.5408524,0.5264382,0.13234079,0.8398504,-0.31217033,0.9489045,0.046150506
1356791043667,-0.7804158,-0.3077243,0.5442947,0.5379701,0.1131742,0.83533204,-0.3186521,0.94472075,0.07722366
1356791043707,-0.77036333,-0.33242774,0.54408824,0.552722,0.07723802,0.82977873,-0.31786576,0.93996066,0.12423879
1356791043746,-0.7633494,-0.3623388,0.53479755,0.56678253,0.021523416,0.8235863,-0.30992797,0.9317979,0.18893737
1356791043787,-0.76098776,-0.39589936,0.5139663,0.576156,-0.048230767,0.8159155,-0.2982314,0.91702646,0.2648028
1356791043827,-0.7615929,-0.42751777,0.48703665,0.5804275,-0.11572689,0.8060466,-0.28823602,0.8965689,0.33627987
1356791043866,-0.76135576,-0.45216525,0.46463323,0.5828332,-0.1634407,0.7959853,-0.2839769,0.8768316,0.38797343
1356791043907,-0.75667197,-0.46830502,0.45622146,0.5879028,-0.18207717,0.78817403,-0.28603834,0.86460304,0.4130904
1356791043946,-0.7448522,-0.4765799,0.46697623,0.5997541,-0.17152882,0.7815836,-0.29238713,0.8622351,0.41359437
1356791043987,-0.72329044,-0.47714195,0.4991858,0.6215932,-0.13499135,0.7716212,-0.30078703,0.86839676,0.39422613
1356791044026,-0.68886304,-0.46860328,0.553063,0.65563846,-0.07732952,0.7511047,-0.30920208,0.88001764,0.3605038
1356791044066,-0.63828653,-0.44776547,0.6261759,0.7021153,-0.0051040053,0.71204495,-0.3156331,0.8941364,0.3176409
1356791044107,-0.56973594,-0.41083407,0.7117698,0.7577647,0.0726279,0.64847344,-0.31810927,0.9088127,0.26993686
1356791044147,-0.4882158,-0.35779044,0.79600966,0.8138468,0.14268327,0.56328917,-0.3151168,0.92283666,0.22152638
1356791044187,-0.40833575,-0.29618037,0.8634461,0.85998595,0.19234967,0.47267944,-0.30608192,0.9355634,0.17616767
1356791044226,-0.34759903,-0.23802978,0.90692717,0.8911899,0.21680236,0.39846873,-0.29147142,0.9467516,0.13676941
1356791044267,-0.31582576,-0.1919862,0.92919075,0.90882814,0.22010279,0.3543815,-0.2725539,0.9563975,0.10496825
1356791044306,-0.31249785,-0.16016203,0.936319,0.91616565,0.20960164,0.34162503,-0.25096932,0.96458036,0.08123493
1356791044348,-0.33124006,-0.14065328,0.933004,0.91554,0.19121915,0.35386673,-0.22818074,0.9714174,0.06543428
1356791044388,-0.36334884,-0.12991905,0.9225502,0.9087211,0.16892993,0.3816919,-0.20543543,0.977028,0.056679606
1356791044428,-0.39933908,-0.12394887,0.9083859,0.8980195,0.14665532,0.41479293,-0.18463275,0.9813913,0.052743316
1356791044468,-0.4320622,-0.119825035,0.89384806,0.8857924,0.12978029,0.44556603,-0.16939381,0.98427594,0.05006689
1356791044508,-0.45768166,-0.11654204,0.8814451,0.8739508,0.12335402,0.4700998,-0.16351622,0.9854957,0.045395076
1356791044548,-0.47539347,-0.11472133,0.8722614,0.86338973,0.1296122,0.48760515,-0.1689944,0.9849059,0.03743249
1356791044588,-0.48556072,-0.11555213,0.86653244,0.85440385,0.14703602,0.49837178,-0.18499947,0.9823584,0.02733326
1356791044628,-0.48788065,-0.11946094,0.86469734,0.84773594,0.17134112,0.5019821,-0.20812547,0.97794235,0.017677307
1356791044669,-0.48045653,-0.12543929,0.8680015,0.8451786,0.19803506,0.49644256,-0.23416823,0.9721353,0.010871291
1356791044710,-0.46075988,-0.13222593,0.87761974,0.8484973,0.22438025,0.47927642,-0.26029325,0.9654894,0.008808017
1356791044749,-0.42187446,-0.13661936,0.89630187,0.86116576,0.24882,0.44326305,-0.28357613,0.9588659,0.012681127
1356791044790,-0.37138003,-0.14349133,0.9173261,0.87774795,0.2678553,0.39725563,-0.3027134,0.95271385,0.026473105
1356791044828,-0.31451064,-0.1590429,0.9358356,0.8952531,0.27807742,0.3481304,-0.3156024,0.9473005,0.054925323
1356791044869,-0.27163398,-0.19508281,0.9424212,0.907563,0.27390474,0.31828552,-0.32022572,0.9417637,0.10264808
1356791044909,-0.26600468,-0.26089874,0.9279944,0.91064584,0.247738,0.33068147,-0.3161739,0.9330369,0.17168677
1356791044949,-0.28649706,-0.34097937,0.8953506,0.9074044,0.2033382,0.367792,-0.3074685,0.9178163,0.25115025
1356791044988,-0.31262308,-0.414815,0.85451466,0.9014631,0.15397441,0.40454435,-0.29938442,0.89678335,0.32580453
1356791045028,-0.31400383,-0.46448123,0.828045,0.9022275,0.12557328,0.41257334,-0.2956129,0.8766347,0.37963736
1356791045067,-0.27659345,-0.48483154,0.82971954,0.91440725,0.13276547,0.38240385,-0.29555956,0.8644719,0.40661138
1356791045109,-0.19346565,-0.47091067,0.8607056,0.9347564,0.17798752,0.30749127,-0.2979958,0.86403906,0.40575227
1356791045147,-0.08825439,-0.42893896,0.89901197,0.9495214,0.23652864,0.20606604,-0.30103174,0.87181747,0.38641205
1356791045186,0.024608254,-0.36215654,0.9317924,0.9524243,0.29172486,0.08823055,-0.3037803,0.8852905,0.35210556
1356791045227,0.11883223,-0.28529102,0.95104563,0.94491404,0.32670307,-0.020062953,-0.30498573,0.90104055,0.3083984
1356791045267,0.17948139,-0.21329886,0.96035933,0.9358179,0.33805704,-0.099811345,-0.30336663,0.91663575,0.26028383
1356791045306,0.2023592,-0.15556976,0.9668758,0.93277764,0.3313418,-0.14190999,-0.2982895,0.93059695,0.21216205
1356791045350,0.19012001,-0.114440024,0.9750681,0.93801326,0.31434813,-0.14600116,-0.28980252,0.94238454,0.16711012
1356791045388,0.14205283,-0.09139642,0.98563063,0.94962466,0.293585,-0.109639704,-0.27934572,0.95155376,0.12849689
1356791045428,0.07018718,-0.08132613,0.9942131,0.96108866,0.2724565,-0.04556188,-0.2671744,0.95872486,0.097284675
1356791045468,-0.02345264,-0.08266261,0.9963016,0.96704817,0.25083685,0.043575823,-0.25351125,0.9644936,0.07405591
1356791045508,-0.127992,-0.09111586,0.9875809,0.96272886,0.22781256,0.14578953,-0.2382671,0.9694325,0.058561683
1356791045548,-0.22965097,-0.10110104,0.9680077,0.9475826,0.20378256,0.24608889,-0.2221429,0.97378194,0.049002767
1356791045588,-0.31704205,-0.10801202,0.94224083,0.92537266,0.18241978,0.33227763,-0.20777336,0.9772699,0.042116582
1356791045628,-0.38570297,-0.110685796,0.9159596,0.90098095,0.16858101,0.39976713,-0.19866192,0.97945344,0.034703612
1356791045668,-0.43678933,-0.11075118,0.8927201,0.8777108,0.16494256,0.44990847,-0.19707546,0.98006535,0.02516234
1356791045708,-0.4731863,-0.11052796,0.8740014,0.8572328,0.17094535,0.48572582,-0.20309281,0.9790614,0.013859153
1356791045748,-0.49733233,-0.11164519,0.86034644,0.8405303,0.18360609,0.5097035,-0.21487084,0.9766393,0.0025278926
1356791045791,-0.5110358,-0.11509979,0.8518184,0.82804257,0.19996864,0.5237921,-0.23062533,0.97301835,-0.006883681
1356791045829,-0.51310325,-0.11951262,0.8499657,0.8221449,0.21605152,0.52668726,-0.24658212,0.9690399,-0.012600005
1356791045870,-0.5089164,-0.1275934,0.8513073,0.81981105,0.22975153,0.5245227,-0.26251474,0.9648493,-0.012321889
1356791045909,-0.49581975,-0.13904804,0.85722125,0.8231033,0.23947376,0.51493025,-0.27688202,0.96089435,-0.0042848587
1356791045949,-0.48105466,-0.1594246,0.8620732,0.82784307,0.24104518,0.5065304,-0.28855202,0.9573301,0.016022623
1356791045988,-0.47021973,-0.19432959,0.8608887,0.83146393,0.22951287,0.5059561,-0.29590735,0.95370847,0.05365652
1356791046030,-0.47205865,-0.24888787,0.8457041,0.82977617,0.19852477,0.52159315,-0.29771137,0.9479677,0.1128059
1356791046068,-0.49032688,-0.32023853,0.81057197,0.8200801,0.14531785,0.5534902,-0.29503947,0.936125,0.19136792
1356791046109,-0.51894736,-0.39564264,0.7577339,0.8034785,0.076773465,0.59036285,-0.29174656,0.91519004,0.27804893
1356791046155,-0.541342,-0.45792395,0.70516276,0.7879953,0.01622498,0.6154674,-0.2932785,0.8888433,0.35205865
1356791046196,-0.53604877,-0.49395978,0.68458414,0.78983307,-0.007181585,0.6132798,-0.29801914,0.8694551,0.39399546
1356791046234,-0.507012,-0.5060989,0.69771266,0.80621284,0.0078808665,0.59157324,-0.30489317,0.8624395,0.40402764
1356791046284,-0.43812102,-0.48407382,0.75744474,0.8428944,0.0715853,0.53329605,-0.3123766,0.8720941,0.37666005
1356791046338,-0.34409988,-0.4349328,0.83212316,0.8839539,0.14875072,0.44328177,-0.31657675,0.8880917,0.33327538
1356791046390,-0.24132901,-0.36453027,0.89937645,0.9173263,0.21671826,0.33398455,-0.3166588,0.9056218,0.2820928
1356791046404,-0.15235597,-0.28999135,0.9448241,0.9372139,0.2610582,0.23125446,-0.31371582,0.92073536,0.23201019
1356791046447,-0.07477763,-0.2133885,0.9741014,0.94884104,0.28528157,0.13533291,-0.30677164,0.9343873,0.18113917
1356791046485,-0.02609229,-0.14989603,0.98835737,0.9543569,0.29052764,0.06925669,-0.29752642,0.94505286,0.13547379
1356791046527,-0.0016267598,-0.10163295,0.9948207,0.9580834,0.28484347,0.030666858,-0.286485,0.953171,0.09690946
1356791046571,-0.0022267103,-0.07040009,0.9975164,0.96163046,0.2735082,0.021449536,-0.274339,0.9592899,0.067089796
1356791046610,-0.024420857,-0.054905474,0.9981929,0.9650714,0.2592358,0.03786975,-0.2608466,0.9642522,0.046656907
1356791046647,-0.06251314,-0.051806718,0.9966986,0.9674778,0.24211344,0.073265076,-0.24510977,0.96886384,0.034986615
1356791046694,-0.10824174,-0.05596137,0.9925483,0.96791804,0.22180218,0.118061185,-0.22675627,0.9734845,0.030157685
1356791046727,-0.15335816,-0.061285496,0.9862684,0.9657091,0.20229763,0.16273186,-0.20949289,0.9774046,0.028159976
1356791046767,-0.19097108,-0.064064145,0.97950286,0.96144295,0.18895513,0.19980854,-0.1978826,0.97989374,0.025509119
1356791046806,-0.21979386,-0.063957006,0.97344756,0.9557495,0.18588656,0.22801095,-0.19553366,0.9804874,0.020270228
1356791046847,-0.24010396,-0.06261262,0.96872586,0.94929254,0.19349891,0.24779391,-0.20296246,0.9791006,0.012977779
1356791046889,-0.25294095,-0.062612146,0.96545357,0.9423777,0.20990402,0.2605081,-0.21896356,0.97571516,0.0059109926
1356791046928,-0.2571848,-0.0647324,0.96419173,0.9366504,0.22881198,0.2652001,-0.23778564,0.971316,0.0017846227
1356791046968,-0.25551587,-0.07091272,0.96420074,0.93155587,0.24878287,0.26516178,-0.25868,0.9659599,0.0024911761
1356791047007,-0.24353364,-0.0788638,0.9666809,0.9289803,0.2674577,0.2558555,-0.27872398,0.96033686,0.008127928
1356791047048,-0.22640371,-0.09218773,0.9696612,0.9276818,0.2830351,0.24351078,-0.29689687,0.9546688,0.021440685
1356791047087,-0.2042433,-0.112791836,0.9724005,0.9280456,0.2937522,0.22900021,-0.31147414,0.9492037,0.044679046
1356791047127,-0.18797961,-0.1499308,0.9706619,0.92825186,0.29583064,0.2254611,-0.32095513,0.94340074,0.08356339
1356791047167,-0.18371695,-0.20913309,0.9604745,0.928032,0.28520608,0.2396121,-0.32404396,0.935372,0.14168507
1356791047207,-0.19448918,-0.28833696,0.93756914,0.9270059,0.2584483,0.27178034,-0.32067743,0.9219904,0.21702468
1356791047247,-0.21450031,-0.37315634,0.90263164,0.9250244,0.21906716,0.31038606,-0.3135595,0.9015342,0.29818875
1356791047288,-0.23071349,-0.44197732,0.86684906,0.9231319,0.18218136,0.3385815,-0.30756912,0.87833136,0.36597168
1356791047356,-0.23571026,-0.48386824,0.8428002,0.92243326,0.16155893,0.35073578,-0.30587178,0.86009896,0.40825507
1356791047370,-0.22778726,-0.4972751,0.8371561,0.92368114,0.16169,0.3473751,-0.30810076,0.852393,0.42249277
1356791047410,-0.20923471,-0.48520216,0.8489992,0.92680347,0.17849219,0.33041763,-0.31185907,0.8559903,0.41234025
1356791047448,-0.18585539,-0.45489815,0.8709338,0.9307604,0.20253539,0.30440864,-0.3148699,0.86720645,0.38575876
1356791047488,-0.15911293,-0.40911314,0.8985041,0.93531466,0.22885609,0.26983595,-0.3160215,0.8833184,0.3462355
1356791047528,-0.13355899,-0.35425738,0.9255613,0.9397688,0.25123316,0.23176831,-0.3146373,0.90076834,0.29936558
1356791047568,-0.11186755,-0.29625762,0.94853413,0.9441321,0.26608586,0.19445556,-0.31000042,0.9172948,0.24993992
1356791047608,-0.09626067,-0.24082288,0.96578366,0.94856083,0.27181536,0.16232252,-0.30160576,0.9317299,0.20227009
1356791047648,-0.08806881,-0.19245327,0.9773462,0.95304596,0.26910672,0.13887009,-0.2897364,0.943686,0.1597169
1356791047688,-0.08757302,-0.1536243,0.98424107,0.957322,0.2602127,0.12579298,-0.27543682,0.9532517,0.12428033
1356791047730,-0.09438056,-0.12502405,0.9876543,0.96110547,0.24721098,0.123137265,-0.25955412,0.9608619,0.096829474
1356791047768,-0.10796106,-0.10628435,0.9884573,0.9641713,0.2311517,0.13016325,-0.24231789,0.96709484,0.07752097
1356791047808,-0.12662318,-0.095713824,0.98732233,0.96648026,0.21220133,0.1445216,-0.22334382,0.9725274,0.06563592
1356791047848,-0.14797544,-0.09023175,0.98486626,0.96769965,0.1923104,0.16301537,-0.20410919,0.977177,0.058860004
1356791047888,-0.16883743,-0.08630893,0.9818579,0.9674083,0.1762222,0.18184328,-0.1887199,0.98055935,0.053743005
1356791047928,-0.18650258,-0.08152059,0.9790665,0.96554303,0.1688987,0.19798961,-0.1815033,0.9822564,0.047211647
1356791047968,-0.19928163,-0.075182736,0.977054,0.9624589,0.17248285,0.20957708,-0.18428162,0.9821391,0.03798765
1356791048007,-0.20643467,-0.06819308,0.97608125,0.9586016,0.18586695,0.21572322,-0.1961321,0.9802057,0.027000606
1356791048047,-0.20774859,-0.062258303,0.976199,0.95441145,0.2057696,0.2162351,-0.21433455,0.976618,0.016671658
1356791048087,-0.20289835,-0.058776557,0.97743416,0.95051545,0.22801355,0.21102175,-0.23527133,0.9718822,0.009604454
1356791048127,-0.19154736,-0.05853662,0.9797362,0.9474964,0.24938467,0.20014426,-0.25604698,0.9666337,0.0076942444
1356791048167,-0.17390642,-0.062634945,0.9827683,0.94557786,0.2680948,0.18441185,-0.27502573,0.96135426,0.012602806
1356791048207,-0.15197092,-0.07397875,0.98561245,0.9444704,0.28306985,0.16687414,-0.29134232,0.95624185,0.026852429
1356791048247,-0.13060907,-0.098183125,0.98656046,0.943694,0.2927532,0.154069,-0.3039457,0.9511339,0.054418564
1356791048287,-0.11786708,-0.14279088,0.98270965,0.9430467,0.29391202,0.1558162,-0.3110793,0.9451066,0.10001594
1356791048350,-0.122166514,-0.21255338,0.96948254,0.94249165,0.28133374,0.18044612,-0.31110254,0.9357736,0.16596025
1356791048368,-0.14443767,-0.3000008,0.9429407,0.941455,0.2517057,0.22429141,-0.30463114,0.9201324,0.24608153
1356791048408,-0.17392027,-0.38464168,0.9065332,0.9393871,0.21140766,0.26992354,-0.29547185,0.8985307,0.32455933
1356791048448,-0.19462544,-0.44635713,0.8734336,0.9374422,0.17740512,0.29954892,-0.2886574,0.8770934,0.38390645
1356791048478,-0.20193195,-0.48301828,0.85200757,0.9369087,0.15818918,0.31173438,-0.2853518,0.8612024,0.42060053
1356791048518,-0.18762344,-0.48915762,0.851776,0.9390244,0.1650694,0.30163795,-0.28815067,0.85643274,0.42836
1356791048558,-0.15672648,-0.4703137,0.86847085,0.94264853,0.19115412,0.27363086,-0.29470402,0.86154807,0.4133817
1356791048597,-0.11563903,-0.43158954,0.89462733,0.9461649,0.22627097,0.23145923,-0.30232358,0.8732307,0.38218918
1356791048637,-0.07173675,-0.37883297,0.92268056,0.94840133,0.26053733,0.18070757,-0.3088507,0.8880348,0.3405956
1356791048677,-0.03168291,-0.31879386,0.94729435,0.94934666,0.28685123,0.12828586,-0.3126293,0.90337527,0.29355764
1356791048716,-4.1997433E-4,-0.25849915,0.96601135,0.9499701,0.30162126,0.08112517,-0.31234032,0.917716,0.24543983
1356791048757,0.01961562,-0.20359752,0.9788582,0.95148885,0.30448267,0.04426366,-0.30705732,0.9305044,0.19969332
1356791048797,0.027304858,-0.15823185,0.98702437,0.95462644,0.29704967,0.021211982,-0.29655164,0.94166034,0.15916318
1356791048836,0.02293852,-0.12438518,0.99196887,0.95940775,0.2817165,0.013139486,-0.28108835,0.9514012,0.12579823
1356791048877,0.0075285733,-0.10213563,0.99474204,0.96525526,0.26058385,0.019450188,-0.26120022,0.96003354,0.100548804
1356791048917,-0.016866505,-0.089564234,0.99583817,0.9711274,0.23557436,0.037635207,-0.23796463,0.9677205,0.08300501
1356791048956,-0.046818167,-0.08298692,0.9954502,0.97567856,0.20984247,0.06338212,-0.21414763,0.9742069,0.07114416
1356791048997,-0.07836658,-0.078391016,0.9938378,0.977719,0.18869382,0.091979206,-0.19474143,0.97890216,0.061857104
1356791049037,-0.10835475,-0.073058546,0.9914241,0.9768079,0.17744392,0.11983323,-0.184677,0.9814154,0.052137256
1356791049076,-0.13490182,-0.06622514,0.98864335,0.9732957,0.17817134,0.14474258,-0.1857335,0.98176837,0.04042101
1356791049117,-0.15739134,-0.0590097,0.98577166,0.96779954,0.18935552,0.16585696,-0.19644845,0.9801338,0.027306616
1356791049156,-0.1757431,-0.053602815,0.9829756,0.96098626,0.20730162,0.18311611,-0.21358797,0.9768075,0.015079737
1356791049197,-0.18939033,-0.051901013,0.9805292,0.9536978,0.22789952,0.19627094,-0.23364878,0.9723004,0.0063359737
1356791049244,-0.19942442,-0.058081657,0.9781904,0.9458107,0.24965015,0.20764652,-0.25626588,0.96659267,0.0051478744
1356791049274,-0.19367427,-0.06412852,0.9789677,0.9416896,0.2677151,0.20383635,-0.2751562,0.96136165,0.008539617
1356791049349,-0.19823158,-0.09166154,0.97585976,0.936326,0.27668655,0.21618983,-0.28982353,0.9565786,0.03097713
1356791049368,-0.18951285,-0.12934238,0.9733218,0.93517464,0.278311,0.21906939,-0.29922113,0.9517424,0.06821418
1356791049408,-0.19237012,-0.18982074,0.9627886,0.93384385,0.2660702,0.23904449,-0.301545,0.94507927,0.12607896
1356791049447,-0.20988399,-0.2717798,0.9391935,0.9318465,0.23519939,0.2763031,-0.2959913,0.93317574,0.20389247
1356791049488,-0.23598433,-0.36002782,0.90260255,0.9290633,0.18870199,0.31817138,-0.28487346,0.9136584,0.28995788
1356791049528,-0.25708735,-0.4328462,0.86403143,0.92686164,0.14264983,0.34724414,-0.27355728,0.89010966,0.364515
1356791049568,-0.2624753,-0.4772697,0.8386419,0.92740303,0.115275145,0.35585836,-0.266515,0.87116313,0.41236454
1356791049608,-0.24915385,-0.49177814,0.8343121,0.931579,0.11378783,0.34527227,-0.2647319,0.8632535,0.4297795
1356791049648,-0.21969974,-0.4797946,0.8494288,0.93830514,0.1344204,0.3186136,-0.26704964,0.8670227,0.42066157
1356791049688,-0.17980981,-0.4460714,0.87674904,0.94539535,0.16793531,0.2793302,-0.27183834,0.87910074,0.39151737
1356791049728,-0.13642347,-0.39623004,0.90795946,0.95103973,0.20419657,0.232007,-0.27733037,0.89515674,0.34897327
1356791049768,-0.0959903,-0.33672646,0.93669695,0.9547249,0.23506027,0.18233794,-0.28157824,0.91179055,0.2989176
1356791049808,-0.06403899,-0.27502483,0.95930195,0.9570393,0.25548083,0.13713244,-0.28279805,0.92687154,0.24684888
1356791049848,-0.044232547,-0.21821424,0.974898,0.9589759,0.26424748,0.10265741,-0.28001568,0.9394444,0.19757378
1356791049888,-0.037813097,-0.17119154,0.9845119,0.9612173,0.26311055,0.08266929,-0.27318782,0.94945586,0.15460318
1356791049928,-0.04407549,-0.1361151,0.9897121,0.963874,0.25469643,0.07795319,-0.26268673,0.9573935,0.11997193
1356791049969,-0.06086114,-0.11282882,0.9917487,0.9666532,0.24095371,0.08673382,-0.24875161,0.9639559,0.09440166
1356791050008,-0.08501822,-0.099467695,0.99140203,0.96905726,0.2231583,0.10549158,-0.23173258,0.9696941,0.07741737
1356791050048,-0.112391174,-0.09258005,0.98934174,0.9704931,0.2035327,0.12929606,-0.2133336,0.97468114,0.06697303
1356791050088,-0.13858181,-0.08800641,0.98643285,0.9704279,0.18671715,0.15299162,-0.19764811,0.97846377,0.05952829
1356791050128,-0.16024369,-0.0826298,0.9836129,0.9687296,0.1780746,0.17277843,-0.18943313,0.9805415,0.051510632
1356791050168,-0.17590147,-0.075588256,0.98150146,0.9656477,0.18047428,0.186959,-0.1912677,0.9806709,0.041245878
1356791050208,-0.1855588,-0.068145394,0.98026735,0.9615333,0.19302905,0.19543138,-0.20253783,0.9788238,0.029705882
1356791050248,-0.18950102,-0.06227085,0.97990394,0.95688903,0.21201816,0.19852355,-0.22011971,0.9752798,0.019408584
1356791050288,-0.18734509,-0.059140652,0.9805122,0.95249414,0.2330656,0.19604933,-0.2401182,0.97066104,0.012667358
1356791050349,-0.17821985,-0.059105277,0.9822139,0.9491768,0.25284284,0.18744037,-0.2594245,0.96570027,0.011039734
1356791050368,-0.16173017,-0.06272435,0.98483956,0.94743395,0.26931345,0.17273995,-0.27606556,0.9610077,0.015871048
1356791050408,-0.13960004,-0.07245642,0.9875536,0.9471788,0.2810312,0.15451175,-0.28872874,0.95695955,0.02939719
1356791050448,-0.115967035,-0.09326205,0.98886496,0.9480872,0.28641254,0.1381971,-0.29611188,0.95355654,0.05520612
1356791050488,-0.09760186,-0.1320658,0.9864241,0.94988644,0.28339145,0.13192806,-0.2969673,0.94986725,0.097788036
1356791050528,-0.09112683,-0.1934258,0.97687376,0.9523957,0.26965073,0.14223558,-0.29092672,0.9433318,0.1596455
1356791050568,-0.09804058,-0.27237168,0.9571842,0.9550389,0.2446701,0.167443,-0.2798011,0.9305644,0.23613805
1356791050607,-0.11134869,-0.3517614,0.9294435,0.95696753,0.21424806,0.1957314,-0.2679822,0.91124177,0.31276804
1356791050647,-0.15533662,-0.41897327,0.8946128,0.953029,0.1748032,0.24734521,-0.26001218,0.8910136,0.37214032
1356791050686,-0.1301682,-0.44619054,0.885421,0.95746976,0.17536032,0.2291297,-0.2575032,0.8775892,0.4043876
1356791050726,-0.100833654,-0.4454598,0.8896057,0.96048796,0.18956071,0.20378822,-0.25941378,0.87500423,0.40874463
1356791050767,-0.06901431,-0.42017114,0.90481675,0.96207,0.21191859,0.17179021,-0.2639288,0.88235295,0.38960862
1356791050807,-0.03793502,-0.3763556,0.9256983,0.9622986,0.23592532,0.13535365,-0.2693368,0.8959328,0.35321665
1356791050846,-0.010736108,-0.3211844,0.9469558,0.9617014,0.25607407,0.0977574,-0.27388895,0.9117382,0.30613425
1356791050887,0.010793388,-0.261356,0.96518207,0.9610741,0.26920974,0.0621503,-0.27607974,0.92694074,0.25408822
1356791050927,0.025821477,-0.20293915,0.9788507,0.9609884,0.27477542,0.031617254,-0.27538046,0.93984795,0.20211732
1356791050966,0.034342468,-0.1507675,0.9879726,0.9616017,0.2743194,0.008436054,-0.27229193,0.9497464,0.1543991
1356791051007,0.03674099,-0.1081458,0.9934559,0.96286905,0.26989695,-0.0062292814,-0.267457,0.9567968,0.11404657
1356791051047,0.03348756,-0.07687342,0.9964783,0.96479154,0.2627349,-0.012153953,-0.2608753,0.9618008,0.082965136
1356791051086,0.025364041,-0.057129323,0.99804455,0.9674954,0.25268614,-0.0101236105,-0.25161368,0.96586025,0.06168151
1356791051127,0.013719827,-0.04728955,0.998787,0.9709956,0.23908874,-0.0020179749,-0.23870331,0.9698455,0.04919821
1356791051167,8.2218647E-4,-0.04368362,0.999045,0.97467494,0.22344631,0.008968145,-0.22362468,0.9737369,0.042761028
1356791051207,-0.010569632,-0.041713685,0.9990737,0.97743165,0.21038443,0.019124717,-0.21098727,0.97672844,0.03854859
1356791051246,-0.018174618,-0.037668884,0.99912494,0.97850305,0.20464763,0.025515169,-0.20542961,0.97811055,0.033139765
1356791051287,-0.02083671,-0.030044198,0.9993313,0.9777756,0.2079547,0.026639313,-0.20861596,0.97767687,0.025043428
1356791051350,-0.01856634,-0.01981002,0.9996314,0.97546506,0.21900591,0.02245757,-0.21937013,0.9755224,0.015257776
1356791051368,-0.011941016,-0.009441346,0.9998841,0.9719808,0.23465347,0.013823479,-0.23475683,0.97203326,0.0063747764
1356791051407,-0.0014625788,-0.0012182891,0.9999982,0.96783054,0.251597,0.0017220974,-0.25159863,0.9678313,8.111596E-4
1356791051447,0.0126108825,0.0033050478,0.999915,0.96348405,0.2674484,-0.013035446,-0.26746878,0.96356654,1.8835068E-4
1356791051485,0.029644877,0.002603501,0.99955714,0.95920956,0.28118607,-0.029180616,-0.2811375,0.9596497,0.005838454
1356791051527,0.04731232,-0.0069859326,0.99885565,0.955197,0.29280156,-0.0431965,-0.29216474,0.9561477,0.020526052
1356791051567,0.06202644,-0.031329006,0.9975827,0.95196235,0.30215466,-0.049700767,-0.29986715,0.952744,0.048565686
1356791051607,0.06823379,-0.078832746,0.9945499,0.9505743,0.3078025,-0.04081881,-0.30290708,0.94817877,0.09593892
1356791051647,0.0618006,-0.15348029,0.98621726,0.9517846,0.3065347,-0.011938423,-0.3004775,0.93940425,0.16502422
1356791051687,0.043061525,-0.24670291,0.9681339,0.9547658,0.2955394,0.03284338,-0.29422423,0.9229269,0.24826992
1356791051726,0.018454969,-0.33649033,0.941506,0.95732933,0.2775786,0.08044034,-0.28840926,0.89984685,0.32725483
1356791051767,-0.004045844,-0.40188763,0.91568005,0.9579543,0.26114815,0.11884928,-0.28689227,0.8776605,0.3839334
1356791051807,-0.020467997,-0.4349257,0.9002337,0.9566997,0.25297785,0.14397183,-0.29035622,0.8642001,0.41091537
1356791051846,-0.03102684,-0.43793625,0.8984705,0.95437664,0.25411284,0.15681821,-0.29698932,0.8623448,0.41007173
1356791051887,-0.037664652,-0.417062,0.90809727,0.95175326,0.2619766,0.1597934,-0.30454397,0.87030315,0.38707292
1356791051927,-0.042179465,-0.3790251,0.92442465,0.9493449,0.27316755,0.15531844,-0.31139243,0.884149,0.3483035
1356791051967,-0.045514405,-0.3299311,0.9429072,0.94753945,0.28467947,0.14534977,-0.31638172,0.9000573,0.2996657
1356791052007,-0.048255324,-0.27589726,0.959975,0.94671607,0.29376823,0.13201797,-0.31843355,0.9151944,0.24702054
1356791052046,-0.05075693,-0.22249511,0.97361165,0.94721305,0.2982794,0.11754516,-0.31656152,0.9281839,0.19561052
1356791052087,-0.053548098,-0.1744596,0.9832073,0.9491627,0.29697347,0.104388624,-0.31019813,0.93881345,0.14968812
1356791052126,-0.05717066,-0.1349495,0.98920184,0.95238763,0.28984758,0.0945847,-0.29948193,0.94751096,0.1119535
1356791052167,-0.062048376,-0.10538143,0.99249417,0.95650476,0.27771693,0.08928597,-0.2850415,0.95486546,0.08356595
1356791052214,-0.06890726,-0.087010354,0.9938214,0.9619385,0.25826037,0.089307666,-0.26443538,0.962149,0.06590259
1356791052244,-0.07747346,-0.07558188,0.99412537,0.9664593,0.23919368,0.09350294,-0.24485564,0.96802574,0.05451566
1356791052287,-0.086052686,-0.07072884,0.9937768,0.9705723,0.21922591,0.09964609,-0.22490951,0.9731071,0.049782455
1356791052349,-0.09339467,-0.06811002,0.99329686,0.97337604,0.20350447,0.10547578,-0.20932439,0.9767021,0.047290385
1356791052368,-0.09773567,-0.06408289,0.99314713,0.9743978,0.1968666,0.108593315,-0.20247653,0.9783337,0.043201327
1356791052408,-0.09791294,-0.05705759,0.993558,0.9736483,0.20112786,0.10750112,-0.20596594,0.9779018,0.035861015
1356791052448,-0.09366709,-0.047867507,0.9944521,0.9713894,0.21455681,0.101822466,-0.21824047,0.9755378,0.026401103
1356791052488,-0.08533546,-0.038862646,0.995594,0.96806055,0.23319581,0.09207827,-0.23574674,0.9716529,0.017721534
1356791052528,-0.07315889,-0.032289416,0.99679744,0.96430707,0.25273916,0.07896131,-0.25447938,0.96699554,0.012646794
1356791052568,-0.056869954,-0.029284745,0.997952,0.9607825,0.27012643,0.062678605,-0.27140877,0.96237946,0.012774169
1356791052608,-0.036343634,-0.030574441,0.99887156,0.9578037,0.28410518,0.043545574,-0.285116,0.9583055,0.018958867
1356791052648,-0.0125107765,-0.038144052,0.9991939,0.95540005,0.29440176,0.023201197,-0.29504943,0.9549202,0.032759666
1356791052688,0.011336088,-0.05690995,0.998315,0.9536774,0.30076504,0.006316185,-0.3006177,0.9519988,0.05768323
1356791052728,0.029457659,-0.09429771,0.9951081,0.9532322,0.30223837,4.2247772E-4,-0.30079973,0.9485567,0.098790824
1356791052767,0.03540647,-0.15627491,0.9870788,0.95489407,0.2966742,0.012717575,-0.29482827,0.9421054,0.15973014
1356791052807,0.026871294,-0.23874381,0.97071064,0.9583893,0.28222516,0.042882383,-0.28419685,0.92916644,0.23639327
1356791052846,0.009727597,-0.32333347,0.94623506,0.9618294,0.2618233,0.07957846,-0.2734768,0.90934265,0.31353855
1356791052886,-0.0051494837,-0.38828227,0.9215262,0.963513,0.24469143,0.10848406,-0.267612,0.8884611,0.37285492
1356791052927,-0.009769142,-0.42216697,0.9064654,0.9632462,0.239384,0.12186909,-0.2684424,0.87433994,0.40431213
1356791052966,-0.002446711,-0.4248848,0.90524423,0.96159446,0.24745834,0.118745804,-0.27446356,0.87076825,0.40796134
1356791053007,0.014251947,-0.4015286,0.9157356,0.9590337,0.26463395,0.10110998,-0.28293326,0.8767803,0.388851
1356791053047,0.035744786,-0.35949388,0.9324626,0.9558946,0.2844844,0.07303473,-0.2915266,0.8887253,0.35380712
1356791053087,0.057937205,-0.30620342,0.9502014,0.9525958,0.30171025,0.039143294,-0.29867125,0.90288997,0.30916837
1356791053127,0.077338666,-0.24933967,0.9653229,0.94983697,0.3127102,0.004674107,-0.30303174,0.916538,0.26101667
1356791053166,0.09194505,-0.19509321,0.97646546,0.9483469,0.31615722,-0.026130706,-0.30361867,0.92843056,0.2140851
1356791053206,0.10038954,-0.14821324,0.9838469,0.9485898,0.31258112,-0.049702704,-0.30016533,0.9382568,0.17197347
1356791053247,0.10244793,-0.110863596,0.9885411,0.95057833,0.30372155,-0.064451635,-0.29309592,0.94628876,0.13650018
1356791053287,0.0986532,-0.08304724,0.99165046,0.9540105,0.29136318,-0.07050803,-0.28307495,0.9530009,0.10797185
1356791053349,0.08976188,-0.06389198,0.9939117,0.9585335,0.27655265,-0.068789035,-0.27047378,0.95887244,0.086066544
1356791053368,0.076640785,-0.05221021,0.9956908,0.96383834,0.25951016,-0.060581237,-0.25522897,0.96432805,0.07021123
1356791053408,0.060839653,-0.04590735,0.99709123,0.96942425,0.24063563,-0.04807228,-0.23772877,0.9695292,0.0591439
1356791053448,0.044654787,-0.04177618,0.9981286,0.97431254,0.22257668,-0.034273446,-0.22072834,0.9740197,0.050642133
1356791053488,0.030624121,-0.036600858,0.9988606,0.9775307,0.20961133,-0.022289425,-0.20855665,0.97709954,0.042197645
1356791053528,0.020641834,-0.02855897,0.9993789,0.9787164,0.20471403,-0.014364988,-0.20417663,0.9784051,0.032176793
1356791053568,0.015443116,-0.01807636,0.99971735,0.9780341,0.20813617,-0.01134479,-0.20787227,0.9779328,0.020893514
1356791053608,0.014809281,-0.007582009,0.99986154,0.9758503,0.21806493,-0.012799978,-0.21793765,0.97590476,0.010628343
1356791053648,0.018283814,-2.2995472E-4,0.99983287,0.9726759,0.2314888,-0.017733961,-0.23144606,0.97283757,0.0044561625
1356791053688,0.025791228,0.0016713738,0.999666,0.9690657,0.24549115,-0.025412232,-0.24545166,0.9693974,0.004711807
1356791053728,0.03751892,-0.0029119551,0.99929166,0.96538365,0.2584077,-0.035492808,-0.25812128,0.96603155,0.012506306
1356791053768,0.052716434,-0.01507622,0.99849576,0.9617182,0.27003235,-0.046697557,-0.26892215,0.9627332,0.028734207
1356791053808,0.06829479,-0.03798431,0.9969418,0.958163,0.28090158,-0.054935694,-0.2779558,0.9589846,0.055579305
1356791053848,0.07828534,-0.07746163,0.99391705,0.95528924,0.2909627,-0.05256647,-0.2851209,0.95359343,0.096776366
1356791053888,0.07507822,-0.13969666,0.98734397,0.9543068,0.29726735,-0.030506492,-0.2892434,0.94451946,0.15563184
1356791053928,0.052448034,-0.22644585,0.97261065,0.956106,0.29255295,0.016554981,-0.2882889,0.92905056,0.23185015
1356791053966,0.01445961,-0.32337248,0.94616127,0.95924616,0.27155018,0.07814899,-0.28220144,0.9064716,0.31412032
1356791054007,-0.026703775,-0.40848663,0.91237354,0.961285,0.23991191,0.13554844,-0.27425897,0.88067067,0.38626558
1356791054047,-0.056698263,-0.46401888,0.8840089,0.96132356,0.21365541,0.17380542,-0.26952228,0.8596731,0.4339584
1356791054086,-0.06909108,-0.48605603,0.8711923,0.96021956,0.20444298,0.1902144,-0.27056402,0.8496779,0.45259526
1356791054127,-0.064486146,-0.47810912,0.87592995,0.9589131,0.21331906,0.18703136,-0.27627397,0.85200155,0.44470894
1356791054167,-0.047289193,-0.4458786,0.89384335,0.9577055,0.23403645,0.16741294,-0.28383774,0.86395556,0.415953
1356791054206,-0.023498356,-0.39620617,0.91786087,0.9565104,0.25810546,0.13590229,-0.2907503,0.8811369,0.37291023
1356791054247,0.0011036396,-0.33658466,0.94165254,0.95548594,0.2781753,0.098311245,-0.2950345,0.8996273,0.32190886
1356791054286,0.021990001,-0.2744059,0.9613625,0.95523673,0.28952914,0.06079167,-0.29502404,0.91699195,0.26848936
1356791054348,0.036029547,-0.21622348,0.9756788,0.95637524,0.29068765,0.029103577,-0.28991064,0.93206656,0.21726418
1356791054368,0.041097134,-0.1672199,0.9850627,0.95899916,0.283294,0.008080959,-0.28041363,0.94434214,0.17200631
1356791054408,0.036579072,-0.12997514,0.9908422,0.96266514,0.2706951,-3.0040741E-5,-0.26821217,0.95385045,0.13502437
