1356790832576,-0.18729424,-0.09372732,-0.9778222,-0.71471286,-0.6698815,0.20110792,-0.67387426,0.73652834,0.058476776
1356790832618,0.116635084,0.18424246,-0.97593594,-0.7295885,-0.6508266,-0.21006039,-0.6738671,0.7365321,0.058511972
1356790832673,0.116188526,0.18420759,-0.9759958,-0.72973216,-0.65078205,-0.20969915,-0.67378867,0.7365802,0.05880875
1356790832712,0.11540538,0.18426469,-0.9760779,-0.7300333,-0.6506242,-0.20913991,-0.6735971,0.7367053,0.059433825
1356790832750,0.11427897,0.18444091,-0.9761771,-0.7305335,-0.6503027,-0.20839152,-0.6732466,0.7369449,0.060424447
1356790832793,0.1130718,0.18475276,-0.9762588,-0.7311694,-0.6498217,-0.20766115,-0.67276007,0.73729116,0.061609
1356790832831,0.11203414,0.18506381,-0.97631955,-0.7318301,-0.6492727,-0.2070499,-0.672215,0.7376967,0.06269452
1356790832870,0.111292124,0.18515223,-0.97638756,-0.7324074,-0.64879256,-0.20651281,-0.67170936,0.7380967,0.0634014
1356790832911,0.11077291,0.18480477,-0.97651243,-0.7328266,-0.6485256,-0.20586318,-0.67133784,0.73841834,0.063590825
1356790832953,0.11031073,0.18395418,-0.97672534,-0.7330749,-0.6485383,-0.20493719,-0.6711428,0.73861957,0.06331146
1356790832992,0.109953225,0.18272233,-0.97699684,-0.73311955,-0.6488292,-0.2038537,-0.6711528,0.7386699,0.0626165
1356790833030,0.109339476,0.1811457,-0.97735924,-0.7330582,-0.6493649,-0.20236352,-0.67132,0.7385875,0.061789095
1356790833072,0.108860314,0.1796259,-0.9776932,-0.7327765,-0.65009683,-0.20102885,-0.67170525,0.73831475,0.060855895
1356790833112,0.108508825,0.17821476,-0.97799045,-0.73226523,-0.6510269,-0.19987908,-0.6723195,0.7378371,0.059858263
1356790833150,0.108284116,0.17700228,-0.9782356,-0.73154485,-0.6521141,-0.19897088,-0.67313945,0.73716855,0.058871455
1356790833192,0.10792023,0.17601359,-0.97845405,-0.73067874,-0.65334266,-0.19812092,-0.6741378,0.7363169,0.05810049
1356790833239,0.10712564,0.17519814,-0.97868776,-0.7296991,-0.6547507,-0.19708082,-0.6753247,0.7352599,0.05770132
1356790833282,0.106377244,0.17448172,-0.9788974,-0.7285366,-0.65632135,-0.19615519,-0.6766967,0.734029,0.0572986
1356790833321,0.106419206,0.17373875,-0.97902495,-0.72725403,-0.65784955,-0.19579455,-0.6780682,0.7328361,0.05634439
1356790833360,0.10837734,0.17311233,-0.9789211,-0.72555536,-0.6593839,-0.19693232,-0.6795762,0.73160446,0.0541403
1356790833401,0.112600505,0.17259401,-0.97853583,-0.72327363,-0.6610203,-0.19981802,-0.68131953,0.7302488,0.05040154
1356790833441,0.11918217,0.1722584,-0.9778152,-0.7203096,-0.662804,-0.20455974,-0.68333703,0.72870964,0.045085043
1356790833480,0.12814331,0.17208448,-0.976712,-0.7166183,-0.66473967,-0.21113825,-0.6855928,0.72698563,0.03813693
1356790833522,0.13956308,0.1717659,-0.97520185,-0.712196,-0.6668224,-0.21937367,-0.6879673,0.7251513,0.029267162
1356790833558,0.1539821,0.17058939,-0.9732362,-0.70703906,-0.66902477,-0.22913232,-0.69020665,0.7233983,0.017595522
1356790833601,0.17139852,0.16727808,-0.9708968,-0.7012994,-0.6714349,-0.23948787,-0.69195503,0.7219372,0.0022290647
1356790833645,0.19374019,0.16086185,-0.96777487,-0.6944809,-0.6742717,-0.25110534,-0.69293654,0.72075033,-0.018918
1356790833680,0.21601713,0.14900118,-0.96495354,-0.68784976,-0.6781849,-0.25870436,-0.6929642,0.7196276,-0.044009157
1356790833722,0.24361706,0.13352787,-0.9606358,-0.68003047,-0.68270206,-0.26735085,-0.6915268,0.7183928,-0.07551482
1356790833761,0.26874328,0.11159843,-0.956725,-0.67347974,-0.6883385,-0.26947203,-0.6886233,0.7167537,-0.10982707
1356790833801,0.29773664,0.08793846,-0.95058906,-0.6658256,-0.69445133,-0.2727884,-0.6841265,0.7141457,-0.14821193
1356790833842,0.32924604,0.062778205,-0.94215494,-0.6566349,-0.70180273,-0.27623096,-0.67854816,0.70959973,-0.18984342
1356790833880,0.3647715,0.03911698,-0.93027496,-0.6439085,-0.71108437,-0.28238416,-0.6725501,0.70201766,-0.23419556
1356790833920,0.40540093,0.019869924,-0.913923,-0.62565297,-0.7228868,-0.29324573,-0.6664896,0.69068074,-0.2806273
1356790833960,0.45092276,0.007407993,-0.8925322,-0.60093164,-0.736856,-0.30971694,-0.65996206,0.67600924,-0.32781342
1356790834000,0.4989347,0.002837181,-0.86663496,-0.57109076,-0.75108755,-0.33124438,-0.65185857,0.66019654,-0.37312335
1356790834040,0.5454892,0.005659163,-0.8380987,-0.5395666,-0.7628189,-0.35633582,-0.6413341,0.64658743,-0.41305596
1356790834085,0.58619463,0.013954446,-0.8100501,-0.511085,-0.76943135,-0.38310254,-0.6286239,0.6385771,-0.44390458
1356790834121,0.61672574,0.02511008,-0.7867775,-0.48935825,-0.7706576,-0.4081854,-0.6165856,0.6367545,-0.46299657
1356790834162,0.6323201,0.034497112,-0.7739388,-0.48129746,-0.76533157,-0.42734104,-0.60706186,0.6427111,-0.46733117
1356790834201,0.63373756,0.041890696,-0.772413,-0.48584914,-0.75545263,-0.43959287,-0.60193634,0.6538627,-0.45840618
1356790834241,0.6153224,0.04262741,-0.78712213,-0.50855255,-0.74147457,-0.43770963,-0.60228944,0.66962546,-0.43456766
1356790834281,0.57438064,0.03541535,-0.8178219,-0.54843056,-0.7250433,-0.41657677,-0.60770947,0.6877922,-0.39702797
1356790834320,0.50725985,0.01842761,-0.86159617,-0.601743,-0.7081213,-0.36941794,-0.6169221,0.70585036,-0.34811282
1356790834361,0.4117334,-0.0092151165,-0.91125774,-0.6602299,-0.69226754,-0.29131097,-0.6281496,0.7215821,-0.29111373
1356790834400,0.29199046,-0.04551035,-0.9553378,-0.7110686,-0.6783438,-0.18501681,-0.6396273,0.7333338,-0.23043089
1356790834440,0.15968257,-0.085579306,-0.9834519,-0.7424139,-0.66701967,-0.06250176,-0.6506329,0.7401087,-0.1700467
1356790834481,0.036799192,-0.12109369,-0.99195874,-0.7496711,-0.6597072,0.05272305,-0.66078675,0.7417026,-0.11505714
1356790834524,-0.06261301,-0.14743581,-0.98708785,-0.73894966,-0.65794086,0.14514601,-0.67084503,0.7384962,-0.06775202
1356790834557,-0.1309861,-0.16193515,-0.9780693,-0.7208431,-0.66174614,0.20610026,-0.6806085,0.73203075,-0.030050278
1356790834602,-0.17092901,-0.16605544,-0.97118944,-0.7023743,-0.6707334,0.2383006,-0.69098026,0.72287095,-0.0019853115
1356790834641,-0.18757838,-0.16102159,-0.9689615,-0.68710846,-0.68342996,0.24658741,-0.70192325,0.71203613,0.017557442
1356790834680,-0.18779951,-0.14991656,-0.9706989,-0.6741073,-0.6991063,0.23838973,-0.7143603,0.69912475,0.030231968
1356790834721,-0.17930114,-0.13514999,-0.97446686,-0.66280985,-0.715378,0.22117311,-0.72700363,0.6855428,0.038689286
1356790834781,-0.17036802,-0.12039548,-0.9779978,-0.65406466,-0.7285174,0.203622,-0.73700356,0.67436445,0.045369565
1356790834798,-0.1671654,-0.10897556,-0.97988784,-0.6498687,-0.73523045,0.1926319,-0.7414354,0.6689998,0.052085176
1356790834836,-0.17399788,-0.10406631,-0.97923183,-0.65089655,-0.73404837,0.19366641,-0.73895764,0.6710762,0.059986457
1356790834875,-0.19333607,-0.10854477,-0.9751098,-0.65565664,-0.725063,0.21070842,-0.72988737,0.68007475,0.06901273
1356790834918,-0.22586238,-0.12497914,-0.9661089,-0.6606229,-0.70920265,0.24618904,-0.71593547,0.6938385,0.07761811
1356790834962,-0.27159572,-0.1555078,-0.94976485,-0.66133755,-0.6867966,0.30156797,-0.69919133,0.71001965,0.08368781
1356790835000,-0.33086044,-0.2024026,-0.92171824,-0.6513128,-0.65781504,0.37824702,-0.6828784,0.7254739,0.085817695
1356790835043,-0.39373243,-0.2585162,-0.88212484,-0.6320582,-0.6206474,0.46400368,-0.66744083,0.7402475,0.08097163
1356790835081,-0.46370447,-0.32810265,-0.82299864,-0.59739596,-0.57019526,0.5639107,-0.65429056,0.753144,0.06839499
1356790835121,-0.5179248,-0.3946287,-0.7589612,-0.5623485,-0.5115031,0.6497144,-0.64460695,0.76330394,0.043001264
1356790835161,-0.54573137,-0.45432955,-0.7041036,-0.54104495,-0.45059097,0.71009725,-0.6398809,0.76847404,8.8989735E-5
1356790835200,-0.5352414,-0.5035984,-0.67816323,-0.55092365,-0.4004624,0.7321974,-0.64031225,0.76551855,-0.06310016
1356790835241,-0.47812802,-0.5409997,-0.6918908,-0.5983748,-0.376005,0.70750815,-0.64291614,0.7522895,-0.143942
1356790835281,-0.38252825,-0.5654832,-0.7306852,-0.66396105,-0.3817085,0.6430042,-0.6425168,0.7311138,-0.22944456
1356790835321,-0.28660047,-0.58074224,-0.76197034,-0.7153152,-0.3993699,0.5734352,-0.63732594,0.70939577,-0.30095416
1356790835361,-0.24033505,-0.598582,-0.7641588,-0.73763204,-0.3991071,0.54462135,-0.63098174,0.6945596,-0.3456139
1356790835404,-0.26688218,-0.62455904,-0.73396176,-0.7311708,-0.36491627,0.5763899,-0.6278241,0.69047964,-0.35926968
1356790835441,-0.3246702,-0.64478135,-0.6919872,-0.70677245,-0.32080054,0.63052344,-0.6285396,0.6937896,-0.35155928
1356790835488,-0.40238273,-0.6547075,-0.6398799,-0.66109043,-0.27570552,0.6978151,-0.6332832,0.7038072,-0.3218817
1356790835523,-0.46352434,-0.65165323,-0.6004109,-0.61380666,-0.25255024,0.74797034,-0.63905126,0.7152387,-0.28292584
1356790835555,-0.5148429,-0.6414293,-0.5687752,-0.5642904,-0.2459076,0.7881027,-0.64537835,0.72670346,-0.23534858
1356790835596,-0.55172986,-0.62718874,-0.5497532,-0.5204467,-0.2561643,0.81456435,-0.6517128,0.7355367,-0.18508476
1356790835639,-0.5757902,-0.6121254,-0.54200387,-0.48436213,-0.27868402,0.829294,-0.6586797,0.74002546,-0.1360268
1356790835683,-0.58768517,-0.5978957,-0.5451118,-0.45729345,-0.31034744,0.833407,-0.6674645,0.739057,-0.0910272
1356790835720,-0.5891832,-0.58452183,-0.55785066,-0.44068906,-0.34621435,0.82820815,-0.6772416,0.733805,-0.053608596
1356790835761,-0.58140415,-0.5724844,-0.57812697,-0.43297684,-0.38388902,0.8155736,-0.68883973,0.7244935,-0.024677753
1356790835801,-0.5653514,-0.5602596,-0.6053817,-0.43373388,-0.4223503,0.7959241,-0.7016072,0.7125514,-0.004227221
1356790835844,-0.5410829,-0.5470226,-0.63874537,-0.4411991,-0.46196675,0.76936996,-0.71594185,0.69810677,0.008616388
1356790835881,-0.5135751,-0.5307028,-0.6742366,-0.45190868,-0.5006725,0.73831266,-0.7293964,0.6838724,0.017303735
1356790835923,-0.48968875,-0.51231855,-0.70550305,-0.4612509,-0.53444123,0.7082515,-0.7399003,0.6722367,0.025402457
1356790835961,-0.47468728,-0.49200773,-0.7297947,-0.4694323,-0.559861,0.68278027,-0.7445168,0.6666963,0.03479457
1356790836000,-0.47391766,-0.4727491,-0.7429066,-0.47539252,-0.5727954,0.66776294,-0.74121785,0.6696369,0.04671651
1356790836041,-0.48398829,-0.45517,-0.7473792,-0.4808552,-0.5752379,0.66172475,-0.7311181,0.6796482,0.05953756
1356790836081,-0.49999738,-0.44046652,-0.7456485,-0.48594505,-0.569985,0.66255146,-0.71684027,0.69361824,0.07094854
1356790836121,-0.51706564,-0.42962945,-0.7403118,-0.4904871,-0.56009436,0.6676201,-0.7014738,0.70831686,0.07887784
1356790836160,-0.53250587,-0.4237968,-0.73268944,-0.49424538,-0.5470407,0.6756242,-0.68713826,0.7219022,0.08184278
1356790836201,-0.5448396,-0.4237855,-0.72357136,-0.49780083,-0.53092575,0.6857931,-0.6747919,0.7338417,0.07830858
1356790836241,-0.55100656,-0.42956924,-0.71544534,-0.5042524,-0.51172507,0.69560546,-0.66492206,0.7440482,0.06535253
1356790836282,-0.5434494,-0.44066745,-0.71447533,-0.52066016,-0.490687,0.6986697,-0.6584647,0.7516904,0.037225604
1356790836320,-0.5156146,-0.45607907,-0.72535056,-0.5514448,-0.47128993,0.6883272,-0.65578204,0.75490236,-0.008498371
1356790836363,-0.443097,-0.4715687,-0.76242244,-0.6096761,-0.46499443,0.6419308,-0.6572367,0.7492684,-0.081466556
1356790836410,-0.30594218,-0.47935903,-0.8225657,-0.68725836,-0.4867078,0.53925073,-0.6588439,0.7302947,-0.18053901
1356790836450,-0.15156907,-0.47333127,-0.86774665,-0.7403386,-0.5273084,0.4169466,-0.654924,0.7056226,-0.27050173
1356790836490,-0.031781614,-0.46040595,-0.8871393,-0.7613044,-0.56395483,0.31995383,-0.6476152,0.68555176,-0.3325856
1356790836529,0.023690045,-0.45274276,-0.8913264,-0.7667765,-0.58031505,0.2743871,-0.64147687,0.67694795,-0.3609002
1356790836570,0.0126821995,-0.45461312,-0.89059865,-0.76897454,-0.5737551,0.2819276,-0.6391536,0.68127227,-0.35686234
1356790836611,-0.027643025,-0.4562425,-0.8894261,-0.76837856,-0.5594344,0.3108499,-0.63939846,0.69200873,-0.33510253
1356790836652,-0.09954828,-0.45802915,-0.8833456,-0.7608491,-0.53707397,0.36422527,-0.64124775,0.7083508,-0.2950262
1356790836691,-0.17184734,-0.45249054,-0.8750548,-0.7464795,-0.5198212,0.41539645,-0.64283496,0.7245952,-0.24844506
1356790836733,-0.24790186,-0.44279426,-0.86167157,-0.7232632,-0.5071593,0.46870005,-0.64454246,0.73940694,-0.19453105
1356790836771,-0.30896163,-0.42772955,-0.8494646,-0.69781214,-0.50492275,0.5080465,-0.6462205,0.74973357,-0.1424731
1356790836810,-0.3573885,-0.4114372,-0.8384466,-0.6714309,-0.51083297,0.53687066,-0.64919484,0.7548304,-0.093685776
1356790836849,-0.3897308,-0.39445627,-0.8321743,-0.6477791,-0.52487457,0.5521674,-0.6545931,0.75426185,-0.05096075
1356790836891,-0.405275,-0.3775341,-0.83259845,-0.62900084,-0.54575044,0.55363744,-0.6634079,0.74808055,-0.016290247
1356790836930,-0.40549713,-0.36117905,-0.8397153,-0.6141218,-0.57278746,0.54292625,-0.677072,0.7358425,0.010455757
1356790836970,-0.39535737,-0.3450718,-0.85124505,-0.60163605,-0.60299265,0.5238645,-0.69406533,0.7192533,0.030789971
1356790837011,-0.38256574,-0.3296246,-0.86312866,-0.5908836,-0.6308865,0.5028307,-0.7102816,0.7023744,0.046585858
1356790837051,-0.37461734,-0.31577945,-0.8717483,-0.58340394,-0.65047646,0.4863334,-0.7206259,0.6907704,0.059452802
1356790837092,-0.3771701,-0.30523854,-0.8743982,-0.57994103,-0.6582693,0.4799479,-0.72208804,0.6881214,0.07125911
1356790837131,-0.38899022,-0.29948342,-0.871204,-0.579097,-0.6559918,0.48406774,-0.71647286,0.69280916,0.08174437
1356790837172,-0.41016424,-0.29933542,-0.8614891,-0.58017296,-0.6431866,0.49971005,-0.70367926,0.7047759,0.090145886
1356790837211,-0.43660522,-0.30713192,-0.8456039,-0.578585,-0.6239013,0.52534425,-0.6889233,0.71862173,0.09469661
1356790837250,-0.464231,-0.3211971,-0.8254223,-0.5747007,-0.5998805,0.5566529,-0.6739501,0.7327863,0.093890876
1356790837291,-0.4924091,-0.34299743,-0.7999288,-0.56679446,-0.57110953,0.59378266,-0.6605129,0.74577916,0.0868105
1356790837329,-0.5171234,-0.37112918,-0.7712629,-0.5571201,-0.5381243,0.63248664,-0.64976966,0.7567597,0.071513236
1356790837370,-0.5304136,-0.40352315,-0.7455404,-0.5522076,-0.50281394,0.6650149,-0.6432171,0.76442605,0.043870807
1356790837411,-0.5213583,-0.4385203,-0.73204195,-0.5621216,-0.46894437,0.6812566,-0.6420318,0.7666754,-0.0020138025
1356790837453,-0.47658753,-0.4745849,-0.74002254,-0.5974022,-0.44272268,0.6686607,-0.6449611,0.76076657,-0.072521925
1356790837491,-0.40167683,-0.50883055,-0.7614113,-0.64862967,-0.42886025,0.62877536,-0.6464791,0.7464385,-0.15777946
1356790837532,-0.3019052,-0.53609747,-0.7883227,-0.70345837,-0.4328242,0.563746,-0.64342797,0.72475004,-0.2464503
1356790837567,-0.21544957,-0.5563422,-0.80253655,-0.73982507,-0.44341725,0.506004,-0.63736993,0.702755,-0.3160618
1356790837613,-0.17233145,-0.5734217,-0.8009303,-0.75448835,-0.4459017,0.4815797,-0.6332844,0.687284,-0.3557971
1356790837651,-0.1708594,-0.58859295,-0.7901679,-0.7548575,-0.4372189,0.48890677,-0.63324344,0.6799985,-0.36960083
1356790837690,-0.20603645,-0.600581,-0.7725616,-0.74198,-0.4188431,0.5234846,-0.63797694,0.68108225,-0.35932213
1356790837732,-0.26197964,-0.6058295,-0.75122374,-0.7171973,-0.39863318,0.5715938,-0.6457512,0.6885217,-0.3300655
1356790837796,-0.32209748,-0.6029884,-0.7298343,-0.68456393,-0.38415974,0.6195107,-0.6539308,0.6991611,-0.28904724
1356790837818,-0.39321572,-0.59173506,-0.7037266,-0.63810605,-0.375417,0.67222226,-0.6619684,0.71338046,-0.22996992
1356790837854,-0.44637936,-0.5740408,-0.68645656,-0.59630096,-0.3811639,0.70649785,-0.66721106,0.72470075,-0.1721574
1356790837895,-0.48781532,-0.5553008,-0.6735556,-0.55888206,-0.39405656,0.729637,-0.67058706,0.7323663,-0.11812085
1356790837940,-0.51622486,-0.5372122,-0.66701937,-0.5287935,-0.41271776,0.7416477,-0.67371297,0.7355726,-0.07101911
1356790837980,-0.53071314,-0.52122456,-0.66833276,-0.5077228,-0.4358849,0.7431164,-0.6786466,0.73370934,-0.03330779
1356790838021,-0.5304883,-0.50800174,-0.6786137,-0.4953892,-0.46382916,0.7344741,-0.68787485,0.7258077,-0.005602658
1356790838060,-0.51713306,-0.49627578,-0.69734037,-0.48998064,-0.49637234,0.71661246,-0.70177794,0.7122674,0.013525069
1356790838100,-0.49725372,-0.48395994,-0.72008437,-0.48838606,-0.5298447,0.6933568,-0.71708983,0.6964534,0.027107954
1356790838140,-0.47967923,-0.4694344,-0.7413091,-0.48894665,-0.55851895,0.6700655,-0.728587,0.6838771,0.038381606
1356790838181,-0.4710036,-0.45283043,-0.7570338,-0.4914257,-0.57798904,0.6514825,-0.7325684,0.67887646,0.049702406
1356790838228,-0.4716748,-0.43529746,-0.76683694,-0.49641624,-0.58765835,0.6389276,-0.72876173,0.6820364,0.06109494
1356790838261,-0.48027617,-0.4184125,-0.7708863,-0.5040694,-0.5875909,0.63297,-0.71780837,0.6925806,0.07129693
1356790838301,-0.49077773,-0.40352085,-0.7722099,-0.5139565,-0.58159006,0.63055664,-0.70355237,0.7063455,0.07803926
1356790838342,-0.5006856,-0.39175755,-0.77190673,-0.52591884,-0.5706098,0.6307248,-0.68754876,0.72175515,0.079663426
1356790838380,-0.5075574,-0.38401285,-0.77131027,-0.5391447,-0.5567296,0.6319612,-0.6720926,0.73660445,0.07553384
1356790838420,-0.5069826,-0.3805508,-0.77340144,-0.55679834,-0.54034853,0.6308718,-0.65798503,0.7504697,0.062057197
1356790838460,-0.49183673,-0.38185415,-0.7824857,-0.5828668,-0.52321976,0.62169707,-0.6468097,0.76185846,0.0347687
1356790838500,-0.44747412,-0.3874463,-0.8060101,-0.62426376,-0.51003253,0.59174454,-0.6403606,0.7679533,-0.013642341
1356790838540,-0.3567896,-0.39442214,-0.8468366,-0.6818285,-0.5097274,0.5246787,-0.63860077,0.7645973,-0.087062806
1356790838564,-0.23483592,-0.39548993,-0.88794136,-0.734625,-0.52598524,0.42856234,-0.6365361,0.7529457,-0.16701657
1356790838605,-0.07653862,-0.38626492,-0.91920686,-0.7695223,-0.56334233,0.3008002,-0.63401675,0.730373,-0.25412196
1356790838652,0.073652506,-0.36331847,-0.9287492,-0.77306426,-0.6091377,0.17698303,-0.6300374,0.7049475,-0.325733
1356790838691,0.17704809,-0.3349301,-0.92545974,-0.75815046,-0.6460112,0.08875534,-0.6275842,0.6859238,-0.3683024
1356790838729,0.22887301,-0.30742374,-0.92363834,-0.7425238,-0.66870785,0.038578987,-0.6295043,0.6769937,-0.3813186
1356790838772,0.23602295,-0.28226572,-0.9298491,-0.7342306,-0.6786163,0.019632071,-0.63655216,0.67809,-0.36741713
1356790838811,0.21869469,-0.2557048,-0.941694,-0.7315589,-0.68160903,0.015188247,-0.6457509,0.6855831,-0.3361274
1356790838852,0.1770584,-0.22926205,-0.95712554,-0.73450536,-0.6780835,0.026546627,-0.6550971,0.6983135,-0.28845456
1356790838891,0.1294952,-0.19989309,-0.9712229,-0.73817074,-0.6734165,0.04017791,-0.6620687,0.71172535,-0.2347594
1356790838935,0.06944823,-0.17124507,-0.9827778,-0.74206865,-0.6672779,0.063832015,-0.66671675,0.7248554,-0.17341691
1356790838980,0.009110153,-0.14149952,-0.9898964,-0.74252564,-0.66400105,0.08808124,-0.6697557,0.73422104,-0.111116186
1356790839020,-0.039825678,-0.11258915,-0.9928433,-0.7391412,-0.6653011,0.10509458,-0.6723721,0.73803675,-0.056723252
1356790839060,-0.07548398,-0.08735752,-0.9933131,-0.7321662,-0.6714015,0.114685655,-0.67693055,0.73592716,-0.013280213
1356790839100,-0.09684783,-0.066203445,-0.9930949,-0.7226516,-0.68142617,0.11590034,-0.6843939,0.72888637,0.01815267
1356790839141,-0.10554969,-0.049576044,-0.9931774,-0.7100859,-0.69544137,0.11017826,-0.6961589,0.71687067,0.038200393
1356790839188,-0.10602099,-0.036976963,-0.9936762,-0.69651663,-0.71043205,0.100752145,-0.7096648,0.70279384,0.049565583
1356790839229,-0.10541737,-0.027535677,-0.9940467,-0.68754286,-0.7201814,0.09286249,-0.718451,0.69323903,0.056987733
1356790839273,-0.107391894,-0.020501792,-0.9940053,-0.6858154,-0.72231394,0.08899322,-0.71980846,0.6912613,0.06351021
1356790839309,-0.11242682,-0.015423894,-0.9935404,-0.6900509,-0.7182389,0.08923468,-0.7149756,0.6956258,0.070105925
1356790839349,-0.119859815,-0.012212962,-0.99271566,-0.69980216,-0.7082298,0.0932067,-0.70420915,0.70587635,0.07634163
1356790839391,-0.12755388,-0.012294203,-0.99175537,-0.7117485,-0.69525677,0.100159734,-0.6907561,0.7186562,0.07993244
1356790839430,-0.13315195,-0.016639143,-0.99095595,-0.724512,-0.68062437,0.10877898,-0.6762787,0.7324436,0.078571156
1356790839469,-0.13583976,-0.02675131,-0.9903696,-0.73652625,-0.6658576,0.11900815,-0.6626287,0.74559915,0.070746794
1356790839547,-0.13141632,-0.043064922,-0.9903914,-0.7479143,-0.65142196,0.12756738,-0.65065646,0.7574924,0.05339867
1356790839548,-0.11537588,-0.06594011,-0.9911308,-0.7588407,-0.63801,0.1307823,-0.6409751,0.7671995,0.023572907
1356790839591,-0.07505345,-0.09480238,-0.99266285,-0.7695086,-0.6276177,0.11812061,-0.6342109,0.77272797,-0.025846362
1356790839631,-0.009742737,-0.12635979,-0.9919367,-0.7767452,-0.6237649,0.087088645,-0.62973964,0.7713305,-0.09207225
1356790839670,0.088709354,-0.15571126,-0.98381126,-0.7738031,-0.63269794,0.030366212,-0.6271838,0.7585825,-0.17661607
1356790839710,0.20188415,-0.17653373,-0.9633684,-0.754632,-0.65504074,-0.038107395,-0.62431836,0.7346819,-0.26546037
1356790839751,0.3002903,-0.18563423,-0.9356098,-0.7243035,-0.6826195,-0.09703162,-0.62065315,0.7068031,-0.3394395
1356790839790,0.36318797,-0.18600124,-0.9129611,-0.69704485,-0.70443773,-0.13377568,-0.6182418,0.6849606,-0.38549453
1356790839831,0.38761863,-0.18275484,-0.9035223,-0.6829026,-0.71530056,-0.14828756,-0.6191898,0.67449665,-0.40206754
1356790839870,0.37642807,-0.17945749,-0.9088987,-0.6843976,-0.7150965,-0.1422568,-0.62442124,0.67559755,-0.39200264
1356790839910,0.3394059,-0.17689887,-0.9238563,-0.69634724,-0.7075435,-0.12034416,-0.63237983,0.6841703,-0.3633275
1356790839950,0.28074646,-0.1748727,-0.94371665,-0.7138513,-0.6952987,-0.08352342,-0.6415589,0.6971222,-0.32003573
1356790839990,0.21012807,-0.17206386,-0.9624137,-0.73001635,-0.6824064,-0.03738454,-0.65032476,0.71043324,-0.2690022
1356790840034,0.12893814,-0.1678969,-0.977336,-0.74083567,-0.6714554,0.017612457,-0.65919465,0.7217744,-0.2109602
1356790840071,0.053342164,-0.16134563,-0.98545533,-0.7428422,-0.66591996,0.06881943,-0.6673381,0.72836673,-0.15537594
1356790840109,-0.014265239,-0.15366507,-0.98802006,-0.7366338,-0.66656214,0.11430496,-0.6761414,0.7294395,-0.10368623
1356790840151,-0.06861025,-0.1450417,-0.98704386,-0.72449595,-0.6729278,0.1492441,-0.68585587,0.72534895,-0.05891238
1356790840190,-0.107872546,-0.13626051,-0.9847825,-0.7090579,-0.68378055,0.17228189,-0.69685036,0.7168523,-0.022855476
1356790840230,-0.1331039,-0.12808615,-0.9827906,-0.6920425,-0.69783413,0.18467459,-0.709479,0.7047138,0.004243329
1356790840270,-0.14789504,-0.12117079,-0.9815522,-0.6747421,-0.7132537,0.18971637,-0.7230838,0.6903527,0.02372764
1356790840311,-0.15723127,-0.11599061,-0.9807265,-0.6592113,-0.72711664,0.1916817,-0.7353358,0.6766443,0.037863165
1356790840349,-0.16586393,-0.11281639,-0.9796743,-0.6484132,-0.73601353,0.19453683,-0.74300045,0.6675004,0.0489264
1356790840392,-0.17692488,-0.11154282,-0.97788334,-0.644498,-0.7377785,0.20076182,-0.74385476,0.6657636,0.058642253
1356790840430,-0.19043267,-0.11255464,-0.9752265,-0.6464976,-0.73319685,0.21086277,-0.7387667,0.67063683,0.06685832
1356790840474,-0.20503181,-0.115624845,-0.9719017,-0.65459955,-0.7220298,0.22399205,-0.72764105,0.6821319,0.07235107
1356790840540,-0.21888912,-0.12228483,-0.9680568,-0.6638182,-0.708478,0.23959203,-0.71514535,0.6950578,0.07390322
1356790840549,-0.2280165,-0.13155049,-0.9647295,-0.6749386,-0.6927816,0.25399125,-0.7017595,0.7090474,0.06917709
1356790840585,-0.23169237,-0.14501154,-0.96192014,-0.6869903,-0.67570424,0.2673354,-0.68874013,0.7227694,0.056933925
1356790840628,-0.22595221,-0.16259682,-0.9604727,-0.7002946,-0.65826386,0.27618143,-0.6771507,0.73501766,0.034870476
1356790840672,-0.2018801,-0.18410456,-0.96195114,-0.71574426,-0.64270073,0.2732141,-0.6685467,0.7436675,-0.0020232797
1356790840709,-0.1525172,-0.20786187,-0.9661946,-0.7320621,-0.6330173,0.25174248,-0.66394556,0.7457094,-0.055621773
1356790840751,-0.06540197,-0.22968924,-0.97106403,-0.74565023,-0.63544893,0.20052516,-0.6631201,0.7371889,-0.12970823
1356790840807,0.049968243,-0.24349871,-0.96861327,-0.7478175,-0.6519693,0.12531993,-0.6620213,0.71808386,-0.21467042
1356790840828,0.1698606,-0.24530308,-0.9544495,-0.7339059,-0.6778502,0.04360318,-0.6576697,0.6930697,-0.2951694
1356790840867,0.26246142,-0.23773523,-0.93519837,-0.7119119,-0.701944,-0.021356523,-0.65137964,0.6713841,-0.35347974
1356790840904,0.31361032,-0.22740394,-0.9219197,-0.694952,-0.71657777,-0.05964893,-0.6470628,0.65939647,-0.382761
1356790840946,0.3238204,-0.21871638,-0.92049086,-0.6902241,-0.7200317,-0.071729034,-0.64709425,0.6585723,-0.38412428
1356790840990,0.29735225,-0.2129868,-0.93070847,-0.69811475,-0.7134872,-0.05976379,-0.6513197,0.66751224,-0.36084628
1356790841041,0.23466331,-0.2096098,-0.9492085,-0.71557474,-0.6981662,-0.022731215,-0.6579406,0.6845639,-0.3138255
1356790841081,0.16718549,-0.20192474,-0.96502614,-0.72976357,-0.68349826,0.016589522,-0.6629435,0.7014674,-0.26162833
1356790841120,0.092594504,-0.19351766,-0.97671753,-0.73992324,-0.6697762,0.06255719,-0.6662881,0.71690357,-0.2052058
1356790841161,0.02318424,-0.18196905,-0.98303086,-0.7433165,-0.6606846,0.10476872,-0.66853803,0.7282741,-0.15057807
1356790841201,-0.039215565,-0.16870573,-0.98488605,-0.7399303,-0.6575058,0.14208928,-0.67153955,0.7343191,-0.09904605
1356790841241,-0.08636743,-0.15241838,-0.98453504,-0.7313155,-0.6613925,0.16654587,-0.6765488,0.7343899,-0.054343104
1356790841280,-0.11677289,-0.13433495,-0.98403156,-0.7186742,-0.67242116,0.17707902,-0.68547165,0.7278762,-0.018022448
1356790841321,-0.13094229,-0.11454338,-0.9847507,-0.70350367,-0.6891369,0.17370331,-0.69852465,0.71552086,0.0096554905
1356790841360,-0.13449466,-0.09434259,-0.98641306,-0.6873837,-0.70812273,0.16144916,-0.713733,0.6997583,0.030389175
1356790841400,-0.13458061,-0.07529789,-0.9880376,-0.67320025,-0.7247163,0.14692694,-0.72711027,0.68492067,0.04684232
1356790841439,-0.13671505,-0.058879256,-0.98885906,-0.66434956,-0.7350159,0.1356146,-0.734812,0.6754886,0.06137128
1356790841486,-0.14388049,-0.046283096,-0.98851216,-0.6631279,-0.7369491,0.13102466,-0.7345474,0.6743619,0.07534096
1356790841542,-0.15455806,-0.03857103,-0.98723054,-0.6677028,-0.7324236,0.13314942,-0.72820663,0.6797559,0.08744791
1356790841560,-0.1680215,-0.0362629,-0.9851162,-0.6772224,-0.72192985,0.14208189,-0.716337,0.6910155,0.09674157
1356790841599,-0.18416345,-0.041387558,-0.98202384,-0.6873431,-0.70876706,0.15877175,-0.7025974,0.7042273,0.10208166
1356790841640,-0.20063943,-0.05328679,-0.97821486,-0.69744563,-0.6934489,0.1808261,-0.6879777,0.71853256,0.101968616
1356790841679,-0.2181015,-0.073960036,-0.97311956,-0.7054981,-0.67701584,0.20957577,-0.67431754,0.73224276,0.09547946
1356790841719,-0.22750545,-0.10034475,-0.9685929,-0.7134309,-0.6598139,0.23592809,-0.66276515,0.744699,0.07852219
1356790841758,-0.21923536,-0.13110098,-0.96682394,-0.72313344,-0.64340186,0.25122157,-0.6549916,0.7542193,0.046252877
1356790841799,-0.1774233,-0.16075847,-0.970916,-0.737304,-0.63174534,0.2393341,-0.6518466,0.7583236,-0.0064415634
1356790841839,-0.08519918,-0.18058088,-0.9798631,-0.7537581,-0.6314713,0.18191442,-0.65160567,0.7540786,-0.08231348
1356790841881,0.052191854,-0.18287107,-0.9817506,-0.7584398,-0.646795,0.0801585,-0.64965,0.7404151,-0.17245416
1356790841919,0.2018441,-0.16746965,-0.9649937,-0.7384777,-0.6732271,-0.037629515,-0.6433581,0.72022164,-0.2595595
1356790841974,0.31244832,-0.14997825,-0.9380206,-0.70645726,-0.696826,-0.12390205,-0.63505447,0.7013844,-0.32367533
1356790842009,0.35781196,-0.14906958,-0.9218182,-0.6898304,-0.70754457,-0.15334499,-0.62936836,0.69076693,-0.35600063
1356790842051,0.3418175,-0.16862425,-0.9245143,-0.6985954,-0.7036165,-0.12995508,-0.62858987,0.69028234,-0.35830855
1356790842091,0.2730322,-0.2065194,-0.9395761,-0.7249701,-0.68617535,-0.05984789,-0.6323542,0.69750494,-0.33706832
1356790842131,0.16977084,-0.25183266,-0.95276344,-0.75057,-0.6595433,0.04058683,-0.63860977,0.7082252,-0.30098927
1356790842170,0.048684537,-0.29451388,-0.9544063,-0.7617653,-0.6289799,0.15523484,-0.6460212,0.7194761,-0.25497204
1356790842213,-0.06897938,-0.32563627,-0.9429755,-0.75337994,-0.60261065,0.26320893,-0.6539575,0.7285749,-0.20376009
1356790842250,-0.16464722,-0.341133,-0.9254834,-0.7310281,-0.58771414,0.34668422,-0.66218513,0.73363495,-0.15261227
1356790842292,-0.23320633,-0.3430791,-0.9098965,-0.70349145,-0.58647186,0.40143564,-0.67135286,0.73372173,-0.10458422
1356790842330,-0.27191526,-0.33268434,-0.90298575,-0.67970365,-0.59785146,0.42494315,-0.6812232,0.72931117,-0.06356183
1356790842369,-0.28577113,-0.31382567,-0.9054548,-0.66201895,-0.61849886,0.42330843,-0.6928678,0.72039753,-0.031009465
1356790842411,-0.27809423,-0.2867415,-0.91675675,-0.6512093,-0.64530784,0.39937976,-0.70610905,0.70806575,-0.007272333
1356790842450,-0.2565294,-0.25417346,-0.93251735,-0.6444099,-0.6740979,0.3610097,-0.720367,0.69353294,0.009133995
1356790842491,-0.2303226,-0.2189467,-0.94816345,-0.63977224,-0.70010996,0.31707686,-0.7332415,0.67963856,0.021175027
1356790842545,-0.20856255,-0.18478265,-0.9603942,-0.63784254,-0.71870726,0.27679747,-0.7413897,0.67030984,0.032033175
1356790842570,-0.19631934,-0.15480965,-0.96824205,-0.64045036,-0.72747725,0.24617118,-0.74248374,0.66843915,0.043669894
1356790842609,-0.19372708,-0.13088125,-0.97228587,-0.6483418,-0.72671926,0.22700658,-0.73628986,0.67435086,0.055929467
1356790842650,-0.1986664,-0.1142191,-0.9733887,-0.6605941,-0.7180649,0.21908475,-0.72397995,0.6865397,0.067202955
1356790842690,-0.208233,-0.10591754,-0.97232735,-0.6742648,-0.70459783,0.22115335,-0.70852375,0.70165753,0.075304046
1356790842733,-0.22075403,-0.10701749,-0.9694406,-0.6869433,-0.6885371,0.23243405,-0.6923703,0.7172614,0.078482404
1356790842771,-0.2358039,-0.11913356,-0.9644707,-0.6965623,-0.67132515,0.2532264,-0.6776412,0.73152566,0.075317144
1356790842811,-0.24912828,-0.1414704,-0.9580821,-0.7036203,-0.6533272,0.2794314,-0.6654724,0.74374026,0.06322089
1356790842851,-0.2570964,-0.17333284,-0.9507141,-0.7089325,-0.6347415,0.3074379,-0.65674675,0.7530333,0.040308416
1356790842889,-0.2408387,-0.20646209,-0.94835126,-0.71830183,-0.61920375,0.31722102,-0.65271676,0.7576015,8.261204E-4
1356790842931,-0.18387043,-0.23433606,-0.954609,-0.73401356,-0.61319953,0.2919082,-0.6537704,0.7543692,-0.059256613
1356790842970,-0.06953281,-0.24529773,-0.96695095,-0.74979943,-0.62649536,0.21284798,-0.6580015,0.73981917,-0.14036205
1356790843011,0.085223794,-0.2346966,-0.9683256,-0.7459842,-0.6592768,0.09413615,-0.660488,0.71433294,-0.23126599
1356790843050,0.22851402,-0.21380067,-0.949774,-0.7174534,-0.6964262,-0.015847743,-0.65805924,0.68504,-0.31253517
1356790843090,0.31573564,-0.20395975,-0.9266668,-0.6887605,-0.720996,-0.07598424,-0.6526254,0.6622425,-0.3681236
1356790843130,0.33757818,-0.21721688,-0.91589177,-0.6823659,-0.7267126,-0.07915518,-0.64839625,0.6516944,-0.39354372
1356790843173,0.29449952,-0.25607455,-0.920704,-0.70224077,-0.7114368,-0.02674988,-0.64817274,0.6544337,-0.3893438
1356790843211,0.21320361,-0.30375475,-0.9285888,-0.72860044,-0.68264455,0.056016475,-0.6509114,0.6646273,-0.36685812
1356790843253,0.09384608,-0.35516077,-0.9300827,-0.7492159,-0.6404146,0.16895181,-0.6556436,0.6809772,-0.32619247
1356790843291,-0.025618136,-0.39124703,-0.919929,-0.7509458,-0.5998975,0.2760495,-0.6598667,0.6978888,-0.27843708
1356790843332,-0.14427096,-0.41489112,-0.8983603,-0.7341809,-0.56380546,0.3782879,-0.66344875,0.71413493,-0.2232644
1356790843371,-0.23956728,-0.42172968,-0.87450075,-0.70630765,-0.54230016,0.4550165,-0.6661359,0.7266736,-0.16795355
1356790843409,-0.31139708,-0.41756868,-0.85362065,-0.6748991,-0.5352014,0.50800663,-0.66898656,0.7342996,-0.11515659
1356790843452,-0.35614395,-0.4039585,-0.8426025,-0.6478897,-0.5430339,0.53418446,-0.6733501,0.73616004,-0.06832221
1356790843490,-0.37457728,-0.3826437,-0.8445565,-0.62948465,-0.56383073,0.5346438,-0.680765,0.73190075,-0.02967015
1356790843544,-0.37006402,-0.35447562,-0.8587198,-0.6198812,-0.5942618,0.51244545,-0.6919538,0.7219418,1.8209219E-4
1356790843570,-0.35011137,-0.32098523,-0.8799947,-0.6159917,-0.62884694,0.47445315,-0.70567435,0.70818084,0.022442132
1356790843611,-0.32490695,-0.28528094,-0.90169305,-0.61466265,-0.66090155,0.4305798,-0.7187665,0.6941354,0.039379954
1356790843651,-0.30353016,-0.2507808,-0.9192272,-0.61599445,-0.6843719,0.39011052,-0.7269253,0.6846491,0.05324781
1356790843690,-0.29189086,-0.22131406,-0.93049437,-0.62076586,-0.69628024,0.36033803,-0.7276327,0.68279856,0.065853626
1356790843731,-0.28946114,-0.19862078,-0.93635565,-0.6288057,-0.69808394,0.34246475,-0.72167546,0.6879161,0.077174336
1356790843771,-0.2946509,-0.1841305,-0.9376976,-0.63885885,-0.69178534,0.33658946,-0.7106618,0.69823277,0.08620179
1356790843829,-0.30502158,-0.17905046,-0.93536246,-0.648422,-0.68029904,0.3416756,-0.6975033,0.71072793,0.09140557
1356790843847,-0.3190645,-0.18419181,-0.92966187,-0.6555786,-0.6654886,0.3568495,-0.6844082,0.7233245,0.09158158
1356790843888,-0.33516634,-0.19997512,-0.92069185,-0.65978914,-0.64776975,0.3808841,-0.6725637,0.735122,0.08516914
1356790843924,-0.34986615,-0.22579694,-0.90918064,-0.6620596,-0.62703323,0.41049534,-0.66277504,0.7455502,0.069886655
1356790843967,-0.35110146,-0.25780848,-0.9001458,-0.66797686,-0.60471314,0.4337384,-0.6561515,0.75356275,0.04010558
1356790844010,-0.3278209,-0.2934335,-0.89801466,-0.6823256,-0.5839003,0.43987754,-0.6534258,0.7569394,-0.008802474
1356790844051,-0.26499218,-0.32621968,-0.90739185,-0.70904946,-0.5718159,0.41264448,-0.6534738,0.75273323,-0.07977918
1356790844091,-0.16601336,-0.3513207,-0.92141914,-0.73941827,-0.57387686,0.35203105,-0.652457,0.73975605,-0.16450167
1356790844133,-0.04447317,-0.36459607,-0.9301032,-0.7605484,-0.5913177,0.26815957,-0.64775634,0.7193144,-0.2509952
1356790844171,0.04502189,-0.37666258,-0.9252558,-0.7665024,-0.6070044,0.20980845,-0.64066136,0.69976485,-0.31604123
1356790844210,0.07985425,-0.394786,-0.9152963,-0.7684165,-0.6092756,0.1957532,-0.63494825,0.68769705,-0.35201338
1356790844252,0.060892165,-0.42029345,-0.9053428,-0.7717737,-0.5950174,0.22432046,-0.6329751,0.6850604,-0.36060333
1356790844290,0.0044726133,-0.4467739,-0.89463574,-0.77266276,-0.56947094,0.28052643,-0.634801,0.68999696,-0.3477525
1356790844331,-0.073017836,-0.46746933,-0.8809886,-0.76549864,-0.5399489,0.34995294,-0.63928103,0.6999483,-0.31842127
1356790844371,-0.15444916,-0.4778621,-0.8647504,-0.74860847,-0.5145907,0.418069,-0.6447718,0.7119299,-0.27825356
1356790844410,-0.23061687,-0.47790962,-0.8475956,-0.723533,-0.49822295,0.47778028,-0.6506274,0.7234475,-0.23088473
1356790844451,-0.29331625,-0.46932727,-0.832885,-0.694617,-0.4939704,0.52297276,-0.65686595,0.73193246,-0.1811131
1356790844492,-0.34159732,-0.45539957,-0.82214504,-0.6647598,-0.501304,0.55388504,-0.6643836,0.73573464,-0.13148719
1356790844545,-0.37315375,-0.43835703,-0.8176792,-0.6389004,-0.5176466,0.5690766,-0.67272764,0.7347687,-0.086904645
1356790844572,-0.39053214,-0.42103547,-0.81866586,-0.6175167,-0.5397304,0.5721575,-0.6827575,0.7289858,-0.049214393
1356790844611,-0.39531434,-0.40395707,-0.8249517,-0.6019884,-0.56440914,0.56484723,-0.6937843,0.7199036,-0.020058513
1356790844650,-0.39020652,-0.38836288,-0.83481324,-0.5904293,-0.5901757,0.55053234,-0.7064928,0.70771945,9.895861E-4
1356790844691,-0.3795479,-0.37395513,-0.84622747,-0.58162975,-0.6148655,0.53258544,-0.71947914,0.6943328,0.015867472
1356790844730,-0.36951882,-0.36059272,-0.8564046,-0.5754667,-0.63482267,0.51559526,-0.7295849,0.68335444,0.027069688
1356790844770,-0.36529183,-0.34809685,-0.86336,-0.57292867,-0.6469183,0.503239,-0.73369926,0.6784728,0.0368793
1356790844810,-0.36896783,-0.33645195,-0.86640805,-0.5745251,-0.6501966,0.49715734,-0.73060507,0.68120825,0.046601415
1356790844850,-0.37849063,-0.32585767,-0.8663496,-0.57981634,-0.64611703,0.4963323,-0.72149694,0.6901808,0.05561161
1356790844891,-0.39021587,-0.31688952,-0.8644725,-0.58789927,-0.63683313,0.49881673,-0.70859444,0.70286894,0.06220323
1356790844931,-0.40078545,-0.31047297,-0.86196136,-0.59773237,-0.6244003,0.5028322,-0.69432485,0.71675,0.06467089
1356790844970,-0.40814483,-0.30759412,-0.85953695,-0.60812116,-0.6106203,0.5072786,-0.68088657,0.7297457,0.06216696
1356790845011,-0.4097113,-0.30886778,-0.85833406,-0.620227,-0.5956593,0.5104003,-0.6689209,0.7414787,0.05248022
1356790845051,-0.4026063,-0.31500506,-0.8594649,-0.63539433,-0.5797059,0.51011276,-0.65892494,0.7514738,0.033240795
1356790845090,-0.37883168,-0.3268928,-0.86581033,-0.65712726,-0.56374896,0.50037074,-0.6516673,0.7585039,-0.0012441576
1356790845131,-0.32896006,-0.34502718,-0.8790571,-0.68691015,-0.5513533,0.47345945,-0.6480275,0.7595825,-0.055629402
1356790845170,-0.2449153,-0.36754018,-0.8971793,-0.72163945,-0.5488862,0.42185357,-0.6474975,0.7507584,-0.1308009
1356790845210,-0.13045377,-0.38804263,-0.91236216,-0.7512879,-0.5617846,0.34635893,-0.64695305,0.7306305,-0.21824476
1356790845250,-0.009057403,-0.3977912,-0.91743124,-0.7655242,-0.5875133,0.262299,-0.6433433,0.7046916,-0.29919747
1356790845290,0.09125632,-0.39314857,-0.91493523,-0.76483,-0.6160577,0.18843587,-0.6377362,0.6825739,-0.3569109
1356790845331,0.15692854,-0.37616307,-0.9131675,-0.75739425,-0.6392352,0.13316274,-0.6338197,0.67073077,-0.38521796
1356790845372,0.18649757,-0.34964913,-0.91813076,-0.7500177,-0.6542925,0.096823215,-0.63458025,0.670557,-0.38426703
1356790845409,0.1919198,-0.31584078,-0.92919934,-0.744487,-0.6637598,0.07184747,-0.6394576,0.6779878,-0.362528
1356790845449,0.17391866,-0.27772743,-0.9447856,-0.7422026,-0.66752046,0.05959645,-0.64721525,0.6908574,-0.32222426
1356790845490,0.1424352,-0.23692968,-0.96102893,-0.7420472,-0.66810936,0.05473435,-0.6550406,0.7053327,-0.2709753
1356790845546,0.10054141,-0.19603753,-0.97542846,-0.74301,-0.66681194,0.057428002,-0.66168535,0.7189792,-0.21270007
1356790845568,0.054276466,-0.1571686,-0.9860792,-0.7432399,-0.6658388,0.06521636,-0.6668197,0.72935367,-0.15295334
1356790845610,0.008563638,-0.12227374,-0.9924595,-0.7413401,-0.6668399,0.07575968,-0.6710749,0.7351012,-0.09635705
1356790845651,-0.032141387,-0.092684984,-0.99517655,-0.7365882,-0.6708175,0.08626574,-0.6755774,0.735808,-0.0467097
1356790845690,-0.06481439,-0.0691165,-0.99550086,-0.7287842,-0.67818636,0.094534874,-0.68166906,0.73163253,-0.006414771
1356790845729,-0.08853614,-0.051649988,-0.994733,-0.7179,-0.68897414,0.09967059,-0.6904932,0.72294325,0.023919582
1356790845771,-0.104599714,-0.039744794,-0.99371994,-0.70440096,-0.7024006,0.10223895,-0.70205295,0.7106714,0.04547456
1356790845814,-0.11544609,-0.032390475,-0.99278545,-0.6902613,-0.7161005,0.10363048,-0.71429086,0.6972452,0.060313165
1356790845851,-0.124133825,-0.02820003,-0.9918647,-0.6800912,-0.7254618,0.10574061,-0.7225418,0.6876844,0.07087582
1356790845892,-0.1325264,-0.025251776,-0.9908577,-0.67738664,-0.7274859,0.10913974,-0.7235911,0.6856577,0.07930599
1356790845933,-0.14163476,-0.022874594,-0.98965466,-0.68176883,-0.72258765,0.11427328,-0.71772623,0.6909008,0.08674835
1356790845971,-0.1509158,-0.020929337,-0.988325,-0.69218236,-0.7115474,0.12076339,-0.70576763,0.7023263,0.09289688
1356790846008,-0.15893298,-0.020725012,-0.9870718,-0.7046856,-0.69785684,0.1281172,-0.69149,0.7159374,0.09630786
1356790846050,-0.16449648,-0.023281336,-0.98610294,-0.71776336,-0.6829047,0.13585648,-0.6765772,0.7301364,0.09562488
1356790846088,-0.16718847,-0.029881865,-0.985472,-0.72988474,-0.6682116,0.14408901,-0.66280943,0.743371,0.089906886
1356790846129,-0.16472048,-0.041386038,-0.98547155,-0.7408469,-0.6544079,0.15131441,-0.6511628,0.7550081,0.077133775
1356790846169,-0.15129769,-0.059079915,-0.9867212,-0.75103307,-0.64214826,0.15360728,-0.6426963,0.7643006,0.052784458
1356790846209,-0.12010467,-0.08312151,-0.9892753,-0.7603016,-0.6330654,0.14549759,-0.63837,0.76962256,0.012836739
1356790846249,-0.05953175,-0.11297843,-0.99181247,-0.7673094,-0.6303532,0.117860585,-0.63850784,0.7680434,-0.0491634
1356790846289,0.033762574,-0.14408845,-0.98898864,-0.76733625,-0.63776416,0.066721916,-0.64035547,0.7566342,-0.13209681
1356790846331,0.1502518,-0.16924599,-0.9740535,-0.7537111,-0.65720266,-0.0020712316,-0.6398001,0.7344661,-0.22630848
1356790846378,0.25944418,-0.18164632,-0.9485217,-0.72755826,-0.68264,-0.068276495,-0.6350967,0.7078186,-0.30926526
1356790846421,0.33024114,-0.18138778,-0.92630404,-0.7030034,-0.7021291,-0.11314106,-0.6298626,0.68855876,-0.35938817
