1356506667186,-0.75732523,0.47449836,0.44867575,0.3714951,-0.25202012,0.89357555,0.53707546,0.8434081,0.014587343
1356506667225,-0.16819364,0.090162486,0.981622,0.8266009,-0.5296456,0.1902802,0.5370679,0.8434135,0.01455459
1356506667267,-0.16780013,0.090129584,0.9816923,0.8267125,-0.5295963,0.18993202,0.53701913,0.8434479,0.014355123
1356506667305,-0.16656327,0.09000644,0.98191416,0.8270552,-0.5294563,0.18882659,0.5368763,0.8435489,0.013747752
1356506667345,-0.16418046,0.08977112,0.982337,0.82769966,-0.5292048,0.18669698,0.5366174,0.8437319,0.012581468
1356506667387,-0.16061026,0.08939743,0.9829611,0.82863575,-0.52886033,0.18349266,0.5362529,0.84398746,0.01086244
1356506667426,-0.15621793,0.08890927,0.98371285,0.8297715,-0.52843845,0.17953241,0.53579384,0.84430313,0.008777261
1356506667465,-0.15205753,0.088445306,0.9844064,0.8308685,-0.52797705,0.17577791,0.53529066,0.8446406,0.0067964196
1356506667507,-0.14947408,0.08822879,0.98482144,0.8315462,-0.52766895,0.17348343,0.5349659,0.8448557,0.0055064857
1356506667546,-0.15027052,0.08899182,0.9846314,0.8311363,-0.5279587,0.17456207,0.5353794,0.8445945,0.005372405
1356506667585,-0.15345144,0.09039563,0.98401284,0.82939065,-0.5295583,0.17798647,0.5371814,0.8434433,0.006288171
1356506667625,-0.15855765,0.09260762,0.98299706,0.82590103,-0.53313744,0.18344462,0.5410609,0.8409449,0.008048296
1356506667665,-0.16488308,0.09539521,0.981689,0.8205728,-0.53896713,0.19019616,0.5472419,0.8369074,0.010587901
1356506667705,-0.17180657,0.09816277,0.9802279,0.81361216,-0.54688257,0.19736981,0.5554438,0.8314347,0.0140915215
1356506667745,-0.17955464,0.10028383,0.9786231,0.8054702,-0.556134,0.20477459,0.56478125,0.82501996,0.019080848
1356506667786,-0.19081998,0.10137552,0.97637635,0.79624045,-0.5657329,0.21435386,0.5740984,0.8183333,0.02723378
1356506667825,-0.20815867,0.10104141,0.972862,0.7862344,-0.574374,0.22788128,0.58181214,0.8123331,0.040118694
1356506667865,-0.23591512,0.0995062,0.9666657,0.7744198,-0.58166695,0.24887276,0.5870418,0.80731785,0.06016442
1356506667905,-0.2716896,0.095874846,0.9575975,0.7606428,-0.58818626,0.2746989,0.5895823,0.80302244,0.086877525
1356506667945,-0.3104726,0.089306,0.94637793,0.7453217,-0.5950589,0.30066666,0.590002,0.79870474,0.118187815
1356506667985,-0.34681016,0.07885972,0.9346143,0.72968256,-0.6033958,0.32167816,0.5893098,0.79353297,0.1517213
1356506668025,-0.3780638,0.06401515,0.92356366,0.7147385,-0.6138703,0.33512992,0.58840173,0.786807,0.18632811
1356506668091,-0.4056008,0.045019627,0.91294104,0.70017755,-0.62673825,0.34198058,0.58757085,0.77792835,0.22268373
1356506668107,-0.43278235,0.02309227,0.90120256,0.68476534,-0.641773,0.34528798,0.586341,0.7665469,0.2619353
1356506668146,-0.46527094,0.0016348362,0.88516676,0.6654202,-0.6588075,0.3509822,0.5837283,0.7523097,0.3054362
1356506668177,-0.4996745,-0.016694576,0.86605227,0.64394236,-0.6758826,0.35849804,0.5793648,0.73682016,0.3484717
1356506668216,-0.5478889,-0.025146365,0.8361731,0.61119694,-0.69451374,0.37959063,0.5711884,0.7190399,0.39588565
1356506668246,-0.5970844,-0.025120586,0.801785,0.5738723,-0.7117567,0.40505928,0.5605005,0.7019767,0.43939483
1356506668276,-0.64371353,-0.01821971,0.7650497,0.5348748,-0.72569025,0.43276173,0.5473043,0.6877803,0.4768818
1356506668315,-0.6869903,-0.0056704134,0.7266444,0.4980706,-0.7318017,0.4651795,0.5291219,0.68149406,0.5055649
1356506668355,-0.7228719,0.011301041,0.6908896,0.46828988,-0.72721267,0.5018629,0.50809526,0.68631923,0.52038944
1356506668396,-0.7475909,0.027975038,0.66357005,0.45160645,-0.7111804,0.53877085,0.48699012,0.7024527,0.5190383
1356506668435,-0.7581208,0.040823206,0.6508351,0.4524827,-0.6857569,0.57008505,0.46958736,0.7266849,0.5014148
1356506668475,-0.7495332,0.047128662,0.66028696,0.47639173,-0.6541604,0.5874736,0.4596204,0.7548862,0.46786317
1356506668515,-0.71579784,0.045760214,0.69680667,0.5262122,-0.62062705,0.58131135,0.45905796,0.78276956,0.4201638
1356506668555,-0.6499628,0.036601722,0.75908405,0.59924686,-0.5896145,0.54153293,0.46738797,0.806855,0.361294
1356506668595,-0.5469296,0.020266026,0.8369333,0.68425655,-0.5651705,0.46084195,0.48234946,0.8247252,0.29524133
1356506668635,-0.4108374,-0.0013089776,0.9117077,0.76178515,-0.54989505,0.34248924,0.5008952,0.83523273,0.22691461
1356506668675,-0.25973195,-0.024499357,0.9653699,0.8135305,-0.54416394,0.20506978,0.52029544,0.838621,0.16126782
1356506668715,-0.119758725,-0.04471156,0.99179566,0.834103,-0.54633576,0.07608786,0.53845143,0.836372,0.10272257
1356506668755,-0.008968174,-0.0587703,0.9982313,0.832221,-0.5538742,-0.025132298,0.5543716,0.8305236,0.0538771
1356506668795,0.06718445,-0.06521955,0.9956066,0.8203049,-0.56442463,-0.09232882,0.56796664,0.822904,0.015579447
1356506668835,0.111776054,-0.0640617,0.99166644,0.8068595,-0.57666546,-0.12819815,0.5800723,0.8144649,-0.012768611
1356506668875,0.12945372,-0.055696428,0.99002,0.79570657,-0.58993036,-0.13723373,0.5916863,0.80553085,-0.032050624
1356506668915,0.124275565,-0.040872037,0.9914056,0.78782356,-0.6033652,-0.12363052,0.60323274,0.79641694,-0.042783603
1356506668955,0.10123223,-0.021161467,0.9946377,0.7826334,-0.615534,-0.09275067,0.61419606,0.7878261,-0.045750156
1356506668995,0.067889035,6.533265E-4,0.99769264,0.77960455,-0.62405586,-0.05264029,0.62258154,0.78137946,-0.042875856
1356506669035,0.032595754,0.021096617,0.9992459,0.77970815,-0.6260238,-0.012217373,0.6252941,0.77951837,-0.036854893
1356506669091,-0.0016963482,0.037673414,0.9992887,0.7865204,-0.61707413,0.024599016,0.61756194,0.7860027,-0.028584138
1356506669127,-0.020843029,0.042677402,0.9988715,0.79524004,-0.6048079,0.042434722,0.60593635,0.79522705,-0.0213328
1356506669167,-0.022655845,0.03557691,0.9991101,0.8049507,-0.5920364,0.039334685,0.592909,0.8051255,-0.015224531
1356506669206,0.0030590892,0.010362595,0.99994165,0.8144132,-0.5802746,0.0035219789,0.58027726,0.8143549,-0.010214478
1356506669247,0.06666249,-0.03889945,0.997017,0.82016575,-0.56692654,-0.07695699,0.56822896,0.8228494,-0.0058887303
1356506669286,0.17566925,-0.11657557,0.9775226,0.8121877,-0.54396915,-0.21082884,0.5563196,0.83096796,-8.7744E-4
1356506669317,0.3281479,-0.21990004,0.9186746,0.77134347,-0.49902564,-0.3949718,0.54529643,0.8382228,0.0058642253
1356506669346,0.47187564,-0.3159955,0.8230919,0.7003841,-0.43270776,-0.5676497,0.535533,0.84434056,0.017133981
1356506669387,0.56616104,-0.390009,0.7261918,0.6325235,-0.35935768,-0.68613124,0.52856,0.8477942,0.04323554
1356506669427,0.610392,-0.44902724,0.65253055,0.5921119,-0.28853953,-0.7524283,0.52614176,0.84564734,0.0897522
1356506669456,0.61842203,-0.49548063,0.60996157,0.58358985,-0.23025167,-0.77872145,0.52628607,0.8375459,0.14676479
1356506669497,0.56249195,-0.5329296,0.63213044,0.63545185,-0.2104823,-0.7428986,0.5289648,0.8195629,0.22025645
1356506669526,0.48253888,-0.55947214,0.6739044,0.6987446,-0.21803284,-0.68133515,0.52812135,0.79965776,0.28571886
1356506669567,0.4188558,-0.5760164,0.7019722,0.7439207,-0.22562557,-0.6290271,0.5207128,0.7856833,0.33400592
1356506669597,0.36313242,-0.5773321,0.7313156,0.77879745,-0.24279445,-0.5783818,0.5114777,0.7795758,0.36145818
1356506669654,0.3731103,-0.5735806,0.72924215,0.7804102,-0.23104328,-0.5810155,0.50174564,0.7858909,0.36142343
1356506669675,0.39639604,-0.5555627,0.7309038,0.7729358,-0.22765774,-0.592235,0.49541956,0.7997013,0.3391716
1356506669712,0.40911633,-0.5247987,0.74646515,0.7672896,-0.24489325,-0.59270066,0.4938528,0.8152384,0.30248272
1356506669743,0.39077657,-0.48359138,0.78321964,0.7761381,-0.28434747,-0.5628109,0.49487704,0.82781994,0.26421738
1356506669786,0.37795073,-0.43985823,0.8146643,0.77887976,-0.3246261,-0.536623,0.5004993,0.8373426,0.219904
1356506669825,0.34892708,-0.3871914,0.8534242,0.7866632,-0.37391424,-0.49127325,0.5093242,0.8427758,0.17412034
1356506669865,0.31040823,-0.32819003,0.89215356,0.7956609,-0.42384893,-0.43275362,0.52016383,0.8441821,0.12956184
1356506669905,0.26581353,-0.26492044,0.926909,0.8041347,-0.46938074,-0.36475903,0.5317053,0.84231764,0.08826393
1356506669945,0.21753103,-0.19963089,0.9554202,0.8109318,-0.5078011,-0.2907366,0.5432034,0.83802485,0.05142451
1356506669985,0.16604215,-0.13392568,0.9769821,0.81529814,-0.538677,-0.21240571,0.5547242,0.8318,0.019746229
1356506670026,0.11054504,-0.06884688,0.9914837,0.81650496,-0.5624901,-0.1300942,0.56665635,0.82393265,-0.0059666485
1356506670091,0.049042225,-0.004786581,0.99878526,0.81406355,-0.57920057,-0.042747855,0.5787016,0.81517106,-0.024508744
1356506670107,-0.017891586,0.05650747,0.99824184,0.80749804,-0.587934,0.04775408,0.58959883,0.8069327,-0.03511055
1356506670146,-0.08768761,0.11261383,0.98976207,0.7977096,-0.5871616,0.13747928,0.59663236,0.80159795,-0.03834635
1356506670176,-0.15181208,0.16010466,0.9753562,0.7862605,-0.578415,0.21732649,0.5989555,0.7998767,-0.03807363
1356506670206,-0.20682174,0.19580355,0.9585853,0.77591634,-0.5639899,0.28261182,0.5959688,0.80223215,-0.035281867
1356506670246,-0.2584921,0.22093138,0.94041014,0.7682601,-0.5431464,0.3387748,0.58562636,0.81005025,-0.02933371
1356506670276,-0.29579014,0.23402005,0.9261441,0.7630718,-0.5253585,0.37645712,0.5746561,0.8180667,-0.02317825
1356506670307,-0.3207683,0.23827016,0.916698,0.76075983,-0.5117349,0.39921415,0.5642271,0.8254422,-0.017118096
1356506670336,-0.3322423,0.23400506,0.9137049,0.7628168,-0.5030866,0.4062196,0.5547302,0.8319528,-0.011356324
1356506670367,-0.3300467,0.22145915,0.9176192,0.7700879,-0.49902278,0.39741778,0.54592466,0.83781385,-0.005842179
1356506670406,-0.31582963,0.19992635,0.9275133,0.7824899,-0.49798715,0.373789,0.5366201,0.8438235,8.3887577E-4
1356506670447,-0.27893072,0.16050228,0.9468034,0.80264354,-0.5023222,0.32161456,0.5272202,0.8496538,0.011286914
1356506670477,-0.22060442,0.104121774,0.96978986,0.8257842,-0.50918263,0.24251503,0.5190512,0.85433704,0.02634576
1356506670517,-0.18557298,0.045898855,0.98155797,0.8374135,-0.5152319,0.1824139,0.5141026,0.8558209,0.05717677
1356506670546,-0.16221768,-0.017406523,0.98660153,0.84374374,-0.5208802,0.12953904,0.51164633,0.8534523,0.099182546
1356506670587,-0.20739561,-0.06354603,0.9761911,0.83311296,-0.5345101,0.14220369,0.51274747,0.8427698,0.16379604
1356506670616,-0.2736404,-0.09688249,0.9569403,0.8138149,-0.5536202,0.17666367,0.51266587,0.8271146,0.23033725
1356506670657,-0.3576541,-0.11242068,0.92706263,0.7829891,-0.5771166,0.23208725,0.50893176,0.8088869,0.29443228
1356506670696,-0.42058092,-0.119353235,0.89937013,0.7560412,-0.59408176,0.27471548,0.50151116,0.79550093,0.34009534
1356506670726,-0.4570753,-0.12239021,0.880967,0.73941493,-0.6027688,0.29989237,0.4943155,0.78847355,0.36600775
1356506670757,-0.46375602,-0.12762046,0.876723,0.73876005,-0.60193783,0.3031572,0.48904377,0.78827894,0.37343335
1356506670786,-0.44533396,-0.13449931,0.8852048,0.7517126,-0.5932659,0.28803426,0.48642144,0.7936911,0.36530626
1356506670826,-0.38395625,-0.14687127,0.91159546,0.7844253,-0.57268965,0.2381247,0.4870876,0.80650806,0.33509737
1356506670867,-0.3030585,-0.15325037,0.9405689,0.8180084,-0.54817754,0.17425194,0.48889458,0.8222017,0.2914899
1356506670907,-0.21800977,-0.15077716,0.9642292,0.8436367,-0.5258334,0.10851923,0.49066174,0.83711743,0.24183795
1356506670947,-0.13965791,-0.13978344,0.98028374,0.85890657,-0.5097167,0.049682707,0.49272215,0.8489108,0.19124688
1356506670987,-0.07468027,-0.122011036,0.9897152,0.8651651,-0.5014752,0.0034608543,0.4958954,0.85652554,0.14300995
1356506671027,-0.025444329,-0.09956887,0.9947053,0.8652606,-0.50054157,-0.027970523,0.5006763,0.8599676,0.09888895
1356506671088,0.008869767,-0.07430512,0.9971961,0.86178094,-0.5052526,-0.045313716,0.507203,0.85976654,0.059553295
1356506671106,0.030540943,-0.04772672,0.9983934,0.85619235,-0.5141567,-0.050769508,0.51575375,0.85636735,0.025160417
1356506671147,0.040759623,-0.020933151,0.99894965,0.8489488,-0.52649796,-0.04567209,0.526901,0.8499187,-0.0036887228
1356506671186,0.039503574,0.0050414503,0.9992067,0.84039426,-0.54111695,-0.03049472,0.54053396,0.84093225,-0.02561286
1356506671227,0.027998745,0.028643012,0.9991975,0.83120924,-0.55591106,-0.0073557794,0.5552542,0.8307482,-0.039373204
1356506671267,0.008954406,0.048692226,0.9987737,0.8238141,-0.5664988,0.02023217,0.56678927,0.82262266,-0.04518597
1356506671307,-0.012988925,0.0638029,0.997878,0.82081693,-0.5692478,0.047081053,0.57104367,0.81968665,-0.044976637
1356506671347,-0.033118248,0.07280943,0.9967958,0.8227606,-0.5642391,0.06855002,0.5674223,0.8223946,-0.041218102
1356506671387,-0.047212124,0.07469386,0.99608827,0.8278988,-0.5550183,0.08085966,0.5588869,0.82847786,-0.035635382
1356506671427,-0.051602602,0.06868228,0.99630314,0.8342527,-0.54542845,0.08080965,0.5489623,0.83533853,-0.02915281
1356506671467,-0.04352659,0.054329008,0.997574,0.84091663,-0.5371317,0.065944016,0.5394113,0.84174687,-0.02230665
1356506671507,-0.02176398,0.031525612,0.99926597,0.8475782,-0.52950394,0.03516546,0.5302239,0.84772146,-0.015196264
1356506671547,0.011956632,4.975498E-4,0.99992836,0.8535112,-0.52097934,-0.0099466145,0.5209371,0.85356903,-0.006653771
1356506671587,0.049834847,-0.038191885,0.99802697,0.8574898,-0.5107076,-0.062360793,0.5120816,0.8589058,0.007298112
1356506671625,0.07490206,-0.08333227,0.9937029,0.8595747,-0.49974626,-0.10670087,0.5054909,0.862154,0.03419824
1356506671665,0.06380546,-0.13248202,0.98912966,0.86205995,-0.49202442,-0.12150937,0.50277376,0.86044204,0.08281362
1356506671705,0.00415349,-0.18042454,0.98358005,0.86445,-0.4938081,-0.09423289,0.5027017,0.8506472,0.15391691
1356506671745,-0.09121084,-0.21868545,0.97152317,0.86054665,-0.50826126,-0.03361541,0.5011388,0.8329749,0.23454793
1356506671785,-0.18763703,-0.2410639,0.95219773,0.8483377,-0.52840114,0.033397585,0.49509138,0.81405187,0.30365115
1356506671825,-0.25647604,-0.24831513,0.934109,0.83550894,-0.5428473,0.085098,0.48594737,0.802282,0.34669685
1356506671865,-0.2897541,-0.24465734,0.92530274,0.82943386,-0.5465951,0.11520919,0.47757924,0.8008598,0.3613053
1356506671905,-0.28989935,-0.23394531,0.9280237,0.8322719,-0.54037565,0.12376484,0.47252715,0.8082473,0.35136062
1356506671945,-0.26497138,-0.21799067,0.93929243,0.84139633,-0.5280852,0.114797354,0.47100163,0.82073516,0.32334393
1356506671985,-0.22111571,-0.19827539,0.9548794,0.8533446,-0.51334196,0.091011256,0.47213432,0.8349652,0.28270516
1356506672026,-0.16339028,-0.17609042,0.9707192,0.86444,-0.49973506,0.054848522,0.47544408,0.8480903,0.23387142
1356506672092,-0.09673369,-0.15278834,0.9835132,0.8714424,-0.4904052,0.009526759,0.48086447,0.8579967,0.18058503
1356506672106,-0.028348386,-0.12953365,0.99116975,0.8723115,-0.4874128,-0.038749933,0.48812824,0.8635102,0.12681098
1356506672147,0.03456986,-0.10714811,0.9936419,0.86694807,-0.49141294,-0.08315295,0.49719816,0.8643105,0.07590374
1356506672186,0.0849635,-0.085875124,0.9926765,0.8570591,-0.5018118,-0.11676702,0.50816417,0.86070347,0.03096436
1356506672215,0.119407535,-0.06577808,0.9906639,0.84620994,-0.51514846,-0.13620088,0.5192981,0.85457313,-0.005850509
1356506672255,0.13813674,-0.048161447,0.9892414,0.83449507,-0.5322857,-0.14244255,0.5334193,0.84519374,-0.033337712
1356506672295,0.13767523,-0.030813783,0.9899979,0.8244432,-0.55038756,-0.13178298,0.54894334,0.83434045,-0.05037047
1356506672335,0.1217047,-0.014381021,0.9924622,0.81735134,-0.56584424,-0.108430296,0.5631383,0.82438684,-0.057111576
1356506672375,0.096198976,2.476275E-4,0.99536216,0.8145505,-0.5747456,-0.078581125,0.57206047,0.8183322,-0.055491686
1356506672415,0.067730665,0.011791289,0.99763393,0.8166944,-0.57501596,-0.048650175,0.57308185,0.8180572,-0.048576042
1356506672455,0.042273045,0.018621892,0.99893254,0.8223865,-0.56841403,-0.024205655,0.5673565,0.8225318,-0.03934294
1356506672514,0.02531296,0.018979907,0.9994994,0.82907903,-0.559035,-0.010381192,0.55855817,0.8289268,-0.029886693
1356506672535,0.021975517,0.011210531,0.99969566,0.83506083,-0.5500225,-0.012188554,0.5497184,0.8350746,-0.021448493
1356506672575,0.03661281,-0.006154239,0.9993106,0.8397394,-0.5419176,-0.03410381,0.5417539,0.8404091,-0.014673218
1356506672613,0.07167095,-0.034289807,0.9968387,0.84241843,-0.53301543,-0.07890335,0.53403604,0.84541035,-0.009315357
1356506672656,0.12425065,-0.07318139,0.98954856,0.8415259,-0.5206247,-0.14416695,0.5257337,0.8506436,-0.0031039268
1356506672695,0.18428636,-0.122130364,0.97525525,0.8356875,-0.5028296,-0.22088224,0.51736355,0.85571414,0.009398133
1356506672735,0.22883683,-0.17727318,0.95718753,0.82888865,-0.48013085,-0.28708544,0.51046777,0.8590976,0.037068114
1356506672775,0.23425788,-0.234501,0.9434684,0.83017933,-0.45675236,-0.31965563,0.5058909,0.85812974,0.08767998
1356506672815,0.18983954,-0.28817415,0.9385716,0.8440105,-0.4404937,-0.3059601,0.5016047,0.8502476,0.15959889
1356506672855,0.10932964,-0.33105958,0.93725485,0.86289465,-0.4364416,-0.25481662,0.4934165,0.83661115,0.23795354
1356506672895,0.026555777,-0.3582555,0.93324584,0.8770484,-0.43961364,-0.19371605,0.47966748,0.82364607,0.30253318
1356506672935,-0.026227832,-0.3709025,0.92830145,0.8854699,-0.43960726,-0.15062723,0.46395603,0.81803226,0.33995292
1356506672975,-0.037540436,-0.37287453,0.927122,0.8914474,-0.43174392,-0.13754496,0.45156634,0.8213171,0.34860593
1356506673015,-0.010890961,-0.36686414,0.9302107,0.8954583,-0.4175824,-0.15420553,0.4450121,0.8312855,0.33305946
1356506673055,0.038247347,-0.35317105,0.93477666,0.895255,-0.4034534,-0.18906039,0.4439094,0.8440946,0.3007471
1356506673094,0.096108735,-0.33260915,0.9381547,0.88919234,-0.3948834,-0.23109299,0.44732538,0.8564101,0.25780183
1356506673135,0.14764446,-0.30643243,0.94037235,0.8785835,-0.39599377,-0.26698285,0.45419383,0.86561424,0.21076024
1356506673175,0.19116211,-0.27736804,0.94155407,0.8650937,-0.40560424,-0.2951236,0.4637562,0.87094903,0.16241324
1356506673215,0.22554868,-0.24669144,0.9424814,0.8508574,-0.42131728,-0.3139002,0.47452024,0.872717,0.11487172
1356506673256,0.2500193,-0.21528333,0.94400394,0.8378766,-0.44050074,-0.32236922,0.4852351,0.87155735,0.07024717
1356506673297,0.2641691,-0.18383855,0.9467936,0.8269258,-0.46207052,-0.32044438,0.4963954,0.8675796,0.029956065
1356506673335,0.26393872,-0.15216848,0.9524605,0.8196639,-0.48512185,-0.3046439,0.50841665,0.86110485,-0.0033153892
1356506673375,0.2501412,-0.12196195,0.9604971,0.8148495,-0.50927347,-0.27687684,0.5229241,0.85191894,-0.028009653
1356506673415,0.22154146,-0.09254363,0.97074974,0.8124511,-0.5330278,-0.23622975,0.5392982,0.8410214,-0.042900577
1356506673455,0.18272036,-0.06460261,0.9810401,0.81200886,-0.55266273,-0.18763155,0.5543058,0.8308974,-0.048524886
1356506673495,0.14121556,-0.03963229,0.9891852,0.81403124,-0.56399083,-0.13880727,0.56339264,0.82482946,-0.047382355
1356506673535,0.103679836,-0.019823194,0.99441314,0.8190228,-0.565559,-0.09666738,0.56431556,0.82446945,-0.04240139
1356506673575,0.07491553,-0.007594973,0.9971609,0.8259907,-0.5597687,-0.06631923,0.55868316,0.828614,-0.03566192
1356506673615,0.059429884,-0.0051629543,0.99821913,0.8332846,-0.5503499,-0.052456886,0.54964066,0.83491814,-0.028404996
1356506673655,0.062376797,-0.014430761,0.9979483,0.83960074,-0.5398483,-0.060285687,0.53961074,0.84163857,-0.021557897
1356506673695,0.08589876,-0.035725296,0.9956632,0.84421974,-0.52808076,-0.09178132,0.5290695,0.84844244,-0.015201524
1356506673735,0.13012189,-0.06952274,0.9890576,0.8453154,-0.51355785,-0.14730993,0.5181797,0.8552339,-0.0080565065
1356506673775,0.1844188,-0.11316058,0.9763117,0.8417046,-0.49470586,-0.21633193,0.50746727,0.8616617,0.0040146858
1356506673815,0.22926712,-0.16328597,0.9595699,0.8361809,-0.47157544,-0.2800322,0.49823493,0.8665762,0.028419897
1356506673855,0.23864228,-0.21584675,0.94681567,0.8374466,-0.44788474,-0.31318095,0.4916634,0.86764586,0.073875934
1356506673895,0.19763559,-0.26697823,0.9432194,0.8507949,-0.4312213,-0.30032685,0.48691705,0.86184156,0.14191905
1356506673935,0.11085516,-0.31084406,0.943974,0.86989105,-0.42899424,-0.24342006,0.48062515,0.848139,0.22284436
1356506673975,0.011820078,-0.3409768,0.93999743,0.8825507,-0.4383675,-0.17011213,0.47006857,0.83160615,0.29574776
1356506674015,-0.06284678,-0.35524768,0.93265724,0.8871003,-0.4480592,-0.11088812,0.45727837,0.8203915,0.34329927
1356506674055,-0.09745425,-0.35564578,0.9295261,0.8890991,-0.4507991,-0.07926434,0.4472196,0.81871617,0.3601367
1356506674095,-0.094712734,-0.34430864,0.93406695,0.89113474,-0.44756138,-0.07461718,0.44374365,0.82531226,0.34921515
1356506674135,-0.0721795,-0.3227228,0.9437374,0.891628,-0.44491768,-0.083951145,0.44697836,0.8354031,0.31986254
1356506674175,-0.036846578,-0.29437023,0.95498085,0.8894593,-0.44527113,-0.102935076,0.45552647,0.84562385,0.27823716
1356506674215,0.0027730465,-0.261442,0.9652152,0.8841415,-0.45032173,-0.12451604,0.4672111,0.8537321,0.22990291
1356506674255,0.041470885,-0.22633186,0.973167,0.87642574,-0.4594388,-0.14420116,0.47974795,0.85888875,0.17930974
1356506674295,0.077219546,-0.19100425,0.9785472,0.8677287,-0.47047675,-0.16030777,0.49100307,0.8614924,0.12940982
1356506674335,0.106857896,-0.15664458,0.98185736,0.8597655,-0.4814301,-0.17037725,0.49938434,0.86237323,0.083232954
1356506674375,0.1277659,-0.12422344,0.9839941,0.8533826,-0.4917794,-0.17289099,0.50538516,0.86181295,0.04317744
1356506674415,0.13609833,-0.09423381,0.98620343,0.84836084,-0.503004,-0.16513881,0.5116259,0.85913146,0.011486292
1356506674455,0.12967026,-0.067155,0.98928046,0.84385085,-0.51642764,-0.14566448,0.5206739,0.8536935,-0.010296479
1356506674495,0.11057389,-0.04336089,0.99292153,0.8393057,-0.5309965,-0.1166555,0.53229624,0.84626377,-0.022321254
1356506674536,0.08530086,-0.023259342,0.99608374,0.83569753,-0.5426912,-0.08423829,0.5425252,0.8396103,-0.026854292
1356506674575,0.061135173,-0.0076782405,0.9980999,0.83530784,-0.5469868,-0.05537176,0.5463728,0.83710593,-0.0270264
1356506674615,0.04341513,0.0020402372,0.999055,0.8392483,-0.5425973,-0.035362482,0.54201233,0.8399905,-0.025269195
1356506674655,0.03652525,0.0042785406,0.9993236,0.84586734,-0.5326241,-0.028636009,0.5321413,0.84634113,-0.023073316
1356506674695,0.044045925,-0.0020316541,0.9990275,0.8530929,-0.52032423,-0.038670003,0.51989675,0.8539665,-0.021185055
1356506674735,0.07009947,-0.01809913,0.99737585,0.85882014,-0.50753117,-0.06957129,0.50745845,0.8614433,-0.020033821
1356506674775,0.11492628,-0.043484062,0.9924218,0.86107945,-0.4937771,-0.12135172,0.49531204,0.8685006,-0.019304737
1356506674815,0.17438644,-0.077950805,0.98158705,0.857466,-0.47805673,-0.19029933,0.4840883,0.8748631,-0.01652646
1356506674855,0.232974,-0.120330244,0.96500975,0.84826434,-0.46012795,-0.26216403,0.4755742,0.8796607,-0.0051260293
1356506674895,0.26858574,-0.16979793,0.9481721,0.8397585,-0.44093066,-0.31683725,0.47187647,0.88133353,0.024161562
1356506674935,0.26177782,-0.22476193,0.9385918,0.8414062,-0.42323112,-0.3360223,0.47276622,0.8777002,0.07832354
1356506674975,0.2130292,-0.28068665,0.9358598,0.8544725,-0.41097713,-0.31776488,0.47380936,0.86735964,0.15228894
1356506675015,0.14319068,-0.32886177,0.9334594,0.8710119,-0.40596902,-0.27663606,0.46993053,0.85266596,0.22831148
1356506675055,0.08239859,-0.3614664,0.92873704,0.88368165,-0.4043681,-0.23578215,0.46077895,0.84013605,0.28610182
1356506675095,0.051050186,-0.37590203,0.9252522,0.89124596,-0.40089554,-0.2120457,0.45063782,0.8354523,0.31455535
1356506675134,0.045525014,-0.37431988,0.9261815,0.89495516,-0.39663583,-0.20429203,0.44382733,0.8381913,0.31694266
1356506675175,0.06309295,-0.36026818,0.9307127,0.8951345,-0.3919453,-0.21239862,0.44130895,0.84651387,0.29775947
1356506675215,0.0914458,-0.33671695,0.93715495,0.89225584,-0.3901739,-0.22725293,0.4421733,0.8569633,0.26475787
1356506675255,0.12388682,-0.30726787,0.94352454,0.88637054,-0.3931939,-0.2444298,0.4460935,0.86659396,0.22364157
1356506675295,0.15629143,-0.27513063,0.94861805,0.87763846,-0.40192288,-0.26116797,0.45312658,0.87336195,0.17864811
1356506675335,0.18723607,-0.24288172,0.9518146,0.86658806,-0.41543227,-0.27647975,0.46256644,0.87659824,0.13269454
1356506675375,0.21588719,-0.21237299,0.9530426,0.85415184,-0.43184334,-0.28971657,0.47309315,0.8765893,0.08816941
1356506675415,0.2407437,-0.18511981,0.9527713,0.8411686,-0.44994986,-0.2999677,0.4842292,0.8736566,0.04739432
1356506675455,0.25920433,-0.16265833,0.952027,0.8280359,-0.4699762,-0.30574346,0.4971617,0.86756253,0.012867019
1356506675496,0.2682516,-0.14647287,0.95214844,0.8150298,-0.49241716,-0.3053713,0.51358294,0.8579458,-0.012711868
1356506675542,0.2633503,-0.13846704,0.9547112,0.80170524,-0.51903903,-0.2964238,0.53657734,0.8434603,-0.025679298
1356506675573,0.25654197,-0.13494304,0.95706666,0.7909473,-0.53980273,-0.28812388,0.55550754,0.8309052,-0.03174921
1356506675616,0.24559164,-0.13549101,0.9598577,0.78512794,-0.5529619,-0.27893943,0.5685586,0.8221163,-0.029424995
1356506675655,0.23675227,-0.13944408,0.96151114,0.7841873,-0.5568297,-0.2738447,0.5735841,0.8188381,-0.022480369
1356506675695,0.23259431,-0.14616027,0.96152854,0.7869587,-0.55264443,-0.27437228,0.57148564,0.8205007,-0.013519883
1356506675735,0.23509192,-0.15582862,0.9594004,0.7908311,-0.5431898,-0.28201208,0.5650822,0.82502246,-0.0044653714
1356506675776,0.24544376,-0.16837841,0.95467585,0.7938862,-0.5302482,-0.29762647,0.5563291,0.83095455,0.0035271943
1356506675815,0.26399243,-0.18329686,0.9469479,0.79536283,-0.51401377,-0.3212287,0.54562443,0.83796906,0.010091759
1356506675855,0.28911966,-0.20015362,0.9361348,0.79522824,-0.49419212,-0.351264,0.53293717,0.84599817,0.016287118
1356506675895,0.31433427,-0.21927583,0.92364067,0.79485846,-0.4711666,-0.38236374,0.5190318,0.8543536,0.026189454
1356506675935,0.3271743,-0.24307898,0.91316456,0.7980044,-0.4464895,-0.4047668,0.5061087,0.8611386,0.04789821
1356506675975,0.31187475,-0.27515996,0.9094071,0.8100288,-0.4232437,-0.40585482,0.49657577,0.86322176,0.09088844
1356506676015,0.25972873,-0.31466508,0.91297686,0.8320503,-0.4069326,-0.37695897,0.4901359,0.8575498,0.15612513
1356506676055,0.17507023,-0.35413212,0.91866255,0.8577594,-0.40318716,-0.31888714,0.48332107,0.84381914,0.23317403
1356506676095,0.07998723,-0.38112876,0.9210553,0.8774481,-0.41150153,-0.24647778,0.47295547,0.8278933,0.30150583
1356506676135,-0.0011125207,-0.38838148,0.92149806,0.8874389,-0.42512465,-0.17810485,0.46092415,0.817575,0.34513777
1356506676175,-0.05428064,-0.37738234,0.92446536,0.89065975,-0.43685287,-0.12603503,0.4514187,0.81654286,0.35983187
1356506676215,-0.078569174,-0.35174823,0.93279153,0.89095664,-0.44454837,-0.09259024,0.44723946,0.8238021,0.34832028
1356506676255,-0.081303,-0.3164976,0.9451027,0.8905488,-0.44887602,-0.07371038,0.44756305,0.83566713,0.3183515
1356506676295,-0.06649256,-0.2762347,0.9587873,0.8903435,-0.45018905,-0.06795731,0.45040777,0.84913135,0.275878
1356506676335,-0.03916788,-0.23454875,0.9713149,0.8898285,-0.45043594,-0.07288721,0.4546108,0.8614489,0.22635084
1356506676375,-0.0029750466,-0.19443858,0.9809102,0.88791,-0.45174378,-0.08685285,0.46000764,0.87070155,0.17398787
1356506676415,0.038149297,-0.15825272,0.98666143,0.8837093,-0.4555846,-0.107240826,0.46647885,0.87601304,0.12246916
1356506676455,0.079892635,-0.1276505,0.9885962,0.8768338,-0.46271396,-0.1306076,0.47410938,0.87726915,0.07496081
1356506676495,0.117611706,-0.103560984,0.98764503,0.8672762,-0.47374815,-0.15295339,0.483735,0.8745501,0.03409764
1356506676535,0.1466577,-0.08627635,0.9854176,0.8556006,-0.48887616,-0.17013994,0.49642625,0.8680763,0.0021206886
1356506676575,0.1634528,-0.0755716,0.9836525,0.84316325,-0.5069659,-0.1790568,0.5122098,0.858647,-0.019145802
1356506676615,0.16750687,-0.07066578,0.983335,0.8317529,-0.52534634,-0.17943865,0.5292717,0.84794897,-0.029222623
1356506676655,0.16313308,-0.07016942,0.98410565,0.82330465,-0.53995585,-0.17497778,0.54365164,0.83876336,-0.030313894
1356506676695,0.15628952,-0.072948515,0.98501384,0.8194713,-0.5471575,-0.1705449,0.55139863,0.8338449,-0.025735825
1356506676735,0.15226525,-0.07876426,0.9851961,0.8204594,-0.5457095,-0.17043293,0.55105495,0.8342645,-0.018469647
1356506676775,0.15479082,-0.08820644,0.98400176,0.8241917,-0.53766,-0.1778476,0.5447457,0.8385352,-0.010525778
1356506676815,0.1662668,-0.10190752,0.9808008,0.8281466,-0.5255019,-0.1949895,0.5352836,0.84466714,-0.0029791296
1356506676855,0.18932563,-0.12056804,0.9744841,0.83001375,-0.5105957,-0.22443098,0.5246265,0.8513257,0.0034042299
1356506676895,0.22496593,-0.14425609,0.9636288,0.82804906,-0.49293852,-0.26710722,0.51354164,0.858022,0.0085567385
1356506676935,0.2702968,-0.17275277,0.9471516,0.8212105,-0.47213596,-0.32046974,0.50254637,0.8644328,0.0142496005
1356506676975,0.3153239,-0.20638418,0.9262701,0.81091547,-0.44840473,-0.37596446,0.49293706,0.86967736,0.02596739
1356506677016,0.34321612,-0.24639347,0.9063624,0.803282,-0.42309487,-0.41920003,0.4867655,0.87194085,0.052710496
1356506677055,0.3352899,-0.29392233,0.8950924,0.8076047,-0.39957094,-0.43372563,0.48513454,0.8683046,0.10340089
1356506677097,0.28521216,-0.34638855,0.89368284,0.8265251,-0.38321608,-0.41231257,0.48529398,0.85624784,0.17700094
1356506677136,0.2115987,-0.39342695,0.8946737,0.85052234,-0.37684935,-0.36687344,0.48149523,0.83856994,0.2548777
1356506677177,0.14434344,-0.4253348,0.89345133,0.8700582,-0.3755291,-0.31933784,0.47134244,0.823449,0.31586087
1356506677216,0.10609704,-0.43863744,0.89237916,0.8822811,-0.3723864,-0.28793818,0.4586104,0.81787866,0.34749246
1356506677257,0.10410106,-0.43525803,0.89426696,0.8878572,-0.36452055,-0.2807745,0.44818807,0.82321036,0.3485
1356506677297,0.12901992,-0.4185027,0.89900464,0.8872441,-0.35618258,-0.29314142,0.44289023,0.8354576,0.3253594
1356506677337,0.16912055,-0.39243338,0.90409863,0.88056266,-0.3518924,-0.31746048,0.44272748,0.8498046,0.2860499
1356506677377,0.21298224,-0.36126992,0.907812,0.86895454,-0.35476732,-0.34504792,0.4467175,0.8623364,0.23836806
1356506677417,0.2532804,-0.32870936,0.9098347,0.8541224,-0.36561745,-0.36986318,0.45422894,0.8707893,0.18815431
1356506677457,0.28716457,-0.29709554,0.910643,0.83771825,-0.38312113,-0.3891608,0.4645046,0.8746155,0.13886365
1356506677495,0.31426257,-0.26746774,0.9108788,0.82130015,-0.404629,-0.40217113,0.47613573,0.87449217,0.09251148
1356506677535,0.33404207,-0.24026895,0.91142017,0.8064861,-0.42762214,-0.40831295,0.48784834,0.8714415,0.050929755
1356506677575,0.34477818,-0.21590939,0.91351587,0.79455125,-0.45106184,-0.4064871,0.49981648,0.865983,0.016034722
1356506677615,0.34340423,-0.19469768,0.9187853,0.7866238,-0.47485536,-0.39463326,0.5131243,0.85825706,-0.009913534
1356506677655,0.3284647,-0.17639232,0.927899,0.7833457,-0.49800742,-0.37196514,0.52771246,0.84904313,-0.025401644
1356506677695,0.3023513,-0.160222,0.93963426,0.78450376,-0.5180969,-0.34077752,0.5414217,0.8401811,-0.030952483
1356506677735,0.27101868,-0.14503294,0.9515852,0.78963244,-0.5318574,-0.30595472,0.5504811,0.834322,-0.029620565
1356506677775,0.24083072,-0.13075352,0.9617194,0.79800755,-0.53732324,-0.27288797,0.55243516,0.8331791,-0.025061697
1356506677815,0.21609247,-0.118572384,0.9691464,0.80815685,-0.53527653,-0.2456859,0.5478928,0.8363131,-0.01984419
1356506677855,0.19980937,-0.11026177,0.97361106,0.81806874,-0.52812576,-0.2276986,0.5392956,0.8419771,-0.01532273
1356506677895,0.19487357,-0.10747215,0.97492254,0.8261583,-0.5177674,-0.22221458,0.52866507,0.84874415,-0.0121102035
1356506677935,0.20386952,-0.11153516,0.9726239,0.8313391,-0.50495243,-0.23216036,0.5170228,0.85591066,-0.010220915
1356506677975,0.22658634,-0.12290117,0.96620595,0.8332225,-0.48925012,-0.25763267,0.50437975,0.8634406,-0.008453339
1356506678015,0.25809342,-0.14243224,0.95556307,0.8319123,-0.47013927,-0.29477283,0.49123287,0.87102354,-0.0028486997
1356506678055,0.28446633,-0.17077795,0.94335246,0.83040845,-0.4478212,-0.33147863,0.47906244,0.8776623,0.014425367
1356506678098,0.28420937,-0.20842719,0.93583286,0.83586407,-0.42425412,-0.34833837,0.46963418,0.8812301,0.05363983
1356506678135,0.24560499,-0.25197735,0.93604785,0.8517792,-0.40487808,-0.3324844,0.46276385,0.878966,0.11518901
1356506678175,0.15774435,-0.2945368,0.942531,0.8756571,-0.39946854,-0.27138433,0.45644414,0.8681433,0.19489938
1356506678215,0.043142915,-0.3261202,0.9443433,0.89296967,-0.41130954,-0.18283784,0.44804454,0.85115814,0.27347034
1356506678255,-0.058220446,-0.34111065,0.9382185,0.8968095,-0.43074417,-0.10095596,0.4385693,0.8355255,0.33098942
1356506678303,-0.1116125,-0.34272796,0.93278086,0.89486104,-0.44286275,-0.055644125,0.43216467,0.8284987,0.3561229
1356506678335,-0.13057923,-0.33446383,0.93331826,0.8929424,-0.4487387,-0.03587967,0.4308165,0.8287144,0.35725296
1356506678375,-0.10091555,-0.32287553,0.94104594,0.8943771,-0.44375134,-0.05634147,0.43578166,0.8359642,0.3335539
1356506678415,-0.042746305,-0.30621293,0.95100284,0.8944818,-0.43575442,-0.10010257,0.44505635,0.8463757,0.29252875
1356506678455,0.028318822,-0.28486255,0.95815,0.8891983,-0.43070662,-0.15433204,0.45664492,0.8563558,0.24110213
1356506678495,0.099520266,-0.25985122,0.9605067,0.8776201,-0.43197614,-0.20779705,0.46891224,0.86363995,0.18506025
1356506678533,0.16221851,-0.23263627,0.9589398,0.86205226,-0.43947458,-0.25244403,0.48015726,0.86760736,0.12925372
1356506678575,0.21297508,-0.20464486,0.9553859,0.84570426,-0.4510826,-0.28514728,0.4893118,0.8687031,0.076999605
1356506678615,0.249223,-0.17682505,0.9521663,0.83137214,-0.46519506,-0.30399644,0.49669728,0.8673675,0.031070128
1356506678655,0.26955032,-0.15010813,0.9512151,0.82046473,-0.4813431,-0.3084582,0.50416285,0.86358345,-0.0065877736
1356506678695,0.2711779,-0.12483117,0.95440024,0.8140025,-0.4994231,-0.2966084,0.5136754,0.85731786,-0.03381963
1356506678735,0.2531157,-0.10125038,0.9621231,0.81204987,-0.51831883,-0.2681804,0.52583987,0.8491726,-0.04897429
1356506678775,0.21896988,-0.0795885,0.9724803,0.8134619,-0.53549564,-0.22698963,0.5388247,0.84077954,-0.05251524
1356506678815,0.17693657,-0.060484618,0.9823619,0.817026,-0.5474993,-0.18086717,0.5487822,0.83461726,-0.047455117
1356506678855,0.1359238,-0.045241892,0.9896858,0.8222768,-0.5520602,-0.13816836,0.5526171,0.8325759,-0.037836775
1356506678895,0.10252941,-0.035661906,0.9940905,0.8285661,-0.54992205,-0.10518524,0.55042344,0.8344542,-0.02683489
1356506678935,0.081971884,-0.03367141,0.99606574,0.834491,-0.5440992,-0.08706796,0.54489017,0.83834505,-0.016502395
1356506678975,0.0779559,-0.04062909,0.99612856,0.8391975,-0.5367306,-0.08756626,0.5382104,0.8427749,-0.0077455044
1356506679015,0.09385592,-0.05778882,0.9939072,0.84205997,-0.5280031,-0.1102165,0.53115535,0.84727395,-8.945912E-4
1356506679055,0.13026142,-0.0854027,0.9877947,0.8421221,-0.5163241,-0.15569174,0.5233187,0.85212433,0.00466235
1356506679095,0.18283027,-0.1229592,0.9754251,0.8379433,-0.4994421,-0.22001931,0.5142218,0.8575771,0.011719748
1356506679134,0.2398079,-0.16843131,0.95609784,0.82934046,-0.476408,-0.29194126,0.5046648,0.86294043,0.025440514
1356506679175,0.27369738,-0.21591845,0.9372667,0.82416594,-0.44970012,-0.34426764,0.4958228,0.8666885,0.054870963
1356506679215,0.26224136,-0.2622392,0.9286872,0.8321943,-0.4257608,-0.3552186,0.48855087,0.8660013,0.10658189
1356506679255,0.19855875,-0.30143172,0.9325843,0.853764,-0.41409063,-0.31562015,0.48131227,0.858876,0.17513019
1356506679295,0.09770405,-0.32619968,0.9402381,0.8765887,-0.41912007,-0.23649657,0.47121775,0.84730875,0.24499321
1356506679335,-0.0037018657,-0.33332762,0.9428038,0.88883805,-0.43310148,-0.14963272,0.45820647,0.837446,0.29787755
1356506679375,-0.0741806,-0.32725748,0.942019,0.89214146,-0.44388664,-0.08395332,0.445624,0.8341865,0.32488775
1356506679415,-0.10154468,-0.31426725,0.94388807,0.893628,-0.44575346,-0.052275836,0.43717,0.83817655,0.32610196
1356506679455,-0.08807391,-0.29839805,0.9503692,0.89650023,-0.43962228,-0.05495146,0.43420082,0.8471664,0.3062331
1356506679495,-0.045618534,-0.28063688,0.95872927,0.8988141,-0.43036008,-0.083206266,0.4359496,0.8579236,0.27187288
1356506679535,0.011852741,-0.2610629,0.965249,0.8973206,-0.4231701,-0.12546986,0.4412201,0.867625,0.22924148
1356506679575,0.072200716,-0.23990709,0.9681072,0.8905751,-0.42151833,-0.17087504,0.4490691,0.87450945,0.18322137
1356506679615,0.1278156,-0.21777558,0.9675934,0.87946033,-0.42611277,-0.21207842,0.45848948,0.8780669,0.13706122
1356506679655,0.17460108,-0.19516012,0.96510464,0.86607194,-0.43586725,-0.24482426,0.4684375,0.87859666,0.0929199
1356506679695,0.21018988,-0.17227182,0.9623631,0.8525125,-0.44956398,-0.2666735,0.47858408,0.8764786,0.052370027
1356506679735,0.23227131,-0.14908174,0.96115804,0.84043,-0.46667713,-0.2754811,0.48961964,0.8717724,0.016897038
1356506679775,0.23768568,-0.12535265,0.9632197,0.8312869,-0.48670948,-0.2684697,0.5024616,0.8645233,-0.011479855
1356506679815,0.2241559,-0.10085693,0.96932036,0.82623017,-0.5077948,-0.24390176,0.5168151,0.85555375,-0.030494124
1356506679855,0.19394386,-0.07649025,0.97802603,0.8246627,-0.5272584,-0.20476791,0.53133523,0.84625506,-0.039179802
1356506679895,0.15473884,-0.0540438,0.98647606,0.8254334,-0.5416006,-0.15914902,0.5428771,0.8388969,-0.039197057
1356506679935,0.11668545,-0.03642136,0.99250084,0.82820946,-0.5479669,-0.11747867,0.5481364,0.83570665,-0.033775195
1356506679975,0.0880453,-0.026647836,0.99575996,0.8329581,-0.54625046,-0.08826873,0.54628646,0.8371979,-0.025898278
1356506680015,0.07504672,-0.027418286,0.996803,0.8387698,-0.5388745,-0.07797119,0.53928953,0.8419397,-0.017443135
1356506680055,0.08436817,-0.041421056,0.99557334,0.8437635,-0.5285096,-0.09349206,0.5300426,0.84791625,-0.0096398145
1356506680094,0.12138969,-0.07038644,0.9901062,0.84560037,-0.51505286,-0.1402879,0.5198314,0.85426366,-0.003003344
1356506680135,0.19230735,-0.11675978,0.9743639,0.8389736,-0.49549526,-0.22496188,0.5090592,0.8607274,0.0026709437
1356506680175,0.29176646,-0.17751828,0.93987215,0.8168365,-0.4649998,-0.341399,0.49764493,0.8673306,0.009332098
1356506680215,0.4040044,-0.24735081,0.8806804,0.7746861,-0.41946423,-0.47319254,0.48645848,0.87342274,0.022153884
1356506680255,0.50075245,-0.31718642,0.8053817,0.72216696,-0.35986355,-0.59073937,0.47720212,0.87743425,0.048859034
1356506680295,0.5553957,-0.37999153,0.7396905,0.685482,-0.29438284,-0.6659228,0.47079724,0.87689525,0.09697837
1356506680335,0.5647732,-0.4361631,0.7005662,0.6810963,-0.23299143,-0.6941346,0.46598184,0.86918163,0.16548178
1356506680375,0.5433944,-0.48550707,0.6848398,0.70232314,-0.18395531,-0.68767923,0.459853,0.85465986,0.24102253
1356506680415,0.5194632,-0.5240058,0.67496365,0.72586644,-0.14617798,-0.67212355,0.4508614,0.8390769,0.3044241
1356506680455,0.5185748,-0.54725754,0.6569546,0.7325283,-0.11193168,-0.6714713,0.4410017,0.8294459,0.34283668
1356506680495,0.5439351,-0.5540623,0.63019806,0.71811694,-0.08115941,-0.69117385,0.43409985,0.8285096,0.35373604
1356506680535,0.58063793,-0.5472504,0.6028073,0.6896516,-0.06291315,-0.7214033,0.43271267,0.8346011,0.34088236
1356506680575,0.6147369,-0.5320431,0.5822616,0.6568384,-0.06335616,-0.751365,0.43664843,0.8443436,0.31051898
1356506680615,0.64123476,-0.5128173,0.57082075,0.62582296,-0.08095682,-0.7757523,0.44403103,0.8546721,0.26902056
1356506680655,0.6595996,-0.49227607,0.5679723,0.5998931,-0.11046982,-0.79241693,0.45283175,0.8634006,0.22244722
1356506680695,0.67240024,-0.47142252,0.5706476,0.57836175,-0.14650196,-0.80251783,0.46192595,0.869654,0.1741448
1356506680735,0.68111,-0.45056254,0.577133,0.5610232,-0.18533406,-0.80678636,0.47047013,0.87329525,0.12654313
1356506680775,0.68575585,-0.43002102,0.58721447,0.5488764,-0.22430721,-0.8052459,0.47798908,0.8745103,0.082208425
1356506680816,0.68562704,-0.410242,0.6013461,0.542667,-0.2625724,-0.7978523,0.4852094,0.8733597,0.04259804
1356506680855,0.67791533,-0.3913786,0.622297,0.5448472,-0.3008023,-0.7827257,0.49353045,0.8696785,0.0093230605
1356506680895,0.6595515,-0.37306494,0.65254456,0.5576431,-0.3392575,-0.75758725,0.5040099,0.8635548,-0.015720695
1356506680935,0.628382,-0.35412338,0.6926273,0.58179724,-0.377096,-0.7206321,0.5163797,0.85580087,-0.030932307
1356506680975,0.5854863,-0.33304453,0.7391123,0.6147286,-0.41197845,-0.67259383,0.52850205,0.848148,-0.036475748
1356506681015,0.536605,-0.30922952,0.7851319,0.6511781,-0.4400073,-0.61835307,0.5366768,0.8430721,-0.034746617
