1356506542735,0.5001546,-0.40829703,0.76363534,0.59552354,-0.47802427,-0.645635,0.628647,0.77768016,0.00406444
1356506542777,0.0075241625,-8.3708763E-4,-0.9999714,-0.77766365,0.6286483,-0.006377697,0.62863564,0.77768934,0.004079044
1356506542816,0.007510543,-7.058084E-4,-0.99997157,-0.7777375,0.62855774,-0.006285012,0.6285443,0.7777626,0.004171908
1356506542854,0.007558346,-4.0858984E-4,-0.99997133,-0.7779689,0.62827283,-0.0061370432,0.62825733,0.77799296,0.0044308305
1356506542896,0.007766977,1.3762712E-4,-0.99996984,-0.77851236,0.62760097,-0.0059604943,0.62758124,0.7785351,0.0049816966
1356506542936,0.008269355,8.9865923E-4,-0.99996537,-0.7794788,0.62640095,-0.005883038,0.62637395,0.7795005,0.0058804154
1356506542975,0.008996546,0.0020232499,-0.9999575,-0.78083634,0.6247091,-0.0057611465,0.6246709,0.78085494,0.0072000623
1356506543017,0.009573057,0.0043199062,-0.99994487,-0.7824819,0.6226548,-0.0048012137,0.6225998,0.7824847,0.009340942
1356506543055,0.009526536,0.008941889,-0.99991465,-0.78417087,0.620542,-0.001921773,0.62047184,0.7841222,0.012923598
1356506543094,0.008496955,0.016534537,-0.9998272,-0.7854749,0.6188833,0.0035593808,0.6188353,0.78530884,0.018246055
1356506543135,0.006300941,0.027477622,-0.9996025,-0.78585047,0.61829925,0.012042642,0.6183843,0.78546226,0.025489211
1356506543176,0.0030605942,0.04120195,-0.9991461,-0.7847415,0.6193911,0.023138076,0.6198156,0.78400064,0.034228563
1356506543216,-8.805394E-4,0.056925923,-0.99837804,-0.78154373,0.6227993,0.036200315,0.62384987,0.780308,0.043941677
1356506543255,-0.0048579127,0.073236674,-0.9973027,-0.7764009,0.6282593,0.049917996,0.6302205,0.7745493,0.053809047
1356506543297,-0.008427948,0.09081343,-0.99583226,-0.76924133,0.6356964,0.064481676,0.63890284,0.76657873,0.064499855
1356506543336,-0.010935977,0.110642225,-0.9938001,-0.760643,0.6442108,0.080091834,0.6490783,0.756803,0.077114165
1356506543375,-0.011224344,0.13246045,-0.99112475,-0.75161314,0.65262014,0.09573236,0.6595087,0.74601686,0.09223378
1356506543415,-0.008685723,0.15736178,-0.98750275,-0.74256265,0.6603855,0.11176592,0.6697201,0.7342535,0.1111151
1356506543455,-0.0018073469,0.18467292,-0.98279846,-0.73407567,0.6671415,0.12670925,0.67906535,0.7216773,0.13435811
1356506543495,0.0104426,0.21367094,-0.97684985,-0.7266804,0.6726893,0.13937223,0.68689626,0.7084023,0.1622951
1356506543535,0.028429225,0.2444162,-0.96925354,-0.72065544,0.67696655,0.14957276,0.6927103,0.6942456,0.19538552
1356506543575,0.051891297,0.27748695,-0.9593269,-0.7161182,0.6798793,0.15792048,0.69604737,0.6787968,0.23399329
1356506543615,0.07970038,0.31422856,-0.9459959,-0.7133744,0.68082726,0.16604632,0.69623625,0.66161525,0.2784248
1356506543683,0.11088833,0.3523407,-0.9292791,-0.71281564,0.6797621,0.17267679,0.6925298,0.6432569,0.3265317
1356506543698,0.14284188,0.39062393,-0.9094005,-0.7153423,0.67574906,0.17790057,0.6840188,0.62512094,0.37595505
1356506543736,0.17507741,0.42010435,-0.89042705,-0.7200333,0.6714541,0.17521837,0.67149085,0.6104603,0.42004555
1356506543776,0.20522869,0.43572253,-0.87637156,-0.7267857,0.6675585,0.16170426,0.6554875,0.60374796,0.45367903
1356506543816,0.23299459,0.4320493,-0.8712329,-0.7344613,0.6653806,0.13354838,0.63740104,0.60877085,0.4723536
1356506543847,0.25621623,0.41729462,-0.8719051,-0.74099576,0.66401446,0.10005039,0.6207081,0.6204434,0.47934482
1356506543886,0.2759359,0.38192326,-0.88203967,-0.7470017,0.66268593,0.05325225,0.6048535,0.6441909,0.46815616
1356506543927,0.28894556,0.33344662,-0.89739835,-0.7511574,0.6601143,0.0034202337,0.593526,0.67309916,0.44120798
1356506543967,0.29368407,0.27625763,-0.9151128,-0.7523867,0.65731484,-0.043028295,0.5896303,0.7011554,0.40089548
1356506544006,0.28840578,0.21530059,-0.93298864,-0.75138605,0.6548537,-0.08115181,0.59349906,0.72443926,0.35063744
1356506544047,0.2718433,0.15566283,-0.9496684,-0.7497169,0.6529558,-0.10757917,0.6033454,0.7412272,0.2942047
1356506544086,0.24340723,0.10210422,-0.9645349,-0.7486074,0.6520843,-0.11988768,0.616717,0.75123954,0.23515803
1356506544117,0.20351774,0.06437364,-0.9769527,-0.7501577,0.65147233,-0.113345,0.62916124,0.7559364,0.18087655
1356506544157,0.16034777,0.030462235,-0.9865904,-0.74911344,0.6546135,-0.101539254,0.6427423,0.7553497,0.1277855
1356506544187,0.10580796,0.015177071,-0.99427074,-0.7487138,0.659228,-0.069613546,0.65439457,0.7517899,0.08111489
1356506544227,0.050739482,0.007694781,-0.99868226,-0.74466187,0.6666405,-0.03269723,0.66551054,0.74533963,0.039555013
1356506544257,-0.012463883,0.018085629,-0.9997587,-0.7378783,0.67459434,0.021402478,0.67481863,0.7379671,0.0049369335
1356506544297,-0.072718084,0.036448866,-0.99668634,-0.72623134,0.6830151,0.07796365,0.6835935,0.7294942,-0.023197234
1356506544336,-0.13665703,0.069586664,-0.98817134,-0.70893335,0.68986666,0.14662054,0.6919093,0.7205843,-0.044942856
1356506544377,-0.20038775,0.114789754,-0.97296876,-0.68543816,0.69315875,0.22294743,0.70001394,0.71158576,-0.06021923
1356506544417,-0.26070997,0.17008412,-0.9503166,-0.6559401,0.69104993,0.3036322,0.7083593,0.7025108,-0.06859863
1356506544457,-0.31533745,0.23342754,-0.91982275,-0.6216286,0.6815616,0.38607222,0.7170357,0.6935311,-0.06981671
1356506544497,-0.36281663,0.30018196,-0.8821876,-0.5857018,0.6628666,0.4664347,0.72478795,0.68592906,-0.06468195
1356506544536,-0.40280622,0.3624966,-0.84044224,-0.55306035,0.6352452,0.5390619,0.7292951,0.68195283,-0.055398166
1356506544577,-0.4361314,0.41324407,-0.79938644,-0.52751154,0.6022849,0.59915316,0.72905487,0.6829951,-0.04468429
1356506544617,-0.46376967,0.44999334,-0.76316684,-0.50975037,0.5690068,0.64527965,0.7246186,0.6882857,-0.034503818
1356506544647,-0.48557287,0.47531733,-0.733684,-0.49705085,0.54029036,0.67898947,0.71913785,0.69437724,-0.026093423
1356506544689,-0.5021025,0.48986763,-0.712687,-0.49157465,0.5163504,0.7012394,0.71151066,0.70243293,-0.018454313
1356506544722,-0.511521,0.4946186,-0.7026369,-0.4936998,0.5000941,0.71145374,0.7032828,0.71081525,-0.011615455
1356506544755,-0.5136017,0.49112663,-0.7035679,-0.5033314,0.49162322,0.71060824,0.694889,0.7190975,-0.0052990913
1356506544795,-0.50975186,0.48246714,-0.7123051,-0.5202064,0.48659277,0.7018638,0.68522877,0.72832197,0.0029408336
1356506544835,-0.49314058,0.46846852,-0.7330414,-0.5486555,0.48643678,0.6799679,0.6751219,0.737507,0.01714605
1356506544875,-0.4623598,0.4585378,-0.7589244,-0.58492756,0.4855283,0.6497091,0.6663955,0.74431527,0.04372269
1356506544915,-0.41803026,0.4643567,-0.780784,-0.62315965,0.47880548,0.6183991,0.66100144,0.74506253,0.08921307
1356506544955,-0.36380422,0.49207336,-0.790892,-0.6581412,0.4650603,0.5920888,0.6591636,0.73592305,0.1546629
1356506544995,-0.30598825,0.5347004,-0.7876971,-0.68800414,0.44769,0.57116014,0.6580436,0.71670717,0.23088819
1356506545035,-0.25153244,0.5747472,-0.7787149,-0.71363246,0.43337834,0.5503743,0.6538043,0.69415325,0.3011496
1356506545075,-0.20518649,0.5969766,-0.77557564,-0.7355867,0.42866272,0.52455753,0.6456089,0.6781352,0.35117215
1356506545115,-0.1681205,0.59582925,-0.7853171,-0.7530701,0.43643862,0.49234813,0.6360981,0.6741727,0.37532693
1356506545175,-0.13952136,0.5728427,-0.8077036,-0.7649584,0.4556036,0.4552626,0.62878656,0.6813784,0.3746344
1356506545195,-0.11871436,0.5317211,-0.838558,-0.77111554,0.4826704,0.41522294,0.62552994,0.695918,0.35271847
1356506545236,-0.10587409,0.47743312,-0.8722662,-0.77287686,0.5124198,0.37428236,0.62566125,0.7137811,0.314745
1356506545273,-0.10178918,0.4163976,-0.9034667,-0.77202547,0.5396938,0.3357191,0.627388,0.7316718,0.26653457
1356506545316,-0.10715404,0.3548472,-0.92876345,-0.76933706,0.56212986,0.30353022,0.6297925,0.7470566,0.2127626
1356506545355,-0.12246442,0.2994132,-0.9462316,-0.7645514,0.57945234,0.28230512,0.6328219,0.75801504,0.15795451
1356506545395,-0.14698315,0.25410834,-0.95594186,-0.75683486,0.59335726,0.27409518,0.63686496,0.7637775,0.105104506
1356506545435,-0.18018192,0.22257176,-0.95812124,-0.7450856,0.6050389,0.2806696,0.6421698,0.7644539,0.05681795
1356506545475,-0.22063768,0.20691213,-0.95315605,-0.7280035,0.6154167,0.30211443,0.6490993,0.7605588,0.0148486495
1356506545515,-0.26672316,0.20891614,-0.9408575,-0.7042002,0.6242521,0.3382476,0.6579976,0.7527705,-0.019383669
1356506545555,-0.31625322,0.23017475,-0.92032784,-0.6727475,0.6295816,0.38863584,0.66887563,0.74205565,-0.0442577
1356506545595,-0.36630943,0.27098113,-0.8901611,-0.63371927,0.6278379,0.45190644,0.68133503,0.7296498,-0.058257043
1356506545635,-0.41339815,0.32671735,-0.8499163,-0.5894872,0.615371,0.52328134,0.69397897,0.7173383,-0.0617975
1356506545687,-0.453735,0.38708746,-0.8026754,-0.54568684,0.59141886,0.59367466,0.70452136,0.7073804,-0.057118893
1356506545717,-0.48623,0.4403421,-0.7547709,-0.5088737,0.55948806,0.65423274,0.7103716,0.70219076,-0.047961354
1356506545757,-0.5111686,0.47928184,-0.7134392,-0.483182,0.52624226,0.6997173,0.7108036,0.7023945,-0.037418067
1356506545796,-0.5291904,0.5030724,-0.6832829,-0.46902063,0.4976402,0.72963953,0.70709056,0.7065921,-0.02739507
1356506545837,-0.5402161,0.51372194,-0.6665255,-0.46554118,0.4773659,0.745247,0.7010263,0.71288955,-0.018721998
1356506545866,-0.54328275,0.5140008,-0.66381264,-0.4713835,0.46752733,0.7478073,0.6947241,0.7191811,-0.011708081
1356506545896,-0.5409991,0.5076901,-0.6705003,-0.4836378,0.46443284,0.74188715,0.6880511,0.72563964,-0.005719602
1356506545926,-0.5322487,0.4950217,-0.68677866,-0.5031617,0.46743262,0.7268666,0.6808375,0.7324345,2.8556585E-4
1356506545966,-0.51579756,0.47825938,-0.7107889,-0.53136665,0.4722097,0.703326,0.6720137,0.7404634,0.010566413
1356506545996,-0.48310733,0.45469204,-0.74823964,-0.5713485,0.4838404,0.6629174,0.6634518,0.7477658,0.026040733
1356506546036,-0.4422118,0.44685042,-0.7776719,-0.61148393,0.48410857,0.62588036,0.65615255,0.7523055,0.059163272
1356506546066,-0.38678235,0.44565126,-0.8073379,-0.6542774,0.48433745,0.58080834,0.64986193,0.7528693,0.10424632
1356506546097,-0.32877493,0.4613716,-0.8240408,-0.6908359,0.4774465,0.54294616,0.6439353,0.7477841,0.16175967
1356506546126,-0.2703473,0.48840892,-0.8296801,-0.7220925,0.4671234,0.5102725,0.6367847,0.7370566,0.2263909
1356506546156,-0.21390104,0.5163493,-0.82923436,-0.7488266,0.4584481,0.47862723,0.6272998,0.7233317,0.2885936
1356506546186,-0.16155094,0.5356734,-0.8288276,-0.7709073,0.4558406,0.44487232,0.6161195,0.7108188,0.3393131
1356506546226,-0.11476898,0.53806126,-0.8350558,-0.78822625,0.46227938,0.40619862,0.60458887,0.70483184,0.37105864
1356506546256,-0.0709773,0.52506125,-0.8480995,-0.79955375,0.4784073,0.36309808,0.59638566,0.703873,0.38585865
1356506546296,-0.035021603,0.49138212,-0.87023973,-0.8035883,0.50384575,0.31683648,0.59415436,0.7104105,0.37722337
1356506546337,-0.0074581504,0.44210732,-0.89693123,-0.80217147,0.5328949,0.26933998,0.59704727,0.72150135,0.3506714
1356506546376,0.009191871,0.38351607,-0.9234883,-0.7979727,0.5593761,0.22436118,0.6026234,0.73485625,0.31117713
1356506546416,0.012920141,0.32216826,-0.9465943,-0.7932166,0.57968754,0.18646684,0.6088026,0.74844503,0.2630388
1356506546457,0.002939254,0.26343134,-0.9646737,-0.7887428,0.5936166,0.15970051,0.6147165,0.76040995,0.20952433
1356506546496,-0.020436078,0.21306556,-0.97682416,-0.7843961,0.6023923,0.14780453,0.6199235,0.76923764,0.15481728
1356506546537,-0.054740936,0.1733683,-0.98333454,-0.77913284,0.6084863,0.15065345,0.62446415,0.7743951,0.10176784
1356506546575,-0.09806788,0.14760146,-0.98417294,-0.7712984,0.6136572,0.16888928,0.6288731,0.7756537,0.053664744
1356506546615,-0.14697257,0.13712695,-0.97958934,-0.758664,0.6198318,0.20059273,0.6346873,0.77266073,0.012934983
1356506546684,-0.1983257,0.1432724,-0.96960807,-0.73903054,0.6279505,0.24395081,0.6438173,0.7649517,-0.018656015
1356506546698,-0.24965423,0.1675432,-0.9537306,-0.71131754,0.63656026,0.29802418,0.6570389,0.7528082,-0.039743543
1356506546737,-0.29884058,0.20793726,-0.9313735,-0.67771566,0.6408728,0.36053234,0.67186,0.73894805,-0.050596476
1356506546777,-0.34289864,0.2572349,-0.90346587,-0.64325833,0.6365999,0.42539304,0.6845722,0.72702867,-0.052820742
1356506546815,-0.3809766,0.30628604,-0.8723793,-0.61321104,0.62245536,0.48633477,0.69197476,0.72023475,-0.049322963
1356506546855,-0.41239634,0.34766275,-0.8420569,-0.5904466,0.60189426,0.5376766,0.6937593,0.7189255,-0.042942703
1356506546895,-0.43662682,0.37818524,-0.8162922,-0.57541144,0.58009243,0.57653666,0.6915626,0.7214352,-0.03567183
1356506546935,-0.45313996,0.3971736,-0.798071,-0.56802607,0.5613293,0.6018769,0.6870303,0.7260596,-0.028755784
1356506546975,-0.46132088,0.40449324,-0.78966343,-0.5690247,0.5479884,0.61312276,0.68073046,0.73218435,-0.022631884
1356506547015,-0.46031454,0.40072298,-0.79216903,-0.579554,0.5402961,0.61007977,0.67247885,0.73993325,-0.016465604
1356506547055,-0.44853052,0.3890436,-0.80465233,-0.59983593,0.5363902,0.59370226,0.6625837,0.74895304,-0.0072250366
1356506547095,-0.42381558,0.3771456,-0.8234934,-0.62798697,0.53281844,0.56721854,0.65269643,0.7575393,0.011025727
1356506547135,-0.3842774,0.37591642,-0.84321874,-0.66036874,0.52635074,0.5356008,0.6451699,0.7626544,0.045978725
1356506547175,-0.32959595,0.39314455,-0.85837275,-0.69333285,0.516314,0.50270206,0.6408245,0.76082665,0.10240501
1356506547215,-0.26271835,0.4256673,-0.8659022,-0.72475386,0.5053718,0.46832818,0.6369544,0.75060433,0.17573357
1356506547255,-0.19064191,0.45866203,-0.8679197,-0.75356257,0.4982473,0.42882746,0.6291255,0.73578435,0.2506438
1356506547295,-0.12181911,0.47581404,-0.87106895,-0.7780295,0.49915323,0.38146573,0.61630356,0.7241872,0.30939096
1356506547335,-0.062007785,0.469369,-0.8808222,-0.79588956,0.50927645,0.32740995,0.6022581,0.7213391,0.34198684
1356506547375,-0.013544053,0.44005167,-0.89787036,-0.80606043,0.5265428,0.27022088,0.5916783,0.7273976,0.34757668
1356506547415,0.022767186,0.3930006,-0.9192563,-0.809477,0.5468632,0.21374673,0.5867101,0.7392504,0.33057547
1356506547455,0.04622999,0.33488816,-0.9411231,-0.80840343,0.5659863,0.16168937,0.5868106,0.75333226,0.29689032
1356506547495,0.056295663,0.27337536,-0.9602586,-0.805073,0.58126307,0.11828154,0.5904981,0.76641965,0.25280976
1356506547535,0.05282268,0.2148102,-0.9752262,-0.80062383,0.592787,0.087206036,0.59683424,0.776183,0.20329481
1356506547576,0.036415964,0.16354841,-0.9858629,-0.7951965,0.60223544,0.07053399,0.6052572,0.7813862,0.15198416
1356506547615,0.008382991,0.12322062,-0.9923439,-0.78851455,0.6111082,0.06922096,0.614959,0.78189737,0.10228413
1356506547687,-0.02994898,0.09190124,-0.9953177,-0.77811164,0.62289095,0.080926985,0.6274117,0.77689195,0.05285448
1356506547706,-0.082127735,0.08284259,-0.9931728,-0.76463753,0.63391554,0.116105825,0.63920623,0.7689527,0.011282504
1356506547746,-0.13397051,0.08761105,-0.9871049,-0.7473923,0.64515114,0.15869734,0.6507355,0.7590153,-0.02095139
1356506547787,-0.18399777,0.10753614,-0.97702646,-0.72616214,0.6550345,0.20885015,0.66244495,0.74790764,-0.042436182
1356506547827,-0.23075515,0.14198443,-0.9625967,-0.70134985,0.6614495,0.26569343,0.6744334,0.7364272,-0.053052068
1356506547867,-0.27280903,0.1867061,-0.9437775,-0.67503285,0.6618302,0.32605436,0.68549675,0.7260314,-0.054520488
1356506547907,-0.3097333,0.23463541,-0.9214182,-0.65118504,0.6537894,0.3853796,0.6928371,0.71937865,-0.04970932
1356506547947,-0.3417023,0.27835718,-0.8976396,-0.6334027,0.6374004,0.4387731,0.6942914,0.7184971,-0.041489005
1356506547985,-0.36869147,0.3133605,-0.875141,-0.62243664,0.6160139,0.48280394,0.6903907,0.7227255,-0.032071948
1356506548025,-0.39009717,0.33854502,-0.85627764,-0.61689484,0.5942899,0.51600415,0.6835678,0.729525,-0.022984147
1356506548065,-0.4050992,0.3542167,-0.84286726,-0.61587155,0.57563317,0.5379114,0.6757196,0.7370055,-0.015036523
1356506548123,-0.41285607,0.36071247,-0.8363231,-0.6197304,0.5616404,0.54817355,0.66744584,0.7446116,-0.008332133
1356506548145,-0.41224277,0.35906863,-0.8373325,-0.62948716,0.55215406,0.5466917,0.65863633,0.7524597,-0.0015923977
1356506548185,-0.40114865,0.35302916,-0.84525156,-0.64572144,0.5455065,0.5342906,0.6497104,0.760127,0.009129286
1356506548223,-0.3763374,0.35032144,-0.8576975,-0.667778,0.53914815,0.5132171,0.64221704,0.7658943,0.031035364
1356506548265,-0.33471465,0.36108884,-0.87039125,-0.69384646,0.53054774,0.48692518,0.63760734,0.76689893,0.07295811
1356506548305,-0.27575034,0.3882361,-0.8793375,-0.72207016,0.52018166,0.45609838,0.6344891,0.7607127,0.13689345
1356506548345,-0.20487314,0.42461985,-0.88188714,-0.75031966,0.5104428,0.42008156,0.62852794,0.7477607,0.21402466
1356506548385,-0.13209787,0.453655,-0.8813327,-0.7758379,0.5060744,0.37678134,0.61694866,0.7335433,0.28511137
1356506548425,-0.06724033,0.46301156,-0.8837981,-0.7952408,0.5100837,0.32772967,0.6025536,0.7248689,0.33390754
1356506548465,-0.015313208,0.44990507,-0.8929451,-0.8067303,0.52204627,0.2768646,0.5907214,0.7246055,0.35495782
1356506548505,0.022317708,0.41765994,-0.9083293,-0.8109265,0.53894764,0.22788963,0.58472234,0.7315023,0.35071957
1356506548545,0.045754522,0.37263677,-0.9268486,-0.81025636,0.55652523,0.18375045,0.58428675,0.7425776,0.32739484
1356506548585,0.055038184,0.3211292,-0.9454347,-0.8073133,0.5714909,0.14711681,0.5875509,0.755165,0.29070574
1356506548625,0.05058703,0.26976424,-0.9615967,-0.8037891,0.5824554,0.121115506,0.59275985,0.766794,0.2462982
1356506548688,0.033108175,0.22206002,-0.97447073,-0.7999783,0.5903485,0.10734746,0.5991149,0.77600133,0.19718856
1356506548707,0.003559947,0.18159464,-0.983367,-0.79569006,0.596141,0.10720661,0.6056935,0.78207374,0.14661527
1356506548747,-0.03595394,0.1502688,-0.9879912,-0.7901133,0.6010654,0.12017217,0.61190546,0.7849456,0.097118676
1356506548787,-0.08309826,0.13025221,-0.9879924,-0.78174174,0.6063454,0.14568856,0.6180409,0.7844614,0.05143732
1356506548827,-0.13456854,0.12308046,-0.9832307,-0.76838577,0.6135715,0.18197072,0.6256794,0.779988,0.012005866
1356506548867,-0.18707055,0.13080475,-0.97359884,-0.74816465,0.62329406,0.22749555,0.63659585,0.7709699,-0.018736482
1356506548907,-0.23750699,0.15457389,-0.9590086,-0.72107005,0.6334634,0.28068167,0.65088284,0.75817615,-0.03899336
1356506548947,-0.28374597,0.19185315,-0.9395108,-0.6901188,0.63939023,0.3389929,0.66575086,0.744562,-0.049022913
1356506548986,-0.32522106,0.23548928,-0.9158472,-0.6605798,0.63643914,0.39822042,0.6766577,0.7344998,-0.051423967
1356506549026,-0.36192933,0.27736202,-0.88998735,-0.6368263,0.62364995,0.45333552,0.6807786,0.7308427,-0.049085855
1356506549067,-0.3938935,0.31270814,-0.8643273,-0.6198198,0.60401094,0.50099325,0.67872775,0.7330651,-0.04409325
1356506549107,-0.4203842,0.34021968,-0.84114665,-0.6082418,0.5822376,0.5394825,0.6732897,0.7384105,-0.03782761
1356506549147,-0.44045207,0.3598358,-0.82250845,-0.60139596,0.56197095,0.567901,0.666577,0.7447865,-0.03111744
1356506549187,-0.45330682,0.37147936,-0.8102568,-0.5999614,0.54511416,0.585574,0.6592111,0.7515674,-0.024230719
1356506549227,-0.457774,0.3757975,-0.8057413,-0.6053898,0.5319574,0.5920511,0.65111136,0.7588132,-0.016012311
1356506549267,-0.4515512,0.37634376,-0.80899125,-0.6187978,0.52111614,0.58781564,0.6427992,0.7660309,-0.0024299622
1356506549305,-0.43147668,0.38043916,-0.8179816,-0.64012206,0.50979686,0.5747616,0.63566625,0.7716043,0.023562074
1356506549345,-0.39522704,0.39749128,-0.8281281,-0.6680183,0.49443337,0.55613595,0.6305133,0.7730047,0.07011801
1356506549385,-0.3435822,0.42999798,-0.8348969,-0.70052,0.47476017,0.5327988,0.62547815,0.7679222,0.13810307
1356506549425,-0.28334075,0.46924743,-0.836376,-0.7344928,0.4545769,0.50386524,0.61663467,0.7570777,0.2158587
1356506549465,-0.22465444,0.4990109,-0.83696985,-0.7659483,0.44053525,0.4682434,0.60237324,0.74626863,0.28324836
1356506549505,-0.17507064,0.50745696,-0.8437047,-0.7909878,0.4377669,0.4274323,0.5862495,0.74219096,0.3247522
1356506549545,-0.1373077,0.49199677,-0.8597009,-0.8079164,0.44651467,0.38457203,0.5730772,0.7473712,0.33618236
1356506549585,-0.110823035,0.45599034,-0.8830577,-0.8172555,0.4637826,0.3420514,0.565519,0.759591,0.3212629
1356506549625,-0.09485075,0.40692636,-0.90852314,-0.82085025,0.48436657,0.3026448,0.56321234,0.7744675,0.28808308
1356506549689,-0.08949566,0.35235384,-0.9315779,-0.820281,0.5044363,0.26959813,0.56491566,0.78828347,0.24388427
1356506549707,-0.09576261,0.30061734,-0.94892514,-0.8162867,0.5218453,0.24769658,0.569654,0.798315,0.19541663
1356506549747,-0.114215046,0.25712422,-0.9596052,-0.80883336,0.53678703,0.24010065,0.5768393,0.80358374,0.14666146
1356506549787,-0.14529061,0.22595108,-0.9632429,-0.7976874,0.54920006,0.24914676,0.5853081,0.80456537,0.100444674
1356506549827,-0.187736,0.20896164,-0.95973444,-0.7821487,0.55924046,0.27476066,0.59413683,0.8022376,0.058449507
1356506549867,-0.23971978,0.20774063,-0.9483555,-0.7604072,0.5671363,0.3164446,0.6035852,0.79699445,0.022013724
1356506549907,-0.29882258,0.22450575,-0.9275248,-0.72951293,0.57285947,0.37368834,0.6152365,0.7883078,-0.007403493
1356506549945,-0.36186603,0.2614562,-0.89481497,-0.68662494,0.5744952,0.44553515,0.6305548,0.7756262,-0.028367996
1356506549985,-0.42488688,0.31728894,-0.8478201,-0.631706,0.56690526,0.52874,0.648397,0.76022774,-0.04043728
1356506550025,-0.48302418,0.3830138,-0.7873933,-0.5702038,0.5448495,0.6148225,0.66449636,0.7459487,-0.0447796
1356506550065,-0.5330517,0.4438011,-0.72034466,-0.5119305,0.5086806,0.692222,0.6736342,0.7377565,-0.04395771
1356506550106,-0.5741462,0.48802152,-0.6574124,-0.46527335,0.46622032,0.75243556,0.6737038,0.7378845,-0.0406152
1356506550145,-0.60680586,0.51347715,-0.60673547,-0.43288338,0.42671245,0.7940582,0.6666323,0.7444849,-0.036655903
1356506550185,-0.6308998,0.5234923,-0.5726441,-0.4145488,0.39644212,0.8191355,0.65583134,0.7541813,-0.033102214
1356506550225,-0.6455255,0.5212743,-0.5581844,-0.4110443,0.37885362,0.82916373,0.6436919,0.76468486,-0.030292869
1356506550265,-0.6490659,0.5080632,-0.56620246,-0.4248701,0.3752855,0.82379985,0.63103,0.77526295,-0.027724206
1356506550305,-0.6386758,0.48496374,-0.5974139,-0.45815203,0.384103,0.80159944,0.6182151,0.78566855,-0.023130119
1356506550345,-0.6107794,0.45728612,-0.64640385,-0.508775,0.39888132,0.76291656,0.60670954,0.79484785,-0.010972738
1356506550385,-0.5646095,0.43825635,-0.6993909,-0.5674982,0.40915346,0.71452034,0.5993012,0.800328,0.017697692
1356506550425,-0.5058165,0.44393104,-0.7396451,-0.6220862,0.40629482,0.6692782,0.5976274,0.798655,0.07065266
1356506550465,-0.44343662,0.4775771,-0.7584749,-0.666932,0.3895343,0.6351887,0.5988036,0.7875171,0.14577764
1356506550505,-0.38334435,0.5201026,-0.7632434,-0.7049079,0.36920422,0.6056345,0.5967848,0.7701828,0.22509205
1356506550545,-0.32860172,0.5493517,-0.7682667,-0.7380862,0.3581593,0.57179594,0.58927894,0.75494015,0.2877772
1356506550585,-0.2795198,0.5538405,-0.7843019,-0.7654607,0.36456656,0.53024626,0.579602,0.7485666,0.3220396
1356506550625,-0.2366125,0.533207,-0.81222224,-0.78530425,0.38728768,0.48301715,0.57211185,0.7521294,0.32709253
1356506550690,-0.2017523,0.49345168,-0.8460505,-0.79739404,0.41884196,0.43443543,0.5687344,0.762284,0.30897307
1356506550706,-0.1776278,0.44193426,-0.8792852,-0.8028662,0.45160943,0.38917187,0.5690819,0.77507615,0.27459568
1356506550746,-0.16755623,0.38758248,-0.90647924,-0.80277413,0.48008424,0.3536563,0.5722574,0.7869555,0.23070014
1356506550787,-0.17385122,0.33822495,-0.9248674,-0.7974538,0.5026829,0.3337324,0.5777916,0.7955588,0.18232673
1356506550827,-0.1978355,0.30043465,-0.93305945,-0.7865605,0.5193845,0.33400947,0.58496463,0.79998666,0.13355738
1356506550867,-0.23819518,0.27761036,-0.93069625,-0.7692409,0.5310759,0.35528415,0.5929009,0.8005566,0.087049544
1356506550907,-0.29275706,0.27214587,-0.9166406,-0.74359417,0.53787875,0.39718288,0.60113317,0.79788667,0.04489827
1356506550947,-0.35832274,0.28630322,-0.8886143,-0.70657605,0.5389526,0.4585635,0.6102092,0.7921873,0.009176016
1356506550987,-0.4301194,0.3219271,-0.8434216,-0.6549175,0.5317546,0.5369544,0.6213535,0.78332615,-0.017882228
1356506551026,-0.5014081,0.37760073,-0.7784648,-0.5877843,0.5115776,0.6267359,0.63490117,0.77181995,-0.034561396
1356506551065,-0.56352264,0.4443779,-0.69639826,-0.5107349,0.47516918,0.7164943,0.6493013,0.75943565,-0.040809333
1356506551105,-0.6112112,0.50659,-0.6081016,-0.43591115,0.42582208,0.792879,0.6606077,0.7496947,-0.039439023
1356506551163,-0.6445828,0.5519693,-0.5290018,-0.3756901,0.37394297,0.84795254,0.66586035,0.7453163,-0.033667862
1356506551185,-0.6679996,0.5789278,-0.4675673,-0.33376288,0.32849413,0.8835689,0.6651157,0.7462803,-0.026209414
1356506551225,-0.6845289,0.59166765,-0.42585158,-0.30846822,0.29419947,0.9045961,0.66050553,0.75058377,-0.018877327
1356506551263,-0.69524544,0.59432936,-0.40423545,-0.29822963,0.27317786,0.91456705,0.6539822,0.7564036,-0.01267904
1356506551305,-0.70008874,0.5887053,-0.40410614,-0.303908,0.26645815,0.91468024,0.6461545,0.76316845,-0.0076321363
1356506551346,-0.6974313,0.57538456,-0.4272261,-0.32787997,0.27390236,0.90414166,0.6372474,0.77065563,-0.0023710132
1356506551385,-0.6841936,0.5566914,-0.4711408,-0.37056985,0.29103774,0.8820289,0.62813765,0.7780692,0.007166922
1356506551425,-0.6564242,0.5395579,-0.5272424,-0.4283473,0.3087284,0.8492381,0.6209878,0.7833033,0.028461337
1356506551465,-0.6141088,0.53594786,-0.57933605,-0.4915363,0.3145758,0.81205547,0.61746454,0.78345513,0.07025409
1356506551505,-0.56267256,0.5524473,-0.6149809,-0.5516604,0.3031224,0.7770377,0.61568683,0.77647835,0.13420469
1356506551544,-0.5098511,0.5826431,-0.63291305,-0.6059138,0.27904636,0.74498427,0.61067206,0.76332176,0.21075934
1356506551585,-0.5153341,0.62920904,-0.58183044,-0.612509,0.20442116,0.76357365,0.5993859,0.74987197,0.280051
1356506551625,-0.42746222,0.62318176,-0.6549203,-0.68928534,0.24407494,0.68213874,0.584946,0.74301547,0.32521725
1356506551690,-0.3531204,0.59980524,-0.7180109,-0.73962927,0.291004,0.6068486,0.572935,0.7453525,0.34087408
1356506551707,-0.29033715,0.55723345,-0.777943,-0.7713777,0.3448069,0.53486884,0.5662869,0.75538015,0.3297271
1356506551747,-0.2373836,0.49737495,-0.8344263,-0.79065675,0.4001186,0.4634297,0.5643678,0.76975536,0.29827118
1356506551787,-0.19601625,0.42792308,-0.8823035,-0.801247,0.4488153,0.3956868,0.56531477,0.7845041,0.254897
1356506551827,-0.16902101,0.35809493,-0.91825914,-0.8051493,0.4871956,0.33819366,0.5684773,0.7964976,0.20597363
1356506551867,-0.15912142,0.29600918,-0.941838,-0.80343103,0.5155829,0.29777983,0.5737411,0.80408514,0.1557827
1356506551907,-0.16784656,0.24734744,-0.95427805,-0.7969072,0.5357924,0.2790435,0.58031565,0.80730766,0.107182086
1356506551947,-0.19571525,0.21614432,-0.9565444,-0.7854035,0.5495347,0.28487363,0.58722806,0.80702746,0.062208235
1356506551987,-0.24292943,0.2063953,-0.9478324,-0.7663673,0.5581908,0.31796885,0.5946986,0.8036318,0.02257365
1356506552027,-0.3095229,0.22333348,-0.9242931,-0.73411924,0.5616802,0.38155505,0.60437113,0.79664135,-0.009899497
1356506552067,-0.39390033,0.27252853,-0.8778215,-0.68068707,0.55528307,0.47783446,0.61766297,0.785741,-0.033219516
1356506552107,-0.4878624,0.35207656,-0.7987693,-0.60080135,0.5284033,0.5998564,0.6332677,0.77254903,-0.04626006
1356506552147,-0.5729388,0.4419254,-0.6902484,-0.5029977,0.47533268,0.72183937,0.6470968,0.7607632,-0.050049007
1356506552185,-0.6343064,0.5147533,-0.57678807,-0.41046134,0.40799898,0.81551105,0.65511596,0.754033,-0.047510028
1356506552225,-0.6728408,0.5595386,-0.48394406,-0.3411234,0.34580946,0.87409997,0.656445,0.7532147,-0.041802943
1356506552265,-0.696397,0.5814273,-0.4206822,-0.29792768,0.29906654,0.9065309,0.6528938,0.75663835,-0.035045683
1356506552305,-0.71020913,0.58831394,-0.38663897,-0.27785146,0.2703774,0.9217888,0.6468396,0.76209104,-0.028560638
1356506552345,-0.71570474,0.5841597,-0.38278472,-0.28073138,0.2612313,0.9235519,0.63949716,0.76845014,-0.022972524
1356506552385,-0.7109812,0.5688481,-0.41342175,-0.3104539,0.27360046,0.91036314,0.6309707,0.77559954,-0.017923653
1356506552425,-0.6897304,0.5402179,-0.48211694,-0.37176916,0.30715764,0.8760376,0.62133706,0.783466,-0.0110195875
1356506552465,-0.6421387,0.4992701,-0.58171064,-0.4617807,0.3537758,0.81338876,0.61189586,0.79093117,0.0033801198
1356506552505,-0.5657241,0.4597037,-0.6845647,-0.56005996,0.3951118,0.7281617,0.6052183,0.7953359,0.033937395
1356506552545,-0.47439885,0.44274205,-0.76087123,-0.6416547,0.4178257,0.64319587,0.60268134,0.7933481,0.08587158
1356506552586,-0.3892246,0.45827028,-0.7990573,-0.6973543,0.42016375,0.58065426,0.6018315,0.783231,0.1560387
1356506552625,-0.31026226,0.48299378,-0.8188127,-0.7393021,0.4188879,0.5272241,0.5976367,0.76892775,0.22711325
1356506552689,-0.23133218,0.4914927,-0.8395953,-0.7745556,0.42915708,0.46463722,0.5886841,0.75779885,0.28141063
1356506552706,-0.14623913,0.4691295,-0.8709371,-0.8024599,0.4585993,0.38176522,0.5785085,0.75472116,0.3093925
1356506552747,-0.054855317,0.4127187,-0.90920526,-0.81897,0.5023159,0.27742907,0.5712084,0.75983024,0.31044954
1356506552787,0.036800086,0.32832772,-0.9438468,-0.8221025,0.54691935,0.15819871,0.5681491,0.770117,0.29004568
1356506552826,0.11922175,0.2285797,-0.9661975,-0.8140704,0.57960737,0.03667113,0.5683975,0.78218067,0.25518173
1356506552867,0.18512589,0.12603393,-0.97459924,-0.7997112,0.5956982,-0.074870795,0.57113075,0.79325855,0.21106994
1356506552907,0.2292782,0.032724023,-0.9728107,-0.7847738,0.5974531,-0.16486299,0.57581383,0.80123585,0.16266394
1356506552945,0.25208467,-0.04600212,-0.96661115,-0.7732221,0.5910409,-0.22977862,0.581877,0.8053287,0.11342251
1356506552985,0.2545545,-0.106624484,-0.9611624,-0.7671917,0.5828208,-0.26783726,0.5887434,0.805575,0.06655824
1356506553025,0.23838556,-0.14767617,-0.9598772,-0.7661537,0.5787825,-0.2793195,0.59680897,0.8019991,0.024830759
1356506553065,0.20281598,-0.16579106,-0.9650798,-0.76830304,0.58409655,-0.26180437,0.60710466,0.7945719,-0.008913696
1356506553105,0.14430472,-0.15410796,-0.97745943,-0.7711954,0.6014253,-0.20867518,0.6200273,0.78392494,-0.032058835
1356506553145,0.05737765,-0.103222966,-0.99300194,-0.7707496,0.62760997,-0.10977584,0.63454926,0.77165455,-0.043548286
1356506553185,-0.05906053,-0.008936822,-0.9982144,-0.7594655,0.6493702,0.039121002,0.64786106,0.76041996,-0.045139372
1356506553225,-0.18881115,0.112131834,-0.9755904,-0.730479,0.6479286,0.21584469,0.656316,0.75340223,-0.040426195
1356506553265,-0.30038527,0.22222471,-0.9275693,-0.6905656,0.62014616,0.37220675,0.6579421,0.7523529,-0.032822073
1356506553305,-0.37333256,0.29399657,-0.87987995,-0.6582212,0.58441603,0.4745553,0.6537336,0.75632256,-0.024666727
1356506553345,-0.40649137,0.32459018,-0.85405266,-0.646068,0.5588442,0.51989347,0.6460347,0.7631083,-0.017458081
1356506553385,-0.4040163,0.3201743,-0.85688925,-0.6569184,0.55032873,0.5153605,0.63657594,0.7711204,-0.012013376
1356506553425,-0.36845076,0.2865759,-0.8843745,-0.6872531,0.5566578,0.46670684,0.62604094,0.7797476,-0.008150816
1356506553465,-0.30336168,0.23202126,-0.9241958,-0.727997,0.5693617,0.3819,0.61481065,0.7886656,-0.0038117766
1356506553505,-0.21826461,0.1726661,-0.9604931,-0.7664497,0.5789107,0.27823952,0.6040822,0.79689956,0.005984187
1356506553545,-0.13088855,0.13341027,-0.98237973,-0.7923708,0.5814593,0.18453649,0.5958329,0.8025627,0.029604018
1356506553585,-0.052584976,0.13158706,-0.9899089,-0.80455434,0.5816182,0.1200524,0.59154636,0.80274844,0.0752846
1356506553625,0.016311765,0.16435188,-0.98626685,-0.80757356,0.5837653,0.083922476,0.5895412,0.79511416,0.14224845
1356506553691,0.07996446,0.21198729,-0.97399545,-0.80674005,0.5876792,0.06167379,0.5854709,0.7808294,0.2180121
1356506553707,0.14397532,0.24450636,-0.9588992,-0.8040669,0.5937472,0.030669749,0.5768426,0.76660347,0.28208447
1356506553747,0.2076604,0.24482507,-0.94706804,-0.797872,0.6025214,-0.019189835,0.56593066,0.759624,0.3204589
1356506553787,0.26681364,0.21215415,-0.9401069,-0.7863856,0.61184466,-0.085110515,0.5571428,0.7619952,0.3300835
1356506553827,0.31611544,0.15496403,-0.9359793,-0.7708641,0.617045,-0.15818971,0.5530277,0.77151906,0.31451365
1356506553867,0.3512491,0.08584687,-0.93233806,-0.7551837,0.6146152,-0.22791606,0.5534633,0.78414184,0.28071323
1356506553907,0.37024236,0.016033769,-0.9287969,-0.74321824,0.6049229,-0.28582326,0.55726767,0.79612267,0.23588467
1356506553947,0.3730746,-0.04702598,-0.9266088,-0.7371509,0.59144187,-0.32681042,0.56340384,0.8049752,0.1859867
1356506553987,0.36076915,-0.09928185,-0.9273558,-0.73761487,0.57812583,-0.34884793,0.5707627,0.80988497,0.13533819
1356506554027,0.33462125,-0.1384154,-0.9321319,-0.7442018,0.56798905,-0.3514998,0.57809365,0.8113135,0.087052226
1356506554065,0.29583162,-0.16300759,-0.94122905,-0.75526357,0.5633699,-0.33494967,0.58485943,0.8099647,0.04354894
1356506554105,0.24530658,-0.17181522,-0.9540987,-0.7677053,0.5665535,-0.299409,0.59199107,0.80591357,0.007075846
1356506554145,0.18410352,-0.16315272,-0.9692714,-0.7773192,0.57936895,-0.24516639,0.60156524,0.7985692,-0.020157874
1356506554204,0.112099975,-0.13293278,-0.98476523,-0.7807562,0.601254,-0.17003962,0.6146979,0.787923,-0.036387563
1356506554225,0.030164734,-0.07847783,-0.9964593,-0.7762792,0.6261697,-0.072814494,0.629667,0.77572715,-0.04203248
1356506554265,-0.058083057,-0.003549844,-0.9983055,-0.76444924,0.64330196,0.04218939,0.6420621,0.7656044,-0.04007864
1356506554303,-0.14493129,0.07884467,-0.9862953,-0.74785703,0.6439481,0.16137135,0.64784616,0.7609956,-0.034363687
1356506554345,-0.22110903,0.15259504,-0.9632369,-0.7303353,0.62864536,0.26723632,0.6463134,0.7625743,-0.027553618
1356506554385,-0.280762,0.20785275,-0.9370005,-0.7152531,0.6056733,0.34867293,0.6399889,0.7680866,-0.02138275
1356506554425,-0.32146794,0.24189937,-0.9155016,-0.70575607,0.5833817,0.40196285,0.63132143,0.7753389,-0.016816616
1356506554465,-0.34252384,0.255278,-0.90416294,-0.7045932,0.5668006,0.4269492,0.62147075,0.78330725,-0.014275551
1356506554505,-0.3434979,0.25005075,-0.9052534,-0.7134913,0.5573002,0.42467237,0.6106876,0.7917645,-0.013022423
1356506554545,-0.32520357,0.2321611,-0.9167028,-0.7314907,0.55259657,0.39944768,0.59930307,0.8004613,-0.009882748
1356506554585,-0.28960034,0.21402976,-0.93291086,-0.75445247,0.548754,0.36009806,0.5890102,0.8081215,0.002556026
1356506554625,-0.24088591,0.21239474,-0.9470282,-0.77649415,0.5432127,0.31933796,0.5822635,0.8122859,0.03407097
1356506554691,-0.18561745,0.2410976,-0.952585,-0.7935606,0.5349298,0.2900203,0.57948935,0.8097667,0.09203321
1356506554707,-0.12649435,0.29339516,-0.9475856,-0.8071828,0.5248081,0.270245,0.5765891,0.7990593,0.17043829
1356506554747,-0.06562722,0.3461905,-0.935866,-0.819979,0.5157429,0.24828151,0.568619,0.7836845,0.25002217
1356506554786,-0.0037478805,0.37486666,-0.92707115,-0.83112615,0.51435715,0.21134335,0.5560712,0.7713052,0.30963373
1356506554827,0.057934344,0.36937773,-0.92747164,-0.8373102,0.5238964,0.1563462,0.5436498,0.7675237,0.33963537
1356506554867,0.118751466,0.33135086,-0.9360047,-0.836168,0.5417378,0.08569306,0.53546363,0.77248096,0.3413971
1356506554907,0.17572719,0.26815373,-0.9472135,-0.8282142,0.56038934,0.004994422,0.5321476,0.7836181,0.3205644
1356506554947,0.22463843,0.18974483,-0.95579004,-0.8162359,0.57240105,-0.07820529,0.5322561,0.797718,0.28345984
1356506554987,0.26109317,0.10666323,-0.9594027,-0.8037717,0.5744252,-0.15487686,0.53458536,0.8115779,0.2357114
1356506555027,0.2820483,0.02789402,-0.95899457,-0.79381925,0.568143,-0.21694344,0.5387947,0.8224569,0.18238658
1356506555067,0.28658843,-0.04083675,-0.9571831,-0.7880594,0.5581093,-0.25976226,0.54482055,0.82876194,0.1277659
1356506555107,0.27545053,-0.09661922,-0.9564475,-0.786466,0.54949415,-0.28200626,0.5528095,0.82989216,0.07537073
1356506555147,0.25038517,-0.13811436,-0.9582441,-0.7871574,0.5471885,-0.28454873,0.56364036,0.82553566,0.028290153
1356506555187,0.2134153,-0.16349667,-0.96318364,-0.7873096,0.55495244,-0.2686474,0.5784441,0.81565714,-0.010287166
1356506555227,0.16629821,-0.1690593,-0.9714751,-0.7846868,0.573947,-0.23420373,0.5971695,0.8012514,-0.037212253
1356506555267,0.11048379,-0.15065038,-0.9823939,-0.7785849,0.601241,-0.17976311,0.6177369,0.78473794,-0.050866723
1356506555307,0.0480496,-0.10766059,-0.9930259,-0.77014154,0.62909317,-0.10546908,0.6360607,0.7698382,-0.052686214
1356506555347,-0.016712308,-0.046856552,-0.99876183,-0.76178026,0.64759547,-0.017634809,0.6476199,0.7605423,-0.046517193
1356506555385,-0.07702725,0.01815179,-0.9968637,-0.7555853,0.65127325,0.0702427,0.6505058,0.75862616,-0.036450565
1356506555425,-0.12605278,0.07360351,-0.9892892,-0.75239336,0.64284956,0.1436964,0.6465407,0.76244795,-0.025654137
1356506555465,-0.15952721,0.111917764,-0.98082906,-0.7529174,0.6288072,0.19420862,0.63848776,0.76946473,-0.01604706
1356506555505,-0.17560884,0.13099962,-0.9757052,-0.757747,0.61473215,0.21891528,0.6284751,0.7777811,-0.008687794
1356506555545,-0.1749731,0.13330883,-0.97550666,-0.76717526,0.6025491,0.21994734,0.61711144,0.7868694,-0.003158629
1356506555585,-0.15892753,0.12486249,-0.9793627,-0.78007257,0.5921563,0.20208353,0.60516846,0.79609066,0.003291905
1356506555625,-0.13038552,0.116785765,-0.9845612,-0.79374796,0.5827558,0.17424089,0.5941076,0.8042119,0.016715527
1356506555692,-0.09241444,0.12343359,-0.9880403,-0.8054114,0.57418174,0.14706382,0.58546734,0.8093698,0.046352148
1356506555706,-0.045726895,0.15346432,-0.9870956,-0.8136767,0.56751484,0.12592521,0.5795164,0.8089349,0.09891969
1356506555747,0.008483678,0.204683,-0.9787915,-0.81869966,0.5634444,0.11073035,0.57415926,0.8003969,0.17235398
1356506555787,0.067186594,0.25788894,-0.9638357,-0.8215172,0.5625082,0.09324175,0.56621146,0.785543,0.24965322
1356506555827,0.123688996,0.2922196,-0.9483189,-0.8220899,0.5654017,0.06700063,0.55575997,0.7713162,0.31016475
1356506555867,0.17203373,0.29726493,-0.93916875,-0.8195511,0.572168,0.030979544,0.54657143,0.7643672,0.34205598
1356506555907,0.2086828,0.27460134,-0.93864036,-0.8140061,0.5807508,-0.011073619,0.5420754,0.7663698,0.34471983
1356506555947,0.2319802,0.23238724,-0.9445536,-0.80713505,0.5879302,-0.053582877,0.5428796,0.77481246,0.323956
1356506555985,0.24125125,0.18073246,-0.95348495,-0.80115795,0.5915582,-0.0905799,0.54767114,0.78574467,0.28750944
1356506556025,0.23634647,0.12914586,-0.9630481,-0.79759276,0.59186435,-0.11637154,0.5549649,0.79562426,0.24289083
1356506556065,0.21781842,0.08276212,-0.972474,-0.79658514,0.59078884,-0.12814328,0.56392133,0.8025702,0.19461173
1356506556105,0.1858133,0.046116084,-0.98150223,-0.79805636,0.5898182,-0.12337142,0.5732184,0.8062182,0.14639932
1356506556145,0.14220782,0.02028498,-0.989629,-0.80069876,0.59015274,-0.102962196,0.5819437,0.8070367,0.1001665
1356506556185,0.08820261,0.006728679,-0.9960798,-0.80237496,0.5930426,-0.06704396,0.5902667,0.80514294,0.057706833
1356506556225,0.025645375,0.0073865354,-0.9996438,-0.7999524,0.5998477,-0.016090006,0.5995152,0.8000802,0.02129221
1356506556265,-0.04358588,0.025866896,-0.9987148,-0.7906078,0.6102527,0.05030933,0.61076975,0.7917844,-0.006147802
1356506556305,-0.117542475,0.06536648,-0.9909142,-0.77294636,0.62045705,0.13261601,0.6234884,0.78151155,-0.022405267
1356506556346,-0.1930986,0.12352595,-0.9733727,-0.7477813,0.62375134,0.2275028,0.63524497,0.7718003,-0.028075099
1356506556385,-0.265121,0.18992198,-0.9453256,-0.7185494,0.6148429,0.32504642,0.6429602,0.76543975,-0.026539445
1356506556425,-0.32800168,0.2513212,-0.910633,-0.6900483,0.59460306,0.4126507,0.645173,0.7637309,-0.021606982
1356506556465,-0.3779626,0.29918903,-0.8761451,-0.66623324,0.5692219,0.481788,0.64286673,0.7658148,-0.01581496
1356506556505,-0.4132973,0.33078772,-0.8483895,-0.6495994,0.5458021,0.52926433,0.63812697,0.7698568,-0.010699034
1356506556545,-0.43340805,0.34585482,-0.832191,-0.6425581,0.52887607,0.55444497,0.6318834,0.775032,-0.0069873333
1356506556585,-0.43749428,0.34461826,-0.8305644,-0.6473328,0.5204022,0.55690384,0.6241467,0.78129375,-0.004590273
1356506556625,-0.42546716,0.32955697,-0.8428344,-0.66428685,0.5187447,0.53817,0.61457354,0.78885746,-0.001788497
1356506556691,-0.3972794,0.30809814,-0.86443305,-0.6908213,0.5196645,0.50270724,0.60409844,0.79688406,0.006388724
1356506556706,-0.35558414,0.295313,-0.8867638,-0.72042286,0.5178414,0.4613362,0.5954416,0.8028888,0.028614104
