1356507225198,0.071663335,0.08541277,0.99376506,0.8210554,0.560655,-0.107396305,-0.5663324,0.8236326,-0.029950202
1356507225278,0.33221585,0.26058662,0.90649176,0.75430155,0.5035995,-0.42120874,-0.56627023,0.8237003,-0.029257119
1356507225316,0.33132747,0.25856134,0.9073963,0.7547661,0.50446093,-0.4193414,-0.5661714,0.82381135,-0.02801162
1356507225355,0.3291828,0.25460708,0.90929306,0.75575626,0.5062709,-0.41535795,-0.5661017,0.82393265,-0.02576524
1356507225397,0.3252755,0.24821064,0.9124623,0.7571411,0.50971997,-0.408562,-0.56650966,0.82375795,-0.022131026
1356507225436,0.31944904,0.24063885,0.91653985,0.7584595,0.51488805,-0.3995366,-0.5680594,0.8227899,-0.018034339
1356507225476,0.31281438,0.23413101,0.9205052,0.758284,0.5220516,-0.39047098,-0.57197255,0.8201493,-0.014232516
1356507225517,0.30552948,0.22972855,0.9240544,0.75612676,0.53129864,-0.38209164,-0.5787262,0.81544256,-0.0113765
1356507225557,0.29850644,0.22876424,0.92658556,0.75086474,0.5430071,-0.37595946,-0.58914864,0.80796677,-0.0096799135
1356507225596,0.29168132,0.23113105,0.9281705,0.74336994,0.55587345,-0.37202948,-0.60193294,0.7984881,-0.009678006
1356507225636,0.28679025,0.24045677,0.92732507,0.7331239,0.5680144,-0.3740173,-0.616669,0.7871087,-0.013383627
1356507225675,0.2841907,0.25926888,0.9230467,0.7211656,0.5766017,-0.38399297,-0.6317878,0.7747968,-0.023110986
1356507225735,0.28359467,0.28878397,0.9144276,0.7088731,0.579065,-0.4027189,-0.64581186,0.7624221,-0.04049146
1356507225760,0.28315976,0.3274637,0.9014367,0.6980304,0.57419205,-0.4278517,-0.65770376,0.75038064,-0.06599152
1356507225796,0.27813864,0.3663087,0.8879509,0.69147396,0.5652867,-0.4497941,-0.66671026,0.73910004,-0.096064866
1356507225832,0.2672819,0.40351593,0.875063,0.68972886,0.5540479,-0.4661598,-0.6729297,0.7281523,-0.13022965
1356507225876,0.2475838,0.4366508,0.86489207,0.69359845,0.54340744,-0.47289488,-0.6764787,0.7169689,-0.16832143
1356507225915,0.21671522,0.46328962,0.8593004,0.7030426,0.5366401,-0.46663517,-0.67732227,0.70525175,-0.2094143
1356507225956,0.17691347,0.48764303,0.85493034,0.71625215,0.531974,-0.4516486,-0.675044,0.69224846,-0.255162
1356507225995,0.12857014,0.5109489,0.84994173,0.73172534,0.5296055,-0.429064,-0.6693636,0.67708874,-0.30578285
1356507226037,0.07754296,0.54104346,0.8374122,0.7478067,0.5239434,-0.4077602,-0.6593726,0.6578414,-0.36396784
1356507226099,0.026727766,0.58234787,0.81250024,0.7651497,0.511135,-0.39151886,-0.64329743,0.63214874,-0.43192184
1356507226129,-0.026830018,0.6148427,0.78819317,0.7809891,0.5050543,-0.36739087,-0.62396795,0.60571325,-0.49373615
1356507226167,-0.07352513,0.63533866,0.7687255,0.7937249,0.5039714,-0.34060764,-0.60381687,0.58511335,-0.5413387
1356507226207,-0.11592054,0.63563144,0.76323986,0.8022933,0.5129353,-0.30532405,-0.58556616,0.5769489,-0.5694226
1356507226247,-0.15679595,0.6128669,0.77447355,0.80583644,0.5327603,-0.25844556,-0.5710014,0.5835758,-0.5774051
1356507226277,-0.19359925,0.579319,0.7917758,0.8050691,0.5550443,-0.20925984,-0.56069875,0.5969217,-0.5738479
1356507226319,-0.2335459,0.5194762,0.8219494,0.7978476,0.5855608,-0.14337967,-0.5557837,0.6223046,-0.55121815
1356507226357,-0.2726533,0.43878484,0.85622895,0.7848908,0.6161299,-0.06580648,-0.55642307,0.6541039,-0.51238805
1356507226397,-0.30784878,0.3421346,0.88779104,0.76817787,0.63993156,0.019756764,-0.5613661,0.6880635,-0.45982242
1356507226438,-0.33560324,0.23449376,0.9123504,0.75094914,0.6513311,0.1088264,-0.5687231,0.7216512,-0.39468175
1356507226478,-0.35064387,0.12860718,0.9276364,0.7385776,0.6469931,0.18948126,-0.57580566,0.7515718,-0.3218506
1356507226517,-0.35247773,0.03136319,0.9352945,0.7337498,0.6295843,0.25541115,-0.5808363,0.7762989,-0.24492723
1356507226558,-0.3403569,-0.049720764,0.9389808,0.73800963,0.60466903,0.29952818,-0.58266544,0.79492337,-0.16910887
1356507226598,-0.3158436,-0.11253178,0.9421143,0.7495167,0.57924724,0.3204641,-0.58177954,0.80734694,-0.09860712
1356507226637,-0.27935773,-0.1549303,0.9476053,0.7650945,0.56038475,0.3171739,-0.5801634,0.81361264,-0.03801149
1356507226678,-0.23640239,-0.18228182,0.9544042,0.7786015,0.55208445,0.2982994,-0.58128625,0.81361914,0.011410832
1356507226718,-0.18453228,-0.19162664,0.9639642,0.78829765,0.5569074,0.26161206,-0.5869707,0.8081666,0.048291445
1356507226758,-0.12769696,-0.18411598,0.9745742,0.7904887,0.5745703,0.21212402,-0.5990168,0.7974775,0.072170675
1356507226796,-0.064219624,-0.15636492,0.9856094,0.78583103,0.6008332,0.1465235,-0.615098,0.7839321,0.0842911
1356507226828,0.0028497875,-0.11292234,0.99359965,0.7772788,0.62537825,0.068844765,-0.6291497,0.77210784,0.08955437
1356507226870,0.06761666,-0.056851596,0.9960903,0.7659489,0.6427191,-0.015311182,-0.63933575,0.76398957,0.08700395
1356507226908,0.12803596,0.0016151369,0.9917682,0.75428593,0.64912504,-0.09843442,-0.6439405,0.76067996,0.08189309
1356507226947,0.17548138,0.049337626,0.9832457,0.745051,0.64617616,-0.1653944,-0.64351004,0.7615918,0.07663286
1356507226988,0.2043423,0.07825148,0.97576684,0.7405344,0.63954717,-0.20636898,-0.6401976,0.7647589,0.07273865
1356507227029,0.21272987,0.086670876,0.97325957,0.7428491,0.632724,-0.21871343,-0.63476074,0.76951194,0.07021594
1356507227098,0.19885045,0.07575926,0.97709715,0.7524358,0.62700844,-0.20174432,-0.6279322,0.7753199,0.06767696
1356507227106,0.16869669,0.05649352,0.98404765,0.7664674,0.6201921,-0.1670014,-0.6197331,0.782413,0.06132388
1356507227144,0.12205584,0.036776185,0.9918417,0.7812927,0.612742,-0.11886537,-0.6121144,0.78942686,0.046055794
1356507227187,0.06819259,0.035569012,0.997038,0.7913869,0.60660213,-0.07576743,-0.6075003,0.7942096,0.013216913
1356507227225,0.0069787204,0.060881317,0.9981206,0.79436886,0.60594606,-0.042514384,-0.6073956,0.7931726,-0.044133484
1356507227266,-0.06115602,0.110860795,0.99195254,0.7900182,0.61276436,-0.019776314,-0.6100255,0.78245103,-0.12505627
1356507227306,-0.13377486,0.1691992,0.9764609,0.7806808,0.62492853,-0.0013333261,-0.6104439,0.76212597,-0.21569031
1356507227345,-0.20580123,0.20919529,0.9559725,0.7688861,0.6388683,0.025721908,-0.6053596,0.7403274,-0.29232723
1356507227386,-0.27019012,0.21691689,0.9380535,0.7554667,0.6517642,0.06688416,-0.5968814,0.7267396,-0.33997375
1356507227426,-0.32255986,0.19261056,0.92674506,0.7408161,0.6608099,0.1205062,-0.58919156,0.7254181,-0.3558398
1356507227467,-0.36038613,0.14669678,0.92119586,0.72667694,0.6633429,0.17865258,-0.5848609,0.73379576,-0.34566075
1356507227517,-0.3814618,0.07491475,0.9213439,0.7156157,0.6548484,0.24303868,-0.58513343,0.7520381,-0.3034098
1356507227552,-0.38341677,0.012652725,0.92348874,0.71313155,0.6394459,0.28731906,-0.5868857,0.76873195,-0.25419736
1356507227599,-0.37196964,-0.044453084,0.92717993,0.71625483,0.6216055,0.31715232,-0.5904386,0.7820681,-0.19937867
1356507227645,-0.34533906,-0.0910061,0.9340551,0.7251712,0.60589117,0.3271432,-0.5957078,0.79032516,-0.1432429
1356507227686,-0.3043175,-0.119099826,0.94509584,0.73891985,0.5966208,0.313115,-0.6011558,0.79363644,-0.09355694
1356507227726,-0.25662595,-0.13472518,0.9570748,0.7518537,0.59441966,0.2852739,-0.60733765,0.792789,-0.05124986
1356507227765,-0.20237619,-0.13760528,0.96959203,0.7623371,0.5993493,0.2441774,-0.61472446,0.78857166,-0.01639247
1356507227806,-0.1442106,-0.12998232,0.9809729,0.7673491,0.61124265,0.1937981,-0.6248028,0.7806964,0.011594117
1356507227845,-0.081677616,-0.10974145,0.99059856,0.76633674,0.6285593,0.13282028,-0.63722587,0.76998055,0.032759666
1356507227885,-0.018965393,-0.07834545,0.99674577,0.7588736,0.64794886,0.06536895,-0.6509616,0.7576439,0.04716575
1356507227927,0.042925075,-0.035329968,0.9984534,0.7481024,0.6635264,-0.008683413,-0.6621934,0.74731815,0.05491239
1356507227966,0.10225704,0.014351904,0.9946545,0.7378028,0.66957796,-0.08551237,-0.667226,0.74260306,0.057880163
1356507228007,0.153386,0.06073758,0.98629797,0.7314725,0.66410136,-0.1546526,-0.6643951,0.74517137,0.05743599
1356507228045,0.19455355,0.09733078,0.976051,0.72833145,0.6521843,-0.21021143,-0.6570252,0.7517861,0.055995703
1356507228103,0.22335348,0.120527536,0.9672571,0.72918355,0.63785315,-0.2478602,-0.64684194,0.7606684,0.054580033
1356507228128,0.23737651,0.12936613,0.9627652,0.73418534,0.62509257,-0.2650118,-0.6361009,0.7697556,0.053403616
1356507228168,0.23713109,0.12627643,0.9632358,0.7439956,0.61397123,-0.26364744,-0.62469155,0.77916217,0.051642597
1356507228207,0.22124171,0.113801986,0.9685563,0.7588675,0.6036964,-0.24427599,-0.61251307,0.7890499,0.04720217
1356507228248,0.1900173,0.09917903,0.9767583,0.77663314,0.5934434,-0.21134278,-0.6006115,0.7987417,0.035738766
1356507228294,0.14381114,0.10019174,0.9845202,0.7926341,0.5839795,-0.17521179,-0.59249437,0.80556166,0.0045673847
1356507228325,0.07787725,0.11018187,0.99085575,0.8041345,0.58055615,-0.12775886,-0.5893242,0.80673075,-0.043388903
1356507228365,0.0061291456,0.15223807,0.9883249,0.8052068,0.5853102,-0.095152676,-0.5929625,0.79638904,-0.11899567
1356507228405,-0.07404171,0.20568705,0.9758128,0.7992648,0.5974228,-0.065282196,-0.5964005,0.7750993,-0.20863265
1356507228445,-0.15326458,0.24641526,0.9569689,0.7901013,0.6121871,-0.031095773,-0.59350646,0.75133646,-0.28851962
1356507228485,-0.22313885,0.25820202,0.93996847,0.779316,0.62649816,0.012907505,-0.5855558,0.73541266,-0.341017
1356507228526,-0.2795968,0.23876333,0.9299557,0.76647604,0.6388284,0.06642836,-0.57822144,0.7313619,-0.36162078
1356507228565,-0.32129657,0.19399756,0.92689455,0.7517457,0.64748514,0.12506574,-0.5758879,0.73697215,-0.35387158
1356507228605,-0.34773117,0.13306126,0.9281043,0.7373513,0.6502385,0.18303815,-0.57913387,0.74798703,-0.32422107
1356507228647,-0.3588106,0.06506345,0.93113995,0.7266201,0.6456408,0.23488563,-0.5858995,0.7608645,-0.27893913
1356507228686,-0.35517007,-0.0014655292,0.9348006,0.722095,0.63463503,0.2753492,-0.5936607,0.77281064,-0.22434509
1356507228723,-0.33838022,-0.05966434,0.9391161,0.72434735,0.62053925,0.30041963,-0.60068274,0.7819024,-0.1667605
1356507228765,-0.31065544,-0.107016206,0.9444791,0.73203176,0.60688794,0.30954254,-0.60631907,0.78754973,-0.11019379
1356507228808,-0.27359483,-0.14171419,0.95134795,0.74300337,0.5969732,0.30260378,-0.6108124,0.7896456,-0.0580346
1356507228845,-0.2292198,-0.1627864,0.959666,0.754123,0.5936622,0.2808269,-0.61543226,0.78807724,-0.013318121
1356507228887,-0.18122566,-0.17240575,0.9682115,0.7611065,0.5988865,0.24910209,-0.6227954,0.78205574,0.022685528
1356507228925,-0.13002816,-0.16809073,0.9771581,0.7632134,0.61213934,0.20685926,-0.63292795,0.7726778,0.048693776
1356507228967,-0.08043933,-0.15089282,0.98527205,0.7601005,0.6301625,0.15856427,-0.6448077,0.76166046,0.064003825
1356507229005,-0.033137128,-0.12052229,0.99215734,0.7557018,0.6466392,0.10379028,-0.6540768,0.7532145,0.06965119
1356507229046,0.010318324,-0.08170816,0.9966029,0.7536638,0.65565187,0.045951605,-0.65717924,0.75062937,0.068345666
1356507229097,0.048688814,-0.04210779,0.99792594,0.7548542,0.65582865,-0.009156406,-0.65408283,0.75373447,0.06371677
1356507229128,0.08060475,-0.009074509,0.9967049,0.75731087,0.65070724,-0.055320293,-0.6480611,0.7592745,0.059322298
1356507229168,0.10433149,0.013450742,0.9944516,0.76018625,0.64365494,-0.08845982,-0.64127356,0.76519763,0.056928396
1356507229207,0.11777602,0.02421382,0.9927449,0.76368237,0.63680845,-0.106133014,-0.63475823,0.7706417,0.056509078
1356507229248,0.12067869,0.024919927,0.99237883,0.76903075,0.629792,-0.10933322,-0.6277168,0.77636397,0.056838274
1356507229287,0.110588,0.0184986,0.9936941,0.77699083,0.62182957,-0.09804711,-0.61972207,0.78293407,0.05439365
1356507229327,0.08605102,0.012980938,0.99620616,0.78637826,0.613063,-0.07591474,-0.61172247,0.7899274,0.04254681
1356507229367,0.044778943,0.020165175,0.99879336,0.79411495,0.6058821,-0.047835052,-0.6061156,0.7952988,0.0111172795
1356507229408,-0.015571862,0.047877222,0.99873185,0.79628754,0.6046914,-0.016572267,-0.60471797,0.7950196,-0.047540188
1356507229447,-0.092905596,0.09574479,0.9910608,0.78990585,0.613049,0.01482293,-0.6061496,0.7842219,-0.13258505
1356507229488,-0.17823379,0.1458835,0.97311395,0.7757108,0.62928027,0.047739834,-0.6053969,0.76336384,-0.22532237
1356507229528,-0.25755632,0.17698658,0.9499161,0.7576412,0.6471322,0.084851205,-0.5997038,0.7415495,-0.30076534
1356507229567,-0.32166177,0.17858595,0.9298606,0.73882335,0.66152936,0.12852612,-0.59217715,0.7283447,-0.34473217
1356507229607,-0.3668158,0.15452018,0.9173711,0.7213757,0.6699098,0.17560771,-0.5874209,0.72618484,-0.35720056
1356507229647,-0.3937441,0.11267844,0.9122879,0.70640707,0.6721332,0.22186935,-0.58817905,0.7318064,-0.3442453
1356507229688,-0.40399355,0.06319764,0.91257614,0.6959486,0.6686728,0.26178658,-0.59367055,0.7408662,-0.31412178
1356507229727,-0.39883974,0.012651235,0.9169334,0.69194734,0.6603203,0.2918666,-0.6017772,0.75087756,-0.27211595
1356507229767,-0.37895632,-0.03219399,0.92485434,0.6959709,0.64877653,0.30775577,-0.60993165,0.7602977,-0.22345185
1356507229808,-0.34500188,-0.06794396,0.93613964,0.70796454,0.6359982,0.307071,-0.61624676,0.7686937,-0.17131865
1356507229847,-0.29660413,-0.08864054,0.9508779,0.7266686,0.62510955,0.28493986,-0.61966014,0.7754874,-0.12099779
1356507229888,-0.23672497,-0.0967921,0.96674335,0.74738824,0.6176241,0.24484947,-0.62078345,0.7804946,-0.07386583
1356507229927,-0.16239432,-0.08780429,0.98281157,0.76607645,0.61654294,0.18166408,-0.6218964,0.7824099,-0.032858253
1356507229967,-0.07817799,-0.06430942,0.9948631,0.77565145,0.62299174,0.10122305,-0.6263011,0.7795804,0.0011774302
1356507230007,0.016892731,-0.021926343,0.9996169,0.7720411,0.635572,8.941889E-4,-0.63534814,0.7717302,0.027664542
1356507230047,0.12030658,0.041852027,0.9918542,0.75373304,0.64637244,-0.11869797,-0.646075,0.76187336,0.04621762
1356507230101,0.22782815,0.12408587,0.96576244,0.7227005,0.643143,-0.25312275,-0.6525323,0.7556254,0.05684918
1356507230127,0.33255947,0.21174757,0.9190033,0.6821576,0.6188649,-0.38944483,-0.65120286,0.7564187,0.061364174
1356507230168,0.42400274,0.28680593,0.85904837,0.63822263,0.57836187,-0.50810385,-0.642568,0.76370156,0.062180996
1356507230208,0.49713725,0.34208986,0.7973889,0.595544,0.53381366,-0.60030854,-0.6310166,0.7733159,0.061649054
1356507230249,0.5490571,0.3757279,0.7465687,0.5621968,0.49493602,-0.6625504,-0.6184424,0.78349656,0.060515136
1356507230287,0.57976305,0.39068472,0.7150107,0.5438288,0.46792096,-0.69663495,-0.60673314,0.7927266,0.058817685
1356507230328,0.59182036,0.39188224,0.70439833,0.5429007,0.45215416,-0.7076832,-0.59582514,0.8012396,0.054840893
1356507230367,0.58375204,0.38435578,0.7151952,0.56110704,0.44569525,-0.697506,-0.5868496,0.8084716,0.04451078
1356507230407,0.55666685,0.38046825,0.7384889,0.59237385,0.44144496,-0.6739581,-0.5824219,0.81263167,0.020358324
1356507230447,0.51408184,0.3968393,0.7604199,0.62702763,0.43106392,-0.6488607,-0.585283,0.81037176,-0.027227074
1356507230487,0.46160787,0.44322246,0.76842177,0.6584323,0.40929997,-0.6316173,-0.59446204,0.79751325,-0.102895916
1356507230527,0.405227,0.51055944,0.75836676,0.6869626,0.3772881,-0.6210765,-0.6032192,0.7726466,-0.1978479
1356507230567,0.34918305,0.5713018,0.7427553,0.7163472,0.34824452,-0.60462576,-0.60408425,0.7431957,-0.2876494
1356507230609,0.29691964,0.60472965,0.7390134,0.74557817,0.33672065,-0.5750934,-0.59661704,0.7217487,-0.3508942
1356507230647,0.2477827,0.60704076,0.75505316,0.770373,0.34913695,-0.5335061,-0.58747685,0.7138662,-0.38113773
1356507230688,0.20292205,0.5771349,0.791036,0.7884392,0.382761,-0.48151597,-0.5806774,0.721394,-0.37736517
1356507230727,0.16303697,0.52410454,0.8359028,0.80022484,0.42533812,-0.42276204,-0.5771128,0.737836,-0.35005563
1356507230769,0.12998134,0.45015442,0.88343984,0.8070568,0.46956336,-0.3580078,-0.5759898,0.7595204,-0.3022657
1356507230807,0.110792875,0.37369806,0.9209097,0.8099939,0.5029688,-0.3015496,-0.57587737,0.7793408,-0.24696779
1356507230848,0.10505694,0.2999171,0.9481628,0.8099375,0.52742034,-0.25657186,-0.57703066,0.7949072,-0.18750489
1356507230887,0.11654977,0.23884395,0.96403825,0.806756,0.5433676,-0.23215604,-0.5792762,0.80480134,-0.12935942
1356507230927,0.14431274,0.1953524,0.9700573,0.79975927,0.55426526,-0.23059714,-0.58271676,0.8090905,-0.076247334
1356507230967,0.18638274,0.17160851,0.96737385,0.7867593,0.56366587,-0.25157624,-0.5884483,0.80797976,-0.029956996
1356507231008,0.24143994,0.17029041,0.9553575,0.76456815,0.57289565,-0.29534072,-0.5976139,0.801743,0.008121252
1356507231047,0.30501324,0.192146,0.9327631,0.7303408,0.58139336,-0.35858637,-0.6112032,0.79060847,0.037000597
1356507231099,0.37432054,0.2382666,0.89616585,0.6824505,0.5835152,-0.4401947,-0.6278101,0.77636266,0.05581659
1356507231128,0.44288749,0.3020321,0.84417254,0.6239189,0.5723487,-0.53211105,-0.64387566,0.7623606,0.065042555
1356507231167,0.50292677,0.36853266,0.78182375,0.5634849,0.5460951,-0.61989105,-0.65540016,0.7523056,0.06698322
1356507231207,0.5496304,0.4223701,0.72077036,0.5119314,0.5115183,-0.690127,-0.6601763,0.7482997,0.06492144
1356507231246,0.58259755,0.45575607,0.67295355,0.47684652,0.47883585,-0.7371117,-0.65817744,0.750335,0.061642885
1356507231285,0.6028049,0.46923536,0.64532506,0.4602679,0.45615664,-0.7616263,-0.6517513,0.75613445,0.05899948
1356507231327,0.6109147,0.4644534,0.6411445,0.46365947,0.44652614,-0.7652675,-0.64171886,0.7647859,0.057441175
1356507231365,0.6036593,0.44326368,0.66265583,0.4883679,0.45138252,-0.74682707,-0.6301526,0.77444893,0.056005478
1356507231406,0.5803373,0.41070938,0.70322573,0.5308137,0.46410996,-0.7091112,-0.6176127,0.78480554,0.05133012
1356507231446,0.53612536,0.37398306,0.75677353,0.58737445,0.478603,-0.65263337,-0.60626787,0.7944028,0.03692314
1356507231487,0.4728029,0.34970593,0.80880356,0.6462935,0.48629525,-0.5880659,-0.59896743,0.8007638,0.003909111
1356507231525,0.39678544,0.3539021,0.84694433,0.69714904,0.4840312,-0.5288639,-0.5971135,0.8002919,-0.054665983
1356507231565,0.3153808,0.38775936,0.86612797,0.73694015,0.4749558,-0.4809743,-0.59787476,0.78997445,-0.13596344
1356507231605,0.23353663,0.43289685,0.870667,0.76850104,0.46640655,-0.4380309,-0.59570694,0.7714047,-0.22375864
1356507231646,0.15139237,0.45754832,0.87620205,0.79378635,0.4719617,-0.3836085,-0.5890532,0.7535926,-0.29174417
1356507231687,0.074950784,0.45088756,0.88942826,0.80993557,0.49278656,-0.31806558,-0.5817101,0.7442189,-0.32825512
1356507231725,0.0049842373,0.41468605,0.909951,0.8158822,0.5244573,-0.24347651,-0.57819664,0.7436263,-0.33572096
1356507231765,-0.05567661,0.35243255,0.9341796,0.8128974,0.5592654,-0.16254261,-0.57973963,0.75034225,-0.31762952
1356507231805,-0.10311615,0.27412152,0.95615077,0.8051628,0.5874166,-0.081575215,-0.5840204,0.76144534,-0.28128463
1356507231845,-0.13375077,0.19205007,0.97222817,0.79757714,0.60314345,-0.009418756,-0.5882019,0.7741672,-0.23384565
1356507231886,-0.14585774,0.1164076,0.9824331,0.7933508,0.60703504,0.045858473,-0.591033,0.7861029,-0.18089277
1356507231925,-0.13806401,0.057433486,0.98875666,0.79348207,0.6038647,0.07572058,-0.59272647,0.795015,-0.12894446
1356507231967,-0.11485882,0.0128670335,0.9932985,0.79585093,0.59960115,0.084260106,-0.5944987,0.8001955,-0.07910973
1356507232005,-0.07307957,-0.011282057,0.9972623,0.7988069,0.5980327,0.06530231,-0.59713227,0.80139226,-0.03469181
1356507232046,-0.019958496,-0.020278305,0.99959517,0.7975205,0.6026347,0.028149158,-0.60296154,0.7977594,0.004144728
1356507232101,0.048165306,-0.007883549,0.99880826,0.78868866,0.61389637,-0.03318733,-0.6129031,0.78934723,0.035786152
1356507232129,0.12960409,0.029270649,0.9911337,0.76903474,0.62801176,-0.11910835,-0.62592995,0.7776532,0.058882773
1356507232166,0.22519445,0.09403396,0.9697654,0.7380272,0.6333426,-0.23279375,-0.6360843,0.76813716,0.07322562
1356507232208,0.32129368,0.17145628,0.9313288,0.6982959,0.62140507,-0.35530084,-0.63965094,0.7644989,0.07992631
1356507232247,0.40879723,0.24552162,0.87897897,0.65418607,0.59272003,-0.46981227,-0.6363375,0.76707375,0.08168548
1356507232287,0.47915134,0.30342278,0.8236192,0.61249495,0.5565342,-0.56135523,-0.6287002,0.77343667,0.08081919
1356507232328,0.5290699,0.34138885,0.77687746,0.5802943,0.5224241,-0.62476516,-0.61914736,0.78136206,0.07829285
1356507232368,0.55786055,0.36029166,0.7476506,0.56323165,0.4972934,-0.65990096,-0.6095586,0.78923327,0.07449269
1356507232409,0.5664608,0.36303714,0.73981506,0.5650167,0.4824174,-0.6693501,-0.59989864,0.79716843,0.068148464
1356507232447,0.551216,0.35048765,0.75717854,0.5891143,0.47915116,-0.6506601,-0.5908513,0.80471903,0.057638496
1356507232488,0.5178815,0.3366583,0.7864222,0.6253345,0.47833052,-0.6165685,-0.5837427,0.81108636,0.03719449
1356507232527,0.46772897,0.33424133,0.8182373,0.6660568,0.47526914,-0.5748805,-0.5810318,0.8138808,-3.2657385E-4
1356507232567,0.41088042,0.36009625,0.83756065,0.6998998,0.46412268,-0.5428908,-0.58422387,0.8092718,-0.061332405
1356507232607,0.35674652,0.4194492,0.83474207,0.72343326,0.4413124,-0.530931,-0.59108067,0.793288,-0.14600682
1356507232648,0.30517483,0.48845327,0.81748503,0.7437788,0.41382337,-0.52492213,-0.5946943,0.768221,-0.23701274
1356507232687,0.25577992,0.5405218,0.80150664,0.76486987,0.39389652,-0.50972503,-0.5912281,0.74342567,-0.31267798
1356507232727,0.2043772,0.5584116,0.80399406,0.7860795,0.3958396,-0.47475246,-0.58335996,0.7290319,-0.35805535
1356507232768,0.14932793,0.540151,0.82821375,0.8033327,0.42208457,-0.42012024,-0.57650465,0.7280669,-0.370892
1356507232807,0.093129456,0.49358937,0.8646944,0.8137882,0.46263748,-0.3517319,-0.57365113,0.7364347,-0.35859203
1356507232848,0.03559357,0.41876328,0.9073976,0.817266,0.5103641,-0.26759076,-0.5751604,0.7511097,-0.32407534
1356507232887,-0.014622927,0.33097738,0.9435254,0.8151749,0.55039287,-0.18043748,-0.57903033,0.76649964,-0.27785277
1356507232928,-0.055822447,0.23643255,0.970043,0.8094672,0.5794848,-0.094658285,-0.5845055,0.7799339,-0.22373265
1356507232966,-0.08245537,0.1467847,0.98572576,0.8029233,0.595693,-0.021540761,-0.5903518,0.7896861,-0.16697496
1356507233008,-0.093147874,0.06954166,0.9932207,0.79807127,0.601674,0.032719076,-0.59531975,0.79570866,-0.111543834
1356507233047,-0.08771795,0.009290934,0.9961021,0.79590124,0.6019838,0.06447312,-0.59903824,0.7984543,-0.06019944
1356507233101,-0.06679456,-0.032012165,0.99725306,0.7950165,0.60222983,0.072580814,-0.6028991,0.7976807,-0.014775455
1356507233127,-0.030791879,-0.052779466,0.99813133,0.79226565,0.60754853,0.056567192,-0.6093988,0.792527,0.023107827
1356507233168,0.021859512,-0.048674196,0.9985755,0.7842691,0.6202833,0.01306659,-0.6200357,0.78286624,0.05173272
1356507233207,0.093792975,-0.013160706,0.9955048,0.7681039,0.63712436,-0.063945234,-0.63341886,0.77064866,0.06986654
1356507233246,0.18365735,0.05521974,0.98143816,0.7421875,0.6468649,-0.17528147,-0.64453685,0.7606028,0.077818096
1356507233276,0.27397352,0.13536143,0.9521638,0.7084781,0.6411198,-0.29499876,-0.6503825,0.755409,0.07974923
1356507233317,0.34870002,0.20788705,0.913888,0.6775727,0.61777467,-0.3990609,-0.6475364,0.7583781,0.07455945
1356507233358,0.39646024,0.25418752,0.88216096,0.65916806,0.59000796,-0.46624893,-0.63899666,0.7663415,0.06636238
1356507233397,0.41510236,0.2712928,0.8683837,0.6578144,0.56986415,-0.49247855,-0.62846667,0.77566427,0.05809164
1356507233437,0.40554821,0.26263055,0.8755318,0.67356586,0.5616524,-0.48047432,-0.6179317,0.7845838,0.050878167
1356507233477,0.3689769,0.23240216,0.8999141,0.70344657,0.5629977,-0.4338163,-0.6074694,0.79310966,0.044250667
1356507233518,0.30688903,0.1862078,0.9333519,0.74130285,0.56827635,-0.3571163,-0.5968996,0.8014915,0.036361396
1356507233557,0.22939965,0.1389024,0.9633701,0.77655375,0.57059324,-0.26718482,-0.586805,0.8094007,0.023028731
1356507233598,0.14589453,0.1068261,0.9835156,0.80166423,0.56977516,-0.18080577,-0.5796975,0.8148279,-0.002511561
1356507233638,0.06552248,0.10666916,0.99213326,0.8126203,0.57131606,-0.11509207,-0.57909846,0.81376874,-0.049247503
1356507233677,-0.012931615,0.13593757,0.990633,0.8111443,0.5807493,-0.06910351,-0.5847031,0.8026527,-0.11777496
1356507233718,-0.086674094,0.19025934,0.97790027,0.80097264,0.5969954,-0.045158327,-0.59239376,0.7793573,-0.20413655
1356507233757,-0.16455507,0.2308889,0.958964,0.78720695,0.6165441,-0.013362616,-0.5943289,0.75270426,-0.28321278
1356507233798,-0.2400846,0.24047926,0.9404942,0.7711487,0.63573045,0.034302086,-0.5896518,0.7334962,-0.33807433
1356507233836,-0.3095864,0.21295169,0.92671883,0.7510145,0.6525239,0.100945204,-0.58320975,0.72723055,-0.3619423
1356507233878,-0.36702955,0.1566709,0.9169207,0.7277844,0.66225964,0.1781632,-0.57932657,0.7327117,-0.3570915
1356507233919,-0.40814826,0.08290255,0.9091437,0.7059335,0.6601136,0.25672555,-0.5788549,0.746577,-0.3279479
1356507233957,-0.4305545,0.0103547275,0.90250516,0.6918049,0.64600253,0.32262477,-0.57967997,0.763265,-0.28530276
1356507233998,-0.4361266,-0.05797273,0.8980161,0.68757504,0.6223262,0.37409985,-0.5805465,0.7806083,-0.23155242
1356507234037,-0.42485303,-0.11170006,0.8983445,0.69442075,0.59642005,0.40257046,-0.58075786,0.7948624,-0.17582399
1356507234101,-0.4011018,-0.15398681,0.9029979,0.70840746,0.5728234,0.41234958,-0.5807547,0.8050847,-0.12067503
1356507234119,-0.36467078,-0.18328595,0.9129192,0.7274577,0.5559156,0.40219778,-0.5812233,0.81077987,-0.069393456
1356507234158,-0.3167033,-0.19919053,0.9273737,0.7479198,0.5488676,0.37331003,-0.58336514,0.81182975,-0.024849594
1356507234197,-0.26043078,-0.20425457,0.94363976,0.7646588,0.5530826,0.33075154,-0.58946824,0.8077003,0.012145281
1356507234237,-0.19606277,-0.19645688,0.96071017,0.77547693,0.56856847,0.2745275,-0.6001624,0.7988332,0.040872693
1356507234277,-0.12689456,-0.17493907,0.97636783,0.77885807,0.59195614,0.20728773,-0.6142297,0.78675556,0.061136663
1356507234318,-0.054831326,-0.1377801,0.98894405,0.77695847,0.6162086,0.12892836,-0.6271596,0.77543765,0.07326186
1356507234358,0.016466618,-0.08773577,0.9960077,0.77297646,0.6329773,0.04297802,-0.63422096,0.7691828,0.07824069
1356507234395,0.082667574,-0.033730626,0.9960062,0.7686017,0.6383358,-0.042175442,-0.63436383,0.76901865,0.07869506
1356507234435,0.13776177,0.013946503,0.99036723,0.76500094,0.63361764,-0.11533561,-0.6291227,0.7735206,0.07661921
1356507234473,0.17790076,0.04908082,0.9828237,0.7629286,0.62393296,-0.16925591,-0.62152326,0.7799351,0.073552966
1356507234516,0.20088753,0.06973225,0.97712934,0.76376563,0.61346614,-0.20080185,-0.6134381,0.78663635,0.069978654
1356507234557,0.20608646,0.07691324,0.9755063,0.7689568,0.6038057,-0.21005726,-0.6051725,0.7934122,0.06529319
1356507234595,0.19252732,0.07243666,0.97861445,0.7787255,0.59553814,-0.19728377,-0.59709275,0.80005455,0.058249056
1356507234636,0.1644952,0.06689814,0.9841067,0.79052997,0.587747,-0.17209268,-0.58991843,0.80627424,0.0437966
1356507234675,0.119650334,0.06727794,0.99053395,0.8015802,0.58212876,-0.13636464,-0.58579266,0.8103085,0.015723228
1356507234716,0.061670005,0.090305924,0.9940029,0.80701506,0.5814969,-0.10289836,-0.5873019,0.808521,-0.037017345
1356507234755,-0.011443526,0.13230976,0.9911424,0.8055427,0.5884764,-0.069256395,-0.59242725,0.79761493,-0.11331546
1356507234795,-0.09290376,0.18308717,0.97869706,0.79767686,0.6019559,-0.036889076,-0.59588635,0.7772569,-0.20196831
1356507234835,-0.17417319,0.21699181,0.9605094,0.7856108,0.6187152,0.0026821196,-0.5936998,0.75505364,-0.27823472
1356507234875,-0.24474382,0.21909583,0.94450915,0.7706172,0.6351445,0.052351326,-0.5884298,0.7406676,-0.3242867
1356507234915,-0.2983647,0.1899806,0.93535334,0.75447667,0.64717555,0.109219074,-0.58458835,0.73828936,-0.33643025
1356507234955,-0.33272728,0.14027578,0.93253165,0.7406248,0.65100694,0.16632742,-0.58375293,0.7459977,-0.32049954
1356507234996,-0.3471924,0.08061004,0.9343231,0.73297894,0.6447981,0.21674246,-0.5849781,0.7600904,-0.2829545
1356507235035,-0.3429049,0.024562329,0.93904895,0.7335799,0.6314101,0.2513599,-0.58675104,0.77505994,-0.23453206
1356507235101,-0.32182717,-0.02445975,0.94648236,0.7413461,0.61530006,0.26797694,-0.5889253,0.7879134,-0.17988718
1356507235118,-0.28449962,-0.061816007,0.9566811,0.75449157,0.6012137,0.2632196,-0.591441,0.7966937,-0.124405384
1356507235158,-0.23309144,-0.084540814,0.968773,0.76981246,0.5926621,0.23693976,-0.59418607,0.80100214,-0.07306391
1356507235198,-0.1711466,-0.09313461,0.9808337,0.78295004,0.5914602,0.19277954,-0.59807855,0.8009374,-0.028306663
1356507235238,-0.10075122,-0.08617678,0.99117243,0.79034066,0.59820217,0.13234726,-0.6043267,0.796698,0.007839441
1356507235277,-0.026884437,-0.06424096,0.9975723,0.7888758,0.6115534,0.06064245,-0.61396444,0.7885909,0.03423685
1356507235318,0.046756893,-0.027198851,0.9985359,0.77838117,0.6274935,-0.019355923,-0.6260483,0.7781466,0.050510705
1356507235358,0.1162643,0.022420585,0.9929652,0.7613903,0.6399624,-0.10359964,-0.63778317,0.76807904,0.057333946
1356507235397,0.18086457,0.07864061,0.98035896,0.7423179,0.64297897,-0.18852618,-0.64517605,0.7618358,0.057915747
1356507235438,0.23837465,0.13312122,0.96200633,0.725068,0.63461053,-0.26748043,-0.6461067,0.7612806,0.054753125
1356507235476,0.29065153,0.18153706,0.9394498,0.70889306,0.61858547,-0.33885473,-0.64264476,0.7644581,0.05110246
1356507235517,0.33632547,0.2205387,0.9155588,0.69398165,0.5991542,-0.3992539,-0.6366118,0.7696603,0.04846096
1356507235557,0.37563264,0.250363,0.89231074,0.6802484,0.57941484,-0.4489327,-0.6294142,0.7756267,0.047338128
1356507235595,0.4075629,0.2709748,0.8720465,0.66941905,0.56086576,-0.4871424,-0.62110436,0.7823057,0.047192395
1356507235637,0.4305072,0.28305638,0.85705465,0.6639621,0.54390526,-0.51314855,-0.6114065,0.789966,0.04621643
1356507235675,0.44142413,0.28977358,0.8492209,0.66616577,0.5282135,-0.52651083,-0.60113883,0.7981365,0.040128946
1356507235717,0.43562356,0.29869345,0.8491257,0.6771525,0.5127616,-0.5277689,-0.59304017,0.8048962,0.021109998
1356507235755,0.40807328,0.32100445,0.85465336,0.6959134,0.49655607,-0.51878387,-0.5909152,0.8064665,-0.02076
1356507235796,0.35781452,0.36274517,0.8604561,0.7189648,0.48098013,-0.5017447,-0.59586775,0.7981692,-0.08869934
1356507235836,0.29097077,0.4220169,0.85862553,0.74165523,0.4674467,-0.48108336,-0.60438704,0.77678525,-0.1769777
1356507235876,0.22421789,0.47622854,0.85025454,0.7611365,0.459284,-0.45796233,-0.608603,0.74984306,-0.2594952
1356507235916,0.17272016,0.51095,0.8420794,0.7759115,0.45605,-0.43586656,-0.6067363,0.728662,-0.31768298
1356507235956,0.14024907,0.5205368,0.8422421,0.78574693,0.45906538,-0.41456103,-0.60243845,0.7199309,-0.34462667
1356507235996,0.12569922,0.5054136,0.8536725,0.790976,0.4683246,-0.39373726,-0.598796,0.724727,-0.34090197
1356507236035,0.12442893,0.47272927,0.8723786,0.793008,0.4810617,-0.37378845,-0.5963687,0.7383133,-0.31502014
1356507236099,0.13349771,0.42738736,0.8941579,0.7932011,0.4948234,-0.35493928,-0.59414685,0.7566306,-0.2729463
1356507236118,0.15143046,0.3771034,0.9137078,0.7919757,0.50683236,-0.3404343,-0.59147567,0.7751864,-0.22190684
1356507236159,0.17744344,0.32695782,0.9282308,0.78878236,0.5167759,-0.33281398,-0.5885034,0.7912277,-0.16620004
1356507236198,0.21191669,0.28650227,0.9343488,0.7824615,0.5230729,-0.33785903,-0.5855299,0.8026899,-0.11332911
1356507236237,0.2511342,0.25576174,0.9335511,0.77218914,0.52861434,-0.35254896,-0.583657,0.8094151,-0.06474334
1356507236277,0.29650882,0.23859233,0.92474663,0.75526434,0.53405,-0.37995577,-0.58451545,0.8110883,-0.021849751
1356507236318,0.34646523,0.23697446,0.90763706,0.7289919,0.5409164,-0.41950005,-0.59036654,0.80700225,0.014656246
1356507236357,0.40029252,0.25405025,0.88046825,0.69165796,0.5465228,-0.4721462,-0.6011449,0.79797953,0.04305309
1356507236398,0.45326114,0.2901016,0.8428496,0.6435891,0.54770094,-0.5346184,-0.6167232,0.7847705,0.061545312
1356507236438,0.5047196,0.34081644,0.7931596,0.58833003,0.5365754,-0.6049418,-0.63176405,0.7719657,0.07030755
1356507236478,0.5489954,0.39412868,0.73706627,0.53492594,0.51190794,-0.672164,-0.6422292,0.7632908,0.07020545
1356507236517,0.58515763,0.43922332,0.68166953,0.49004582,0.4782275,-0.72880286,-0.64610034,0.76051384,0.06459895
1356507236557,0.61204994,0.47014752,0.63589007,0.45794913,0.44484082,-0.7696747,-0.6447305,0.7622847,0.05696115
1356507236597,0.6286733,0.4860073,0.6070971,0.44121334,0.4199469,-0.7930797,-0.64039105,0.76644737,0.04957649
1356507236636,0.6328305,0.48665506,0.6022395,0.4435314,0.40970507,-0.7971334,-0.63466954,0.7715624,0.04342705
1356507236677,0.6213559,0.47098452,0.62617135,0.46899462,0.4166261,-0.7787598,-0.62766314,0.7775579,0.037983865
1356507236717,0.5862304,0.43573406,0.6829859,0.52212703,0.44139522,-0.7297627,-0.61944914,0.7844144,0.031250745
1356507236757,0.51901835,0.3824062,0.7644511,0.597891,0.47672313,-0.6444079,-0.61085707,0.7915179,0.018790841
1356507236797,0.41792294,0.3241355,0.8486911,0.6784713,0.50990164,-0.52884495,-0.6041664,0.796829,-0.006817043
1356507236836,0.2966324,0.28496248,0.9114854,0.74128,0.5330397,-0.407888,-0.60209066,0.7966587,-0.053120136
1356507236876,0.17742157,0.28544608,0.9418291,0.77598846,0.5480215,-0.31227285,-0.6052797,0.78625244,-0.12427205
1356507236915,0.064918816,0.30538198,0.95001435,0.79098237,0.5646731,-0.23556545,-0.60838497,0.76673734,-0.20489383
1356507236956,-0.034626476,0.32294455,0.9457842,0.79415464,0.5834143,-0.17013574,-0.60672855,0.74520767,-0.2766695
1356507236995,-0.1286053,0.30947316,0.94217145,0.78914475,0.60731345,-0.0917657,-0.6005925,0.7317081,-0.32232285
1356507237036,-0.21495402,0.25992015,0.94140124,0.77559674,0.6312225,0.0028150976,-0.5935019,0.7307528,-0.33727705
1356507237100,-0.29189214,0.1809892,0.9391708,0.7540281,0.64764357,0.109541714,-0.588422,0.74013555,-0.325513
1356507237117,-0.3553884,0.08672032,0.93068725,0.72825694,0.6498616,0.21753588,-0.58595306,0.75508916,-0.2941079
1356507237157,-0.40320745,-0.010061294,0.91505325,0.70303047,0.63670766,0.31678292,-0.58580863,0.7710396,-0.24965191
1356507237197,-0.4349542,-0.09743431,0.89516556,0.6822548,0.61313474,0.39823908,-0.58765924,0.7839467,-0.20021045
1356507237237,-0.4534305,-0.173131,0.8743148,0.66668844,0.5851718,0.4616281,-0.59154654,0.7922119,-0.14991027
1356507237275,-0.46073914,-0.23564541,0.8556814,0.6569589,0.5577,0.50732213,-0.5967617,0.7958906,-0.1021449
1356507237316,-0.45946476,-0.28627408,0.84079677,0.65229833,0.5337299,0.53818136,-0.6028258,0.79572576,-0.05849397
1356507237353,-0.4513044,-0.32557404,0.83085847,0.6516773,0.51581764,0.5561015,-0.6096237,0.7924227,-0.020621598
1356507237395,-0.4393178,-0.35681164,0.8244303,0.65177417,0.504966,0.56586194,-0.6182154,0.78593564,0.010720074
1356507237436,-0.42459452,-0.3798953,0.8218265,0.6514734,0.50215185,0.5687054,-0.62873024,0.77686745,0.034280777
1356507237475,-0.40795907,-0.39257133,0.8242919,0.65249944,0.5061313,0.5639819,-0.63860303,0.7679316,0.04967171
1356507237516,-0.3899979,-0.3925768,0.8329376,0.65760374,0.5144433,0.5503685,-0.64456105,0.7623854,0.057528198
1356507237555,-0.3707124,-0.38065273,0.8471576,0.6687389,0.52356493,0.5278902,-0.6444849,0.76222265,0.060465217
1356507237597,-0.35161582,-0.3609984,0.8637397,0.6846101,0.53013635,0.5002643,-0.6384945,0.76722586,0.06073886
1356507237635,-0.3386917,-0.3441988,0.87567973,0.6984254,0.5316546,0.4791088,-0.6304678,0.77386725,0.06033027
1356507237676,-0.33420932,-0.3336419,0.8814687,0.7080555,0.5283954,0.46846092,-0.62206227,0.7806928,0.059642315
1356507237715,-0.339962,-0.33017272,0.88057476,0.7123695,0.52088386,0.4703294,-0.6139671,0.78718865,0.058124244
1356507237756,-0.353372,-0.32964253,0.87547916,0.71250033,0.511598,0.48021945,-0.6061941,0.7934754,0.05408609
1356507237796,-0.36916566,-0.32363415,0.8711933,0.7105217,0.5059642,0.48903906,-0.5990623,0.79953814,0.043164432
1356507237835,-0.386199,-0.30758798,0.8696207,0.7055731,0.50875217,0.49329287,-0.59415233,0.8040901,0.020546138
1356507237875,-0.40123442,-0.2721639,0.8746072,0.69732034,0.52837086,0.48432294,-0.59393215,0.8042084,-0.022215128
1356507237915,-0.4166688,-0.2154699,0.8831534,0.6836335,0.56608224,0.46064755,-0.59919316,0.79569066,-0.08856636
1356507237956,-0.43392736,-0.14246899,0.889612,0.6660117,0.61425,0.423232,-0.6067416,0.776144,-0.17165387
1356507237995,-0.45378643,-0.07226935,0.8881751,0.6488564,0.65636945,0.38492143,-0.610789,0.75097024,-0.2509591
1356507238036,-0.4738322,-0.023430526,0.8803034,0.63576573,0.68259174,0.36037546,-0.6093316,0.7304242,-0.3085376
1356507238101,-0.48988408,-0.003324926,0.87178135,0.6275261,0.69281566,0.355271,-0.605165,0.7211071,-0.33731288
1356507238118,-0.4984836,-0.009715825,0.86684465,0.6244366,0.6895839,0.36681464,-0.601326,0.72414064,-0.33767933
1356507238157,-0.49522468,-0.03099665,0.8682118,0.62926257,0.6762284,0.3830715,-0.59898347,0.73603964,-0.31537998
1356507238197,-0.47803465,-0.05692357,0.87649447,0.64383626,0.6560744,0.3937528,-0.5974594,0.7525464,-0.27697682
1356507238237,-0.44559455,-0.08097026,0.89156556,0.6680001,0.63295096,0.39134237,-0.59600437,0.769946,-0.22795135
1356507238277,-0.39557046,-0.09536812,0.91347086,0.7001505,0.61237806,0.36712736,-0.5944017,0.78479177,-0.17546666
1356507238315,-0.32898647,-0.09987539,0.93903816,0.73494667,0.59732926,0.32101572,-0.59297657,0.7957529,-0.123110116
1356507238357,-0.2433447,-0.09055811,0.9657032,0.76805013,0.59005296,0.24887043,-0.5923533,0.80226976,-0.07403308
1356507238396,-0.13847685,-0.06553644,0.98819494,0.7924539,0.59113574,0.15025115,-0.5940043,0.8039052,-0.029924035
1356507238435,-0.013242871,-0.018742323,0.99973655,0.80055875,0.59885645,0.021831423,-0.59910786,0.800637,0.00707376
1356507238475,0.12361802,0.05045098,0.99104667,0.7833163,0.6081616,-0.1286664,-0.60920787,0.79220843,0.035660684
1356507238516,0.2672375,0.14684877,0.95237577,0.7348857,0.60823226,-0.29999423,-0.6233194,0.7800571,0.054625392
1356507238555,0.401617,0.25981697,0.87817925,0.65745115,0.5857546,-0.47397208,-0.6375435,0.7677152,0.064432025
1356507238596,0.50839055,0.36575022,0.7795934,0.56753576,0.5385675,-0.62277466,-0.6476436,0.75905985,0.066226274
1356507238635,0.5860629,0.4474694,0.675501,0.48250788,0.47701052,-0.73460686,-0.6509352,0.7564603,0.06365064
1356507238676,0.6386936,0.49835634,0.58626914,0.41612238,0.41718543,-0.80795944,-0.6472347,0.7599982,0.0590764
1356507238715,0.6758333,0.52659386,0.51570183,0.36678076,0.36661142,-0.8550252,-0.63931316,0.7670039,0.054623693
1356507238756,0.7023369,0.5387879,0.46522096,0.33341047,0.32843998,-0.883722,-0.62893593,0.77578014,0.051037997
1356507238795,0.7206259,0.5405958,0.4341134,0.31461832,0.30298242,-0.89956486,-0.6178298,0.78482974,0.048255593
1356507238835,0.7319748,0.53475994,0.42219046,0.31129798,0.28870443,-0.9053968,-0.60605824,0.79415464,0.04485467
1356507238875,0.7353057,0.5243377,0.42941284,0.32547474,0.28255713,-0.9023456,-0.5944675,0.8032629,0.0371072
1356507238915,0.72825754,0.51572216,0.45129988,0.35635823,0.27751774,-0.8921842,-0.5853629,0.81056434,0.018322527
1356507238956,0.7083595,0.5189617,0.47844073,0.39963028,0.26385772,-0.8778808,-0.5818268,0.81305456,-0.020486683
1356507238995,0.6762707,0.5402049,0.5008359,0.4488099,0.23698238,-0.86163163,-0.58414686,0.8074764,-0.08218503
1356507239035,0.63730323,0.57826734,0.50936383,0.4969358,0.1968013,-0.845177,-0.5889817,0.79175514,-0.16193962
1356507239097,0.59829384,0.6187129,0.5091551,0.54133403,0.15638119,-0.8261371,-0.59076387,0.76989573,-0.24136841
1356507239118,0.56518584,0.6470603,0.5117401,0.57895005,0.13080025,-0.80480313,-0.5876919,0.75113523,-0.30068916
1356507239157,0.5399295,0.6570487,0.5260828,0.60779035,0.12804317,-0.7837065,-0.58229464,0.74289435,-0.33021355
1356507239197,0.5214532,0.64882046,0.5541828,0.6281051,0.14773649,-0.7639751,-0.5775557,0.7464623,-0.33048978
1356507239237,0.5081964,0.6239076,0.59369665,0.64165956,0.18552172,-0.74421424,-0.5744645,0.7591581,-0.30605477
1356507239278,0.49931768,0.58521706,0.6389076,0.6502895,0.23416242,-0.72269744,-0.57254297,0.77633053,-0.26363903
1356507239318,0.4950796,0.53633153,0.683553,0.65448165,0.28723267,-0.6993934,-0.57144547,0.79362833,-0.20881611
1356507239357,0.4977058,0.48628718,0.7182017,0.65276486,0.33524033,-0.6793467,-0.57112783,0.8069316,-0.15058017
1356507239398,0.50748914,0.44026858,0.7406877,0.64416486,0.37706715,-0.6654862,-0.5722817,0.8148521,-0.09224808
