1356507928790,-0.5181024,0.3694824,-0.7713965,-0.56204194,0.53276134,0.63267225,0.6447315,0.7613463,-0.06836033
1356507928833,0.31126624,-0.17985287,0.9331485,0.698159,-0.6229031,-0.35293868,0.6447382,0.76134396,-0.068322815
1356507928893,0.31097478,-0.17986366,0.9332437,0.6982634,-0.6229059,-0.35272723,0.6447658,0.7613391,-0.06811583
1356507928911,0.31032157,-0.18004233,0.9334266,0.698521,-0.6228255,-0.35235882,0.6448014,0.7613627,-0.06751284
1356507928950,0.30950266,-0.18072426,0.9335667,0.6989431,-0.62243474,-0.35221237,0.6447377,0.7615207,-0.06632921
1356507928988,0.30902648,-0.18225107,0.9334277,0.6995007,-0.6214116,-0.35291126,0.64436126,0.7619922,-0.06454787
1356507929031,0.30928516,-0.18468606,0.93286324,0.70031875,-0.6194032,-0.3548144,0.64334774,0.7630404,-0.06223306
1356507929070,0.31086713,-0.18791565,0.93169165,0.70144224,-0.6161122,-0.3583079,0.64135826,0.7649141,-0.05971706
1356507929110,0.3144459,-0.19151857,0.929755,0.7029722,-0.6112184,-0.36365104,0.6379293,0.7679405,-0.05756285
1356507929150,0.32129824,-0.19512057,0.9266583,0.7047384,-0.6043599,-0.37160867,0.63254356,0.77244884,-0.056670867
1356507929190,0.3334576,-0.19849706,0.92163175,0.7059549,-0.59535086,-0.38364714,0.624847,0.77856046,-0.058394335
1356507929230,0.3536393,-0.20161337,0.91339546,0.70478374,-0.5845936,-0.40190822,0.6149952,0.7858768,-0.06464145
1356507929271,0.38536096,-0.20455727,0.89980733,0.6980927,-0.5730706,-0.42925125,0.6034596,0.7935656,-0.07803908
1356507929310,0.42553508,-0.2065385,0.88105714,0.6847416,-0.5630529,-0.46270972,0.5916492,0.80019575,-0.09817323
1356507929352,0.47207502,-0.20694076,0.85692513,0.6641981,-0.5556544,-0.50008905,0.579643,0.80524755,-0.12486088
1356507929390,0.5177611,-0.20401199,0.83084446,0.6404373,-0.5514796,-0.53451884,0.56724197,0.80885684,-0.15487778
1356507929431,0.55879635,-0.19667082,0.8056471,0.6172292,-0.55019224,-0.56242025,0.5538724,0.8115473,-0.18605441
1356507929470,0.5940883,-0.1840307,0.7830656,0.5970715,-0.5514581,-0.5825801,0.5390405,0.81365025,-0.21773532
1356507929511,0.62337375,-0.16551477,0.76420546,0.58154416,-0.55518854,-0.5946192,0.5226964,0.8150893,-0.24983582
1356507929552,0.64993256,-0.14182343,0.7466417,0.5686342,-0.56105965,-0.601554,0.50422496,0.8155355,-0.28400528
1356507929590,0.6721463,-0.11287589,0.7317639,0.5599488,-0.5691314,-0.6021187,0.48443443,0.8144621,-0.3193348
1356507929633,0.69612193,-0.081985414,0.7132269,0.54931676,-0.57881826,-0.6026778,0.4622395,0.8113247,-0.35789213
1356507929670,0.71549,-0.048726544,0.69692165,0.54278755,-0.58927095,-0.5984492,0.43983597,0.80646485,-0.3951693
1356507929725,0.7324871,-0.017485112,0.6805564,0.53700876,-0.5995906,-0.5933909,0.41843072,0.8001159,-0.42980272
1356507929755,0.7411507,0.011820555,0.6712346,0.5375437,-0.60941607,-0.58280253,0.4021721,0.7927624,-0.4580232
1356507929792,0.73615617,0.039090365,0.6756819,0.5493305,-0.617686,-0.56276107,0.39536065,0.7854527,-0.47618687
1356507929833,0.7133219,0.06378719,0.6979277,0.57414305,-0.62427855,-0.52975094,0.40190998,0.7785933,-0.48193455
1356507929870,0.6699533,0.08758137,0.7372192,0.6115022,-0.62819535,-0.4810776,0.42098427,0.7731107,-0.47441772
1356507929911,0.60526985,0.11193818,0.7881105,0.65798277,-0.6275663,-0.41619608,0.44800338,0.7704741,-0.45350036
1356507929951,0.5160295,0.13801405,0.84537905,0.7103616,-0.6204424,-0.33232164,0.47864395,0.7720126,-0.4182064
1356507929991,0.4069055,0.16527057,0.89839494,0.7593648,-0.6078558,-0.23211282,0.5077332,0.7766575,-0.37284052
1356507930032,0.2781407,0.19157079,0.94124293,0.79860675,-0.59061086,-0.11578438,0.5337274,0.7838874,-0.31726262
1356507930070,0.14857584,0.212255,0.9658535,0.81946254,-0.57313275,-1.0564923E-4,0.5535398,0.7914965,-0.2590887
1356507930111,0.026489913,0.22465664,0.9740779,0.824277,-0.5562018,0.10586357,0.56556684,0.80010563,-0.19991305
1356507930150,-0.07212293,0.2254056,0.97159183,0.81867695,-0.54303855,0.18675461,0.5697073,0.80888903,-0.14536887
1356507930193,-0.14661455,0.21599951,0.965323,0.81115246,-0.5322799,0.2423012,0.5661589,0.8185489,-0.097168624
1356507930230,-0.19055974,0.19527382,0.9620577,0.8078645,-0.5255739,0.2666964,0.55771136,0.82803386,-0.05760154
1356507930270,-0.21088594,0.16773522,0.963012,0.81131,-0.51949215,0.26814926,0.5452552,0.8378501,-0.026531726
1356507930312,-0.20676792,0.13315883,0.9692862,0.8229667,-0.5121087,0.24590763,0.5291246,0.848536,-0.0036976337
1356507930350,-0.17607653,0.09151998,0.9801128,0.841223,-0.5030898,0.19810212,0.5112151,0.85937464,0.01159361
1356507930391,-0.12261355,0.04762867,0.99131095,0.86264014,-0.48877853,0.13018242,0.49073198,0.87110674,0.018844515
1356507930430,-0.03947532,-2.9593706E-5,0.9992206,0.8821497,-0.469679,0.03483641,0.46931186,0.8828373,0.018566817
1356507930472,0.07335812,-0.04928857,0.99608696,0.8905204,-0.4464156,-0.08767313,0.44899008,0.89346725,0.0111442655
1356507930510,0.20053518,-0.097821355,0.9747906,0.8781308,-0.4232068,-0.2231195,0.43436384,0.9007369,0.0010320991
1356507930551,0.3136211,-0.13893926,0.9393283,0.84725046,-0.40570307,-0.34288728,0.42872885,0.903383,-0.009520695
1356507930590,0.3941452,-0.17053846,0.9030871,0.8108479,-0.39804274,-0.42905426,0.4326375,0.9013759,-0.01860585
1356507930630,0.43748268,-0.19134676,0.87863266,0.7820771,-0.40127513,-0.47679532,0.44380665,0.89574814,-0.025903016
1356507930670,0.44748676,-0.20027626,0.87157625,0.76728123,-0.41465813,-0.48922214,0.4593857,0.88766444,-0.031885833
1356507930730,0.42840365,-0.19511503,0.8822701,0.7677688,-0.43624166,-0.4692807,0.47644666,0.87842095,-0.03708428
1356507930752,0.385023,-0.17462477,0.9062359,0.7797227,-0.46378273,-0.42064008,0.49375075,0.8685688,-0.04240808
1356507930792,0.32221448,-0.13720602,0.9366709,0.7974441,-0.49386954,-0.34666386,0.5101576,0.8586428,-0.04971779
1356507930831,0.2529136,-0.08498618,0.96374893,0.81316304,-0.52106243,-0.25934464,0.52421415,0.84927684,-0.0626761
1356507930860,0.18311286,-0.021513492,0.9828565,0.82489455,-0.5405126,-0.16551462,0.5348071,0.8410609,-0.08122845
1356507930900,0.1569525,0.037239254,0.9869039,0.8285638,-0.5487685,-0.11106393,0.5374458,0.8351445,-0.11698571
1356507930939,0.1587941,0.10066548,0.9821664,0.8334496,-0.54696393,-0.07868987,0.5292883,0.83108175,-0.17075424
1356507930981,0.29196584,0.09206596,0.9519873,0.8086772,-0.55523133,-0.19431794,0.5106831,0.8265846,-0.23656024
1356507931020,0.22777522,0.20953545,0.9509014,0.8413887,-0.53387797,-0.08390054,0.49008515,0.8191881,-0.29790494
1356507931062,0.18189189,0.2905947,0.93939877,0.8598716,-0.51043797,-0.008593917,0.4770074,0.8093255,-0.34271866
1356507931100,0.13670826,0.34319407,0.9292624,0.869479,-0.49106973,0.05344811,0.47467577,0.8006674,-0.3655333
1356507931141,0.07657057,0.37600645,0.92344797,0.8722285,-0.47397918,0.12066972,0.48306772,0.7962179,-0.3642564
1356507931180,0.007608831,0.3925231,0.91971064,0.86806446,-0.45915735,0.18878204,0.49639317,0.79693174,-0.344229
1356507931221,-0.06887299,0.39661986,0.91539574,0.85700923,-0.44617826,0.2577988,0.5106777,0.8022579,-0.30917728
1356507931260,-0.1382212,0.39050648,0.9101646,0.8413849,-0.43848884,0.3159098,0.5224619,0.80946416,-0.26795784
1356507931301,-0.19908392,0.3771957,0.90448266,0.8240131,-0.4351434,0.36283952,0.5304412,0.8175412,-0.22418413
1356507931340,-0.24620557,0.35729915,0.9009552,0.80880386,-0.4364714,0.3941182,0.53405917,0.8257301,-0.18152326
1356507931380,-0.27836823,0.33160838,0.9014139,0.7988689,-0.44108474,0.4089654,0.53321624,0.8339545,-0.14212766
1356507931421,-0.29553807,0.30035153,0.9068882,0.7963829,-0.44687426,0.4075263,0.52766615,0.8426698,-0.107126474
1356507931460,-0.29586864,0.26326782,0.918233,0.8028986,-0.4522425,0.3883692,0.51750904,0.85215425,-0.07757306
1356507931500,-0.28037542,0.22152969,0.93397766,0.81806993,-0.45386034,0.3532314,0.50214666,0.86309636,-0.053975493
1356507931541,-0.2442612,0.1748564,0.95381427,0.84144545,-0.45067054,0.29810324,0.48198128,0.8753978,-0.037050724
1356507931581,-0.18083274,0.1236054,0.97571576,0.86982775,-0.442914,0.21731725,0.45901978,0.88800275,-0.02742207
1356507931620,-0.08406603,0.06747198,0.9941733,0.894561,-0.43440706,0.10512501,0.4389688,0.898186,-0.023838967
1356507931662,0.03616762,0.010349035,0.99929214,0.9032606,-0.4281609,-0.028257757,0.42756537,0.90364325,-0.024833411
1356507931723,0.15846145,-0.04503745,0.98633754,0.8903796,-0.4252414,-0.1624623,0.42674842,0.90395874,-0.027283967
1356507931741,0.25374383,-0.090748996,0.96300507,0.86323977,-0.42791408,-0.26778108,0.4363843,0.899252,-0.030242443
1356507931782,0.31355596,-0.123708874,0.94147694,0.83520126,-0.43580776,-0.33542576,0.45179808,0.8914975,-0.03332834
1356507931824,0.33913362,-0.14184883,0.9299824,0.8153645,-0.44875664,-0.36578444,0.46922186,0.88232446,-0.036529966
1356507931860,0.3328799,-0.14260495,0.93212384,0.8085164,-0.4655426,-0.3599603,0.48527545,0.8734609,-0.039671354
1356507931902,0.3039093,-0.12823048,0.94403183,0.81091833,-0.4852829,-0.3269738,0.50005054,0.8649031,-0.043497548
1356507931940,0.25574487,-0.09688601,0.9618771,0.8191601,-0.5066611,-0.26883307,0.513392,0.8566841,-0.050210804
1356507931981,0.20318669,-0.05113402,0.97780395,0.82723975,-0.525287,-0.1993694,0.5238222,0.8493874,-0.064431295
1356507932022,0.16686624,0.004830301,0.9859677,0.8325518,-0.5364119,-0.13827404,0.5282169,0.8439424,-0.09353046
1356507932060,0.15497273,0.06860992,0.9855335,0.8375745,-0.53813314,-0.09424332,0.52388215,0.84006274,-0.14086193
1356507932100,0.17107838,0.1354078,0.9759083,0.8432269,-0.532448,-0.07394165,0.50960815,0.83556193,-0.20526981
1356507932141,0.19346637,0.20233965,0.96001536,0.84972143,-0.5237077,-0.060859174,0.49045318,0.8275198,-0.27325213
1356507932180,0.1970684,0.26381165,0.94422853,0.85729474,-0.5136056,-0.03542635,0.47561514,0.8164636,-0.32737976
1356507932220,0.16955546,0.31507915,0.9337966,0.86542827,-0.5008923,0.011868387,0.471471,0.8061216,-0.35760742
1356507932260,0.11090124,0.35412982,0.9285973,0.87135315,-0.48400503,0.08051553,0.47795874,0.8002069,-0.36224884
1356507932300,0.030845761,0.37965757,0.9246127,0.8705364,-0.4647478,0.16178954,0.49113637,0.79991853,-0.3448412
1356507932340,-0.05747205,0.39157557,0.9183493,0.8603225,-0.44725996,0.24454808,0.50649995,0.80413127,-0.3111763
1356507932380,-0.14192128,0.391073,0.9093516,0.84206784,-0.43522513,0.318592,0.52036536,0.8109507,-0.26754224
1356507932420,-0.214939,0.37992883,0.8996973,0.82016003,-0.42992884,0.37749004,0.53022516,0.81903315,-0.219194
1356507932460,-0.27203536,0.36005002,0.8923905,0.79994994,-0.4308365,0.41768414,0.53486156,0.82749254,-0.17081922
1356507932500,-0.31216043,0.3332101,0.88967794,0.78566766,-0.43595296,0.43894342,0.5341181,0.836012,-0.12570512
1356507932540,-0.33630937,0.30073315,0.89244366,0.77985793,-0.44230652,0.44292966,0.5279372,0.84494066,-0.08577734
1356507932580,-0.34469563,0.26351306,0.9009693,0.7839912,-0.447056,0.43069553,0.5162776,0.85481095,-0.05249369
1356507932620,-0.33738625,0.22279945,0.91462064,0.7981074,-0.44752145,0.40342188,0.4991945,0.86607444,-0.026830345
1356507932660,-0.31319582,0.18020469,0.93243474,0.82112175,-0.44191068,0.3612117,0.47714502,0.8787725,-0.009565383
1356507932721,-0.26909912,0.13754186,0.95324075,0.8503196,-0.43084294,0.30221027,0.45226356,0.8918838,-0.0010151565
1356507932741,-0.20326465,0.09702352,0.97430485,0.8802769,-0.4175915,0.22523278,0.42871433,0.90343994,-5.259514E-4
1356507932771,-0.12163049,0.05885598,0.990829,0.9032235,-0.40736032,0.13507381,0.41157427,0.9113691,-0.0036126673
1356507932810,-0.03324592,0.027132481,0.9990788,0.9133822,-0.4049934,0.041392833,0.40574342,0.91391695,-0.011317968
1356507932850,0.053655565,-0.0016287267,0.99855816,0.9102812,-0.41101062,-0.04958248,0.41049883,0.9116291,-0.020570368
1356507932890,0.12582082,-0.026253521,0.9917055,0.89757866,-0.42274106,-0.12506992,0.4225182,0.90587014,-0.029624984
1356507932930,0.17717457,-0.04527563,0.9831375,0.88142705,-0.43709773,-0.1789743,0.43783036,0.8982737,-0.03753537
1356507932970,0.20706213,-0.057219297,0.9766531,0.86662674,-0.45249838,-0.21024579,0.4539641,0.88992757,-0.04410748
1356507933010,0.21788567,-0.06081313,0.9740778,0.8554094,-0.4686268,-0.22059849,0.46989426,0.88130057,-0.05008696
1356507933050,0.21493852,-0.054783404,0.9750899,0.8476081,-0.4855054,-0.21411487,0.48514128,0.87251556,-0.057918996
1356507933091,0.20688182,-0.037310302,0.9776543,0.84172344,-0.5025689,-0.19729704,0.49869984,0.8637317,-0.07256743
1356507933132,0.2023539,-0.0063688457,0.97929174,0.83687794,-0.5182227,-0.17629674,0.508614,0.855222,-0.09953444
1356507933172,0.21372485,0.039115727,0.9761105,0.8319273,-0.53105235,-0.16087425,0.512073,0.8464358,-0.14604057
1356507933217,0.24753767,0.10098076,0.9636016,0.82609296,-0.5416697,-0.155449,0.50625646,0.8345039,-0.21750315
1356507933248,0.26724938,0.16705844,0.94903594,0.82518303,-0.5482842,-0.13585803,0.4976452,0.8194363,-0.2843824
1356507933291,0.2805958,0.22369799,0.93339443,0.8251234,-0.5530176,-0.11551091,0.49034393,0.8025776,-0.3397529
1356507933331,0.27226534,0.2673694,0.92432964,0.829026,-0.55282176,-0.08428535,0.48845422,0.7892412,-0.3721704
1356507933370,0.24197966,0.29655108,0.92385244,0.83653533,-0.54615986,-0.04379511,0.49158362,0.7834327,-0.38023502
1356507933410,0.19258645,0.31092516,0.93071806,0.8455095,-0.5339495,0.003421694,0.4980203,0.7862719,-0.3657216
1356507933450,0.13160336,0.31204474,0.94090843,0.8526423,-0.5197873,0.05312556,0.5056498,0.7952668,-0.33446828
1356507933490,0.067620456,0.30177885,0.95097685,0.85571164,-0.50764924,0.100248724,0.5130156,0.8069831,-0.2925632
1356507933530,0.007135272,0.28169283,0.95947814,0.8548571,-0.4995348,0.14030096,0.51881444,0.81921566,-0.2443715
1356507933570,-0.042959988,0.25379738,0.9663029,0.851866,-0.4960326,0.16815427,0.5219948,0.8303845,-0.19489178
1356507933611,-0.0817548,0.21987236,0.97209686,0.84890544,-0.49566638,0.1835058,0.5221836,0.8402208,-0.1461277
1356507933650,-0.103838265,0.181737,0.97784936,0.848054,-0.4974864,0.182515,0.5196365,0.84822106,-0.102464706
1356507933726,-0.11555421,0.14155269,0.98316324,0.851695,-0.49521405,0.17140168,0.5111387,0.85716146,-0.06333557
1356507933737,-0.10214567,0.09705922,0.9900231,0.8609935,-0.48985726,0.13685736,0.4982533,0.86638284,-0.033530533
1356507933769,-0.07892519,0.057301104,0.99523234,0.87234837,-0.47921157,0.09677097,0.48247194,0.87582695,-0.012164652
1356507933810,-0.045936108,0.025280237,0.99862444,0.88646054,-0.4598261,0.05241716,0.46051875,0.887649,-0.0012873113
1356507933850,0.0023244023,-0.0019994676,0.99999535,0.89904475,-0.43784684,-0.0029652119,0.4378507,0.8990474,7.7983737E-4
1356507933890,0.060611308,-0.024689525,0.997856,0.90511906,-0.42010224,-0.065372795,0.42081556,0.90714085,-0.0031160414
1356507933930,0.12018454,-0.043942273,0.9917786,0.90246373,-0.41143632,-0.12759063,0.4136604,0.9103786,-0.00979197
1356507933970,0.17204922,-0.060265124,0.9832432,0.8927007,-0.41248935,-0.1814883,0.41651478,0.9089668,-0.017169729
1356507934010,0.21025234,-0.07304558,0.97491455,0.8796549,-0.42101604,-0.2212531,0.4266162,0.9041073,-0.024264723
1356507934051,0.23216963,-0.0808844,0.96930647,0.86695033,-0.4346261,-0.2439208,0.44101524,0.8969716,-0.030784264
1356507934090,0.23729026,-0.082012445,0.9679707,0.8572115,-0.45111638,-0.24835989,0.45703602,0.8886889,-0.036743566
1356507934130,0.22815406,-0.07552555,0.9706913,0.8504431,-0.4699319,-0.23645404,0.47401714,0.8794657,-0.042986676
1356507934170,0.20779628,-0.059520185,0.9763596,0.8459442,-0.49021435,-0.20992443,0.49112022,0.8695673,-0.051513955
1356507934210,0.18357104,-0.032330066,0.9824746,0.84236455,-0.50998557,-0.1741741,0.506679,0.85957515,-0.06638484
1356507934250,0.16512513,0.008137256,0.986239,0.839412,-0.52615285,-0.13620082,0.5178042,0.8503511,-0.093711585
1356507934290,0.15923798,0.062862724,0.98523676,0.8383559,-0.535624,-0.10132313,0.52134705,0.84211355,-0.13799301
1356507934330,0.16543233,0.12901098,0.9777466,0.8404038,-0.53724945,-0.07130566,0.51609457,0.83349824,-0.19729973
1356507934371,0.17333806,0.19923311,0.9644999,0.8452726,-0.5326919,-0.041874558,0.5054385,0.82252383,-0.260742
1356507934410,0.16726768,0.26370418,0.94999033,0.8515589,-0.52424026,-0.004414737,0.496859,0.8097112,-0.3122481
1356507934450,0.13949293,0.3151065,0.938749,0.85698986,-0.51336706,0.044976056,0.496095,0.79822445,-0.34165415
1356507934490,0.088624656,0.3512716,0.93206966,0.8592682,-0.50024605,0.10682669,0.5037894,0.79143035,-0.3461706
1356507934530,0.019563973,0.3723793,0.92787445,0.8558357,-0.48601866,0.17700636,0.5168778,0.79064506,-0.32820398
1356507934570,-0.05918157,0.3800788,0.92305875,0.84516037,-0.47299898,0.24894929,0.5312263,0.79486597,-0.2932347
1356507934610,-0.1386373,0.37642527,0.91601515,0.82787704,-0.46356595,0.31579456,0.5435065,0.8021288,-0.24736634
1356507934650,-0.21019429,0.3641001,0.907331,0.80738807,-0.45869583,0.3711099,0.55131006,0.8105734,-0.1975548
1356507934722,-0.2759409,0.3417676,0.8983605,0.7867679,-0.45658374,0.4153644,0.5521349,0.8214172,-0.14290166
1356507934730,-0.3174314,0.31427065,0.8946906,0.7729775,-0.4607817,0.43610328,0.54931146,0.83000857,-0.096657574
1356507934770,-0.34790528,0.28697425,0.89252883,0.7652691,-0.46302903,0.44717717,0.54159504,0.83860004,-0.058522344
1356507934810,-0.36180985,0.2566537,0.8962268,0.7670548,-0.4644149,0.4426577,0.52983075,0.847613,-0.028837591
1356507934850,-0.3607812,0.22416884,0.90530944,0.7782567,-0.46255726,0.42468488,0.5139586,0.8577815,-0.0075790286
1356507934890,-0.34497637,0.19039896,0.9190972,0.79807675,-0.45589626,0.3939951,0.4940292,0.86942905,0.0053204
1356507934930,-0.31390327,0.1571087,0.9363661,0.82419574,-0.4445039,0.35088113,0.47134492,0.8818917,0.010042965
1356507934970,-0.26651996,0.12603268,0.95555377,0.8522991,-0.43212187,0.2947152,0.45005932,0.8929651,0.0077514946
1356507935010,-0.20435846,0.09797323,0.9739809,0.8764123,-0.42490143,0.22662789,0.43604937,0.8999222,9.673238E-4
1356507935050,-0.1339649,0.07240489,0.9883374,0.8914788,-0.42676783,0.15210086,0.4328035,0.9014581,-0.0073754787
1356507935090,-0.06506139,0.048762918,0.9966891,0.89614636,-0.43651456,0.07985464,0.43896326,0.8983748,-0.015298456
1356507935130,-0.005792856,0.027551144,0.9996036,0.8927758,-0.45015812,0.017581046,0.45046413,0.8925237,-0.021989316
1356507935171,0.039445877,0.010141611,0.9991702,0.88494545,-0.46471316,-0.030219615,0.46402106,0.8854032,-0.027305782
1356507935210,0.0690881,-0.0018492937,0.99760884,0.875677,-0.47896105,-0.061531782,0.47792953,0.87783426,-0.031471178
1356507935252,0.08424002,-0.0070919096,0.9964203,0.866176,-0.4938115,-0.07674348,0.49258798,0.86954015,-0.035455897
1356507935290,0.08662599,-0.0033249855,0.9962353,0.857289,-0.5091585,-0.07624349,0.5074952,0.8606663,-0.041255876
1356507935330,0.085942924,0.010016561,0.9962497,0.84847885,-0.52485305,-0.06791827,0.5222044,0.85113394,-0.053606257
1356507935370,0.09199393,0.035156906,0.9951387,0.84024006,-0.53903526,-0.058631152,0.53435355,0.84154916,-0.07912822
1356507935410,0.117114305,0.07158971,0.9905348,0.8333977,-0.549535,-0.05881846,0.54012275,0.8323979,-0.12402111
1356507935450,0.16510296,0.11537328,0.979505,0.8274993,-0.5565791,-0.07392332,0.5366432,0.8227446,-0.1873642
1356507935490,0.22464049,0.15863907,0.9614418,0.8201632,-0.5635619,-0.09864238,0.5261834,0.8106983,-0.25670874
1356507935530,0.27543563,0.19333315,0.94167805,0.81103337,-0.5726316,-0.11965746,0.5161009,0.7966902,-0.3145228
1356507935570,0.3022594,0.21563548,0.92851526,0.8033561,-0.5819362,-0.12636933,0.51308686,0.78412473,-0.34912777
1356507935610,0.30076134,0.22560084,0.92663205,0.8003068,-0.5881508,-0.11656627,0.5187019,0.7766485,-0.35744292
1356507935650,0.27513558,0.22445992,0.9348359,0.80223656,-0.5894677,-0.09457481,0.52982736,0.7759804,-0.34225345
1356507935722,0.21577644,0.21231183,0.9530814,0.81055677,-0.5832028,-0.05359271,0.5444613,0.78409064,-0.2979322
1356507935730,0.1756686,0.18608159,0.9667027,0.81278694,-0.58146167,-0.03577295,0.5554439,0.79200757,-0.25338924
1356507935770,0.13007456,0.15798685,0.9788364,0.81681585,-0.57669127,-0.0154646635,0.5620432,0.8015406,-0.20405905
1356507935810,0.09843713,0.11984667,0.98790026,0.8202454,-0.5718784,-0.012354344,0.5634781,0.8115368,-0.15459774
1356507935850,0.08630252,0.072309315,0.99364144,0.8239981,-0.5657767,-0.030395448,0.5599813,0.8213818,-0.1084107
1356507935890,0.09682804,0.016369104,0.99516654,0.82808995,-0.5560264,-0.071425915,0.5521697,0.8310034,-0.067394
1356507935930,0.13440979,-0.047400475,0.9897915,0.8305901,-0.5393555,-0.13862023,0.5404202,0.84074295,-0.033124223
1356507935971,0.20213193,-0.11645633,0.9724097,0.82716316,-0.51130337,-0.23317394,0.5243509,0.85147333,-0.0070223957
1356507936010,0.3009678,-0.18595368,0.9353286,0.8097317,-0.46825963,-0.35364878,0.5037389,0.8638022,0.009641491
1356507936050,0.4239992,-0.24839711,0.8709325,0.7677536,-0.41151088,-0.4911345,0.48039466,0.8769022,0.016227543
1356507936090,0.54987913,-0.2964962,0.7808476,0.6976439,-0.35100907,-0.62456834,0.45926672,0.8881906,0.013836175
1356507936130,0.65183365,-0.32938385,0.6830952,0.61297226,-0.30151758,-0.7303096,0.44651744,0.8947588,0.00536385
1356507936170,0.7185665,-0.35325068,0.5990627,0.53447586,-0.27063596,-0.80068207,0.4449694,0.89552784,-0.005665959
1356507936210,0.7557178,-0.37328723,0.53809595,0.47331145,-0.25655288,-0.8427081,0.45262223,0.8915365,-0.01720047
1356507936252,0.7732585,-0.39086112,0.49929836,0.43061998,-0.25429827,-0.865967,0.46544352,0.8846242,-0.028325677
1356507936290,0.77879953,-0.40421999,0.47966394,0.40543848,-0.25910175,-0.8766333,0.47863445,0.87719584,-0.037901998
1356507936331,0.77481383,-0.41270444,0.47889307,0.3973725,-0.2712263,-0.8766593,0.49168953,0.86954665,-0.046152502
1356507936370,0.76049817,-0.41342682,0.5007203,0.40930843,-0.29342034,-0.8639277,0.5040924,0.86196446,-0.053926557
1356507936411,0.7374381,-0.4043598,0.5409975,0.435989,-0.3267633,-0.83853406,0.51584756,0.8542358,-0.06467128
1356507936450,0.7074275,-0.37955183,0.59622693,0.473198,-0.37226924,-0.79843545,0.5250046,0.84696865,-0.08375034
1356507936490,0.68284523,-0.337691,0.6478327,0.50443345,-0.4235078,-0.75245464,0.52845937,0.8405986,-0.11884764
1356507936532,0.6753198,-0.28130347,0.6817709,0.519102,-0.47536108,-0.71032745,0.5239049,0.8336068,-0.17499557
1356507936570,0.67460907,-0.21768537,0.7053479,0.5286063,-0.52449775,-0.6674409,0.51524556,0.8231131,-0.23876107
1356507936611,0.67287546,-0.15751317,0.7227919,0.5373696,-0.5674211,-0.6239128,0.5084019,0.80822206,-0.29716092
1356507936650,0.6542814,-0.10174888,0.7493751,0.5601981,-0.600457,-0.5706395,0.50802946,0.79315734,-0.3358683
1356507936726,0.60687006,-0.051196635,0.7931504,0.6036346,-0.61949205,-0.50185144,0.5170435,0.78333163,-0.34504712
1356507936728,0.55033016,-0.006020099,0.8349255,0.64853966,-0.62671876,-0.43199533,0.52586406,0.7792223,-0.34099796
1356507936758,0.49007013,0.029536486,0.8711825,0.68948144,-0.624629,-0.36667973,0.5333354,0.7803629,-0.32647684
1356507936800,0.41321266,0.05691725,0.90885407,0.73420775,-0.61122864,-0.2955309,0.5386968,0.78940475,-0.29435652
1356507936840,0.33265275,0.071315706,0.940349,0.77281845,-0.5920692,-0.2284858,0.540457,0.80272543,-0.25206757
1356507936880,0.255785,0.072669685,0.96399856,0.8032462,-0.57084304,-0.1700992,0.53793085,0.817837,-0.20438473
1356507936920,0.19102806,0.060828775,0.979698,0.82507074,-0.5506435,-0.12668872,0.531758,0.8325212,-0.15537642
1356507936960,0.14542383,0.036779106,0.9886856,0.83965695,-0.53313094,-0.103671014,0.523286,0.84523296,-0.10841179
1356507937000,0.124788344,0.002178073,0.99218094,0.84904355,-0.5176516,-0.10564935,0.513374,0.8555887,-0.066446155
1356507937040,0.13382405,-0.04090032,0.99016076,0.8546884,-0.50095433,-0.13620722,0.5015963,0.8645067,-0.032082677
1356507937080,0.1767922,-0.09016818,0.98010933,0.85536736,-0.47855705,-0.19831756,0.48692015,0.8734145,-0.007478252
1356507937120,0.2543462,-0.14161661,0.9566884,0.84591246,-0.4469031,-0.2910493,0.46876454,0.8833019,0.0061271936
1356507937160,0.35885566,-0.1909717,0.9136479,0.8177804,-0.4075368,-0.40638542,0.44995317,0.892997,0.0099259615
1356507937200,0.46741188,-0.23249683,0.8529194,0.76929355,-0.36837935,-0.5220001,0.43556124,0.90013444,0.0066734254
1356507937240,0.55571073,-0.26518875,0.78794706,0.7113376,-0.33890927,-0.615743,0.4303306,0.9026714,3.0317903E-4
1356507937280,0.6134338,-0.29088306,0.7342248,0.6593776,-0.32302886,-0.67887676,0.43464956,0.9005773,-0.006355047
1356507937320,0.6444328,-0.311063,0.69853145,0.62164074,-0.31883436,-0.71547705,0.4452743,0.8953125,-0.012097895
1356507937360,0.6553541,-0.32552114,0.6815769,0.6001847,-0.32341987,-0.7315587,0.45857328,0.888502,-0.016581774
1356507937401,0.6501138,-0.33307981,0.68294203,0.59519076,-0.335488,-0.73020256,0.4723346,0.88119555,-0.019859374
1356507937440,0.62995625,-0.3321166,0.70203537,0.6058406,-0.3554233,-0.7117805,0.4859138,0.8737121,-0.022691397
1356507937480,0.5960486,-0.32013565,0.736369,0.62899554,-0.38387096,-0.6760234,0.49908987,0.8661156,-0.027441861
1356507937521,0.5530917,-0.2938348,0.7795837,0.6582257,-0.4195004,-0.6251067,0.5107137,0.8588834,-0.038612608
1356507937562,0.5158309,-0.25186247,0.8188307,0.6820348,-0.45765257,-0.57042325,0.5184082,0.852713,-0.06429234
1356507937600,0.49108818,-0.19468418,0.8490762,0.69877136,-0.49396333,-0.51741546,0.5201451,0.8474068,-0.106539845
1356507937640,0.49205098,-0.13117686,0.86062676,0.7020962,-0.5247135,-0.4813903,0.5147298,0.84111136,-0.16608703
1356507937680,0.5032649,-0.066714525,0.861553,0.70057636,-0.5521753,-0.4519903,0.50588256,0.8310545,-0.23115182
1356507937723,0.5030619,-0.00677523,0.86422384,0.70445764,-0.5760762,-0.4145788,0.5006677,0.8173679,-0.2850291
1356507937761,0.47923806,0.04598862,0.87647927,0.719686,-0.59219337,-0.36243498,0.5023774,0.80448246,-0.316899
1356507937800,0.42962074,0.089179516,0.8985951,0.7440863,-0.5987709,-0.29632568,0.51162636,0.7959399,-0.32360166
1356507937840,0.3619973,0.12101388,0.9242909,0.77057016,-0.59682584,-0.22365269,0.5245756,0.7931926,-0.30929905
1356507937880,0.28426874,0.13983622,0.948492,0.79352605,-0.5895272,-0.1509105,0.53805906,0.7955523,-0.27854782
1356507937920,0.20795733,0.14399245,0.9674812,0.80937445,-0.5807319,-0.08754107,0.54924196,0.8012594,-0.23731127
1356507937960,0.14303398,0.1332865,0.9807017,0.81893647,-0.5723707,-0.041650206,0.5557736,0.8090898,-0.19102159
1356507938000,0.09721279,0.10828954,0.9893548,0.82524776,-0.56444067,-0.019307137,0.55634135,0.8183398,-0.14423652
1356507938040,0.075274765,0.07013497,0.9946933,0.8311908,-0.5554803,-0.023735076,0.5508679,0.8285667,-0.100109205
1356507938080,0.08238655,0.019652605,0.9964067,0.83741534,-0.5434251,-0.058522344,0.5403222,0.8392277,-0.06122835
1356507938120,0.12100524,-0.040852427,0.99181086,0.842282,-0.52449423,-0.12436581,0.5252797,0.85043335,-0.02905728
1356507938160,0.19634885,-0.1100477,0.97433907,0.83975977,-0.49412692,-0.22503805,0.50621206,0.8623967,-0.0046076328
1356507938200,0.3109185,-0.18408838,0.93243825,0.818094,-0.44754255,-0.36114776,0.48378897,0.8751097,0.011452407
1356507938240,0.4572206,-0.25525305,0.8519361,0.76102364,-0.38340253,-0.52330256,0.46020898,0.8876083,0.018954046
1356507938280,0.60592777,-0.3125869,0.7315333,0.66261744,-0.31054538,-0.6815421,0.44021547,0.897692,0.018957496
1356507938320,0.7196423,-0.35154098,0.59877706,0.5456163,-0.24704921,-0.8007932,0.42943895,0.9029871,0.014019399
1356507938360,0.7865459,-0.37874228,0.48774981,0.44292885,-0.2043604,-0.8729553,0.4303018,0.90265787,0.007017046
1356507938400,0.8191084,-0.401674,0.40953556,0.3676512,-0.1804217,-0.9122942,0.44033393,0.8978341,-1.09016866E-4
1356507938440,0.8320948,-0.4224007,0.3594383,0.31733638,-0.16892605,-0.93314606,0.45488006,0.89052886,-0.006519377
1356507938481,0.83394843,-0.4402727,0.33270103,0.28824306,-0.1665843,-0.9429558,0.47058046,0.8822753,-0.012017161
1356507938520,0.828497,-0.45365578,0.32831264,0.279441,-0.17314808,-0.94442177,0.4852891,0.8741946,-0.016682655
1356507938561,0.81602013,-0.46146125,0.34808713,0.29156494,-0.19136792,-0.937213,0.4991002,0.86627465,-0.021614134
1356507938600,0.7945011,-0.45968008,0.39681494,0.3272251,-0.2263915,-0.91742605,0.51155806,0.85874385,-0.029449433
1356507938640,0.76496714,-0.44265914,0.46784407,0.37826937,-0.27913052,-0.88260883,0.52128446,0.85213786,-0.046081275
1356507938680,0.7327213,-0.40438506,0.54735005,0.43175182,-0.34547237,-0.8332102,0.5260321,0.8468303,-0.07854098
1356507938722,0.7113912,-0.34768525,0.610768,0.46833834,-0.41343918,-0.7808504,0.5240056,0.84153616,-0.13128269
1356507938763,0.7011956,-0.28099722,0.65525967,0.4910817,-0.47593573,-0.72960526,0.51687855,0.83338207,-0.19573146
1356507938801,0.6928685,-0.21306679,0.68886566,0.51052654,-0.52970326,-0.67733085,0.50921106,0.82098544,-0.25823843
1356507938830,0.670794,-0.14423107,0.72748387,0.5435781,-0.5716945,-0.61456347,0.5045377,0.8076898,-0.3050884
1356507938870,0.6226785,-0.0754686,0.7788298,0.59519476,-0.6004492,-0.53404486,0.5079514,0.7960937,-0.32896835
1356507938910,0.5376227,-5.1638484E-4,0.8431854,0.66562676,-0.61359453,-0.42478544,0.51759326,0.78962106,-0.3295386
1356507938950,0.4170306,0.07643807,0.90567255,0.7384094,-0.60949016,-0.28857127,0.5299406,0.78910017,-0.31061864
1356507938990,0.2716366,0.14717051,0.9510807,0.79527676,-0.5908624,-0.1357075,0.54198563,0.7932355,-0.27754116
1356507939030,0.12136167,0.20278192,0.97167426,0.82522726,-0.5646079,0.014759421,0.5516079,0.80006087,-0.23586297
1356507939070,-0.013258636,0.23835734,0.97108704,0.8301953,-0.5386724,0.14355436,0.55731505,0.8080952,-0.19074106
1356507939110,-0.120740056,0.25438276,0.9595369,0.8208097,-0.5180462,0.24062303,0.5582949,0.81665015,-0.1462509
1356507939150,-0.19825953,0.25398493,0.9466704,0.8082547,-0.5039945,0.3044895,0.5544524,0.8255187,-0.10536277
1356507939190,-0.24865985,0.2410138,0.93812615,0.80003417,-0.49486703,0.3391933,0.5459979,0.83487666,-0.06976575
1356507939230,-0.27547127,0.2185179,0.936144,0.8000171,-0.48782504,0.3492841,0.5329993,0.845149,-0.040436327
1356507939270,-0.27952814,0.18823427,0.9415051,0.80995184,-0.4803548,0.33650756,0.5155988,0.8566371,-0.018188
1356507939310,-0.25854188,0.15122053,0.9540903,0.82974756,-0.47097874,0.299496,0.49464625,0.86908644,-0.003707081
1356507939350,-0.20628655,0.1075764,0.97256005,0.856537,-0.4606799,0.23263377,0.47306475,0.8810229,0.002888918
1356507939390,-0.1188094,0.05767116,0.99124086,0.88198626,-0.4524014,0.13203529,0.45605335,0.8899479,0.0028842986
1356507939430,-0.008670807,0.005638063,0.9999465,0.8938849,-0.44817877,0.010278136,0.4482127,0.89392614,-0.0011537075
1356507939470,0.093901336,-0.03982523,0.99478465,0.88793397,-0.4485705,-0.10177341,0.45028418,0.8928597,-0.0067592114
1356507939510,0.1641599,-0.07099295,0.9838758,0.87285686,-0.45419282,-0.17840931,0.45953506,0.88807034,-0.012593582
1356507939551,0.19539809,-0.08458015,0.97707003,0.8593,-0.46540606,-0.21213394,0.47267658,0.88104683,-0.018259779
1356507939590,0.19036865,-0.07961446,0.9784791,0.8525579,-0.48075497,-0.20498687,0.4867286,0.87323314,-0.0236447
1356507939630,0.15913719,-0.058871478,0.9854996,0.85060835,-0.49852896,-0.16713616,0.50113964,0.86487174,-0.029257968
1356507939670,0.10857737,-0.023471832,0.9938109,0.84990776,-0.5163538,-0.10505071,0.5156237,0.8560537,-0.036115468
1356507939730,0.052877724,0.02208361,0.9983568,0.8466624,-0.5311003,-0.03309533,0.52949667,0.8470211,-0.04678075
1356507939751,0.008035958,0.07362336,0.99725366,0.8412697,-0.539604,0.03305784,0.54055595,0.8386936,-0.06627333
1356507939792,-0.0128673315,0.12864503,0.99160725,0.8382242,-0.5393004,0.080842465,0.54517406,0.8322294,-0.10089406
1356507939832,-0.0047052503,0.18646345,0.98245066,0.84163475,-0.52982295,0.10458818,0.5400267,0.8273567,-0.15444121
1356507939870,0.020294368,0.24658194,0.9689095,0.85000134,-0.5144894,0.11313084,0.5263896,0.82127833,-0.22003624
1356507939910,0.041437328,0.30498266,0.951456,0.8585342,-0.49797434,0.12223181,0.51107925,0.8117926,-0.28247276
1356507939950,0.04117936,0.35644144,0.9334097,0.86395866,-0.48195446,0.14592874,0.5018761,0.8004182,-0.3277972
1356507939990,0.011533856,0.39693788,0.91777307,0.8646554,-0.46495652,0.1902279,0.5022332,0.79136324,-0.34857717
1356507940030,-0.0439561,0.42383933,0.9046701,0.8587035,-0.44677544,0.25103772,0.5105841,0.78787804,-0.34431377
1356507940070,-0.115175724,0.43617934,0.8924585,0.8443083,-0.4303465,0.3192889,0.5233336,0.79028445,-0.31870437
1356507940110,-0.18976176,0.43483382,0.88028973,0.8219505,-0.42003316,0.3846681,0.5370175,0.7965499,-0.27770573
1356507940168,-0.25765806,0.42201304,0.86920506,0.795287,-0.41827232,0.4388245,0.54875404,0.80433404,-0.22785032
1356507940190,-0.31333888,0.40011173,0.8612371,0.7696435,-0.42426932,0.477121,0.5562982,0.8123461,-0.17500329
1356507940230,-0.3543936,0.37100893,0.8583458,0.7500294,-0.43540776,0.4978714,0.55844516,0.820227,-0.12396181
1356507940268,-0.37973356,0.33607215,0.8618921,0.73999697,-0.44876534,0.5010131,0.55516386,0.828049,-0.078281105
1356507940310,-0.38951463,0.29634812,0.87204134,0.7412343,-0.46112025,0.4877908,0.54667187,0.8363886,-0.040050328
1356507940350,-0.38279724,0.25249818,0.8886568,0.754426,-0.46975124,0.4584487,0.5332051,0.8459187,-0.010671735
1356507940390,-0.3588007,0.20590326,0.9104207,0.7786763,-0.4718151,0.41358662,0.51470906,0.85731816,0.008955538
1356507940430,-0.31444472,0.15795466,0.9360421,0.8118621,-0.4662534,0.35140797,0.49193934,0.8704355,0.018373549
1356507940470,-0.24643755,0.11048514,0.9628404,0.8490907,-0.4543525,0.26946002,0.46724027,0.88394386,0.018157631
1356507940510,-0.15478694,0.06513643,0.98579824,0.88195413,-0.4405343,0.16758996,0.44519413,0.8953696,0.010741621
1356507940550,-0.04881245,0.023297489,0.9985362,0.9010073,-0.4304189,0.05408722,0.431049,0.90232855,1.859665E-5
1356507940590,0.053503096,-0.013272464,0.9984795,0.9026186,-0.42703515,-0.054042876,0.42710316,0.9041376,-0.010867715
1356507940630,0.13612789,-0.042643756,0.9897731,0.8917377,-0.42997086,-0.14116973,0.4315936,0.90183514,-0.020504028
1356507940670,0.1918788,-0.0631659,0.9793838,0.8767045,-0.43749046,-0.19997829,0.4411029,0.8970018,-0.028567314
1356507940727,0.2198214,-0.07387996,0.97273856,0.8626134,-0.45096767,-0.22918624,0.45560592,0.8894773,-0.03540249
1356507940763,0.21594316,-0.070206076,0.9738786,0.8554424,-0.4672538,-0.22336555,0.47073016,0.8813313,-0.04084298
1356507940800,0.19443095,-0.05647236,0.97928923,0.8519142,-0.48516595,-0.19711941,0.48624963,0.87259656,-0.04622163
1356507940842,0.1661917,-0.032876134,0.9855453,0.8484906,-0.50447303,-0.15990868,0.5024382,0.86280143,-0.05594416
1356507940880,0.13773155,0.0041307807,0.990461,0.8450452,-0.52210814,-0.11533284,0.5166513,0.8528693,-0.07540147
1356507940920,0.12721276,0.053307265,0.9904419,0.8412533,-0.5347988,-0.079267144,0.5254617,0.8432963,-0.112878144
1356507940960,0.13257688,0.11523816,0.98445094,0.83947825,-0.5411147,-0.049711376,0.5269722,0.8330157,-0.16847926
1356507941000,0.14308059,0.18408215,0.97244114,0.8398813,-0.5423674,-0.020906746,0.5235718,0.8197264,-0.23220938
1356507941040,0.14138824,0.25025347,0.9578009,0.841786,-0.5395526,0.016711473,0.5209661,0.8039006,-0.28694627
1356507941080,0.11934769,0.30493093,0.94486684,0.8436066,-0.53295916,0.06544119,0.5235304,0.7892856,-0.32084924
1356507941120,0.07607573,0.3435176,0.93605995,0.8433425,-0.52301675,0.12339762,0.5319643,0.78003156,-0.32949188
1356507941160,0.018830419,0.36484256,0.93087876,0.83908427,-0.5120423,0.18371293,0.54367554,0.7776263,-0.31577563
1356507941200,-0.043599725,0.36940628,0.9282446,0.830275,-0.5033598,0.23931628,0.55564594,0.7811324,-0.28476247
1356507941240,-0.10292339,0.35883653,0.9277085,0.8186219,-0.4992429,0.28392747,0.56503546,0.7886653,-0.24236763
1356507941280,-0.15222704,0.33530533,0.9297297,0.80782616,-0.49975795,0.3125043,0.56942415,0.79863155,-0.19479173
1356507941320,-0.18752855,0.30096608,0.9350147,0.8016806,-0.50313807,0.32273877,0.56757486,0.8101059,-0.14692599
1356507941360,-0.20656377,0.25787187,0.9438397,0.80246556,-0.50726455,0.314216,0.5598039,0.8223045,-0.10215077
1356507941400,-0.20794702,0.20812622,0.9557413,0.8108051,-0.5098734,0.28744438,0.5471318,0.8346931,-0.06272313
1356507941440,-0.19018811,0.1539109,0.96960807,0.82606924,-0.50860035,0.24276575,0.5305073,0.8471346,-0.030411303
1356507941480,-0.1529417,0.09799668,0.98336434,0.8463758,-0.50069356,0.18153235,0.5101538,0.8600596,-0.0063650906
1356507941520,-0.09441137,0.042967796,0.99460554,0.86835873,-0.48504156,0.10338181,0.48686716,0.87343484,0.008482009
1356507941560,-0.0139760375,-0.008492738,0.9998661,0.8862847,-0.46306342,0.008455247,0.4629297,0.88628435,0.013998866
1356507941600,0.08424109,-0.054885536,0.99493265,0.8928423,-0.4391672,-0.0998238,0.4424207,0.8967272,0.012008205
1356507941640,0.18968529,-0.09713635,0.97702813,0.8825027,-0.41929865,-0.21302032,0.43035865,0.90263677,0.006188318
1356507941680,0.28941667,-0.13731492,0.9473028,0.855636,-0.40653378,-0.32033944,0.42909792,0.90325797,-1.6611814E-4
1356507941729,0.37465155,-0.17606652,0.91029495,0.81770784,-0.40003192,-0.41391832,0.43702418,0.89943045,-0.005901605
1356507941763,0.4436001,-0.21315688,0.87050736,0.7748813,-0.3968121,-0.49203557,0.45030868,0.89280695,-0.010854572
1356507941802,0.49763677,-0.24732666,0.8313767,0.7324339,-0.39363036,-0.555514,0.4646485,0.88537264,-0.01473454
1356507941842,0.53617084,-0.27706468,0.7973431,0.6947977,-0.39155605,-0.6032744,0.4793505,0.8774503,-0.01743704
1356507941880,0.56051624,-0.30069605,0.77162397,0.66497505,-0.39191926,-0.63577324,0.49358872,0.86947185,-0.019721776
1356507941921,0.5730542,-0.31586638,0.75619924,0.64353335,-0.3978872,-0.6538735,0.50741863,0.8613444,-0.024740366
1356507941960,0.57881224,-0.31797364,0.7509122,0.6284456,-0.4128647,-0.65924096,0.5196464,0.8534843,-0.039141983
1356507942000,0.58709586,-0.3031798,0.7506001,0.61351126,-0.4382798,-0.6568978,0.528131,0.84616363,-0.07130805
1356507942042,0.60788184,-0.27067134,0.7464695,0.59114826,-0.47337043,-0.6530423,0.53011644,0.8382467,-0.1277464
1356507942080,0.6344535,-0.2296611,0.73805463,0.56599796,-0.5122502,-0.64594585,0.52641726,0.82756,-0.1950112
1356507942120,0.6622368,-0.1915326,0.7244016,0.53918594,-0.54951674,-0.6382083,0.5203085,0.81323224,-0.26063854
1356507942160,0.67913866,-0.16343302,0.715584,0.5207535,-0.57976866,-0.62664515,0.5172877,0.79822177,-0.308635
1356507942200,0.67946935,-0.14672072,0.71888417,0.51746905,-0.59877586,-0.6113046,0.52014154,0.787363,-0.33092642
1356507942240,0.66162086,-0.13876933,0.73688596,0.5319545,-0.605742,-0.59169346,0.52847165,0.7834665,-0.32695252
1356507942280,0.626526,-0.13624482,0.76739985,0.56209767,-0.6030827,-0.56598353,0.5399179,0.7859571,-0.3012641
1356507942320,0.57738566,-0.13718092,0.80486465,0.60190755,-0.5945463,-0.5331247,0.5516639,0.7922727,-0.26071233
1356507942360,0.5204357,-0.14151537,0.8420927,0.64382005,-0.58278793,-0.49583662,0.56092995,0.80020726,-0.21219319
1356507942400,0.46486026,-0.15068439,0.8724673,0.681293,-0.56846493,-0.4611805,0.5654597,0.8087904,-0.16159654
1356507942440,0.42058867,-0.16655073,0.89183295,0.71049666,-0.5508226,-0.43793714,0.5641805,0.8178358,-0.113336034
1356507942480,0.39654958,-0.19043702,0.8980435,0.72963977,-0.5282839,-0.43421412,0.55711234,0.82743573,-0.070540346
1356507942520,0.40029263,-0.22264728,0.8889286,0.7369697,-0.49831915,-0.45667672,0.544648,0.8379178,-0.035389178
1356507942560,0.43798512,-0.26228297,0.85987014,0.7282727,-0.45725405,-0.5104288,0.5270559,0.8497802,-0.009256929
1356507942600,0.5116857,-0.3063853,0.8026866,0.6948999,-0.40183714,-0.5963565,0.50526416,0.862934,0.007292781
1356507942640,0.6134621,-0.3478817,0.7089729,0.6264286,-0.33230653,-0.70509535,0.48088613,0.8766702,0.014065621
1356507942680,0.71923447,-0.37908,0.5822372,0.5222281,-0.2577522,-0.81292164,0.45823523,0.88874185,0.012581974
1356507942722,0.7994074,-0.39736858,0.45060626,0.40630683,-0.19491662,-0.89270496,0.44256356,0.89671934,0.005635798
1356507942761,0.8448808,-0.40957388,0.34413028,0.30822846,-0.15306993,-0.93891686,0.43723178,0.89934355,-0.003083527
1356507942803,0.86382365,-0.4220518,0.27510157,0.24188834,-0.13154516,-0.96134585,0.44192603,0.89697725,-0.01154241
