1356506867786,-0.11492789,-0.06379092,-0.9913235,-0.8514329,-0.5077408,0.13138258,-0.51171637,0.859145,0.004039824
1356506867945,0.07544649,0.058877766,-0.9954101,-0.85514504,-0.50961727,-0.09495866,-0.5128691,0.85838425,0.011900246
1356506867985,0.08690894,0.07266864,-0.99356234,-0.8535495,-0.5088579,-0.11187935,-0.51371217,0.85777795,0.01780194
1356506868024,0.09457594,0.083678335,-0.9919946,-0.85227966,-0.50814724,-0.12411967,-0.51446545,0.8571955,0.02325888
1356506868065,0.102879584,0.09447652,-0.99019694,-0.8509367,-0.507142,-0.13679805,-0.51509464,0.8566686,0.028218985
1356506868105,0.11406469,0.105630994,-0.98784184,-0.84927875,-0.505553,-0.15212435,-0.5154754,0.85630506,0.03204438
1356506868145,0.12839872,0.116832435,-0.9848168,-0.8471879,-0.5033061,-0.17016393,-0.5155449,0.8561736,0.034355134
1356506868185,0.14468801,0.12755477,-0.9812212,-0.8447582,-0.50042784,-0.18961912,-0.5152173,0.85633034,0.035347104
1356506868225,0.16117865,0.13728309,-0.97733045,-0.8425075,-0.49661314,-0.20870197,-0.5140064,0.8570465,0.035618603
1356506868266,0.17616391,0.145581,-0.973536,-0.8414098,-0.4910168,-0.22568116,-0.5108775,0.8588996,0.035993874
1356506868305,0.1880579,0.15222526,-0.9702895,-0.8425221,-0.48272413,-0.23902735,-0.5047681,0.8624413,0.037472993
1356506868345,0.19571912,0.15713602,-0.9679888,-0.8463096,-0.4716115,-0.24767447,-0.49543327,0.8676928,0.04068233
1356506868385,0.19871712,0.16029757,-0.9668589,-0.8523541,-0.4586693,-0.25122687,-0.48373955,0.8740293,0.045484886
1356506868425,0.1964041,0.16230151,-0.96699727,-0.86006045,-0.44508612,-0.2493881,-0.47087303,0.88065696,0.052172318
1356506868465,0.18700081,0.16474426,-0.9684472,-0.86928236,-0.4314487,-0.2412472,-0.45757937,0.88696754,0.06252797
1356506868505,0.1685856,0.1696051,-0.97098565,-0.8800696,-0.41773933,-0.22576842,-0.44391027,0.89259624,0.078839436
1356506868545,0.14091253,0.17810896,-0.97386897,-0.89208305,-0.4037469,-0.20291907,-0.42933834,0.89736587,0.10199505
1356506868585,0.10616636,0.19033179,-0.97596234,-0.9044919,-0.38924664,-0.17430246,-0.41306537,0.90125513,0.1308287
1356506868625,0.06782317,0.20588544,-0.976223,-0.9164306,-0.3739503,-0.14253524,-0.3944048,0.9043077,0.16331714
1356506868665,0.029456556,0.2245579,-0.9740154,-0.927274,-0.3577016,-0.11051062,-0.3732229,0.9064344,0.19769002
1356506868705,-0.006753266,0.24697417,-0.96899855,-0.93688935,-0.34030205,-0.08020517,-0.34956083,0.90730274,0.2336856
1356506868745,-0.040170312,0.27443078,-0.96076745,-0.9454551,-0.32152522,-0.052309453,-0.32326633,0.90626115,0.27237776
1356506868785,-0.071287274,0.30825603,-0.94862866,-0.953073,-0.3015889,-0.026379794,-0.2942276,0.9022318,0.31528997
1356506868826,-0.10281527,0.3500651,-0.93106574,-0.9592365,-0.28260434,-3.284216E-4,-0.26323813,0.8930785,0.36485124
1356506868864,-0.12929732,0.39627093,-0.9089838,-0.9631166,-0.26833904,0.02001518,-0.23598447,0.87804526,0.41635066
1356506868905,-0.15332079,0.44287276,-0.8833779,-0.9635519,-0.2653243,0.03421825,-0.21922722,0.8564268,0.4674105
1356506868945,-0.16838777,0.4835139,-0.8589877,-0.96087295,-0.27494425,0.03359753,-0.21992886,0.83103544,0.5108927
1356506868985,-0.16984332,0.5119196,-0.8420757,-0.95552945,-0.29457986,0.013643771,-0.24107406,0.80694544,0.5391867
1356506869025,-0.15736711,0.52512074,-0.83635145,-0.9473109,-0.31953263,-0.022380084,-0.2789938,0.78876305,0.5477365
1356506869065,-0.13446736,0.5229701,-0.8416774,-0.93608034,-0.34568417,-0.06523901,-0.32507262,0.7791051,0.53602517
1356506869105,-0.10534799,0.50596166,-0.85609853,-0.92298377,-0.37018073,-0.10520145,-0.370139,0.7790823,0.50599205
1356506869145,-0.074029386,0.4744985,-0.8771379,-0.9101937,-0.39156353,-0.13500187,-0.40751338,0.7883712,0.4608727
1356506869185,-0.045133054,0.42934668,-0.90201133,-0.8997102,-0.4098758,-0.15007809,-0.43414813,0.80477524,0.40478656
1356506869225,-0.024113297,0.37194204,-0.9279427,-0.8927736,-0.4256987,-0.14743108,-0.4498598,0.82488775,0.34232503
1356506869265,-0.016217172,0.30413902,-0.9524896,-0.8898771,-0.43875605,-0.124947846,-0.4559121,0.84557235,0.2777617
1356506869305,-0.026204348,0.22799906,-0.97330874,-0.89051783,-0.44769794,-0.08089861,-0.45419306,0.8646289,0.21476883
1356506869345,-0.057174146,0.14579651,-0.98766124,-0.89281714,-0.4501772,-0.014770418,-0.44677594,0.8809563,0.15590802
1356506869385,-0.11080241,0.06017649,-0.99201894,-0.89318854,-0.44374287,0.072845936,-0.43581772,0.8941314,0.10291672
1356506869425,-0.18647635,-0.02523014,-0.9821354,-0.88679695,-0.42595392,0.17931694,-0.42286858,0.904393,0.05705625
1356506869465,-0.2822429,-0.105665416,-0.953506,-0.86823046,-0.39463317,0.30073324,-0.4080622,0.91274285,0.019640446
1356506869505,-0.39328283,-0.17486197,-0.90263605,-0.83238083,-0.34922963,0.4303264,-0.39047495,0.920577,-0.008205771
1356506869545,-0.5110301,-0.22744635,-0.82892483,-0.7754713,-0.2940126,0.5587494,-0.37079984,0.92834514,-0.026128829
1356506869585,-0.6205467,-0.26296502,-0.7387633,-0.6998829,-0.23917419,0.67302275,-0.3536746,0.9346899,-0.035625994
1356506869625,-0.70677775,-0.2868835,-0.6466553,-0.6177583,-0.19514662,0.7617693,-0.34473163,0.93787825,-0.03929937
1356506869665,-0.76615846,-0.3065348,-0.5648342,-0.5414839,-0.16544372,0.82427156,-0.3461162,0.93737125,-0.039227545
1356506869705,-0.8038086,-0.32487348,-0.4983461,-0.47727957,-0.14786333,0.866222,-0.35509968,0.9341272,-0.036201596
1356506869745,-0.8263656,-0.34125894,-0.4479534,-0.4269083,-0.13912314,0.893529,-0.36724544,0.92961663,-0.030719697
1356506869785,-0.83823735,-0.35448888,-0.41436186,-0.39165643,-0.13734347,0.90980333,-0.37942502,0.9249186,-0.023711443
1356506869827,-0.84138256,-0.36401913,-0.3994564,-0.37335,-0.14290136,0.9166182,-0.39074942,0.92036366,-0.01567185
1356506869864,-0.83612907,-0.36840793,-0.40640357,-0.37482736,-0.15720224,0.9136695,-0.4004906,0.91627675,-0.0066480637
1356506869905,-0.82582414,-0.36526808,-0.42964357,-0.3897086,-0.18103021,0.9029702,-0.4076047,0.9131304,0.0071510673
1356506869945,-0.8135907,-0.34848806,-0.46543127,-0.4127358,-0.21767384,0.8844587,-0.40953553,0.91168755,0.03326392
1356506869985,-0.80587286,-0.3130199,-0.5025809,-0.43314025,-0.26705444,0.8608551,-0.40368122,0.91142774,0.079630315
1356506870025,-0.80482954,-0.26093066,-0.5330711,-0.44634998,-0.32587928,0.8334114,-0.39117935,0.9086903,0.14581072
1356506870065,-0.8014282,-0.20303062,-0.56257564,-0.46212396,-0.3869096,0.79796135,-0.37967652,0.89948845,0.21625495
1356506870105,-0.7838253,-0.14987165,-0.6026246,-0.49302495,-0.43982387,0.750654,-0.37755042,0.88549054,0.2708546
1356506870164,-0.74512726,-0.104708806,-0.65865123,-0.5435786,-0.47684664,0.69075286,-0.38640356,0.8727275,0.29839396
1356506870185,-0.6856773,-0.06637907,-0.72487277,-0.6075459,-0.49629802,0.6201422,-0.40091735,0.86561084,0.29997185
1356506870236,-0.6005019,-0.03784433,-0.7987273,-0.6822705,-0.4966848,0.5364803,-0.4170184,0.8671055,0.27244008
1356506870273,-0.5093756,-0.013945639,-0.8604313,-0.7470468,-0.48914123,0.45017987,-0.4271505,0.87209314,0.2387385
1356506870316,-0.42828226,-6.59734E-4,-0.90364474,-0.79454327,-0.47605813,0.37692124,-0.43043607,0.87941355,0.20336306
1356506870355,-0.36513215,0.0010932684,-0.93095505,-0.82690835,-0.45976794,0.32378384,-0.42766932,0.8880384,0.16878015
1356506870395,-0.32308304,-0.00809747,-0.9463359,-0.8480738,-0.4412923,0.29331192,-0.41998586,0.8973268,0.13570681
1356506870435,-0.30366248,-0.026864737,-0.9524009,-0.86080384,-0.4207543,0.28632614,-0.4084188,0.9067768,0.104641944
1356506870475,-0.3073569,-0.0529553,-0.9501197,-0.86647046,-0.39719278,0.3024347,-0.3933962,0.9162061,0.07619575
1356506870515,-0.33425415,-0.083503544,-0.9387765,-0.864545,-0.36945194,0.34068635,-0.37528133,0.9254904,0.05129829
1356506870555,-0.38376063,-0.11521414,-0.91621697,-0.8523569,-0.33752406,0.3994562,-0.35526824,0.93423945,0.031324804
1356506870595,-0.45264876,-0.1449647,-0.8798263,-0.8261665,-0.30306196,0.47497612,-0.33549666,0.9418804,0.017415643
1356506870635,-0.5317678,-0.17091599,-0.8294642,-0.7845334,-0.2694491,0.55848426,-0.31895223,0.9477262,0.00919503
1356506870675,-0.6071928,-0.19358465,-0.7706114,-0.7318562,-0.24135482,0.6372867,-0.30935967,0.9509327,0.0048727393
1356506870715,-0.66752887,-0.21487096,-0.71290636,-0.67731,-0.22247583,0.7012529,-0.30928335,0.9509652,0.0029748082
1356506870755,-0.7092977,-0.23553178,-0.6643955,-0.6291914,-0.21342385,0.7473743,-0.31782824,0.9481429,0.003186524
1356506870827,-0.73379207,-0.25453973,-0.6298879,-0.5927024,-0.21329439,0.7766655,-0.33204377,0.943247,0.005647421
1356506870837,-0.743619,-0.26940447,-0.61192477,-0.57118297,-0.21975642,0.79085845,-0.34753522,0.93761843,0.0095357895
1356506870874,-0.73981166,-0.27881026,-0.6123262,-0.5664853,-0.23290348,0.79047465,-0.3630054,0.93167627,0.014362931
1356506870915,-0.721578,-0.28021285,-0.63309234,-0.5805235,-0.25338745,0.7738135,-0.37725013,0.92589176,0.020168662
1356506870955,-0.69071907,-0.27015018,-0.6707653,-0.60973746,-0.28109205,0.74108535,-0.38875112,0.9208725,0.02943486
1356506870995,-0.653494,-0.24379964,-0.7165942,-0.6456136,-0.3146696,0.69582045,-0.3951312,0.91735744,0.048234344
1356506871035,-0.62205386,-0.19747333,-0.757663,-0.6769792,-0.35052717,0.64717066,-0.3933804,0.91549706,0.084361434
1356506871075,-0.60608613,-0.13246804,-0.78429073,-0.69765145,-0.38504946,0.60416836,-0.38202375,0.91333956,0.14095664
1356506871115,-0.6005961,-0.057174176,-0.79750574,-0.7114539,-0.41693807,0.5656818,-0.3648529,0.9071349,0.20973456
1356506871155,-0.5879209,0.016348094,-0.8087533,-0.72906864,-0.44384062,0.5210226,-0.35043985,0.8959567,0.27286205
1356506871195,-0.5532709,0.07922879,-0.82922506,-0.758077,-0.46049857,0.4618012,-0.34526896,0.8841176,0.31484193
1356506871235,-0.49285072,0.1279535,-0.8606545,-0.79683197,-0.4636873,0.3873666,-0.3495096,0.87671095,0.330486
1356506871275,-0.41197896,0.16169569,-0.89673173,-0.8371961,-0.45565033,0.30246562,-0.35968873,0.8753498,0.32308933
1356506871315,-0.3210504,0.18044978,-0.929712,-0.87066656,-0.44250637,0.21477371,-0.37264758,0.87842244,0.2991785
1356506871355,-0.23230064,0.18494132,-0.95489955,-0.89261186,-0.43052387,0.13376549,-0.3863683,0.88342845,0.2650918
1356506871395,-0.1560058,0.1764451,-0.9718689,-0.9035064,-0.42311072,0.06821546,-0.39917192,0.88873184,0.22542709
1356506871435,-0.09911615,0.15631726,-0.9827212,-0.90696824,-0.42048055,0.024591744,-0.40937105,0.8937343,0.18345119
1356506871475,-0.06553185,0.12562647,-0.98991096,-0.90719354,-0.42066073,0.0066712797,-0.4155785,0.8984779,0.14153418
1356506871515,-0.057597816,0.08505458,-0.9947102,-0.90726143,-0.42023957,0.016600788,-0.41660455,0.9034183,0.10137156
1356506871555,-0.07873744,0.035254955,-0.99627185,-0.9080929,-0.41485935,0.057087958,-0.41130006,0.90920234,0.06467971
1356506871596,-0.13387215,-0.02222389,-0.99074936,-0.9072195,-0.3995595,0.13154808,-0.39878687,0.91643786,0.033327967
1356506871635,-0.23144394,-0.085592866,-0.96907556,-0.89511496,-0.37143534,0.24658668,-0.38105497,0.9245051,0.009351015
1356506871675,-0.3669213,-0.14928365,-0.91819555,-0.8567771,-0.33024442,0.39607015,-0.36235577,0.93201554,-0.006729126
1356506871715,-0.51736236,-0.20752668,-0.83022213,-0.78112847,-0.2817344,0.557193,-0.34953454,0.93678087,-0.016346157
1356506871755,-0.64341676,-0.25486797,-0.7218428,-0.6821353,-0.2370717,0.6917286,-0.34742802,0.93746424,-0.021318495
1356506871825,-0.72404814,-0.2935924,-0.62414557,-0.5884245,-0.2092061,0.78101814,-0.35987604,0.9327574,-0.0212816
1356506871846,-0.7770768,-0.32444954,-0.5393367,-0.5057423,-0.18821943,0.8419014,-0.3746682,0.9269875,-0.017826855
1356506871887,-0.80575305,-0.34508952,-0.48132646,-0.4473032,-0.17808199,0.876474,-0.38817757,0.9215205,-0.010869563
1356506871926,-0.81780773,-0.35643297,-0.45182523,-0.41480124,-0.17913067,0.89210546,-0.39891157,0.9169884,-0.0013543963
1356506871967,-0.8170924,-0.35895807,-0.4511197,-0.40826678,-0.19219047,0.89240175,-0.40703574,0.91335195,0.010486782
1356506872007,-0.80444795,-0.3505845,-0.4795353,-0.42751306,-0.21879053,0.87713355,-0.41242722,0.91061586,0.026126087
1356506872047,-0.7837759,-0.32697305,-0.52800006,-0.46347508,-0.25795048,0.84773374,-0.4133839,0.9091481,0.050631464
1356506872087,-0.7641195,-0.28378582,-0.57929873,-0.50060165,-0.30550873,0.8099768,-0.40684074,0.90891695,0.09138155
1356506872125,-0.7559033,-0.2223167,-0.61578035,-0.5253753,-0.35522336,0.77317345,-0.39062893,0.9079602,0.1517148
1356506872165,-0.75949,-0.15081504,-0.6327951,-0.5372559,-0.40305054,0.7408821,-0.3667846,0.90266556,0.22508657
1356506872205,-0.75794345,-0.07847217,-0.6475832,-0.55430377,-0.4458928,0.70279944,-0.34390283,0.89163995,0.29446405
1356506872245,-0.7327249,-0.010060668,-0.6804506,-0.5943993,-0.47741324,0.6471215,-0.3313666,0.8786214,0.3438324
1356506872285,-0.67249775,0.054537088,-0.73808706,-0.6616211,-0.4912238,0.5665304,-0.331669,0.8693244,0.36642978
1356506872325,-0.5717013,0.11422092,-0.8124723,-0.7456585,-0.4854424,0.45644173,-0.3422733,0.86677516,0.36269784
1356506872365,-0.43312716,0.16516924,-0.88607,-0.8267525,-0.4643579,0.3175723,-0.3590004,0.87010974,0.33768004
1356506872405,-0.27432126,0.20112652,-0.9403702,-0.88405496,-0.43754894,0.16431019,-0.37841085,0.87641263,0.29783583
1356506872445,-0.122154474,0.21838373,-0.96818733,-0.9096127,-0.41491717,0.021175802,-0.39709315,0.8832623,0.24932864
1356506872485,0.0036464334,0.21805865,-0.9759289,-0.9114056,-0.4008686,-0.092974216,-0.4114931,0.88980603,0.19727813
1356506872525,0.09750885,0.20376849,-0.97415113,-0.9026972,-0.3940602,-0.17278424,-0.41908213,0.8962115,0.14551684
1356506872565,0.16077614,0.17910096,-0.9706049,-0.8936008,-0.39114082,-0.22019607,-0.41908053,0.90273565,0.09715867
1356506872605,0.19546592,0.14715981,-0.96960664,-0.8900819,-0.38848627,-0.23839593,-0.41176116,0.90962756,0.055048496
1356506872645,0.20144463,0.11051485,-0.9732453,-0.895259,-0.38235843,-0.2287207,-0.39740568,0.9173813,0.02191542
1356506872685,0.17575634,0.07138023,-0.9818424,-0.9095361,-0.36980867,-0.18969825,-0.37663457,0.9263619,-7.329881E-5
1356506872725,0.11370951,0.031599134,-0.9930114,-0.9287379,-0.3516116,-0.11753836,-0.3528685,0.93561256,-0.0106342435
1356506872765,0.017427027,-0.0063705444,-0.99982786,-0.9431551,-0.33204424,-0.014323562,-0.3318958,0.9432423,-0.011795014
1356506872827,-0.096383095,-0.040887713,-0.9945041,-0.9423634,-0.3178867,0.10439935,-0.32040834,0.9472467,-0.007892132
1356506872846,-0.1994338,-0.06987566,-0.9774169,-0.9258093,-0.31340963,0.21130934,-0.32109717,0.9470438,-0.002187103
1356506872887,-0.2735737,-0.09189993,-0.9574506,-0.9030049,-0.31829315,0.28856796,-0.3312694,0.9435273,0.004090667
1356506872927,-0.31562942,-0.10570347,-0.9429765,-0.8836343,-0.32940364,0.33269134,-0.34578654,0.93825364,0.010566294
1356506872967,-0.32873923,-0.11054394,-0.93792886,-0.8725687,-0.34440577,0.3464224,-0.36132306,0.93228996,0.016762555
1356506873005,-0.31675363,-0.10613206,-0.9425514,-0.8704797,-0.3621695,0.33331388,-0.3767387,0.92605025,0.022332788
1356506873045,-0.28577387,-0.0922893,-0.9538427,-0.87452877,-0.38186747,0.29895893,-0.3918323,0.9195976,0.028418154
1356506873085,-0.24570715,-0.06760383,-0.9669838,-0.88047916,-0.4016822,0.2518091,-0.40544346,0.91328037,0.03917244
1356506873125,-0.21068424,-0.029586166,-0.97710633,-0.8851266,-0.4184845,0.20352295,-0.41492534,0.9077419,0.061980605
1356506873165,-0.19195294,0.024417222,-0.9811003,-0.88827586,-0.42937458,0.16310564,-0.41727695,0.9027964,0.10410896
1356506873205,-0.18828475,0.09346616,-0.97765684,-0.8915599,-0.4337744,0.1302337,-0.41191003,0.89616066,0.16500372
1356506873243,-0.18520099,0.16882154,-0.96809083,-0.8961723,-0.43321973,0.09589514,-0.40320688,0.88533604,0.23152587
1356506873291,-0.16776806,0.2375238,-0.9567843,-0.90152943,-0.42965198,0.05141732,-0.39887148,0.87119544,0.28621668
1356506873325,-0.12597495,0.2914125,-0.9482663,-0.90779793,-0.41932636,-0.008264691,-0.40004152,0.85979307,0.31736827
1356506873365,-0.06501001,0.3216175,-0.94463533,-0.9102497,-0.40703666,-0.07593915,-0.40892452,0.85491717,0.3192137
1356506873405,0.0067363977,0.33122176,-0.9435289,-0.906452,-0.39640552,-0.14562812,-0.42225525,0.8562447,0.29756624
1356506873445,0.07893878,0.324685,-0.94252235,-0.8963249,-0.39069784,-0.20965928,-0.43631464,0.86135644,0.26018196
1356506873485,0.14357698,0.3065375,-0.9409678,-0.88270855,-0.3902306,-0.26181224,-0.44744968,0.8681905,0.21455517
1356506873525,0.1961683,0.2800389,-0.939732,-0.8697719,-0.39283347,-0.29862803,-0.45278567,0.8759338,0.16650853
1356506873565,0.23439455,0.24733901,-0.9401503,-0.8611506,-0.3959157,-0.3188579,-0.45108622,0.8843496,0.120195664
1356506873605,0.25694388,0.21012989,-0.9433055,-0.8591368,-0.39731902,-0.32252386,-0.44256508,0.893299,0.07844162
1356506873645,0.26277226,0.16997397,-0.9497682,-0.86496055,-0.3946877,-0.30994332,-0.42754415,0.9029565,0.043307796
1356506873685,0.25047612,0.12847611,-0.95956004,-0.8789234,-0.38538015,-0.28102612,-0.40590057,0.9137702,0.016392142
1356506873725,0.21784961,0.087831855,-0.9720222,-0.8994268,-0.3685922,-0.23488551,-0.37891018,0.9254325,-0.0012993366
1356506873765,0.16327602,0.05094424,-0.9852642,-0.92223513,-0.3468734,-0.17076638,-0.35046157,0.9365274,-0.009653524
1356506873828,0.08721143,0.01923123,-0.9960042,-0.9406756,-0.32751077,-0.08869052,-0.3279077,0.9446517,-0.010472298
1356506873847,-0.0018865466,-0.007873207,-0.9999673,-0.94806206,-0.31805664,0.004292816,-0.31808,0.94803905,-0.0068643093
1356506873887,-0.08990586,-0.031568646,-0.9954498,-0.9423152,-0.32087874,0.09528291,-0.32242665,0.946594,-8.9871883E-4
1356506873927,-0.16549021,-0.05199495,-0.98483986,-0.9272512,-0.33190328,0.17333612,-0.33588415,0.9418794,0.006714344
1356506873966,-0.22326279,-0.06781039,-0.97239673,-0.9088501,-0.3461094,0.23280847,-0.35234246,0.93574035,0.015643835
1356506874006,-0.2623645,-0.077797204,-0.96182764,-0.8918582,-0.36103106,0.27248037,-0.36844787,0.92930305,0.025337696
1356506874047,-0.28387868,-0.081229985,-0.95541334,-0.8789267,-0.37624013,0.29314062,-0.38327655,0.92295456,0.03541124
1356506874085,-0.2908584,-0.07716668,-0.9536491,-0.87068194,-0.39185256,0.29726148,-0.39662856,0.9167861,0.04678601
1356506874126,-0.28968346,-0.063353,-0.9550235,-0.8660068,-0.40754855,0.2897178,-0.4075729,0.9109833,0.063195944
1356506874167,-0.28956044,-0.03508067,-0.95651674,-0.8630409,-0.42256814,0.27676094,-0.41390243,0.90565205,0.09208292
1356506874206,-0.2955227,0.011411965,-0.95526755,-0.86106884,-0.4362924,0.26116914,-0.41379556,0.89973253,0.13876083
1356506874236,-0.29999137,0.067828864,-0.9515274,-0.86142683,-0.4477769,0.23966563,-0.40981573,0.8915689,0.1927588
1356506874266,-0.30461752,0.12698022,-0.9439726,-0.8626082,-0.45702106,0.21688443,-0.40387526,0.8803453,0.24875075
1356506874305,-0.30569005,0.18366385,-0.934249,-0.8644612,-0.4648037,0.19147956,-0.3990745,0.8661554,0.3008561
1356506874345,-0.29193306,0.22730401,-0.929036,-0.86970043,-0.46728283,0.15895945,-0.39799044,0.85438854,0.33410162
1356506874385,-0.26456058,0.2511391,-0.9310944,-0.87720865,-0.4637779,0.12415716,-0.40064034,0.84961116,0.34299874
1356506874425,-0.22903848,0.25396198,-0.93970454,-0.88475126,-0.45685768,0.092175335,-0.40590224,0.85251653,0.32933116
1356506874465,-0.19221145,0.23789269,-0.9520829,-0.8905614,-0.4498431,0.06739089,-0.41225612,0.86084163,0.29832304
1356506874505,-0.16035241,0.20646217,-0.9652256,-0.89435434,-0.44413942,0.053576976,-0.41763315,0.8718449,0.25586915
1356506874545,-0.13834363,0.16363785,-0.97677207,-0.89704764,-0.43867606,0.053560913,-0.41972193,0.883621,0.20747901
1356506874585,-0.12918204,0.113316864,-0.98512506,-0.8996266,-0.43127578,0.06836164,-0.417114,0.8950758,0.15765584
1356506874625,-0.13437873,0.059361637,-0.9891504,-0.9022352,-0.42011052,0.09735903,-0.4097731,0.90552926,0.110012084
1356506874665,-0.1543451,0.0057085752,-0.9880004,-0.9042212,-0.40383673,0.13892385,-0.39819786,0.91481316,0.0674921
1356506874705,-0.18893641,-0.043686062,-0.9810171,-0.90443444,-0.381382,0.19117063,-0.3824937,0.9233847,0.032545716
1356506874745,-0.23771459,-0.08515188,-0.96759546,-0.90090394,-0.35307986,0.25240234,-0.3631309,0.93171024,0.00721848
1356506874785,-0.298263,-0.11602014,-0.9474062,-0.89111,-0.32180172,0.31994793,-0.34199736,0.93967175,-0.0074051917
1356506874828,-0.36624318,-0.13711652,-0.9203613,-0.8723725,-0.29356015,0.3908818,-0.32377777,0.94605577,-0.012102187
1356506874866,-0.4346562,-0.15463531,-0.88722146,-0.84381634,-0.27433962,0.4612068,-0.31471884,0.9491184,-0.011240363
1356506874907,-0.49464434,-0.17304388,-0.8516941,-0.80850935,-0.26786274,0.52398694,-0.31880984,0.9477898,-0.0074107647
1356506874947,-0.54569155,-0.1945518,-0.8150891,-0.7689413,-0.27037722,0.5793319,-0.3330916,0.9428922,-0.0020563602
1356506874987,-0.58788043,-0.21714333,-0.77925944,-0.72837627,-0.2770114,0.62668383,-0.35194397,0.9360093,0.0046876073
1356506875027,-0.6217277,-0.23848067,-0.7460439,-0.68967766,-0.28475273,0.66577816,-0.3712133,0.9284626,0.012563825
1356506875067,-0.6470051,-0.25707,-0.71784365,-0.65567243,-0.2929749,0.6958875,-0.38920188,0.92091304,0.021002471
1356506875105,-0.66338384,-0.27128184,-0.6973721,-0.6289504,-0.3027584,0.71607167,-0.40539253,0.91364294,0.030222237
1356506875145,-0.67184246,-0.27780116,-0.68662524,-0.6109374,-0.3162905,0.7257519,-0.41878775,0.907076,0.042778254
1356506875185,-0.6761483,-0.27102453,-0.6851052,-0.60037065,-0.33631557,0.7255665,-0.4270579,0.9019077,0.06468409
1356506875225,-0.68171406,-0.24523059,-0.68929523,-0.59391224,-0.36469012,0.71712583,-0.4272403,0.89825565,0.10296887
1356506875265,-0.6921635,-0.20016569,-0.6934285,-0.58803,-0.40068346,0.70261896,-0.4184856,0.8940841,0.15963519
1356506875306,-0.7044461,-0.14507648,-0.69477224,-0.5826856,-0.44071305,0.68282473,-0.405257,0.885847,0.22592461
1356506875345,-0.70968044,-0.09471314,-0.6981283,-0.58246803,-0.4785787,0.6570338,-0.396339,0.87292147,0.28447056
1356506875385,-0.7003749,-0.058454365,-0.71137756,-0.5927961,-0.5074998,0.6253292,-0.39757723,0.85966676,0.32078868
1356506875425,-0.6739023,-0.036327392,-0.7379267,-0.61618865,-0.5234361,0.5884948,-0.40763602,0.8512901,0.33036032
1356506875465,-0.6310729,-0.024130315,-0.7753481,-0.6512544,-0.5265471,0.5464575,-0.42144352,0.84980345,0.31657457
1356506875505,-0.5743082,-0.018209428,-0.8184366,-0.69370306,-0.5200216,0.49835086,-0.4346794,0.85395896,0.28602076
1356506875545,-0.50749314,-0.01663065,-0.8614954,-0.7379888,-0.507699,0.44453824,-0.44477332,0.861374,0.24538052
1356506875585,-0.43621957,-0.018865258,-0.8996425,-0.77917624,-0.4921794,0.3881286,-0.45010763,0.8702893,0.19999894
1356506875625,-0.3676973,-0.025154114,-0.92960525,-0.81383616,-0.4749816,0.3347583,-0.44996595,0.87963617,0.15417817
1356506875665,-0.30812222,-0.03606704,-0.95066285,-0.8411087,-0.45658833,0.28993663,-0.44451877,0.88894665,0.11034873
1356506875705,-0.2635545,-0.051962912,-0.96324396,-0.8611934,-0.43720955,0.25921783,-0.43460906,0.8978573,0.07047832
1356506875745,-0.24010926,-0.072386205,-0.9680433,-0.8747078,-0.41633797,0.24809074,-0.42099145,0.9063239,0.036649764
1356506875785,-0.2430321,-0.0958744,-0.9652687,-0.8820876,-0.39214838,0.26103884,-0.40355545,0.91489226,0.010735005
1356506875828,-0.276897,-0.120432645,-0.95332265,-0.88170695,-0.36256123,0.30189794,-0.38199615,0.92414576,-0.0057941973
1356506875866,-0.33999246,-0.14478362,-0.92921627,-0.86891294,-0.329579,0.3692805,-0.3597159,0.9329606,-0.013750017
1356506875907,-0.41836733,-0.16622373,-0.89293814,-0.84167624,-0.29857057,0.44992965,-0.34139398,0.9398007,-0.014994383
1356506875947,-0.4922371,-0.18641415,-0.8502661,-0.8039776,-0.27704632,0.52617997,-0.3336505,0.9426002,-0.013500333
1356506875987,-0.543968,-0.20597672,-0.81343246,-0.76761174,-0.26940364,0.5815444,-0.3389263,0.9407419,-0.011563182
1356506876025,-0.5702474,-0.2232064,-0.79056746,-0.7415196,-0.2742781,0.6123073,-0.35350627,0.93538785,-0.009105504
1356506876083,-0.5740655,-0.23428802,-0.784575,-0.7296966,-0.28832346,0.6200101,-0.37147227,0.9284281,-0.0054426193
1356506876105,-0.5561287,-0.23539959,-0.79706204,-0.7343485,-0.30990404,0.60389715,-0.3891699,0.9211659,-5.187988E-4
1356506876145,-0.51351637,-0.22260213,-0.8287034,-0.7564113,-0.33855754,0.55966127,-0.40514556,0.91423583,0.005476117
1356506876183,-0.4455918,-0.19226462,-0.8743468,-0.7912662,-0.37224847,0.48510712,-0.4187432,0.90800077,0.013738334
1356506876225,-0.3624444,-0.14270431,-0.92101556,-0.82763886,-0.40510297,0.38846573,-0.42854184,0.90306544,0.028719544
1356506876265,-0.28341407,-0.07481137,-0.9560752,-0.8562677,-0.42918605,0.2874108,-0.43183568,0.90011257,0.057578802
1356506876305,-0.22888833,0.0071695447,-0.97342634,-0.87534696,-0.43900335,0.20259291,-0.42588487,0.8984569,0.106758505
1356506876345,-0.19990975,0.09828684,-0.9748722,-0.8893182,-0.43583423,0.13842496,-0.41127735,0.89464414,0.17453578
1356506876385,-0.17743844,0.19074899,-0.965469,-0.90157264,-0.4248317,0.081760705,-0.39456606,0.88494796,0.24735555
1356506876425,-0.13604075,0.27469915,-0.9518578,-0.9128384,-0.40812403,0.0126824975,-0.3849922,0.8706177,0.3062774
1356506876465,-0.062027276,0.34237668,-0.9375132,-0.9199804,-0.3838557,-0.0793156,-0.38702554,0.857574,0.33878928
1356506876505,0.041232824,0.39001507,-0.9198848,-0.91627234,-0.35237193,-0.19047043,-0.39842796,0.8507186,0.34283078
1356506876546,0.15964061,0.4172261,-0.89467156,-0.89607275,-0.31902695,-0.30866742,-0.41420838,0.8509667,0.32293525
1356506876585,0.27600497,0.42675072,-0.861223,-0.85971683,-0.29104298,-0.41973907,-0.4297769,0.856258,0.28655553
1356506876625,0.3777387,0.42307967,-0.82360005,-0.8137341,-0.27269632,-0.5132966,-0.44175816,0.8640834,0.24126643
1356506876665,0.46006668,0.41025525,-0.7874193,-0.76657873,-0.26393324,-0.58540267,-0.44799066,0.8729432,0.19306609
1356506876705,0.5233308,0.39097112,-0.7571436,-0.7248667,-0.26287234,-0.63676244,-0.44798782,0.8820656,0.14583278
1356506876745,0.5693994,0.36695224,-0.7356156,-0.6926692,-0.26774478,-0.6697179,-0.4427117,0.89087534,0.10172278
1356506876785,0.59947956,0.33947098,-0.72483355,-0.67281294,-0.27678424,-0.6860855,-0.4335286,0.8989716,0.062473953
1356506876829,0.61691105,0.30865276,-0.723985,-0.6656957,-0.2860828,-0.6892067,-0.41984516,0.907133,0.02898115
1356506876866,0.6192365,0.2746334,-0.73561037,-0.6741116,-0.2944553,-0.6773991,-0.40264082,0.9153537,0.0027961172
1356506876907,0.6111988,0.2391639,-0.75447774,-0.6937227,-0.297035,-0.6561394,-0.38103116,0.92443,-0.015633997
1356506876947,0.5855013,0.2026071,-0.7849449,-0.7269452,-0.29733422,-0.6189854,-0.35880184,0.9330287,-0.026805319
1356506876987,0.5326593,0.16579491,-0.82993144,-0.7738779,-0.30156985,-0.5569279,-0.34261805,0.9389185,-0.032328993
1356506877027,0.4417582,0.12645924,-0.8881767,-0.83087975,-0.31572142,-0.45821273,-0.33836162,0.94038725,-0.034400135
1356506877067,0.31131396,0.0804311,-0.94689727,-0.8849081,-0.33871326,-0.3197045,-0.34644088,0.9374455,-0.034272015
1356506877107,0.15647799,0.027219832,-0.98730636,-0.91895056,-0.36236417,-0.15563464,-0.36200073,0.9316391,-0.031688392
1356506877146,0.002144456,-0.027366698,-0.9996232,-0.92531407,-0.37910873,0.008393794,-0.37919557,0.9249474,-0.026135743
1356506877187,-0.13047343,-0.07501325,-0.98861,-0.909402,-0.38813245,0.1494703,-0.3949238,0.9185457,-0.017576307
1356506877227,-0.23018515,-0.11007205,-0.96690166,-0.8833575,-0.3932219,0.25506064,-0.408282,0.91283107,-0.0067190826
1356506877265,-0.29746616,-0.1305866,-0.94575953,-0.857654,-0.3986653,0.32480076,-0.41945615,0.9077517,0.00659135
1356506877305,-0.34250772,-0.13674912,-0.9295095,-0.8363676,-0.40631503,0.36796355,-0.42799243,0.90344214,0.024793535
1356506877345,-0.38184118,-0.12823424,-0.9152886,-0.8171191,-0.41591954,0.39915806,-0.4318722,0.90031487,0.054032594
1356506877385,-0.4294803,-0.10354599,-0.89712036,-0.79511404,-0.42765403,0.43000662,-0.4281826,0.8979924,0.10133812
1356506877425,-0.48809958,-0.063822806,-0.8704513,-0.76747304,-0.4435432,0.4628764,-0.4156248,0.89397764,0.16751096
1356506877465,-0.5459181,-0.017239928,-0.83766115,-0.7373199,-0.46493912,0.49009293,-0.3979106,0.8851748,0.24110731
1356506877505,-0.5879425,0.022779018,-0.80858195,-0.7122899,-0.48832023,0.504169,-0.3833625,0.87236714,0.3033295
1356506877545,-0.60826623,0.045518994,-0.7924268,-0.69753987,-0.5070436,0.50630516,-0.37874842,0.8607176,0.34016886
1356506877585,-0.6099033,0.046892315,-0.79108727,-0.69266164,-0.5165324,0.5034025,-0.38501656,0.8549826,0.3475154
1356506877625,-0.60037786,0.028224379,-0.7992183,-0.6934234,-0.51622003,0.5026738,-0.39838484,0.8559908,0.32949853
1356506877665,-0.58589756,-0.006983578,-0.81035507,-0.6963453,-0.50715303,0.50783765,-0.4145206,0.86182773,0.2922767
1356506877705,-0.57348925,-0.05423823,-0.81741565,-0.69777465,-0.49043846,0.52209264,-0.4292094,0.86978644,0.24341506
1356506877745,-0.5689685,-0.10824129,-0.8152047,-0.6952696,-0.46608144,0.5471457,-0.43917555,0.8780956,0.18992877
1356506877785,-0.57601756,-0.1639213,-0.800833,-0.6871015,-0.4336295,0.5829725,-0.44282648,0.88605595,0.13714772
1356506877829,-0.5962302,-0.21705674,-0.7729138,-0.6712259,-0.39337724,0.6282595,-0.4404147,0.89338714,0.088849425
1356506877866,-0.6288082,-0.2639625,-0.7313849,-0.64587164,-0.34643334,0.6803187,-0.4329548,0.9001708,0.04735434
1356506877907,-0.671734,-0.30106932,-0.67685354,-0.6098745,-0.29389524,0.73598826,-0.42050755,0.907184,0.013804913
1356506877947,-0.7229632,-0.32558855,-0.60935724,-0.56121475,-0.23764145,0.7928206,-0.40294182,0.9151604,-0.010919094
1356506877985,-0.77786064,-0.33554876,-0.5313567,-0.49976724,-0.18232405,0.846753,-0.381006,0.9242104,-0.025873661
1356506878025,-0.83035654,-0.33226615,-0.44733337,-0.4277041,-0.13453758,0.8938505,-0.35717943,0.933541,-0.030397356
1356506878065,-0.873456,-0.32260874,-0.36468914,-0.35170838,-0.09992498,0.93076104,-0.33671322,0.9412431,-0.026184142
1356506878105,-0.9026724,-0.3160103,-0.2920958,-0.28153902,-0.07966602,0.95623696,-0.3254508,0.9454051,-0.017056823
1356506878145,-0.9187056,-0.3184279,-0.2336315,-0.22291961,-0.070230305,0.97230375,-0.32601666,0.94534194,-0.006462872
1356506878185,-0.9254942,-0.32891226,-0.18782182,-0.17568105,-0.06654048,0.98219573,-0.335554,0.94201326,0.0037993193
1356506878225,-0.9263854,-0.34399286,-0.15322876,-0.13890547,-0.066063285,0.9880997,-0.35002202,0.9366454,0.013417602
1356506878265,-0.9236646,-0.36076155,-0.12920758,-0.11214704,-0.067928195,0.9913671,-0.366424,0.930181,0.022284567
1356506878305,-0.91869175,-0.37728888,-0.11686985,-0.09636016,-0.07285833,0.99267644,-0.38304073,0.9232252,0.030578732
1356506878345,-0.9122849,-0.3921616,-0.1180916,-0.0925024,-0.08359218,0.99219745,-0.3989733,0.9160904,0.03998393
1356506878385,-0.9055684,-0.40244183,-0.1341137,-0.09996417,-0.104798555,0.9894566,-0.41225365,0.9094272,0.05467242
1356506878425,-0.90049595,-0.4032702,-0.16272756,-0.11424324,-0.14167726,0.9832986,-0.4195898,0.90404695,0.081508815
1356506878465,-0.89926636,-0.3900991,-0.19784519,-0.12862112,-0.19648266,0.9720346,-0.41806296,0.8995651,0.12651527
1356506878505,-0.9017414,-0.36347067,-0.23399055,-0.14070831,-0.26501775,0.9539218,-0.40873426,0.89311516,0.18783414
1356506878545,-0.9037807,-0.32972184,-0.27288097,-0.1573784,-0.3368883,0.9282986,-0.39801073,0.8819239,0.25258207
1356506878585,-0.8997901,-0.2949715,-0.32151106,-0.18940993,-0.39975053,0.8968407,-0.39306667,0.8678659,0.3038212
1356506878625,-0.88547844,-0.26122904,-0.38430142,-0.24263108,-0.4454133,0.86182207,-0.39630586,0.85636824,0.33102143
1356506878665,-0.8576327,-0.22835906,-0.46078008,-0.31626898,-0.47231454,0.822735,-0.40551215,0.85133487,0.3328495
1356506878705,-0.8134538,-0.19667742,-0.5473673,-0.40514305,-0.48362434,0.7758651,-0.4173153,0.8528924,0.31372356
1356506878745,-0.75174177,-0.16780311,-0.637751,-0.50070477,-0.4841208,0.71758044,-0.4291608,0.85876024,0.27991408
1356506878785,-0.67786384,-0.14471406,-0.72080404,-0.59001684,-0.477844,0.65080357,-0.43861228,0.8664427,0.23852941
1356506878829,-0.6033052,-0.1310606,-0.7866676,-0.6630124,-0.46576446,0.58606994,-0.4432125,0.8751495,0.19410342
1356506878866,-0.5440685,-0.1305002,-0.82883006,-0.71356255,-0.44768703,0.53889227,-0.441382,0.8846164,0.15045232
1356506878907,-0.51232946,-0.14432442,-0.84657484,-0.7415861,-0.42278337,0.5208688,-0.43309182,0.8946645,0.10957539
1356506878947,-0.5172287,-0.17232224,-0.8383195,-0.7458223,-0.3896966,0.54026437,-0.41978985,0.9046776,0.073040485
1356506878987,-0.5627369,-0.21098024,-0.7992587,-0.72197807,-0.34544504,0.5995127,-0.40258524,0.91441524,0.04207152
1356506879046,-0.6473321,-0.25372213,-0.7187394,-0.65948236,-0.28634703,0.6950456,-0.38215733,0.9239212,0.018036366
1356506879065,-0.7534063,-0.2894703,-0.59041166,-0.5502113,-0.21414411,0.8070996,-0.36006454,0.9329251,0.0020676851
1356506879105,-0.8463714,-0.3089035,-0.43385944,-0.40982762,-0.14251679,0.90096074,-0.34014216,0.940355,-0.0059750676
1356506879143,-0.9020796,-0.3160712,-0.2938561,-0.28017968,-0.08899057,0.9558138,-0.32825562,0.9445526,-0.008280158
1356506879185,-0.92507607,-0.32294464,-0.19985238,-0.19111514,-0.058892906,0.9797993,-0.32819083,0.94458365,-0.0072392225
1356506879225,-0.9308699,-0.3348131,-0.14622425,-0.1390048,-0.045565426,0.9892429,-0.33787423,0.94118226,-0.0041251183
1356506879265,-0.9291834,-0.34992906,-0.11902886,-0.11105552,-0.04284203,0.99289036,-0.3525406,0.935796,9.4646215E-4
1356506879305,-0.9246499,-0.36488563,-0.1090008,-0.0986201,-0.047026277,0.99401337,-0.3678271,0.929864,0.007497728
1356506879345,-0.9184835,-0.37802422,-0.11612867,-0.10167763,-0.058040798,0.9931229,-0.38216466,0.9239746,0.014872849
1356506879385,-0.9100871,-0.38807094,-0.14540382,-0.12461251,-0.07836586,0.9891059,-0.39523798,0.91829175,0.022961318
1356506879425,-0.8972924,-0.3921194,-0.20275274,-0.17180306,-0.11288601,0.9786421,-0.4066325,0.9129617,0.03392452
1356506879465,-0.87729555,-0.38368747,-0.28833377,-0.2413589,-0.1665765,0.95603245,-0.41484737,0.908315,0.053530514
1356506879505,-0.8518628,-0.3547733,-0.3853125,-0.31660733,-0.23724532,0.9184087,-0.41724044,0.90435094,0.089776635
1356506879545,-0.8318111,-0.30524087,-0.46359277,-0.37228757,-0.31268007,0.87386096,-0.41169435,0.8994771,0.14645344
1356506879585,-0.8240958,-0.2459988,-0.5102456,-0.40113634,-0.38255513,0.8323107,-0.39994454,0.89058185,0.21658307
1356506879625,-0.81607634,-0.18604615,-0.54718035,-0.42725196,-0.44336605,0.7879609,-0.38919827,0.8768201,0.28233188
1356506879665,-0.79065394,-0.12665902,-0.599019,-0.4747396,-0.49100477,0.73043585,-0.3866375,0.8619001,0.32808486
1356506879705,-0.7353439,-0.06506616,-0.6745634,-0.5515691,-0.52087194,0.6515089,-0.39375234,0.85115147,0.3471315
1356506879745,-0.64192873,-4.107952E-4,-0.76676416,-0.64961714,-0.53095263,0.54413867,-0.40733898,0.8474014,0.34056687
1356506879785,-0.5101025,0.0633443,-0.85777783,-0.7489788,-0.5230322,0.40677762,-0.42287835,0.8499558,0.31424356
1356506879829,-0.35348213,0.11791417,-0.92797995,-0.8270955,-0.5028227,0.25116226,-0.43699375,0.8563093,0.27526504
1356506879866,-0.19587356,0.15545449,-0.96822906,-0.87259936,-0.4781406,0.09975949,-0.44744155,0.86441636,0.2293045
1356506879906,-0.06164819,0.17189717,-0.9831841,-0.8895843,-0.4561417,-0.02397132,-0.4525918,0.8731473,0.18103725
1356506879947,0.03666818,0.1681022,-0.98508734,-0.89149064,-0.4399153,-0.1082544,-0.4515528,0.8821657,0.13373064
1356506879987,0.09194827,0.14559427,-0.98506236,-0.89109755,-0.42946267,-0.14665285,-0.44439927,0.8912711,0.09025036
1356506880031,0.10384762,0.10664287,-0.9888593,-0.89678097,-0.41992098,-0.13946387,-0.43011567,0.90127325,0.052027553
1356506880072,0.043579876,0.043278635,-0.9981121,-0.911727,-0.40676028,-0.057445407,-0.4084785,0.9125092,0.021731704
1356506880115,-0.13001305,-0.052768975,-0.9901072,-0.9144069,-0.37970173,0.14030933,-0.38334933,0.9236028,0.001113832
1356506880155,-0.40829206,-0.16575083,-0.8976772,-0.8398913,-0.31702095,0.44054532,-0.35760322,0.9338224,-0.009775579
1356506880195,-0.6877048,-0.254691,-0.67984897,-0.64340436,-0.21996409,0.73324394,-0.33629304,0.94167316,-0.012598932
1356506880235,-0.8404044,-0.29370087,-0.455478,-0.43380928,-0.13920611,0.890186,-0.32485372,0.9457069,-0.01042074
1356506880276,-0.8952494,-0.30990607,-0.3201355,-0.30441862,-0.09922886,0.94735575,-0.325358,0.9455749,-0.005506575
1356506880315,-0.91094416,-0.32288375,-0.25676176,-0.24155523,-0.08705968,0.96647376,-0.3344123,0.9424259,0.0013123751
1356506880355,-0.9119146,-0.33517203,-0.23679435,-0.21870837,-0.09130967,0.97150874,-0.34724414,0.93772185,0.009961724
1356506880395,-0.9052566,-0.34463468,-0.24847025,-0.22488305,-0.107507646,0.9684368,-0.36046934,0.9325605,0.019819438
1356506880435,-0.89022404,-0.3485765,-0.29324985,-0.26143157,-0.1362263,0.95556045,-0.37303424,0.92732775,0.030143082
1356506880475,-0.86076814,-0.34245694,-0.37656555,-0.33305573,-0.18050647,0.9254682,-0.3849055,0.9220308,0.041316926
1356506880515,-0.80805594,-0.31796452,-0.4959276,-0.43676063,-0.24157286,0.8665349,-0.39532998,0.91681033,0.056329906
1356506880555,-0.7313594,-0.26646638,-0.627781,-0.5508626,-0.31188297,0.77413136,-0.4020742,0.9119894,0.08131224
1356506880595,-0.6494404,-0.1889929,-0.7365519,-0.645032,-0.376033,0.66523135,-0.40269184,0.90712774,0.12230462
1356506880635,-0.5823289,-0.09740338,-0.807097,-0.7090076,-0.4248848,0.5628331,-0.39774507,0.899992,0.17836294
1356506880675,-0.52339196,-0.003112048,-0.8520864,-0.75636566,-0.45880508,0.4662714,-0.39239264,0.88853157,0.23778105
1356506880715,-0.4513569,0.086520135,-0.8881392,-0.8013335,-0.47720134,0.36075407,-0.3926087,0.87452453,0.2847196
1356506880755,-0.35373938,0.16570157,-0.92054963,-0.84547204,-0.47759157,0.23892146,-0.400057,0.86281484,0.3090389
1356506880828,-0.22006196,0.22900584,-0.9482242,-0.8833097,-0.45925212,0.09408262,-0.41392848,0.8582796,0.30334693
1356506880836,-0.092544615,0.27375832,-0.9573358,-0.900121,-0.43405682,-0.03710854,-0.42569688,0.8582838,0.2865852
1356506880875,0.033415914,0.29749888,-0.9541372,-0.90016097,-0.40586108,-0.15807253,-0.43427363,0.86415917,0.25423473
1356506880915,0.14489096,0.3021823,-0.9421743,-0.88715136,-0.38198322,-0.25894228,-0.43814257,0.8733697,0.21273555
1356506880955,0.2378878,0.2920529,-0.9263447,-0.8677943,-0.36448365,-0.33776432,-0.43628258,0.8842266,0.16673565
1356506880995,0.31006867,0.2709386,-0.91129017,-0.848539,-0.35342234,-0.39379463,-0.42876446,0.8953686,0.12031677
1356506881035,0.36030418,0.24240455,-0.900789,-0.8344656,-0.34786218,-0.42738622,-0.41695082,0.90566653,0.07694208
1356506881075,0.38922364,0.20944452,-0.89701617,-0.82868767,-0.34560025,-0.44026962,-0.402221,0.91470957,0.039048277
1356506881115,0.395845,0.17391053,-0.9016995,-0.83354425,-0.34401047,-0.43227416,-0.38537103,0.9227199,0.008787215
1356506881155,0.37870237,0.13719434,-0.9152935,-0.8499097,-0.33994558,-0.40260467,-0.36638504,0.93038416,-0.012135401
1356506881195,0.3336573,0.10019854,-0.9373543,-0.8766742,-0.3325812,-0.34760907,-0.34657636,0.93773663,-0.023126677
1356506881235,0.2572739,0.06416318,-0.964206,-0.90832484,-0.3244593,-0.26395464,-0.32978177,0.94372094,-0.025193915
1356506881275,0.15213871,0.029417306,-0.98792124,-0.934476,-0.32124776,-0.15347397,-0.32188228,0.9465381,-0.021384418
1356506881315,0.037283123,-0.0029594004,-0.99930036,-0.94483876,-0.3257364,-0.0342865,-0.32540703,0.94545597,-0.01494059
1356506881355,-0.062662125,-0.030080408,-0.99758136,-0.9391488,-0.3364811,0.06913781,-0.33774698,0.9412097,-0.0071653128
1356506881395,-0.13337493,-0.048711985,-0.98986787,-0.9258139,-0.35029942,0.1419827,-0.35366637,0.9353703,0.0016228557
1356506881435,-0.17110974,-0.05636856,-0.98363817,-0.9133769,-0.36525053,0.17981851,-0.36941049,0.9292011,0.011012167
1356506881475,-0.17703903,-0.051795483,-0.98283994,-0.9063348,-0.38072324,0.18332216,-0.38368523,0.9232372,0.020458817
1356506881516,-0.15549505,-0.034702003,-0.98722696,-0.9047365,-0.39620918,0.15642932,-0.39657676,0.9175043,0.030212373
1356506881555,-0.11605495,-0.005284786,-0.9932288,-0.90553856,-0.41028988,0.107991755,-0.4080824,0.9119399,0.042830527
1356506881596,-0.07485324,0.03655246,-0.9965244,-0.9059571,-0.42008388,0.05264169,-0.4166997,0.9067488,0.06455964
1356506881635,-0.04453218,0.09139797,-0.9948182,-0.9066955,-0.42178178,0.0018366277,-0.41942832,0.902079,0.10165298
