1356507705231,-0.5413389,0.6883446,-0.48283955,-0.25055498,0.4161039,0.87411666,0.8026048,0.59417117,-0.0527851
1356507705272,0.35977662,-0.41158113,0.837354,0.47580108,-0.691059,-0.54410547,0.8026046,0.5941704,-0.052796125
1356507705314,0.3598925,-0.41160432,0.8372928,0.4757314,-0.69103974,-0.5441909,0.80259395,0.59417677,-0.052886903
1356507705353,0.36032844,-0.41170815,0.83705425,0.47549018,-0.690941,-0.544527,0.80254126,0.5942196,-0.05320251
1356507705393,0.36143756,-0.41194326,0.8364602,0.4749428,-0.69065833,-0.5453627,0.8023667,0.59438527,-0.05398038
1356507705441,0.3637492,-0.41232675,0.8352683,0.4739542,-0.69002074,-0.5470272,0.8019064,0.59485966,-0.055570483
1356507705482,0.36657625,-0.41266194,0.8338657,0.47294667,-0.6891704,-0.54896784,0.8012137,0.5956125,-0.057466418
1356507705523,0.3697499,-0.4128895,0.83235043,0.47223184,-0.6879923,-0.5510569,0.8001763,0.59681565,-0.059405506
1356507705564,0.37338966,-0.41297024,0.8306839,0.47214127,-0.6861986,-0.5533661,0.7985379,0.59882134,-0.061239153
1356507705601,0.3779968,-0.4129154,0.82862496,0.47268516,-0.6835059,-0.55622697,0.7960447,0.60193074,-0.06318405
1356507705643,0.38488203,-0.412935,0.8254396,0.47364327,-0.67922544,-0.56063795,0.7921666,0.60674334,-0.0658378
1356507705682,0.39525968,-0.4131741,0.82040054,0.47467673,-0.67276293,-0.567514,0.78641707,0.6137404,-0.06979194
1356507705721,0.408948,-0.41361883,0.81343776,0.47514144,-0.66451514,-0.5767671,0.77910346,0.6223657,-0.0752247
1356507705761,0.42660713,-0.4144023,0.8039136,0.47380012,-0.6547323,-0.5889304,0.7704023,0.6321363,-0.082969576
1356507705802,0.4476984,-0.41535285,0.79186374,0.46909288,-0.64483184,-0.6034433,0.7612608,0.6416182,-0.09385112
1356507705841,0.47121334,-0.4161999,0.7776475,0.45952103,-0.63671696,-0.6192188,0.7528602,0.6491295,-0.10877693
1356507705881,0.4953404,-0.4164694,0.7623589,0.4446677,-0.6323403,-0.63436294,0.746263,0.65322196,-0.12803322
1356507705921,0.517857,-0.41552258,0.74777347,0.42578715,-0.6329513,-0.64658946,0.7419767,0.65323323,-0.15085411
1356507705960,0.53710824,-0.41261268,0.7357075,0.40546048,-0.63853353,-0.65412295,0.73967326,0.6496351,-0.1756635
1356507706000,0.55278546,-0.4070446,0.72714716,0.38642585,-0.64788806,-0.656442,0.7383111,0.64386004,-0.20085055
1356507706041,0.5659281,-0.39826435,0.72188,0.37061423,-0.65923977,-0.6542537,0.736458,0.6377996,-0.2254799
1356507706080,0.57853055,-0.3859698,0.71856093,0.3586134,-0.6708815,-0.64908737,0.73259735,0.6332024,-0.24971151
1356507706153,0.593099,-0.37028888,0.7149264,0.34943774,-0.68158495,-0.64291155,0.725346,0.6311325,-0.27485445
1356507706162,0.61171246,-0.35157093,0.7086648,0.34138653,-0.69079256,-0.6373859,0.71362674,0.6318255,-0.30254483
1356507706200,0.6352253,-0.33036852,0.6981013,0.33295256,-0.6984452,-0.6334957,0.6968726,0.63484716,-0.33367306
1356507706241,0.66315794,-0.30736536,0.68245745,0.32330972,-0.704707,-0.6315528,0.67505,0.6394644,-0.3679578
1356507706282,0.6927924,-0.2834452,0.6630969,0.31294653,-0.71025026,-0.63056254,0.6496947,0.6443628,-0.40335283
1356507706321,0.7179024,-0.25929716,0.64605033,0.3056067,-0.7164444,-0.62714577,0.62547636,0.6476668,-0.4350942
1356507706362,0.73116887,-0.23572698,0.6401757,0.3069586,-0.72436094,-0.6173149,0.609236,0.6478688,-0.45727172
1356507706402,0.72714,-0.21307103,0.65258574,0.32168764,-0.73402554,-0.59809995,0.60645235,0.6448312,-0.465197
1356507706444,0.70582986,-0.1905475,0.68227255,0.34955242,-0.7440282,-0.56941646,0.61613095,0.6404012,-0.45855102
1356507706503,0.66472137,-0.16789693,0.72798085,0.39018178,-0.75294816,-0.5299313,0.6371057,0.6363015,-0.4349904
1356507706521,0.6103977,-0.14525215,0.7786633,0.43552554,-0.7595608,-0.48309925,0.66161335,0.63401043,-0.40037313
1356507706562,0.54232943,-0.1241059,0.8309492,0.48326787,-0.7629553,-0.42936158,0.68726337,0.6344265,-0.35379672
1356507706598,0.46862328,-0.10726513,0.8768617,0.52614444,-0.76345354,-0.37458074,0.7096226,0.63689315,-0.30133516
1356507706645,0.3924858,-0.09651245,0.9146804,0.5638675,-0.76042575,-0.3221896,0.72664183,0.64221334,-0.24403608
1356507706691,0.3225994,-0.095696256,0.9416857,0.5948693,-0.75335044,-0.28034547,0.7362473,0.65061915,-0.18610364
1356507706731,0.2715335,-0.10809785,0.95633906,0.6160387,-0.74391913,-0.25899935,0.7394362,0.6594688,-0.1354065
1356507706770,0.23708636,-0.12830624,0.96297854,0.6321056,-0.7323464,-0.25320214,0.73772126,0.6687348,-0.09252626
1356507706813,0.21964991,-0.15590136,0.9630414,0.6444994,-0.71787274,-0.2632094,0.73237586,0.67849356,-0.057202343
1356507706852,0.2189759,-0.18935595,0.9571802,0.65480006,-0.6987654,-0.2880344,0.7233854,0.68983424,-0.029022485
1356507706891,0.23556429,-0.22758424,0.9448359,0.66192687,-0.6742661,-0.3274417,0.71159136,0.7025459,-0.008188903
1356507706932,0.26792365,-0.26586455,0.92603076,0.6651146,-0.6443393,-0.37742478,0.69702184,0.7170376,0.004196614
1356507706970,0.3135463,-0.3034581,0.8997788,0.6600005,-0.6116156,-0.4362632,0.6827064,0.73064315,0.008512702
1356507707010,0.36376882,-0.33636802,0.8686362,0.6458338,-0.58091533,-0.49541512,0.6712459,0.7412112,0.0059189517
1356507707051,0.409307,-0.36423618,0.83654034,0.6244045,-0.5567036,-0.5479051,0.6652719,0.746601,-4.31953E-4
1356507707091,0.4436533,-0.3870235,0.8083221,0.599941,-0.5417768,-0.5886838,0.6657646,0.74611706,-0.0081697395
1356507707168,0.4658534,-0.4048407,0.7868193,0.57617664,-0.53607494,-0.61696357,0.67156607,0.74076146,-0.016472548
1356507707173,0.47780168,-0.4172621,0.7730445,0.55580604,-0.5378722,-0.6338558,0.6802831,0.7325202,-0.025079459
1356507707211,0.4813316,-0.42364833,0.76736045,0.5402576,-0.54599893,-0.64031786,0.69024754,0.7227774,-0.03392732
1356507707253,0.4774388,-0.4231827,0.77004457,0.53025657,-0.56003994,-0.6365401,0.7006284,0.71223015,-0.042989433
1356507707290,0.46726298,-0.4152003,0.7805601,0.5251191,-0.57993793,-0.6228337,0.7112772,0.70091414,-0.05295393
1356507707331,0.45364225,-0.3983863,0.7971807,0.52314293,-0.6051347,-0.60011125,0.7214778,0.68927526,-0.0661017
1356507707370,0.44341028,-0.37139058,0.8157551,0.5215116,-0.6333036,-0.5717973,0.7289808,0.6789666,-0.08712882
1356507707410,0.44654113,-0.33378777,0.8301727,0.5174583,-0.6605832,-0.54393625,0.7299574,0.67246974,-0.12225628
1356507707451,0.47033387,-0.28672928,0.83460915,0.50991863,-0.68358386,-0.52220315,0.7202562,0.6711926,-0.17530403
1356507707490,0.5115758,-0.23340766,0.82692873,0.50022775,-0.7015865,-0.5074924,0.6986146,0.67327356,-0.24215764
1356507707532,0.55501676,-0.17892358,0.8123686,0.49248067,-0.7163682,-0.49424633,0.6703873,0.67439085,-0.30947995
1356507707570,0.58259827,-0.12833199,0.8025648,0.4929557,-0.7293004,-0.47446355,0.64619964,0.67205054,-0.36162716
1356507707612,0.5847858,-0.084106535,0.80681574,0.5058681,-0.7397078,-0.4437677,0.63413167,0.6676514,-0.3900239
1356507707652,0.5607549,-0.04616882,0.82669365,0.5308684,-0.7461659,-0.4017651,0.6353996,0.6641573,-0.3939066
1356507707691,0.51589614,-0.013738185,0.856541,0.56316173,-0.7480067,-0.35119066,0.64552313,0.66354895,-0.37815696
1356507707733,0.45372263,0.012381554,0.8910569,0.5980352,-0.7455368,-0.29415768,0.6606736,0.6663494,-0.3456715
1356507707771,0.38534296,0.0314385,0.92223775,0.6283704,-0.7408368,-0.23730037,0.6757673,0.670949,-0.30523127
1356507707811,0.315728,0.042005092,0.9479195,0.6523794,-0.7350374,-0.18471938,0.68899715,0.6767242,-0.25947514
1356507707850,0.2507882,0.042963266,0.9670881,0.6693213,-0.7294392,-0.14116475,0.69936705,0.68269515,-0.21169099
1356507707891,0.19425005,0.03431502,0.9803517,0.68024635,-0.72477084,-0.1094172,0.70677567,0.6881349,-0.16412947
1356507707931,0.14856952,0.016796112,0.9887593,0.6872482,-0.72069746,-0.09102237,0.71106744,0.69304615,-0.11861679
1356507707970,0.11680424,-0.008416623,0.9931193,0.6928699,-0.715727,-0.0875566,0.7115392,0.69832945,-0.07776832
1356507708012,0.09954637,-0.038809806,0.99427575,0.7004814,-0.7069478,-0.097726315,0.7066938,0.7062,-0.043188483
1356507708051,0.09995037,-0.0738627,0.9922471,0.70970976,-0.6936514,-0.123125315,0.6973679,0.7165139,-0.01690963
1356507708090,0.1154567,-0.109285235,0.9872824,0.71924436,-0.6763241,-0.1589756,0.6850966,0.7284521,5.166307E-4
1356507708152,0.14292288,-0.14458078,0.9791167,0.7243382,-0.65887415,-0.20302483,0.67446816,0.73822844,0.010557175
1356507708172,0.17461866,-0.1782366,0.96836984,0.7216704,-0.64589703,-0.249016,0.66985095,0.7423267,0.015842356
1356507708212,0.20399493,-0.20865232,0.956478,0.7115873,-0.6393898,-0.2912459,0.67233145,0.7400303,0.018042058
1356507708252,0.22829592,-0.23431142,0.9449758,0.69684404,-0.63850933,-0.32667157,0.6799187,0.7330785,0.017509405
1356507708282,0.24671757,-0.25402832,0.9352006,0.6822499,-0.63982344,-0.3537811,0.6882336,0.7253245,0.015455097
1356507708312,0.26002216,-0.26810604,0.92763555,0.66834295,-0.6434025,-0.37329754,0.69692624,0.71704423,0.011887822
1356507708342,0.26882505,-0.27678576,0.9225631,0.65548587,-0.6492368,-0.38578445,0.70574164,0.7084356,0.0068981387
1356507708382,0.27588612,-0.2798684,0.9195436,0.64221287,-0.6581235,-0.39298362,0.7151569,0.69896156,-0.001832068
1356507708422,0.28279215,-0.27400252,0.91921234,0.63085365,-0.6687597,-0.3934263,0.7225319,0.69114625,-0.016264524
1356507708461,0.29718983,-0.25807703,0.9192793,0.6218129,-0.67831665,-0.39145276,0.7245874,0.6879555,-0.0411132
1356507708501,0.3266058,-0.23026457,0.9166825,0.61449134,-0.68518525,-0.3910518,0.71814275,0.69101334,-0.082289875
1356507708541,0.372815,-0.19004396,0.9082358,0.60718787,-0.6901856,-0.3936581,0.7016636,0.6982314,-0.14191917
1356507708583,0.4261915,-0.14091294,0.8935907,0.5989047,-0.6963678,-0.39545548,0.6779926,0.70371544,-0.2123926
1356507708621,0.4695367,-0.09058434,0.8782538,0.59193105,-0.70576096,-0.3892545,0.6550976,0.702635,-0.277761
1356507708663,0.49015516,-0.04643765,0.87039727,0.5906105,-0.7167018,-0.3708338,0.641036,0.69583195,-0.3238685
1356507708701,0.48525217,-0.011814624,0.8742944,0.59722805,-0.72584057,-0.34128293,0.6386305,0.6877614,-0.3451597
1356507708743,0.45836955,0.013215691,0.8886634,0.6107433,-0.7310863,-0.304147,0.6456702,0.682157,-0.3431791
1356507708782,0.4142944,0.028963387,0.9096819,0.62796986,-0.73256946,-0.26267058,0.6587974,0.6800758,-0.32168755
1356507708822,0.36130947,0.036488116,0.9317318,0.64423025,-0.73216164,-0.22114871,0.674109,0.6801529,-0.28804368
1356507708867,0.301984,0.034433246,0.9526909,0.6575232,-0.73112273,-0.18199664,0.69026726,0.68137646,-0.24342805
1356507708903,0.24820733,0.023598224,0.96841943,0.66557944,-0.73052025,-0.15278783,0.70384455,0.6824832,-0.19702697
1356507708944,0.19985634,0.0048124194,0.9798134,0.671077,-0.7293057,-0.13330013,0.713942,0.68417114,-0.14898589
1356507708983,0.16422653,-0.022777319,0.9861596,0.6750181,-0.7264026,-0.12918937,0.7192915,0.6868919,-0.10391947
1356507709024,0.1419583,-0.056280732,0.98827136,0.6809518,-0.71906143,-0.13876355,0.71843755,0.6926638,-0.063752286
1356507709064,0.13812202,-0.09541112,0.9858088,0.6889321,-0.70583296,-0.16484028,0.711544,0.70192343,-0.031759232
1356507709103,0.1522497,-0.13602203,0.97893727,0.6981174,-0.6863244,-0.20393893,0.6996087,0.71446264,-0.0095333755
1356507709154,0.18440408,-0.17519504,0.9671101,0.7065267,-0.6603983,-0.25435048,0.6832388,0.7301923,0.0019998327
1356507709182,0.23087901,-0.21456023,0.9490305,0.7082578,-0.6317177,-0.3151251,0.6671326,0.74491394,0.006113559
1356507709222,0.28192443,-0.25070232,0.9261031,0.7013546,-0.6048115,-0.37723303,0.654691,0.75587785,0.005320102
1356507709262,0.3314895,-0.28506792,0.8993615,0.6850502,-0.58271927,-0.43720078,0.64870715,0.7610352,0.0021204986
1356507709323,0.37497246,-0.31678417,0.87123096,0.66182995,-0.56659716,-0.49086523,0.64913535,0.7606677,-0.0028010309
1356507709341,0.4109885,-0.3451311,0.843785,0.63529,-0.5553924,-0.536606,0.65383106,0.7565871,-0.009001583
1356507709381,0.43892908,-0.36936182,0.81909287,0.60890883,-0.548077,-0.5734471,0.66073537,0.7504555,-0.015659243
1356507709418,0.4586895,-0.3889062,0.79897183,0.58531356,-0.5442877,-0.60096496,0.66858953,0.7433054,-0.022026956
1356507709461,0.47104335,-0.40293723,0.7847036,0.56580245,-0.5444617,-0.61921644,0.6767465,0.73566496,-0.028482199
1356507709502,0.47882146,-0.4097149,0.77644295,0.5496609,-0.5497101,-0.62904024,0.6845457,0.72797835,-0.03800869
1356507709541,0.4870054,-0.40657017,0.7729983,0.53491354,-0.56079274,-0.6319643,0.69042975,0.7212573,-0.055629224
1356507709580,0.50485766,-0.39129284,0.769421,0.5164992,-0.57724893,-0.6324652,0.69162655,0.71671027,-0.08932611
1356507709620,0.53611326,-0.3629922,0.762115,0.49282345,-0.59840274,-0.63169557,0.6853522,0.7142485,-0.1419206
1356507709660,0.5755688,-0.326056,0.7499387,0.46609783,-0.6227199,-0.6284686,0.6719177,0.7112717,-0.20644408
1356507709700,0.6109762,-0.28814915,0.7373453,0.44263044,-0.6478702,-0.61995363,0.65634316,0.70514846,-0.2682897
1356507709741,0.63157517,-0.25555623,0.7319862,0.42979538,-0.67036873,-0.6048816,0.645282,0.69663244,-0.31355134
1356507709781,0.6333542,-0.23031774,0.7387938,0.43172237,-0.68715256,-0.58432627,0.64224476,0.68903923,-0.3357776
1356507709821,0.61691993,-0.21160114,0.7580466,0.44821757,-0.69725716,-0.55940455,0.64692414,0.6848777,-0.3353085
1356507709861,0.58430946,-0.19807912,0.7869861,0.4758405,-0.70193374,-0.52996683,0.6573875,0.6841445,-0.31589246
1356507709900,0.5381863,-0.18923831,0.82130647,0.509274,-0.70343786,-0.49579751,0.67156196,0.6851015,-0.28220648
1356507709941,0.4828742,-0.18565492,0.85578316,0.5428751,-0.7033464,-0.45890146,0.6871093,0.68617505,-0.2388404
1356507709980,0.42538917,-0.18894066,0.88506806,0.57197833,-0.7017526,-0.4247164,0.70134497,0.6869095,-0.19044799
1356507710021,0.37410516,-0.20121256,0.9052949,0.5942327,-0.6974426,-0.40057632,0.71199226,0.6878134,-0.14134979
1356507710060,0.3369841,-0.22444986,0.91436535,0.6094413,-0.6882568,-0.3935529,0.71765107,0.6898731,-0.0951426
1356507710101,0.31969112,-0.25958556,0.91126996,0.61856633,-0.6713497,-0.4082466,0.71775573,0.6941937,-0.054053668
1356507710153,0.32629752,-0.30678484,0.894099,0.6209105,-0.6436339,-0.44744337,0.71274126,0.70115507,-0.019530237
1356507710182,0.35787708,-0.3634737,0.86012256,0.6139281,-0.6024616,-0.5100317,0.70357394,0.710582,0.0075395703
1356507710221,0.41371155,-0.4259276,0.8046293,0.59175855,-0.54583704,-0.5931979,0.6918559,0.7215591,0.026227236
1356507710261,0.48660302,-0.48675856,0.7254541,0.5492894,-0.47525656,-0.6873227,0.679337,0.7329375,0.036110014
1356507710300,0.56233835,-0.538932,0.6271586,0.48644513,-0.39772078,-0.77793914,0.66869026,0.7425433,0.038507193
1356507710340,0.62505496,-0.5785237,0.5240388,0.41279015,-0.32481,-0.8509424,0.66250336,0.74820375,0.03578478
1356507710381,0.667905,-0.6076615,0.42970988,0.34026268,-0.26417994,-0.9024579,0.66190964,0.7489703,0.030317396
1356507710420,0.692999,-0.6296093,0.3512045,0.2767626,-0.2174877,-0.93600297,0.66569877,0.7458494,0.023533553
1356507710460,0.7054095,-0.64630544,0.29100958,0.22567101,-0.18441181,-0.9565902,0.67191505,0.7404603,0.01576659
1356507710501,0.70978945,-0.65874565,0.24950576,0.18791632,-0.16429268,-0.9683468,0.6788862,0.7342085,0.007175833
1356507710540,0.709012,-0.66740656,0.22775088,0.16428518,-0.15775196,-0.9737169,0.6857932,0.72779304,-0.0022029951
1356507710581,0.7048679,-0.6721151,0.2267655,0.15472966,-0.16630155,-0.97385967,0.69225717,0.7215297,-0.013224483
1356507710620,0.6991422,-0.6712693,0.24616592,0.15725106,-0.1914999,-0.96881366,0.6974756,0.71604836,-0.028327852
1356507710660,0.69544286,-0.66208243,0.27929568,0.16405576,-0.2321219,-0.95875186,0.6996034,0.71257716,-0.05280909
1356507710700,0.69980913,-0.64195466,0.31330708,0.16356805,-0.28294212,-0.9450869,0.69535077,0.7126275,-0.0930022
1356507710740,0.71736425,-0.61235535,0.33227912,0.14525624,-0.3349945,-0.9309561,0.68138766,0.71610034,-0.15136465
1356507710780,0.74413335,-0.57893825,0.33331084,0.11187723,-0.3838964,-0.9165735,0.6585963,0.7193428,-0.22090012
1356507710820,0.76880765,-0.5471945,0.3309276,0.080459446,-0.43061048,-0.8989443,0.6343982,0.71774155,-0.28702968
1356507710860,0.7830665,-0.5192193,0.3423714,0.068896726,-0.47468382,-0.87745565,0.61811006,0.7106944,-0.3359365
1356507710900,0.7847675,-0.4943903,0.37378895,0.08366656,-0.51306593,-0.8542618,0.61411715,0.7016706,-0.36127353
1356507710940,0.77395713,-0.47151628,0.42268515,0.1222634,-0.54366875,-0.8303469,0.62132275,0.6943318,-0.3631271
1356507710980,0.75050557,-0.4502018,0.48379713,0.17850643,-0.56675696,-0.80431455,0.6362993,0.69000345,-0.34499034
1356507711020,0.7143743,-0.4311845,0.55113447,0.24479505,-0.5838475,-0.7740784,0.65554917,0.6878968,-0.31153387
1356507711060,0.6677342,-0.41665927,0.61686796,0.31223115,-0.59549534,-0.74020064,0.6757534,0.6868627,-0.2675386
1356507711101,0.61628664,-0.4100645,0.6723376,0.37236014,-0.60054636,-0.7075959,0.69392985,0.6864336,-0.21741706
1356507711153,0.5695562,-0.41555226,0.70917004,0.41793954,-0.5965138,-0.68519914,0.70776576,0.68664956,-0.1660724
1356507711182,0.5358315,-0.43462762,0.723867,0.44732013,-0.58099306,-0.67996454,0.7160931,0.6881467,-0.11689669
1356507711222,0.5215631,-0.46708247,0.71400696,0.46015897,-0.55071497,-0.6963956,0.7184885,0.691771,-0.072300404
1356507711262,0.5295307,-0.50931394,0.67837787,0.4563599,-0.5030762,-0.7339277,0.7150754,0.6982217,-0.03396383
1356507711302,0.5585573,-0.554456,0.6169216,0.43487436,-0.43759286,-0.78701764,0.70632714,0.7078778,-0.0033019783
1356507711342,0.60324514,-0.5942871,0.5319005,0.39388436,-0.3579154,-0.8466119,0.6935059,0.7202218,0.018169641
1356507711380,0.6528126,-0.6216634,0.432863,0.33597046,-0.27454063,-0.9009724,0.67894006,0.7335953,0.02963695
1356507711421,0.6951809,-0.63546115,0.33602482,0.27079284,-0.20151258,-0.94130975,0.66587895,0.74537367,0.031990644
1356507711460,0.7231597,-0.6415229,0.25590718,0.21064414,-0.14801018,-0.9662929,0.6577759,0.7526894,0.028098043
1356507711500,0.7367524,-0.64656585,0.19785987,0.16272505,-0.114475906,-0.98000807,0.65628994,0.75422007,0.020872056
1356507711540,0.7400917,-0.6535044,0.15873343,0.12700278,-0.09596829,-0.9872489,0.66040486,0.7508143,0.011971541
1356507711581,0.737663,-0.6618624,0.1333848,0.10068393,-0.08751331,-0.9910621,0.6676197,0.7444995,0.0020835996
1356507711622,0.73244274,-0.67033684,0.11906341,0.08206156,-0.086682975,-0.9928504,0.67586505,0.7369766,-0.008481443
1356507711661,0.72592384,-0.677936,0.1159195,0.07131964,-0.09343542,-0.9930676,0.68406737,0.72915876,-0.019476831
1356507711702,0.7187044,-0.6838065,0.12598693,0.069441974,-0.10969825,-0.99153626,0.69183946,0.7213702,-0.03135574
1356507711741,0.71157897,-0.6861924,0.15098149,0.076054096,-0.13839921,-0.987452,0.69847775,0.71413285,-0.046294242
1356507711782,0.7067534,-0.6817862,0.18885761,0.08694145,-0.18122552,-0.979591,0.7020975,0.7087488,-0.06880628
1356507711822,0.70900226,-0.6670215,0.2289063,0.09134203,-0.23499931,-0.96769416,0.6992656,0.7070061,-0.10568795
1356507711860,0.7207876,-0.6420089,0.26132327,0.08425352,-0.29306227,-0.9523738,0.6880164,0.7084766,-0.15714416
1356507711901,0.7410352,-0.6120701,0.27611056,0.061697662,-0.34739894,-0.9356856,0.6686256,0.71041137,-0.21967155
1356507711940,0.7605356,-0.5822487,0.2873537,0.04102546,-0.39858556,-0.91621315,0.6479989,0.7086015,-0.2792515
1356507711980,0.7720697,-0.5547168,0.31015736,0.038560897,-0.4462366,-0.89408386,0.634367,0.702255,-0.32313538
1356507712020,0.772291,-0.52785295,0.35346544,0.06341998,-0.4895606,-0.86965984,0.63209534,0.6940473,-0.34460682
1356507712060,0.7594884,-0.4990654,0.41726628,0.11525345,-0.5280557,-0.8413524,0.6402297,0.6870888,-0.3435332
1356507712101,0.7313792,-0.46633142,0.49761382,0.18911429,-0.5623686,-0.80497044,0.6552254,0.6828446,-0.32311475
1356507712177,0.68659633,-0.4295778,0.58655643,0.27523932,-0.5931452,-0.75658584,0.6729256,0.6809125,-0.2890146
1356507712184,0.6244278,-0.39003634,0.67672867,0.36505693,-0.6202166,-0.69430894,0.69052404,0.6805902,-0.24489501
1356507712221,0.5565425,-0.35694307,0.75023466,0.44010204,-0.6392451,-0.63061553,0.70467764,0.6811442,-0.19867569
1356507712258,0.49263322,-0.33526745,0.8030618,0.49713144,-0.6489921,-0.5759076,0.71426386,0.68293846,-0.15304309
1356507712301,0.44564378,-0.3332251,0.8308807,0.5333885,-0.6465659,-0.5453891,0.7189564,0.68623143,-0.11039963
1356507712340,0.42529112,-0.35494632,0.8325507,0.54991025,-0.6292744,-0.54919255,0.7188367,0.6913948,-0.07243621
1356507712380,0.43715662,-0.4000659,0.8055069,0.54713315,-0.59253526,-0.5912252,0.7138203,0.69917756,-0.040141404
1356507712421,0.48426402,-0.4650756,0.7410755,0.51942253,-0.52877533,-0.6712651,0.7040515,0.7100009,-0.014496088
1356507712460,0.5589659,-0.537291,0.6315659,0.45849097,-0.43436635,-0.7753141,0.6909002,0.7229414,0.0035470724
1356507712500,0.6371199,-0.5955294,0.4893087,0.36816975,-0.32258725,-0.8720026,0.67714787,0.73571885,0.013729124
1356507712540,0.6929394,-0.6288215,0.35273007,0.27368656,-0.22319987,-0.93556273,0.6670313,0.74482584,0.017435968
1356507712580,0.7203696,-0.64511293,0.25474876,0.2015133,-0.15678103,-0.9668567,0.6636716,0.74782944,0.017058577
1356507712621,0.7284049,-0.6558799,0.1981108,0.15695496,-0.12172477,-0.9800756,0.66692686,0.7449863,0.014278688
1356507712662,0.72631013,-0.6656432,0.17144287,0.13307491,-0.1085304,-0.98514575,0.6743624,0.738336,0.009753704
1356507712701,0.7198632,-0.67417,0.16520262,0.12346193,-0.109847024,-0.986251,0.6830478,0.73036194,0.0041594803
1356507712742,0.71071833,-0.6805175,0.17825633,0.12718022,-0.12492199,-0.9839815,0.6918848,0.7220044,-0.0022359788
1356507712781,0.69867426,-0.6822861,0.21526717,0.14750797,-0.15704727,-0.9765129,0.7000683,0.7140181,-0.009082258
1356507712821,0.68278897,-0.67605376,0.27703875,0.18345621,-0.20839337,-0.9606852,0.70720786,0.70676976,-0.018262424
1356507712861,0.66314936,-0.6548777,0.36244726,0.23153059,-0.28101188,-0.93135697,0.711777,0.7015464,-0.034728583
1356507712901,0.6469493,-0.61440355,0.45162475,0.2757743,-0.36365816,-0.88977593,0.71091855,0.70018643,-0.06583169
1356507712940,0.64942575,-0.56307364,0.51107174,0.293749,-0.43415362,-0.8515998,0.701397,0.7031777,-0.11654824
1356507712981,0.67651397,-0.51687855,0.5245621,0.27652442,-0.48188776,-0.8314556,0.6825416,0.7075455,-0.18307424
1356507713020,0.7101718,-0.47909024,0.5158764,0.24521723,-0.5185393,-0.81913704,0.65994275,0.70822984,-0.2507708
1356507713060,0.7286783,-0.4400679,0.52475536,0.2356748,-0.5583019,-0.79545987,0.64302826,0.70330596,-0.3031096
1356507713101,0.7203405,-0.38695765,0.5756504,0.27217692,-0.6056653,-0.74772274,0.6379885,0.69529366,-0.33096427
1356507713153,0.67510223,-0.3074976,0.6705835,0.35866746,-0.6575186,-0.6625911,0.6446663,0.6878332,-0.3336029
1356507713182,0.5800293,-0.19403365,0.79114914,0.47884884,-0.70447916,-0.5238443,0.65899146,0.6826859,-0.31570578
1356507713222,0.4251576,-0.04859212,0.903814,0.60053265,-0.73196703,-0.3218459,0.6772012,0.6796051,-0.2820202
1356507713262,0.23655742,0.09810704,0.9666518,0.67865723,-0.72865415,-0.09212759,0.69531643,0.67781866,-0.2389496
1356507713302,0.061497748,0.212093,0.9753126,0.701178,-0.7046033,0.1090118,0.71032906,0.6771637,-0.19204646
1356507713341,-0.075962365,0.28479403,0.9555743,0.6890897,-0.67766976,0.25674736,0.7206838,0.67797947,-0.14477131
1356507713380,-0.17139739,0.3201704,0.9317262,0.6661139,-0.6591397,0.34903732,0.7258892,0.68046,-0.10029507
1356507713420,-0.23407161,0.3286351,0.9149915,0.6469617,-0.64985424,0.3989111,0.7257073,0.68533814,-0.060501873
1356507713461,-0.2685415,0.31431448,0.9105448,0.6401218,-0.6481304,0.41251794,0.7198121,0.69363785,-0.027149618
1356507713500,-0.27062517,0.2743727,0.9227577,0.6514733,-0.6535044,0.38537616,0.7087628,0.7054444,-0.0018918216
1356507713540,-0.22423202,0.19738217,0.95433754,0.68417674,-0.6654797,0.29839364,0.69398993,0.71984506,0.01417768
1356507713580,-0.08703196,0.05130279,0.99488366,0.7291141,-0.67723686,0.09870541,0.67883575,0.7339742,0.02153571
1356507713620,0.16270947,-0.1756736,0.97090906,0.72636205,-0.6446536,-0.23836899,0.6677752,0.74401635,0.022711456
1356507713660,0.39870638,-0.37732768,0.8358571,0.6324675,-0.5468698,-0.5485602,0.664092,0.74736685,0.020606995
1356507713700,0.51250565,-0.47589996,0.7147428,0.5399768,-0.46857807,-0.699185,0.6676549,0.7442807,0.016826004
1356507713740,0.54264235,-0.5082735,0.6687281,0.4988741,-0.44549036,-0.743413,0.6757691,0.73701847,0.011822581
1356507713780,0.5287211,-0.5036169,0.6832452,0.5002793,-0.4653807,-0.7301652,0.6856928,0.7278672,0.0058926344
1356507713820,0.48289984,-0.46734655,0.74053687,0.53147936,-0.5156792,-0.67201537,0.69594353,0.7180962,-6.363392E-4
1356507713860,0.40736026,-0.3968326,0.8225458,0.5793402,-0.5839608,-0.56864285,0.7059905,0.7081764,-0.007981361
1356507713901,0.3120981,-0.29593223,0.90278393,0.62544715,-0.6512795,-0.42971015,0.7151298,0.6987554,-0.018173099
1356507713940,0.22359806,-0.18333907,0.957283,0.65545744,-0.6986165,-0.28689817,0.7213733,0.6916081,-0.03603834
1356507713980,0.17523164,-0.08505979,0.9808459,0.67011416,-0.71956885,-0.18211985,0.72127724,0.6891919,-0.06909141
1356507714020,0.17653906,-0.008405447,0.98425776,0.6799584,-0.72196996,-0.12812468,0.71168154,0.6918733,-0.12174055
1356507714060,0.21149004,0.053846866,0.97589576,0.68898106,-0.71641684,-0.10978204,0.6932367,0.69559145,-0.1886145
1356507714101,0.24728984,0.11360335,0.9622588,0.6975763,-0.71012676,-0.09543246,0.6724843,0.6948484,-0.25485414
1356507714152,0.25388366,0.17827499,0.9506635,0.70886266,-0.7030008,-0.057476908,0.6580705,0.6884823,-0.3048529
1356507714182,0.221672,0.24570803,0.9436573,0.72284895,-0.6909322,0.010101318,0.6544852,0.6798825,-0.33077013
1356507714222,0.15498257,0.30970454,0.938117,0.7341635,-0.6715086,0.1003997,0.66104794,0.67317104,-0.33144587
1356507714262,0.067902625,0.36261857,0.92946064,0.73547614,-0.6476819,0.19895488,0.6741395,0.67008656,-0.3106766
1356507714302,-0.023498535,0.39947265,0.91644394,0.7235655,-0.62576747,0.29132134,0.6898557,0.6699528,-0.27434003
1356507714341,-0.106716156,0.41911897,0.9016379,0.7013713,-0.61102897,0.36704475,0.70476234,0.6715526,-0.22875136
1356507714380,-0.17550433,0.42307776,0.88893384,0.6751849,-0.60540456,0.4214387,0.716466,0.67415905,-0.17940456
1356507714420,-0.22931284,0.41383138,0.880999,0.65058225,-0.60806936,0.45496643,0.7239879,0.6774919,-0.12979329
1356507714461,-0.2683457,0.39281696,0.8795939,0.63186723,-0.6174453,0.46851373,0.7271412,0.6815102,-0.08251935
1356507714500,-0.29204,0.36060482,0.88581985,0.62278533,-0.6312166,0.4622813,0.72584504,0.68668026,-0.040238917
1356507714540,-0.30055553,0.31809804,0.89915514,0.6260778,-0.645394,0.43759936,0.7195089,0.6944639,-0.005177349
1356507714580,-0.28965318,0.26400372,0.9200016,0.6442288,-0.6571015,0.3913908,0.7078631,0.7060592,0.020252734
1356507714621,-0.25131595,0.19608095,0.9478356,0.676896,-0.66436166,0.31691515,0.6918468,0.72123206,0.03423831
1356507714660,-0.17572725,0.11088619,0.9781739,0.71691465,-0.6665388,0.20435154,0.6746506,0.7371773,0.03763303
1356507714700,-0.061983645,0.009851217,0.9980285,0.7483057,-0.6612332,0.053001195,0.66045177,0.75011563,0.03361398
1356507714740,0.07274413,-0.097014666,0.99262094,0.75392216,-0.6462049,-0.11840847,0.65292394,0.75697243,0.02613394
1356507714781,0.19755286,-0.19250733,0.9612044,0.7312428,-0.624102,-0.27528313,0.6528835,0.75725675,0.017476402
1356507714820,0.29172683,-0.26539668,0.9189451,0.6940601,-0.60233927,-0.3942943,0.65816116,0.7528293,0.008482724
1356507714860,0.3521394,-0.31396726,0.88171566,0.6572976,-0.58769256,-0.471781,0.6663015,0.74568224,-5.798042E-4
1356507714901,0.3835594,-0.34073672,0.85835934,0.62959445,-0.58350474,-0.5129651,0.6756427,0.7371708,-0.009282827
1356507714940,0.39169896,-0.34814295,0.85168564,0.61401474,-0.5904755,-0.52375996,0.6852429,0.72810376,-0.017523704
1356507714999,0.38397485,-0.33851022,0.8590542,0.6085951,-0.6068904,-0.5111712,0.6943885,0.7190931,-0.027014969
1356507715021,0.37115228,-0.31371644,0.87397254,0.60839725,-0.6288806,-0.48410928,0.70149744,0.71140075,-0.042546242
1356507715061,0.36901033,-0.2773798,0.8870692,0.6072239,-0.65061903,-0.45604157,0.7036408,0.70693374,-0.071653485
1356507715098,0.3895071,-0.23381782,0.8908498,0.6013017,-0.66810364,-0.43826225,0.69765353,0.70637584,-0.11963606
1356507715151,0.44775742,-0.1898578,0.8737661,0.58090717,-0.6811138,-0.44568017,0.67975,0.70713365,-0.194684
1356507715193,0.48379064,-0.13255696,0.86508685,0.572395,-0.69981813,-0.42733875,0.6620502,0.70191395,-0.2626905
1356507715232,0.49184766,-0.07695986,0.86727333,0.57523507,-0.7190137,-0.39003068,0.65359807,0.6907217,-0.30937517
1356507715272,0.4652161,-0.021414578,0.884938,0.5929598,-0.73472947,-0.32950145,0.65724623,0.6780221,-0.32911
1356507715312,0.40727252,0.034014404,0.912673,0.6203857,-0.7436787,-0.24912564,0.6702616,0.6676713,-0.32398194
1356507715352,0.3266359,0.08716464,0.94112235,0.6479823,-0.74554086,-0.15584525,0.68806094,0.66073525,-0.30000156
1356507715392,0.2351147,0.13398573,0.96268845,0.6672777,-0.74241745,-0.05963868,0.70672596,0.65640247,-0.26395893
1356507715432,0.14496392,0.17030105,0.97467065,0.67518044,-0.7371068,0.0283719,0.72326815,0.6539657,-0.22183783
1356507715472,0.06354165,0.19394583,0.9789522,0.6741931,-0.7315917,0.10117942,0.73581666,0.65357375,-0.17724349
1356507715511,-0.004069209,0.20369074,0.97902685,0.66885114,-0.72725177,0.15408787,0.74338526,0.6554502,-0.13327944
1356507715550,-0.0571357,0.20052606,0.9780208,0.66385484,-0.724044,0.18723482,0.7456757,0.6599617,-0.09175138
1356507715590,-0.095486164,0.18553112,0.97798795,0.6631313,-0.72087085,0.20149927,0.7423875,0.66777486,-0.05419825
1356507715631,-0.11777979,0.15937772,0.9801666,0.6698102,-0.7159496,0.19690175,0.7331317,0.6797167,-0.022428378
1356507715670,-0.12101692,0.12251794,0.9850605,0.6850493,-0.7078522,0.17219973,0.7183748,0.6956541,0.0017312765
1356507715710,-0.10245156,0.07637107,0.991802,0.70682883,-0.6959628,0.12660506,0.69992626,0.7140051,0.0173212
1356507715750,-0.060853124,0.022237986,0.99789894,0.72840893,-0.6825427,0.05962968,0.6824347,0.7305072,0.025336608
1356507715790,-0.003616035,-0.034919232,0.99938357,0.74127793,-0.6708771,-0.020758808,0.6711885,0.7407459,0.02831082
1356507715830,0.054829776,-0.087207526,0.9946801,0.74173355,-0.66334116,-0.09904429,0.6684497,0.7432182,0.028313935
1356507715870,0.10179943,-0.12738028,0.986616,0.7328869,-0.66103494,-0.16096464,0.67269135,0.73946404,0.0260624
1356507715911,0.13146764,-0.1513665,0.97969615,0.72034276,-0.6643654,-0.19931126,0.6810452,0.73192,0.02169317
1356507715950,0.1430319,-0.1578545,0.9770485,0.7084625,-0.6730134,-0.21244687,0.6911025,0.7225889,0.015571713
1356507715990,0.13964462,-0.14821234,0.9790467,0.698699,-0.6858664,-0.20348716,0.70165455,0.7124749,0.007778235
1356507716030,0.12668914,-0.12461993,0.9840832,0.69106114,-0.7006149,-0.17768875,0.711607,0.7025728,-0.0026403144
1356507716070,0.1139639,-0.090746075,0.9893318,0.685362,-0.71373874,-0.14441615,0.71922964,0.6945086,-0.01914657
1356507716110,0.114265025,-0.050251514,0.9921786,0.6826401,-0.7216229,-0.11516529,0.72176594,0.6904602,-0.04815259
1356507716154,0.14176106,-0.00550279,0.98988557,0.68429565,-0.72203404,-0.10201144,0.71529245,0.69183564,-0.09859079
1356507716192,0.18487936,0.046141535,0.9816775,0.68935883,-0.71802044,-0.09607807,0.7004313,0.6944909,-0.16455524
1356507716232,0.23812765,0.09962875,0.9661104,0.6934634,-0.71389073,-0.09730643,0.68000275,0.69313353,-0.23908602
1356507716271,0.2746837,0.1545637,0.9490306,0.696697,-0.71223396,-0.0856514,0.6626932,0.6847137,-0.3033231
1356507716310,0.28006124,0.20672178,0.9374603,0.7015702,-0.7106351,-0.052886337,0.6552595,0.6725056,-0.34405118
1356507716350,0.25315738,0.25259283,0.93386734,0.70817673,-0.70603454,-0.0010074973,0.65908813,0.66159815,-0.3576182
1356507716391,0.2010665,0.28959483,0.93579227,0.7133239,-0.69802004,0.0627462,0.6713727,0.65490675,-0.3469233
1356507716431,0.13558322,0.31562155,0.93914866,0.7132667,-0.6889977,0.1285798,0.6876538,0.65243024,-0.3185389
1356507716470,0.066541016,0.32945955,0.94182205,0.70688784,-0.6817359,0.18853599,0.7041888,0.65321714,-0.27825433
1356507716510,0.0023468137,0.330458,0.94381785,0.6962355,-0.67802525,0.23566508,0.7178097,0.6565664,-0.23166785
1356507716550,-0.051900804,0.31869993,0.9464337,0.6848756,-0.6783758,0.26599208,0.7268093,0.6619946,-0.1830616
1356507716590,-0.093669,0.29470658,0.9509859,0.6758416,-0.6825701,0.2780938,0.73107064,0.66876465,-0.1352393
1356507716631,-0.1216712,0.259175,0.9581359,0.671282,-0.6895787,0.27177495,0.73114747,0.6762466,-0.09007761
1356507716671,-0.13424098,0.2126946,0.96785355,0.67303205,-0.6972969,0.24658662,0.7273289,0.6844984,-0.049544483
1356507716710,-0.13050634,0.15682334,0.9789661,0.68243045,-0.7020687,0.2034414,0.71920574,0.6946266,-0.0153966695
1356507716750,-0.10645807,0.09188309,0.9900627,0.699327,-0.70090896,0.14024428,0.7068299,0.7073077,0.010361046
1356507716791,-0.05712253,0.018306553,0.99819934,0.7197808,-0.6921072,0.053882837,0.6918473,0.7215626,0.026358157
1356507716830,0.018687487,-0.06278974,0.99785185,0.73474175,-0.6760068,-0.05629772,0.6780895,0.73421544,0.03350137
1356507716870,0.11131799,-0.14607993,0.9829898,0.7343141,-0.654398,-0.1804055,0.66962016,0.7419056,0.034422226
1356507716911,0.20395058,-0.22413443,0.9529785,0.71516114,-0.63064694,-0.30137855,0.66854227,0.7429995,0.031671375
1356507716950,0.28192544,-0.2899968,0.9145599,0.6831849,-0.6085908,-0.4035784,0.6736292,0.7385926,0.02654427
1356507716990,0.33875096,-0.339706,0.87740964,0.64764774,-0.5922632,-0.4793504,0.68249565,0.7306327,0.019380065
1356507717030,0.3741899,-0.37217158,0.849394,0.61636937,-0.58452797,-0.5276513,0.6928714,0.7209823,0.010670632
1356507717070,0.39033103,-0.38723573,0.83527845,0.59400403,-0.58723927,-0.54982644,0.7034208,0.71077305,8.0191996E-4
1356507717111,0.39068568,-0.38486803,0.8362065,0.58183295,-0.60068905,-0.54830927,0.71332675,0.7007491,-0.010751724
1356507717167,0.38233203,-0.36533797,0.8487346,0.57749265,-0.6225626,-0.528127,0.7213352,0.6920579,-0.027045637
1356507717192,0.37455082,-0.3295364,0.8666703,0.5776174,-0.6482494,-0.49611583,0.7253067,0.68642443,-0.05245638
1356507717232,0.3869815,-0.2857636,0.87668955,0.5738528,-0.6695719,-0.47155762,0.72176063,0.68557477,-0.095125705
1356507717272,0.42256558,-0.23643804,0.8749488,0.5650727,-0.68604374,-0.45829773,0.70861214,0.68807054,-0.15629378
1356507717312,0.47035515,-0.18578197,0.8626999,0.5524628,-0.7003273,-0.45202503,0.68815035,0.6892219,-0.22676492
1356507717352,0.5078882,-0.1358376,0.8506455,0.5435855,-0.7155125,-0.43881282,0.6682548,0.6852664,-0.28956097
1356507717391,0.51847434,-0.08751595,0.8506029,0.54729486,-0.7303426,-0.40873945,0.65700287,0.6774515,-0.3307669
1356507717430,0.49818733,-0.041532934,0.8660741,0.56569415,-0.741418,-0.36095637,0.6571145,0.66975695,-0.3458701
1356507717471,0.44930127,0.0010768175,0.8933796,0.59417367,-0.74712753,-0.29792315,0.6671477,0.6646799,-0.33632517
1356507717510,0.38032818,0.037611216,0.9240865,0.62358177,-0.7483203,-0.22619148,0.6830054,0.6622705,-0.30806094
1356507717550,0.30002594,0.06538859,0.9516874,0.64704764,-0.7470101,-0.15266055,0.7009378,0.6615892,-0.26643196
1356507717590,0.21823251,0.08168885,0.9724719,0.6614419,-0.74506694,-0.085847706,0.7175439,0.66196847,-0.21663028
1356507717630,0.14363801,0.08479026,0.98599124,0.66771305,-0.7436727,-0.033319533,0.73042965,0.6631452,-0.16343524
1356507717670,0.08217943,0.07429975,0.9938441,0.6692654,-0.74302334,2.079308E-4,0.7384649,0.66512835,-0.11078745
1356507717710,0.038323283,0.05024919,0.9980012,0.67025435,-0.74204046,0.01162383,0.7411413,0.6684692,-0.06211716
1356507717750,0.01642692,0.012508482,0.99978685,0.67456734,-0.73821104,-0.0018475652,0.73803055,0.6744539,-0.020564348
1356507717790,0.021530986,-0.03938496,0.9989921,0.6842702,-0.7279332,-0.04344642,0.7289107,0.68451595,0.011276789
1356507717849,0.05934435,-0.10591975,0.9926022,0.6971382,-0.70729977,-0.117154926,0.71447635,0.6989335,0.03186646
1356507717871,0.13243133,-0.18556297,0.97366744,0.7043952,-0.6734832,-0.22416024,0.6973445,0.7155325,0.041519403
1356507717911,0.23120481,-0.27110735,0.93436885,0.69349,-0.62765956,-0.35371616,0.68236053,0.72975636,0.042892303
1356507717948,0.33111036,-0.35010892,0.8762361,0.6600551,-0.57766986,-0.4802341,0.6743094,0.7373746,0.039818734
1356507717991,0.40936655,-0.41309655,0.81349266,0.61406124,-0.5347041,-0.5805345,0.6747947,0.73718566,0.034776628
1356507718030,0.4599498,-0.45867822,0.7603029,0.56907195,-0.5050184,-0.6489327,0.6816182,0.7311435,0.028737754
1356507718071,0.48672205,-0.48860353,0.72413284,0.5333001,-0.49034625,-0.68931246,0.69187623,0.7216836,0.021909922
1356507718111,0.49520135,-0.5043865,0.7073683,0.510132,-0.49025142,-0.7066958,0.70323604,0.7108079,0.01453051
1356507718153,0.48957032,-0.506244,0.70995635,0.49989754,-0.5041621,-0.7042181,0.7144392,0.69966966,0.0062473416
1356507718192,0.47366452,-0.49288684,0.7298661,0.50125533,-0.5305333,-0.68357706,0.7241444,0.6896354,-0.004232675
1356507718232,0.45762855,-0.4660119,0.7572378,0.50657415,-0.56326044,-0.6527789,0.7307248,0.68232733,-0.021694481
1356507718272,0.45183796,-0.42563584,0.78401315,0.5102219,-0.59761524,-0.61848974,0.7317896,0.6794778,-0.052856505
1356507718312,0.46913415,-0.3775035,0.798376,0.5045263,-0.6274143,-0.5931311,0.7248216,0.6810598,-0.103881
1356507718352,0.5083941,-0.32692584,0.79665226,0.4879667,-0.6528887,-0.57933134,0.70952374,0.6832685,-0.17239586
1356507718392,0.55238885,-0.27686262,0.7862657,0.4672684,-0.6782659,-0.5671116,0.6903092,0.6806632,-0.24529737
1356507718431,0.5762236,-0.22533518,0.78561467,0.45944005,-0.70567197,-0.5393903,0.67592984,0.67175233,-0.30309683
1356507718470,0.5688865,-0.17088856,0.8044658,0.4740861,-0.7311522,-0.49056992,0.6720197,0.66046464,-0.33492672
1356507718511,0.52959466,-0.113184184,0.8406657,0.5091251,-0.7502797,-0.4217487,0.67846966,0.65135986,-0.33971924
1356507718551,0.46340474,-0.054975033,0.8844398,0.5541931,-0.7608247,-0.3376624,0.6914667,0.64662474,-0.32210296
1356507718591,0.38134545,-0.0030388236,0.9244276,0.5959886,-0.7636171,-0.24836777,0.7066635,0.6456622,-0.2893908
1356507718631,0.2943617,0.03640303,0.9550005,0.62697685,-0.76153123,-0.16422601,0.7212844,0.6471051,-0.24698949
1356507718670,0.21437258,0.05772671,0.97504467,0.6452205,-0.75781465,-0.096991956,0.7333041,0.6499112,-0.19970113
1356507718710,0.149131,0.058847904,0.9870648,0.65420514,-0.7543966,-0.05386436,0.7414685,0.6537757,-0.15100253
1356507718750,0.10390788,0.039143085,0.99381644,0.6590669,-0.7510555,-0.039326817,0.7448718,0.6590779,-0.103838526
1356507718791,0.0824936,-0.001046449,0.99659103,0.6646184,-0.7450966,-0.055796653,0.74261504,0.6669556,-0.06077016
1356507718830,0.090635836,-0.062440276,0.99392474,0.6729362,-0.7318706,-0.10734248,0.7341268,0.678577,-0.024315454
1356507718870,0.13712043,-0.14668083,0.979634,0.68039584,-0.7048079,-0.20076677,0.71990246,0.6940681,0.0031575263
1356507718910,0.22922665,-0.25260702,0.9400239,0.67440367,-0.6551578,-0.34051135,0.7018795,0.7120099,0.02017945
1356507718951,0.35761088,-0.36744225,0.85854566,0.63628125,-0.577061,-0.5120027,0.68356466,0.7293743,0.027433366
1356507718990,0.48545742,-0.46596214,0.7397367,0.5622143,-0.4815805,-0.67230594,0.6695119,0.7422664,0.028183728
1356507719030,0.57751095,-0.5327587,0.6185864,0.47651598,-0.39526805,-0.78529966,0.6628828,0.74828553,0.02559647
1356507719070,0.6294757,-0.5741188,0.52359134,0.40364787,-0.3341761,-0.8517011,0.6639493,0.74747175,0.021386087
1356507719111,0.6528758,-0.600555,0.46161345,0.35186252,-0.29922304,-0.8869377,0.6707802,0.7414846,0.015957296
1356507719152,0.65896094,-0.61791956,0.42888916,0.32018209,-0.285523,-0.903305,0.6806276,0.73256534,0.009698303
1356507719192,0.65388644,-0.62799925,0.42195916,0.30671674,-0.28980026,-0.9066095,0.69163394,0.7222416,0.0031214058
1356507719232,0.640435,-0.63001597,0.43922985,0.3101571,-0.31103027,-0.8983667,0.70259917,0.71157575,-0.0037907362
1356507719272,0.6209227,-0.62116265,0.4781338,0.32747757,-0.34862703,-0.87819,0.7121892,0.7018662,-0.013053598
1356507719312,0.601159,-0.59853154,0.5294978,0.34985238,-0.3986036,-0.8477726,0.7184784,0.69489217,-0.03022644
1356507719351,0.5922516,-0.56217724,0.57723033,0.36382574,-0.45261627,-0.8141065,0.71893597,0.6921671,-0.06352818
