1356506729346,0.21208787,0.21517015,-0.9532684,-0.6788862,-0.66921693,-0.30209655,-0.7029455,0.71123177,0.0041432083
1356506729387,0.20604038,0.1981216,0.95827717,0.6807534,0.6744529,-0.28581122,-0.70293814,0.7112391,0.004092574
1356506729425,0.20602685,0.19846326,0.9582094,0.6808004,0.6743075,-0.28604227,-0.7028967,0.7112817,0.0038115978
1356506729465,0.2060366,0.199412,0.9580104,0.68091154,0.6739086,-0.28671739,-0.70278627,0.71139455,0.0030679107
1356506729506,0.20608842,0.20112899,0.9576402,0.68108404,0.67320305,-0.28796217,-0.7026038,0.7115791,0.0017536283
1356506729544,0.20587257,0.20324077,0.95724064,0.6813771,0.67233545,-0.28929278,-0.70238286,0.71179926,-6.818771E-5
1356506729585,0.20608512,0.2060867,0.95658624,0.6815297,0.67125183,-0.2914418,-0.7021725,0.7120037,-0.0021191835
1356506729625,0.20613727,0.20854868,0.9560413,0.6816646,0.67034626,-0.29320526,-0.7020263,0.71213996,-0.003976941
1356506729665,0.20610568,0.21025327,0.9556746,0.6817285,0.66976726,-0.29437724,-0.7019734,0.7121835,-0.005292833
1356506729705,0.20615941,0.21092285,0.95551544,0.6817814,0.6694904,-0.29488426,-0.70190626,0.7122459,-0.0057815313
1356506729745,0.20652339,0.20999098,0.95564216,0.68211126,0.6693289,-0.29448777,-0.70147866,0.7126729,-0.005005121
1356506729786,0.20742872,0.2064924,0.9562082,0.68319714,0.669015,-0.29267812,-0.70015347,0.71398866,-0.0023021102
1356506729825,0.20819137,0.19852689,0.95772827,0.6858059,0.66852283,-0.28765848,-0.69737124,0.7167038,0.0030297637
1356506729865,0.21163395,0.18817854,0.959062,0.6894105,0.6668154,-0.28296715,-0.6927657,0.72107285,0.011388481
1356506729906,0.21535966,0.17326754,0.9610403,0.69470173,0.66445816,-0.27547204,-0.6863014,0.726962,0.022728264
1356506729945,0.21973115,0.154562,0.9632387,0.7013554,0.66127986,-0.26610053,-0.6780994,0.73404324,0.036900878
1356506729985,0.22515061,0.13231704,0.9652976,0.7091489,0.65714276,-0.25548238,-0.66814303,0.74206173,0.05412358
1356506730044,0.23217756,0.10596821,0.96688384,0.7180555,0.6518621,-0.24386904,-0.65611726,0.75089717,0.075256705
1356506730067,0.24147275,0.075028926,0.9675028,0.72807705,0.64513385,-0.23174557,-0.64155644,0.7603768,0.1011554
1356506730106,0.25369483,0.04026997,0.9664457,0.7389795,0.6366193,-0.22051099,-0.6241379,0.7701261,0.13174838
1356506730143,0.26939744,0.0042773187,0.96301955,0.74987316,0.626507,-0.21255404,-0.6042476,0.7794041,0.16557193
1356506730186,0.28861874,-0.03211373,0.95690536,0.7601898,0.6152903,-0.20863685,-0.5820744,0.7876462,0.20199686
1356506730225,0.31181043,-0.065182686,0.94790584,0.7681915,0.6044047,-0.2111322,-0.5591566,0.79400647,0.23853248
1356506730274,0.33692878,-0.09711346,0.9365083,0.7742642,0.5945304,-0.2169067,-0.5357181,0.798187,0.27550593
1356506730306,0.36317775,-0.12811393,0.9228698,0.7782267,0.58634603,-0.22485891,-0.5123135,0.7998657,0.31264955
1356506730347,0.38786423,-0.16053575,0.90762854,0.7813798,0.5795673,-0.23140305,-0.48888335,0.7989556,0.35023287
1356506730386,0.4080777,-0.19654289,0.89153993,0.7854271,0.57338214,-0.23310348,-0.46537828,0.7953639,0.38835454
1356506730423,0.4211933,-0.23603827,0.875718,0.79135376,0.5673778,-0.22768739,-0.44311997,0.78890324,0.42576557
1356506730465,0.4255743,-0.277107,0.86145127,0.79916215,0.5616864,-0.214122,-0.42453074,0.779564,0.46049273
1356506730505,0.4209915,-0.31579292,0.8503181,0.80778444,0.5569565,-0.1930894,-0.41261396,0.76816285,0.48956662
1356506730546,0.40862083,-0.3468998,0.8442094,0.8150659,0.5549332,-0.16648322,-0.41072685,0.75611484,0.5095035
1356506730586,0.3897317,-0.3664843,0.8448659,0.8192134,0.5570674,-0.13625467,-0.42071202,0.74522823,0.5173357
1356506730625,0.36558676,-0.3725133,0.8529831,0.8192364,0.5637778,-0.104911,-0.4418122,0.7371489,0.51128614
1356506730665,0.3361562,-0.36545292,0.868011,0.8159255,0.5733237,-0.07460222,-0.4703877,0.73331034,0.49090868
1356506730705,0.30151317,-0.3463556,0.8883286,0.81056535,0.5837163,-0.047530472,-0.5020694,0.7343794,0.45674196
1356506730745,0.26224524,-0.31666163,0.9115661,0.80419433,0.5938377,-0.02506733,-0.5333844,0.7396501,0.41038862
1356506730785,0.21961099,-0.27825603,0.93506396,0.7974738,0.60330355,-0.0077654123,-0.56196666,0.7473944,0.35439402
1356506730825,0.17533052,-0.23394516,0.95631003,0.79123056,0.6115013,0.004528731,-0.5858443,0.7558676,0.29231936
1356506730865,0.13145415,-0.18660077,0.9736015,0.7864398,0.617547,0.012175351,-0.60351664,0.7640785,0.22792935
1356506730905,0.089762986,-0.13933161,0.98616904,0.7837539,0.6208556,0.016379237,-0.61455077,0.7714435,0.16493154
1356506730945,0.05160272,-0.094920814,0.99414647,0.78310007,0.6216144,0.01870352,-0.6197511,0.777551,0.10640949
1356506730985,0.01767017,-0.05593136,0.99827814,0.78415656,0.620212,0.020869106,-0.6203114,0.7824377,0.054818213
1356506731025,-0.011866048,-0.024652123,0.99962574,0.78700644,0.6164564,0.024544775,-0.61683077,0.7870031,0.012086451
1356506731065,-0.03710133,-0.0026375651,0.99930805,0.79245925,0.6091351,0.031029344,-0.60879546,0.7930621,-0.0205096
1356506731105,-0.058347672,0.0092558265,0.99825335,0.80117804,0.59699965,0.041293293,-0.59557474,0.80218804,-0.042249084
1356506731145,-0.07570365,0.011706561,0.9970616,0.81279874,0.5799515,0.054903984,-0.57760465,0.8145669,-0.05341947
1356506731185,-0.08910242,0.0069920123,0.99599797,0.8253747,0.56024086,0.06990543,-0.5575101,0.82830024,-0.05568987
1356506731225,-0.09823799,-0.0014383495,0.99516195,0.8356693,0.5428828,0.08327818,-0.5403761,0.8398073,-0.052129745
1356506731273,-0.10256326,-0.011466712,0.99466044,0.84118557,0.53271043,0.09287906,-0.53093106,0.8462199,-0.044990897
1356506731307,-0.101180226,-0.02205053,0.99462366,0.8414837,0.53143346,0.09738347,-0.5307237,0.84681296,-0.035215378
1356506731347,-0.09322283,-0.032828063,0.99510396,0.8380171,0.5370923,0.09622517,-0.5376215,0.8428844,-0.022558749
1356506731376,-0.07819554,-0.03974104,0.99614555,0.8341247,0.54463863,0.0872055,-0.54600495,0.83772874,-0.00943929
1356506731407,-0.059710056,-0.045376986,0.99718386,0.8296648,0.55322075,0.07485366,-0.5550594,0.8317979,0.00461483
1356506731446,-0.036322728,-0.051659375,0.99800396,0.8238884,0.56365573,0.05916205,-0.5655869,0.8243928,0.02208805
1356506731487,-0.0020015389,-0.05307272,0.9985887,0.8175174,0.5750031,0.032198697,-0.57590044,0.81642807,0.042236984
1356506731526,0.041373983,-0.052053183,0.9977869,0.81085956,0.58523256,-0.00309214,-0.5837765,0.809193,0.06642121
1356506731566,0.09150238,-0.055057764,0.99428165,0.8050261,0.591799,-0.04131493,-0.58614016,0.80420303,0.098473966
1356506731607,0.1447642,-0.07234925,0.98681754,0.80191064,0.5928215,-0.074175596,-0.5796401,0.8020775,0.14383698
1356506731636,0.1958965,-0.10105401,0.9754038,0.80041087,0.59113485,-0.0995087,-0.5665394,0.8002173,0.19668597
1356506731677,0.23844098,-0.1564003,0.9584805,0.80532134,0.58344144,-0.105136395,-0.54277384,0.79695356,0.26506883
1356506731706,0.27100277,-0.2142758,0.938426,0.8113991,0.5753553,-0.10294548,-0.5178697,0.78933656,0.32978606
1356506731746,0.29280812,-0.26550713,0.91856915,0.81496286,0.57175297,-0.09452006,-0.5000989,0.776276,0.3837924
1356506731776,0.2908991,-0.30942693,0.9053357,0.82053006,0.5673323,-0.06974602,-0.492045,0.76314414,0.41893053
1356506731817,0.29539976,-0.31457183,0.9020995,0.8138243,0.57744956,-0.06513038,-0.5004288,0.7533901,0.42658463
1356506731846,0.29195163,-0.3067975,0.90589166,0.80654,0.5880469,-0.060779244,-0.5140598,0.74838245,0.4191257
1356506731876,0.28380698,-0.28625262,0.91515744,0.7987652,0.59859574,-0.06047651,-0.5304978,0.7481595,0.39853424
1356506731906,0.27046567,-0.25706273,0.9277754,0.79181486,0.6075557,-0.06249234,-0.54761076,0.7515284,0.36786902
1356506731945,0.2525819,-0.20991838,0.94452983,0.7847274,0.6155213,-0.07305083,-0.56604356,0.75964975,0.32019824
1356506731985,0.22585459,-0.15929931,0.96104807,0.78184646,0.61815035,-0.08127859,-0.5811246,0.76974916,0.26415974
1356506732027,0.19476302,-0.11005589,0.97465634,0.78367734,0.6150237,-0.08715317,-0.58984506,0.7807903,0.20603216
1356506732065,0.16281994,-0.06519693,0.98449934,0.7897093,0.6067809,-0.090421736,-0.59148014,0.7921908,0.15028268
1356506732105,0.13243924,-0.026248038,0.99084353,0.7985952,0.59495205,-0.09098208,-0.58711624,0.8033325,0.09975654
1356506732145,0.10495281,0.005790651,0.99446034,0.80912745,0.5808886,-0.088775694,-0.57818484,0.8139624,0.056280494
1356506732185,0.08090843,0.029744774,0.9962776,0.8208251,0.5650389,-0.08352953,-0.56542015,0.82452786,0.02130115
1356506732225,0.06044291,0.044481546,0.99718004,0.8335204,0.5473826,-0.074940175,-0.54917246,0.83569956,-0.0039908886
1356506732273,0.0435033,0.04991454,0.9978056,0.8465023,0.5286026,-0.063349634,-0.5306047,0.84740067,-0.01925683
1356506732307,0.030009255,0.048361957,0.99837893,0.8579632,0.5112177,-0.05055225,-0.5128338,0.85808945,-0.026151538
1356506732346,0.020056352,0.043922246,0.99883366,0.8654226,0.4994957,-0.039342105,-0.5006411,0.86520225,-0.027993262
1356506732377,0.014055178,0.040545344,0.9990788,0.86866194,0.49435234,-0.03228259,-0.49520582,0.8683155,-0.028271973
1356506732406,0.011413425,0.03810081,0.9992087,0.8678818,0.49593386,-0.028823763,-0.49663964,0.867524,-0.027406693
1356506732436,0.012787655,0.036612242,0.99924767,0.86415803,0.50235707,-0.02946511,-0.50305796,0.8638848,-0.025214791
1356506732466,0.018754452,0.036278725,0.9991658,0.8586849,0.51132905,-0.034683526,-0.5121608,0.858619,-0.021562278
1356506732496,0.029902741,0.037819296,0.9988372,0.8523072,0.521081,-0.045245916,-0.5221862,0.852669,-0.016651928
1356506732526,0.04658933,0.04199162,0.99803114,0.84526646,0.5307605,-0.061789513,-0.5323101,0.8464809,-0.010766327
1356506732567,0.06914039,0.04776305,0.9964628,0.83637094,0.54169005,-0.08399683,-0.5437859,0.83922017,-0.0024949312
1356506732596,0.10387193,0.061282247,0.99270093,0.8255712,0.5513001,-0.120417535,-0.55465555,0.8320533,0.0066717267
1356506732637,0.14107777,0.07139176,0.98742104,0.81302065,0.56075084,-0.1567033,-0.5648844,0.82490104,0.021066546
1356506732676,0.18588746,0.075277686,0.97968316,0.7994727,0.5680535,-0.19534239,-0.5712173,0.8195416,0.045411587
1356506732707,0.23183788,0.06965917,0.97025704,0.7866295,0.5733379,-0.22912356,-0.5722457,0.81635237,0.07812548
1356506732736,0.2710477,0.044026583,0.9615585,0.778967,0.57680184,-0.24598792,-0.5654587,0.81569684,0.12204558
1356506732766,0.30103981,-0.0019881725,0.95360947,0.77875525,0.5776618,-0.24463665,-0.55037737,0.8162738,0.17544752
1356506732796,0.3197658,-0.06161189,0.9454913,0.7855578,0.5751745,-0.22819564,-0.529763,0.8157072,0.23232085
1356506732854,0.32632023,-0.12888077,0.936432,0.79730284,0.56967956,-0.19943291,-0.50776315,0.81169885,0.28865492
1356506732875,0.31825048,-0.1857433,0.9296321,0.8093977,0.56376636,-0.16444707,-0.49355036,0.8047775,0.32975915
1356506732916,0.29984564,-0.22206667,0.9277818,0.81883,0.5589227,-0.13085458,-0.48949993,0.7989317,0.3494253
1356506732953,0.2747044,-0.23718825,0.9318151,0.825655,0.5548461,-0.10217485,-0.4927793,0.7974256,0.3482543
1356506732995,0.24585414,-0.23323387,0.9408282,0.83030814,0.5514955,-0.080256164,-0.500144,0.8009086,0.32924348
1356506733035,0.21485698,-0.215484,0.9525771,0.8331319,0.5494013,-0.06363475,-0.50963485,0.8072948,0.29756927
1356506733075,0.18391588,-0.18690759,0.9650081,0.83365613,0.5497929,-0.052395612,-0.52076143,0.81412125,0.25693226
1356506733115,0.15413871,-0.15074223,0.9764825,0.8322718,0.5524484,-0.046092004,-0.53250825,0.81980336,0.21061218
1356506733155,0.1264836,-0.10975915,0.98587763,0.83005327,0.5558976,-0.04460314,-0.5431514,0.8239726,0.1614179
1356506733195,0.10122608,-0.067266226,0.9925868,0.828409,0.5581772,-0.046655983,-0.5509009,0.8269906,0.11222607
1356506733235,0.07794811,-0.027127713,0.99658823,0.82879436,0.55734587,-0.049652785,-0.5540973,0.8298371,0.06592739
1356506733278,0.055554554,0.0060796738,0.99843717,0.832419,0.5519156,-0.04967785,-0.5513551,0.83387786,0.025600553
1356506733315,0.03326474,0.029389292,0.99901444,0.83989906,0.5409659,-0.04388091,-0.54172236,0.8405309,-0.0066889524
1356506733355,0.010390967,0.04175669,0.99907374,0.8504201,0.52520204,-0.030795872,-0.52600145,0.84995246,-0.030053377
1356506733395,-0.012769222,0.044897377,0.99891007,0.86110836,0.5082837,-0.01183784,-0.5082612,0.8600186,-0.04515189
1356506733435,-0.035054594,0.04191801,0.99850595,0.86789525,0.49665424,0.009619296,-0.495509,0.8669357,-0.05379045
1356506733475,-0.05483073,0.035291553,0.99787176,0.8682762,0.49516118,0.030197471,-0.49304163,0.8680841,-0.057792842
1356506733515,-0.07006982,0.02575329,0.99720967,0.86271346,0.5034462,0.047617614,-0.50081515,0.8636427,-0.057494104
1356506733555,-0.07819325,0.014496982,0.9968328,0.8542067,0.51651853,0.05949366,-0.51402014,0.85615325,-0.052771688
1356506733596,-0.07666871,0.0035044253,0.9970505,0.84512055,0.5308362,0.063120216,-0.5290493,0.8474672,-0.043660223
1356506733635,-0.06183529,-0.002362132,0.99808353,0.83719957,0.54430807,0.053156078,-0.54339045,0.8388821,-0.03167987
1356506733675,-0.03255129,-0.0012644231,0.9994692,0.8303726,0.55651724,0.027748108,-0.55625695,0.83083504,-0.017065406
1356506733715,0.013220295,0.007213682,0.9998866,0.8239546,0.5664578,-0.014980853,-0.56650156,0.8240592,0.001545012
1356506733755,0.07230504,0.015497178,0.9972621,0.8170805,0.57248294,-0.06813747,-0.57197154,0.81977016,0.028730929
1356506733795,0.1383499,0.010881275,0.9903237,0.81012976,0.5739457,-0.119482845,-0.5696922,0.8188211,0.07059008
1356506733835,0.2004697,-0.020154,0.9794926,0.80560464,0.5723288,-0.1531044,-0.55750614,0.81977654,0.13097072
1356506733875,0.24854802,-0.079695106,0.9653355,0.80627793,0.56932026,-0.16059366,-0.53678644,0.818244,0.20575982
1356506733915,0.27973443,-0.15018785,0.94825745,0.8105712,0.56625473,-0.1494321,-0.5145124,0.8104315,0.2801389
1356506733955,0.29992986,-0.20494345,0.9316868,0.8124691,0.56670487,-0.13689288,-0.49993616,0.798025,0.3364819
1356506733995,0.31681752,-0.22788602,0.9207033,0.8076177,0.57384014,-0.13587141,-0.4973733,0.78662276,0.36584747
1356506734035,0.3331945,-0.21827102,0.91724545,0.796466,0.5858035,-0.14992079,-0.50460225,0.78050756,0.3690319
1356506734075,0.34693605,-0.18407184,0.9196483,0.78257346,0.5972562,-0.1756812,-0.5169277,0.7806425,0.3512594
1356506734115,0.35470718,-0.13542557,0.9251177,0.7697939,0.60387963,-0.20675284,-0.5306601,0.7854867,0.31845024
1356506734156,0.3541215,-0.081905246,0.9316058,0.76124084,0.6038951,-0.23626903,-0.54324055,0.7928444,0.27620187
1356506734195,0.3447313,-0.030473024,0.9382066,0.75877166,0.5974783,-0.25939417,-0.5526535,0.8013059,0.22909153
1356506734235,0.32748425,0.015110701,0.94473577,0.7627028,0.5859538,-0.27375627,-0.55770814,0.81020355,0.18036562
1356506734278,0.30375153,0.053558648,0.9512447,0.77200013,0.5712733,-0.27868003,-0.5583464,0.81901056,0.13217789
1356506734316,0.2741043,0.08306402,0.9581061,0.7849644,0.55624986,-0.2727949,-0.5556058,0.82685333,0.08726817
1356506734357,0.24123932,0.10518363,0.9647486,0.7995608,0.54186326,-0.25901112,-0.55000556,0.83385885,0.046618044
1356506734397,0.20409895,0.11757982,0.97186345,0.815349,0.52902853,-0.23523358,-0.5418022,0.8404188,0.012105584
1356506734435,0.16333428,0.11896071,0.9793724,0.83160055,0.5175116,-0.20154989,-0.5308131,0.8473666,-0.014400363
1356506734475,0.119576484,0.10854229,0.98687387,0.84750056,0.50660586,-0.15840861,-0.51715016,0.85531807,-0.03141153
1356506734515,0.07486425,0.08845359,0.993263,0.86135155,0.4961546,-0.10910615,-0.50246286,0.8637167,-0.039045393
1356506734555,0.032549694,0.06329116,0.9974642,0.87079597,0.48804504,-0.05938366,-0.4905659,0.8705207,-0.039227962
1356506734595,-0.003907308,0.0380134,0.9992696,0.8742657,0.4852147,-0.015039593,-0.48543203,0.8735683,-0.035129666
1356506734635,-0.031870544,0.014854133,0.9993816,0.87235147,0.4884467,0.020559609,-0.48783928,0.8724673,-0.028525054
1356506734675,-0.04919851,-0.005120337,0.9987759,0.8672476,0.49581552,0.045261443,-0.4954403,0.8684128,-0.019952774
1356506734715,-0.0536485,-0.020374715,0.998352,0.86100787,0.5054343,0.056583107,-0.5057542,0.8626245,-0.009572983
1356506734755,-0.042703986,-0.02835372,0.9986853,0.85464954,0.51667315,0.05121386,-0.517446,0.85571307,0.0021684766
1356506734795,-0.013960108,-0.02633512,0.9995557,0.8479263,0.52948624,0.025792658,-0.52993023,0.8479096,0.014938533
1356506734835,0.03396119,-0.013340533,0.9993341,0.83940744,0.54308605,-0.021276414,-0.54244065,0.83957106,0.029641986
1356506734875,0.099289864,0.0065225363,0.9950372,0.8272625,0.5551653,-0.0861876,-0.5529722,0.8317145,0.049726486
1356506734915,0.17448296,0.02085033,0.98443943,0.8113979,0.5633621,-0.15574488,-0.55784327,0.8259469,0.081379175
1356506734955,0.24655044,0.011765242,0.9690585,0.7960046,0.5679096,-0.20941648,-0.5528015,0.82300675,0.13065314
1356506734995,0.30326378,-0.031164855,0.9523969,0.7879857,0.57020795,-0.23225304,-0.53582615,0.820909,0.19748092
1356506735035,0.3424616,-0.09413263,0.9348043,0.7880503,0.5705271,-0.23124811,-0.5115632,0.81586635,0.26956484
1356506735075,0.3703369,-0.1503577,0.9166478,0.7894374,0.57099617,-0.2252819,-0.4895295,0.80706626,0.33015898
1356506735115,0.39608467,-0.17765054,0.90086466,0.78425515,0.5757187,-0.23128301,-0.477557,0.79811543,0.36735675
1356506735155,0.42275107,-0.17071995,0.8900204,0.77065074,0.5844758,-0.25393993,-0.47684276,0.79324824,0.3786532
1356506735195,0.4470402,-0.13613904,0.8840934,0.75189984,0.5925847,-0.28894633,-0.48456335,0.79392034,0.36727217
1356506735235,0.46385986,-0.08427137,0.88189137,0.73282725,0.5958534,-0.32851636,-0.49779344,0.79865956,0.3381488
1356506735279,0.468837,-0.026604086,0.88288397,0.71843624,0.59297013,-0.3636424,-0.51384944,0.80478483,0.2971197
1356506735316,0.46157387,0.030094594,0.88659114,0.7113091,0.584646,-0.3901645,-0.53008384,0.8107301,0.24845076
1356506735357,0.44308382,0.08183232,0.8927375,0.712633,0.57202595,-0.40612876,-0.54390347,0.8161433,0.19513905
1356506735397,0.41434208,0.124712974,0.9015361,0.7224554,0.55737066,-0.4091406,-0.55351496,0.8208438,0.14084256
1356506735437,0.3781413,0.1579135,0.91218007,0.7383891,0.5428802,-0.4000784,-0.5583823,0.82482994,0.08868384
1356506735476,0.3362644,0.17988113,0.92442906,0.7583629,0.530293,-0.37904495,-0.55840135,0.828512,0.041903496
1356506735506,0.29049072,0.18989483,0.93784595,0.77947235,0.52152663,-0.3470343,-0.55501163,0.83183527,0.0034808517
1356506735546,0.24515203,0.18763185,0.9511545,0.8013681,0.5129422,-0.30773273,-0.5456277,0.83766615,-0.02461338
1356506735585,0.19484587,0.16931406,0.96610963,0.8242328,0.50565934,-0.2548505,-0.5316721,0.84595585,-0.04102856
1356506735625,0.14279662,0.13942724,0.97988224,0.8446703,0.49886543,-0.19407591,-0.5158888,0.8553908,-0.046533763
1356506735665,0.093195215,0.10460508,0.9901376,0.8596589,0.4932456,-0.13302404,-0.502296,0.8635778,-0.04395652
1356506735705,0.050232977,0.070720345,0.9962305,0.86769116,0.49085107,-0.078596115,-0.49455914,0.8683685,-0.036706507
1356506735745,0.017499834,0.04093191,0.99900866,0.869717,0.4922792,-0.03540483,-0.49324036,0.8694744,-0.026984334
1356506735785,-0.002316177,0.016350418,0.9998636,0.8680539,0.49643242,-0.0061071515,-0.49646458,0.86792135,-0.015342891
1356506735832,-0.006293893,-0.0010468662,0.9999796,0.86488914,0.5019274,0.0059690773,-0.50192344,0.8649092,-0.0022536516
1356506735872,0.007060528,-0.012128711,0.99990153,0.8602919,0.50980175,1.091063E-4,-0.50975287,0.86020637,0.014033675
1356506735903,0.054774642,-7.7083707E-4,0.99849844,0.85417914,0.51789933,-0.046457887,-0.5170858,0.8554412,0.02902621
1356506735945,0.10875054,0.0129571855,0.99398464,0.8443265,0.5265587,-0.09924063,-0.5246772,0.85003996,0.04632342
1356506735985,0.18183954,0.032892287,0.98277795,0.82811785,0.53380644,-0.1710892,-0.53024065,0.84496677,0.06982845
1356506736025,0.26312053,0.04494363,0.96371555,0.80636716,0.5381641,-0.24525785,-0.52965987,0.84164095,0.105360925
1356506736065,0.34021652,0.036136687,0.93965256,0.7837858,0.54120344,-0.3045958,-0.5195503,0.84011483,0.1558029
1356506736105,0.4042094,0.0062818527,0.9146449,0.76481485,0.5461391,-0.34174585,-0.5016702,0.8376709,0.2159501
1356506736145,0.4548207,-0.027276814,0.8901652,0.7476707,0.5547541,-0.36501566,-0.48386633,0.83156717,0.27270773
1356506736185,0.4966517,-0.043928057,0.86683756,0.7271205,0.5664198,-0.3878973,-0.47395438,0.8229453,0.31325436
1356506736225,0.53214633,-0.035039246,0.84592706,0.7015913,0.57751507,-0.4174279,-0.4739092,0.8156278,0.33190578
1356506736279,0.56421673,0.0093046725,0.8255743,0.66848254,0.58170414,-0.4634127,-0.48455188,0.8133473,0.32198718
1356506736316,0.5745653,0.05087176,0.8168762,0.6502235,0.57778525,-0.4933291,-0.49707556,0.81460184,0.29889742
1356506736346,0.5707234,0.08339164,0.8168969,0.64461935,0.570758,-0.50862694,-0.5086657,0.81687284,0.2719891
1356506736387,0.56295633,0.12324375,0.8172461,0.64180213,0.557832,-0.5262257,-0.52074003,0.8207524,0.23493695
1356506736427,0.5429792,0.15801282,0.8247458,0.6501476,0.542509,-0.53196996,-0.5314901,0.82505506,0.19183946
1356506736467,0.5134313,0.18687226,0.83753633,0.6672743,0.5267401,-0.5265832,-0.5395677,0.8292308,0.14574978
1356506736506,0.47645482,0.20903358,0.8539881,0.6905875,0.5121707,-0.51065654,-0.54413205,0.8330583,0.09967026
1356506736547,0.43428493,0.22391343,0.87250173,0.71766436,0.49937248,-0.48537093,-0.5443845,0.83695275,0.056175232
1356506736586,0.388329,0.22931102,0.892534,0.7469599,0.48888913,-0.45059782,-0.53967726,0.84166735,0.018563688
1356506736627,0.34120917,0.22402221,0.9129022,0.7768056,0.47965688,-0.40804705,-0.52929145,0.84837687,-0.010358393
1356506736667,0.2949164,0.2080704,0.9325937,0.80533016,0.4711613,-0.35979205,-0.5142641,0.8571544,-0.028612196
1356506736706,0.25236738,0.18521154,0.94974065,0.8294959,0.46398157,-0.31089792,-0.49824405,0.8662665,-0.036538422
1356506736747,0.21592382,0.16082895,0.96307373,0.84631026,0.46109203,-0.26674536,-0.486966,0.87265587,-0.036550403
1356506736787,0.18680249,0.13918215,0.97248816,0.85444313,0.46549118,-0.23074847,-0.48480073,0.8740402,-0.031968355
1356506736827,0.16544616,0.12103143,0.978764,0.8551407,0.4767803,-0.2035068,-0.4912861,0.8706503,-0.024617434
1356506736865,0.15219927,0.105342835,0.98271984,0.8510585,0.49158698,-0.18450391,-0.5025285,0.8644334,-0.014833748
1356506736905,0.14778832,0.09189218,0.98474073,0.84457445,0.50637543,-0.17400533,-0.5146383,0.85740286,-0.0027734041
1356506736945,0.15280741,0.081431895,0.9848953,0.83673275,0.5196383,-0.172784,-0.5258594,0.8504969,0.011267841
1356506736985,0.16748586,0.07486424,0.9830278,0.82760906,0.531165,-0.18145779,-0.53573465,0.84395444,0.027004302
1356506737025,0.19090265,0.07074875,0.979056,0.81736267,0.5408627,-0.19845852,-0.5435755,0.8381301,0.04542476
1356506737065,0.22136419,0.0635058,0.9731212,0.80720615,0.5479863,-0.21938363,-0.5471893,0.8340732,0.07004225
1356506737105,0.2566877,0.044160098,0.965485,0.7993829,0.55177426,-0.23776454,-0.54322946,0.83282346,0.10633284
1356506737145,0.29324618,0.0054324567,0.95602155,0.7958759,0.5526681,-0.2472642,-0.5297059,0.83338374,0.15774429
1356506737185,0.32494533,-0.05012408,0.9444036,0.7966479,0.55266446,-0.24477378,-0.50966924,0.83189523,0.21951693
1356506737225,0.3445737,-0.109072,0.9324013,0.7997471,0.5542332,-0.23071659,-0.49160302,0.8251841,0.27820426
1356506737279,0.3473087,-0.15586403,0.92470706,0.8020477,0.56031716,-0.20679507,-0.4858973,0.81348085,0.3196134
1356506737316,0.32552463,-0.19014817,0.92621666,0.8090816,0.5629364,-0.1687884,-0.48930627,0.80432963,0.33709508
1356506737346,0.29335117,-0.21335775,0.9318925,0.81721133,0.5618017,-0.12862551,-0.49609554,0.79928553,0.3391635
1356506737387,0.25604987,-0.21332002,0.94283247,0.8225863,0.56037396,-0.09660694,-0.5077306,0.80029726,0.31895778
1356506737427,0.2084935,-0.2020852,0.956918,0.827565,0.5578804,-0.062494993,-0.5212164,0.80494165,0.28355306
1356506737467,0.15635398,-0.1829415,0.97061104,0.8307877,0.5558299,-0.02906689,-0.5341771,0.8109164,0.23889172
1356506737508,0.10438934,-0.15839097,0.9818428,0.83225596,0.5543908,9.4902515E-4,-0.544475,0.8170454,0.18969429
1356506737546,0.056088686,-0.13113293,0.9897768,0.8327054,0.55310124,0.026091218,-0.5508682,0.82272905,0.14021784
1356506737587,0.013458431,-0.102650106,0.9946265,0.83285576,0.5516037,0.04565859,-0.5533265,0.8277659,0.09291643
1356506737625,-0.022815704,-0.07598019,0.9968482,0.8333625,0.5493564,0.060946047,-0.55225563,0.8321265,0.050785124
1356506737665,-0.052519917,-0.05367908,0.9971762,0.8354342,0.5446776,0.07332176,-0.5470754,0.83692586,0.016238928
1356506737705,-0.07596198,-0.03774616,0.99639606,0.84039044,0.5353775,0.08435017,-0.5366318,0.8437691,-0.008946776
1356506737745,-0.09357983,-0.028720587,0.9951974,0.8480898,0.52130437,0.0947915,-0.52152324,0.8528874,-0.024425924
1356506737785,-0.105838984,-0.02537185,0.99405956,0.85598195,0.5064244,0.10406336,-0.5060563,0.86191094,-0.03188157
1356506737825,-0.11301452,-0.025368541,0.99326944,0.86070764,0.49693537,0.11062354,-0.49639705,0.8674167,-0.034326017
1356506737865,-0.1147826,-0.026882172,0.99302685,0.8609318,0.49602482,0.11294174,-0.4956021,0.86789215,-0.033791304
1356506737906,-0.11012992,-0.029035687,0.9934929,0.85792595,0.50190973,0.109770924,-0.501831,0.86443245,-0.030364811
1356506737945,-0.09779972,-0.030750126,0.9947309,0.85377824,0.5109941,0.09973794,-0.5113686,0.859034,-0.023721278
1356506737985,-0.07678044,-0.030296504,0.99658763,0.8496865,0.52098274,0.081300735,-0.5216681,0.8530294,-0.014258742
1356506738025,-0.046443135,-0.02620259,0.99857724,0.8456342,0.53109837,0.05326584,-0.5317384,0.846905,-0.0025080442
1356506738065,-0.006654814,-0.018603414,0.9998048,0.84101784,0.5407808,0.015660197,-0.5409666,0.8409579,0.012046993
1356506738105,0.041982874,-0.010661602,0.99906135,0.83556426,0.5486131,-0.029257685,-0.5477861,0.8360083,0.031940818
1356506738145,0.09764652,-0.009837449,0.9951726,0.82992184,0.55268306,-0.07596877,-0.54926765,0.8333335,0.06213188
1356506738185,0.15676112,-0.026126474,0.9872909,0.82573545,0.5518946,-0.11650479,-0.5418367,0.8335045,0.10808921
1356506738225,0.21335036,-0.06517291,0.9747995,0.8247653,0.54684544,-0.14395213,-0.52368295,0.8346931,0.17042202
1356506738281,0.26113456,-0.1297622,0.95654094,0.8282132,0.5391335,-0.15296364,-0.49585438,0.83216393,0.24825716
1356506738315,0.2928266,-0.18301272,0.9384875,0.8294369,0.53692544,-0.15409577,-0.47569633,0.82353956,0.30902356
1356506738355,0.30888844,-0.21107224,0.9273815,0.8260268,0.54286784,-0.15157276,-0.47145283,0.812861,0.3420369
1356506738395,0.31228912,-0.21261087,0.92588985,0.81936,0.55350846,-0.14925665,-0.48075426,0.8052484,0.34705952
1356506738435,0.30590785,-0.19200012,0.9325,0.8115983,0.56463397,-0.14998871,-0.49772334,0.8026982,0.32855293
1356506738475,0.2912325,-0.15783039,0.9435429,0.8049716,0.57336605,-0.15255192,-0.5169181,0.8039533,0.29403183
1356506738515,0.2700084,-0.117940485,0.9556074,0.80056274,0.5789229,-0.15474999,-0.53497183,0.80680746,0.25073278
1356506738555,0.24420463,-0.07797581,0.9665836,0.7989786,0.5810444,-0.15498596,-0.5495428,0.8101279,0.20419472
1356506738596,0.21578561,-0.041290283,0.97556734,0.8006851,0.57932854,-0.15258366,-0.5588738,0.81404763,0.15807128
1356506738635,0.18648086,-0.010447621,0.98240304,0.8056294,0.57393783,-0.1468218,-0.5623044,0.8188322,0.115445316
1356506738675,0.15812923,0.014869571,0.9873065,0.81355184,0.5646828,-0.13880485,-0.5595789,0.8251741,0.077195704
1356506738715,0.13128309,0.034008563,0.99076134,0.82399786,0.55191493,-0.12813053,-0.5511735,0.83320665,0.04443413
1356506738755,0.10672104,0.04642734,0.9932045,0.8364519,0.53585464,-0.11492637,-0.537549,0.84303284,0.018352687
1356506738795,0.08481462,0.05127737,0.9950765,0.8497622,0.5177659,-0.09910992,-0.5202988,0.85398424,3.4052134E-4
1356506738835,0.0659374,0.049075663,0.9966162,0.8618264,0.500585,-0.08166951,-0.5028991,0.86429524,-0.009287417
1356506738873,0.050343856,0.04257095,0.9978243,0.86993957,0.48888928,-0.06474948,-0.49058202,0.87130654,-0.012421548
1356506738915,0.03850925,0.034880906,0.99864924,0.87223196,0.4864651,-0.05062571,-0.48757386,0.87300336,-0.011690855
1356506738955,0.031358838,0.02777654,0.99912214,0.86920893,0.4927438,-0.04098001,-0.49344948,0.86973095,-0.008691728
1356506738995,0.030255005,0.021498501,0.999311,0.8628861,0.50404465,-0.03696829,-0.50449204,0.86341,-0.0033008456
1356506739035,0.03682813,0.016785413,0.9991807,0.85538554,0.5164293,-0.04020369,-0.51668096,0.8561653,0.004661083
1356506739075,0.052280232,0.014992416,0.9985199,0.8475101,0.5281959,-0.052304417,-0.52819836,0.8489902,0.014907956
1356506739115,0.07740581,0.017246306,0.9968505,0.8389766,0.53904736,-0.074472815,-0.53863406,0.84209883,0.027256131
1356506739156,0.11205043,0.02226612,0.9934531,0.82947755,0.54841894,-0.10584748,-0.54718536,0.8359072,0.042981327
1356506739195,0.15512182,0.024561465,0.98758996,0.81972533,0.5547337,-0.14255142,-0.5513507,0.83166534,0.06591767
1356506739235,0.20368078,0.013721526,0.9789412,0.8117173,0.5566826,-0.17669067,-0.547384,0.83061194,0.102247536
1356506739280,0.2521202,-0.019108474,0.9675073,0.8074164,0.55525136,-0.19943622,-0.5333988,0.8314631,0.15541857
1356506739316,0.2926129,-0.073429406,0.9534074,0.80734605,0.55325943,-0.20517394,-0.51241577,0.8297663,0.22117382
1356506739357,0.31963456,-0.1344311,0.93795633,0.80902517,0.5540285,-0.19629243,-0.49326673,0.82157207,0.2858448
1356506739397,0.33287513,-0.1821611,0.9252089,0.808831,0.5595447,-0.18083748,-0.4847542,0.8085339,0.333596
1356506739437,0.33592746,-0.20555851,0.9191836,0.8050679,0.5692103,-0.166929,-0.48889518,0.79608124,0.3567019
1356506739477,0.33251286,-0.20347035,0.9208882,0.7985332,0.58026284,-0.160124,-0.5017767,0.78860307,0.3554227
1356506739518,0.324804,-0.18072161,0.9283545,0.7913532,0.58947206,-0.16211948,-0.5179405,0.78731346,0.33447745
1356506739557,0.31418526,-0.14340726,0.93846786,0.7852378,0.59482837,-0.1719904,-0.53356266,0.79095733,0.29949513
1356506739597,0.30125713,-0.09862837,0.9484285,0.78163326,0.59524214,-0.18637654,-0.5461626,0.79747057,0.25641215
1356506739637,0.286888,-0.05201155,0.9565511,0.78137064,0.59038657,-0.20224634,-0.5542158,0.80544305,0.21001512
1356506739677,0.27217567,-0.0063959956,0.9622263,0.7844131,0.58065784,-0.21801963,-0.5573298,0.81412256,0.16305804
1356506739715,0.25771314,0.03644395,0.965534,0.79007405,0.5672944,-0.23229319,-0.5562078,0.8227083,0.11740577
1356506739755,0.24372905,0.07481018,0.9669538,0.7976539,0.55167085,-0.24373662,-0.5516742,0.83070016,0.07478559
1356506739795,0.23001859,0.10633096,0.9673599,0.8072245,0.5343677,-0.2506786,-0.5435808,0.8385373,0.03708154
1356506739835,0.21583918,0.12780732,0.9680283,0.8190924,0.5159564,-0.25075218,-0.5315083,0.8470267,0.0066776276
1356506739875,0.2007502,0.13756514,0.9699357,0.8323635,0.49815306,-0.24292919,-0.51659507,0.8561071,-0.014499903
1356506739915,0.1852546,0.13753965,0.97301775,0.84432304,0.48433378,-0.22921455,-0.50279146,0.8640044,-0.026402831
1356506739955,0.17110725,0.13251469,0.97630024,0.8516625,0.47832507,-0.21418688,-0.49537182,0.8681272,-0.031012893
1356506739995,0.1608171,0.12648946,0.97884536,0.85274786,0.48154432,-0.2023269,-0.49694964,0.8672459,-0.030423045
1356506740035,0.15716887,0.12107512,0.9801218,0.84833765,0.49153847,-0.19675651,-0.5055899,0.86239827,-0.025458038
1356506740075,0.16340198,0.11768213,0.97951555,0.84008837,0.50395924,-0.20069009,-0.5172535,0.8556728,-0.016515434
1356506740115,0.18321742,0.119333684,0.97580266,0.82868624,0.51525724,-0.21860701,-0.52887654,0.8486869,-0.004486084
1356506740155,0.21992142,0.12962782,0.9668667,0.81306624,0.52330524,-0.25509787,-0.5390342,0.8422282,0.009690046
1356506740195,0.27525485,0.15044275,0.9495271,0.79058385,0.5265499,-0.31260577,-0.5470026,0.83672714,0.025997818
1356506740235,0.34735712,0.17866853,0.9205544,0.75823,0.5240965,-0.38782728,-0.55175185,0.8327066,0.046576798
1356506740280,0.43019179,0.20524222,0.8790965,0.7147519,0.517396,-0.47056478,-0.5514207,0.830769,0.075882256
1356506740317,0.51293266,0.21529138,0.83099324,0.66478765,0.5128237,-0.5432028,-0.54309994,0.83106047,0.11992097
1356506740357,0.5871884,0.19906059,0.78459203,0.6166626,0.5178756,-0.59290147,-0.52434444,0.83197343,0.18133736
1356506740397,0.6493087,0.16450894,0.7425194,0.5746005,0.5334868,-0.62066585,-0.4982293,0.8296557,0.2518707
1356506740437,0.69881403,0.13365068,0.7027065,0.53518647,0.554103,-0.6376091,-0.4745887,0.8216492,0.31568694
1356506740477,0.73733556,0.1289019,0.6631143,0.49120903,0.5715581,-0.6572937,-0.46373478,0.8103738,0.35811234
1356506740515,0.7642073,0.15552348,0.62593895,0.4433291,0.5782178,-0.68492585,-0.46845108,0.80092233,0.3729302
1356506740555,0.77705145,0.20093364,0.59650373,0.4024188,0.5701094,-0.71626425,-0.48399398,0.79661846,0.3621449
1356506740595,0.7761419,0.2504859,0.5786714,0.37881815,0.5484151,-0.7454781,-0.50408393,0.797808,0.33075935
1356506740635,0.7640954,0.2932342,0.5746059,0.37759385,0.5188993,-0.76692003,-0.5230498,0.8029677,0.28576517
1356506740675,0.7445375,0.32429013,0.5835237,0.39664516,0.48818436,-0.77739865,-0.53696984,0.8102543,0.23484343
1356506740715,0.7206529,0.3446777,0.60154533,0.4294744,0.45919073,-0.7776218,-0.5442529,0.81874365,0.18288687
1356506740755,0.6942109,0.35679847,0.6251129,0.46973962,0.43345243,-0.7690668,-0.54535854,0.8275348,0.13330501
1356506740795,0.666522,0.3635205,0.65084654,0.5119577,0.4114173,-0.754079,-0.5418927,0.83581614,0.08811158
1356506740835,0.63869876,0.3661309,0.6767658,0.5528545,0.39338124,-0.73457676,-0.5351782,0.8433263,0.04883501
1356506740875,0.6117216,0.36374143,0.70248765,0.5912115,0.37981158,-0.71148586,-0.5256098,0.85055006,0.01729086
1356506740915,0.5862308,0.3544315,0.72849965,0.6267731,0.37133154,-0.68503165,-0.51331174,0.85819066,-0.0044621825
1356506740955,0.5622723,0.3377846,0.75481886,0.6590219,0.3683499,-0.6557503,-0.4995398,0.8661524,-0.015494496
1356506740995,0.5395984,0.3173098,0.77983856,0.6863515,0.3706561,-0.62572825,-0.48760164,0.8728852,-0.017780632
1356506741035,0.5184984,0.29909807,0.8010616,0.70639247,0.3780765,-0.5983876,-0.48183912,0.876127,-0.015248597
1356506741075,0.5001367,0.28704607,0.81698716,0.7180232,0.38991496,-0.57654923,-0.48405173,0.87496907,-0.011094987
1356506741115,0.48620233,0.28078336,0.8275071,0.72174114,0.40483525,-0.5614251,-0.49264282,0.8702121,-0.0058210194
1356506741155,0.47832662,0.27835533,0.8328997,0.7191361,0.42019743,-0.5534234,-0.5040307,0.86368537,8.162558E-4
1356506741195,0.47768605,0.27925816,0.83296514,0.71118546,0.43372792,-0.55325896,-0.51578236,0.85667676,0.0085814595
1356506741235,0.48462933,0.28412274,0.82729,0.6979277,0.44452107,-0.5615139,-0.5272867,0.8495147,0.017130792
1356506741278,0.49847493,0.29251918,0.81606084,0.6791687,0.45324197,-0.57732284,-0.53875107,0.84202397,0.027259916
1356506741316,0.51790273,0.3015433,0.80053,0.6560226,0.46058747,-0.5979076,-0.54900914,0.8348238,0.040720314
1356506741357,0.5398425,0.3012996,0.78599524,0.6326704,0.47068638,-0.6149654,-0.5552461,0.8292604,0.063473165
1356506741396,0.5639545,0.2824276,0.7760091,0.61336344,0.485942,-0.62261194,-0.5529382,0.82710034,0.100818396
1356506741437,0.5878763,0.23690759,0.77348316,0.6037909,0.5078316,-0.6144458,-0.5383661,0.8282403,0.15549949
1356506741477,0.6062164,0.17149743,0.7765889,0.6059488,0.53284216,-0.59068215,-0.51509976,0.8286543,0.21909899
1356506741515,0.6134906,0.10422239,0.7827943,0.6167457,0.55585265,-0.5573622,-0.49320787,0.82472146,0.27673167
1356506741555,0.6078831,0.051764727,0.7923374,0.63112,0.5740359,-0.5216994,-0.48183572,0.8171923,0.31627694
1356506741595,0.59004116,0.019793212,0.8071306,0.64724827,0.5859885,-0.48753166,-0.48261905,0.81007755,0.33294624
1356506741635,0.56248015,0.0069758594,0.8267814,0.66456354,0.59110814,-0.45710665,-0.49190593,0.8065621,0.32785067
1356506741675,0.52750385,0.009571642,0.84949875,0.68282425,0.5901584,-0.43065542,-0.50546086,0.8072308,0.30477506
1356506741715,0.4874106,0.022593051,0.8728806,0.70144653,0.58520263,-0.40683,-0.52000356,0.8105723,0.26938617
1356506741755,0.44515148,0.04182419,0.894478,0.719643,0.57772756,-0.38515547,-0.53287345,0.8151574,0.22707781
1356506741795,0.40352637,0.06390846,0.91273344,0.7373809,0.56787866,-0.3657639,-0.54169726,0.82062757,0.18202913
1356506741833,0.36467895,0.08634445,0.92712134,0.7548536,0.55554855,-0.34865737,-0.5451655,0.8269888,0.13741946
1356506741875,0.32997054,0.107875645,0.93780714,0.7720815,0.5407638,-0.3338633,-0.54314786,0.83422863,0.09514737
1356506741915,0.29970878,0.12667277,0.94558376,0.7891208,0.5240985,-0.3203264,-0.53615564,0.8421845,0.057116807
1356506741955,0.27376342,0.14055577,0.9514713,0.8063154,0.5057512,-0.30671015,-0.5243176,0.85115206,0.025123894
1356506741995,0.25141272,0.14711273,0.95663446,0.82371914,0.48645398,-0.2912889,-0.50821096,0.86123186,0.0011211634
1356506742035,0.23188077,0.14572176,0.9617673,0.8402252,0.46819925,-0.27351612,-0.49015602,0.8715243,-0.013872743
1356506742075,0.21457937,0.13933513,0.96671677,0.8532407,0.45494375,-0.25496346,-0.47532713,0.87955207,-0.021264851
1356506742115,0.19972037,0.1323111,0.9708788,0.8602456,0.4507212,-0.2383861,-0.46913677,0.8828047,-0.023801863
1356506742155,0.18822399,0.12697166,0.9738839,0.86054885,0.4565631,-0.22584468,-0.4733153,0.88058406,-0.023329198
1356506742195,0.18182123,0.12309921,0.97559595,0.85544896,0.46945983,-0.21866518,-0.48492062,0.8743306,-0.01994735
1356506742235,0.1828223,0.12075749,0.9757016,0.84668624,0.4850772,-0.21868351,-0.49969828,0.8660934,-0.013560772
1356506742279,0.19381993,0.121772856,0.9734502,0.83487785,0.5006053,-0.22885203,-0.51518226,0.85706806,-0.004638195
1356506742316,0.21792363,0.13011038,0.9672541,0.8197273,0.51347375,-0.25375563,-0.5296758,0.84818393,0.005243063
1356506742357,0.2524016,0.14380834,0.9568765,0.80058837,0.52437335,-0.28998417,-0.54346263,0.8392567,0.017221391
1356506742395,0.29883415,0.16065258,0.9406854,0.77616227,0.5325869,-0.3375255,-0.55522096,0.83098865,0.03446269
1356506742435,0.35223114,0.16931692,0.92047,0.7485539,0.539381,-0.38566196,-0.5617831,0.82486355,0.063243985
1356506742475,0.40607423,0.15486005,0.90062314,0.7230699,0.5482089,-0.420282,-0.55881447,0.82187915,0.11063886
1356506742515,0.45392066,0.11033416,0.88418454,0.70540637,0.5617569,-0.43223947,-0.5443875,0.8199119,0.17716268
1356506742555,0.49083334,0.047947854,0.8699331,0.69621575,0.5787062,-0.42471498,-0.5237999,0.81412536,0.25066626
1356506742595,0.5159584,-0.008587062,0.85657054,0.6900887,0.5965955,-0.40969664,-0.5075081,0.80249614,0.3137443
1356506742635,0.5325669,-0.03821194,0.84552497,0.68017447,0.61385775,-0.40067625,-0.5037214,0.78849137,0.3529111
1356506742675,0.5430198,-0.03580433,0.83895624,0.6652712,0.6279803,-0.4038006,-0.51239014,0.77740514,0.36482534
1356506742715,0.547632,-0.0058761835,0.8366987,0.6482129,0.63528347,-0.4198036,-0.529074,0.77225673,0.35171056
1356506742755,0.5446697,0.03867519,0.8377584,0.63527685,0.63311523,-0.4422539,-0.5475018,0.7730908,0.32026923
1356506742795,0.5343732,0.08728236,0.8407301,0.630436,0.62138635,-0.46521977,-0.5630237,0.7786275,0.27702633
1356506742835,0.5178948,0.1309331,0.8453647,0.6357319,0.60232085,-0.48275727,-0.5723896,0.78744274,0.22870055
1356506742875,0.49745214,0.16539922,0.8515776,0.65013766,0.57883847,-0.49220613,-0.57433635,0.7984917,0.18041217
1356506742916,0.47518358,0.1907537,0.85896075,0.6705868,0.5535162,-0.49389583,-0.56966114,0.8106989,0.13510492
1356506742955,0.4526649,0.20887546,0.8668711,0.6938076,0.52816993,-0.4895585,-0.560112,0.82304776,0.09416461
1356506742995,0.43086305,0.22077267,0.8749951,0.7178123,0.50378007,-0.48057374,-0.54690266,0.8351437,0.058586836
1356506743035,0.4101888,0.22588071,0.8835853,0.7419555,0.48072958,-0.4673339,-0.53032726,0.8472762,0.029596448
1356506743075,0.39055333,0.22362661,0.8930057,0.7654828,0.459964,-0.4499658,-0.51137483,0.8593161,0.0084581375
1356506743115,0.37191764,0.21509829,0.90300053,0.78689337,0.44297758,-0.42961574,-0.4924186,0.8703468,-0.004508257
1356506743155,0.35451952,0.2041308,0.91249466,0.80370045,0.4322376,-0.40894532,-0.47789276,0.87835145,-0.010823309
1356506743195,0.3395279,0.19525498,0.9201067,0.8135701,0.42996013,-0.3914563,-0.47204298,0.8814816,-0.012870133
1356506743235,0.32869115,0.19007102,0.9251136,0.81594396,0.43612888,-0.37950915,-0.47560245,0.8795821,-0.0117355585
