1356507162966,0.2429829,0.05448994,0.9684989,0.96753967,-0.0851185,-0.23795322,0.06947118,0.9948797,-0.07340348
1356507162994,0.4225249,0.03732294,0.9055824,0.90368485,-0.09393266,-0.41776812,0.06947145,0.99487865,-0.07341707
1356507163040,0.4225825,0.03732273,0.9055556,0.9036572,-0.093948126,-0.4178245,0.069480926,0.9948772,-0.07342777
1356507163078,0.42277253,0.037214756,0.9054714,0.90356576,-0.09395188,-0.41802132,0.069514215,0.9948809,-0.07334623
1356507163104,0.42267987,0.036733717,0.9055343,0.9035977,-0.09388551,-0.4179674,0.06966299,0.9949051,-0.072876036
1356507163129,0.4232485,0.03596887,0.9052994,0.9033129,-0.0938479,-0.41859108,0.06990418,0.99493665,-0.07221213
1356507163166,0.42369524,0.034835428,0.9051347,0.9030665,-0.093884975,-0.41911379,0.07037854,0.9949734,-0.071237296
1356507163200,0.42546096,0.033566654,0.904354,0.9021947,-0.09402898,-0.42095503,0.07090551,0.99500334,-0.070289284
1356507163248,0.42738092,0.032102138,0.9035015,0.9012364,-0.09421283,-0.422962,0.071543425,0.9950344,-0.0691964
1356507163302,0.4309561,0.030356139,0.90186214,0.8994868,-0.09432194,-0.4266462,0.07211405,0.9950788,-0.06795353
1356507163321,0.4353623,0.0282332,0.8998126,0.89733016,-0.09411743,-0.43120822,0.07251361,0.9951607,-0.06630969
1356507163362,0.44150078,0.025727749,0.89689195,0.89430976,-0.09362286,-0.43754408,0.07271254,0.99527526,-0.064343154
1356507163416,0.44847393,0.022906423,0.89350235,0.89083093,-0.09281367,-0.44475368,0.07274154,0.99542,-0.062030226
1356507163452,0.45719227,0.019998372,0.889143,0.88638616,-0.09204236,-0.45370454,0.0727655,0.99555427,-0.0598073
1356507163488,0.46554127,0.017068267,0.8848616,0.8820135,-0.09137347,-0.4622803,0.07296252,0.99567044,-0.05759257
1356507163524,0.47305274,0.0140606165,0.88092184,0.87796485,-0.090910316,-0.4700137,0.073476225,0.9957597,-0.055350065
1356507163574,0.479128,0.011179328,0.87767386,0.8745936,-0.09073663,-0.4762908,0.07431254,0.9958122,-0.053251848
1356507163607,0.4833873,0.008589625,0.8753644,0.87215453,-0.09083766,-0.48072335,0.07538679,0.9958286,-0.051401272
1356507163645,0.48544616,0.0062142015,0.87424445,0.8709078,-0.09100765,-0.48294646,0.07656178,0.99583083,-0.049591318
1356507163685,0.48501587,0.0038359463,0.87449694,0.87104404,-0.09100157,-0.48270163,0.07772902,0.9958433,-0.047478482
1356507163725,0.48239246,0.0014465153,0.875954,0.87240386,-0.09074846,-0.48028743,0.078796804,0.99587274,-0.045038298
1356507163765,0.47877082,-5.123317E-4,0.87793976,0.8743191,-0.090448946,-0.4768491,0.079653025,0.995901,-0.042856395
1356507163806,0.47535706,-0.0017983913,0.87979114,0.8761258,-0.09024072,-0.4735611,0.08024463,0.99591833,-0.041320935
1356507163851,0.4723932,-0.002567649,0.88138413,0.8776958,-0.090064585,-0.4706787,0.08059004,0.9959326,-0.040292293
1356507163906,0.4701998,-0.0030846894,0.88255465,0.8788681,-0.089735776,-0.46854934,0.080642045,0.99596083,-0.039482728
1356507163919,0.46919185,-0.003353268,0.8830899,0.87943935,-0.08913642,-0.46759078,0.08028343,0.99601376,-0.03887309
1356507163961,0.46963602,-0.003074646,0.88285476,0.87928855,-0.08822894,-0.46804625,0.07933241,0.9960955,-0.038731977
1356507164002,0.47111157,-0.001860708,0.8820716,0.8786566,-0.08694443,-0.469471,0.077564776,0.9962114,-0.03932558
1356507164048,0.47319916,8.9403987E-4,0.88095504,0.87780344,-0.0849956,-0.47142002,0.0744558,0.9963809,-0.041004673
1356507164086,0.4752656,0.0058450997,0.87982297,0.8770968,-0.082084805,-0.47324765,0.069453925,0.99660826,-0.04413879
1356507164127,0.4779274,0.013769358,0.8782914,0.87621105,-0.07800794,-0.47557235,0.061965346,0.99685764,-0.049347
1356507164167,0.48272556,0.025485814,0.8754008,0.87424356,-0.0730471,-0.47996074,0.051713318,0.9970028,-0.057542473
1356507164204,0.49114716,0.041397452,0.87009233,0.87018996,-0.06837362,-0.4879492,0.03929156,0.9968005,-0.06960514
1356507164247,0.50466204,0.06162885,0.86111444,0.86293876,-0.065531716,-0.5010412,0.025551736,0.9959456,-0.086253285
1356507164287,0.5227637,0.08575654,0.8481532,0.8524068,-0.065401345,-0.5187727,0.010982275,0.9941671,-0.10728887
1356507164322,0.542438,0.11269072,0.8325033,0.84008443,-0.06759192,-0.53822803,-0.004382789,0.9913285,-0.13133413
1356507164364,0.5615718,0.14227736,0.81510377,0.8271556,-0.07125561,-0.5574372,-0.021229953,0.9872587,-0.15770063
1356507164403,0.5713221,0.17238885,0.80241704,0.81982625,-0.07410532,-0.5677968,-0.038418412,0.98223746,-0.18366688
1356507164444,0.5770105,0.20461765,0.7906899,0.8147445,-0.07662718,-0.57473457,-0.0570125,0.97583807,-0.21092576
1356507164484,0.57135016,0.23851702,0.7852825,0.817201,-0.07699786,-0.5711863,-0.07577255,0.9680811,-0.23890907
1356507164525,0.56402063,0.2759244,0.7782971,0.82022667,-0.07826653,-0.5666591,-0.09544045,0.95798755,-0.27046448
1356507164561,0.5511748,0.31630507,0.77211237,0.82641387,-0.07930285,-0.5574507,-0.11509377,0.9453371,-0.30510858
1356507164608,0.5405171,0.35991788,0.7604607,0.83053374,-0.08390451,-0.5506122,-0.13436908,0.9292035,-0.34427574
1356507164645,0.5243241,0.40238085,0.75044906,0.8381078,-0.088068105,-0.5383487,-0.15053055,0.9112264,-0.38341478
1356507164687,0.50342625,0.43923724,0.744065,0.84900177,-0.091508865,-0.5204057,-0.16049302,0.8936984,-0.41898113
1356507164726,0.46962327,0.4647665,0.7506304,0.8682493,-0.08905547,-0.48806986,-0.15999076,0.8809433,-0.44535574
1356507164767,0.42040136,0.47594237,0.7724905,0.8950882,-0.07811425,-0.4389936,-0.14859316,0.87600064,-0.4588497
1356507164807,0.35492676,0.46953022,0.80843574,0.92637205,-0.060137033,-0.37177727,-0.12594372,0.88086593,-0.4563039
1356507164844,0.27636063,0.4460836,0.85125446,0.95609695,-0.037767097,-0.29060668,-0.09748539,0.89419407,-0.43693644
1356507164906,0.19014674,0.40721622,0.89331925,0.9792919,-0.014247596,-0.20195171,-0.06951043,0.91322064,-0.4014927
1356507164919,0.10219577,0.35498068,0.92927104,0.9937084,0.0065993965,-0.111803204,-0.045820594,0.93485034,-0.3520729
1356507164961,0.024300069,0.29612964,0.9548385,0.9993265,0.01907155,-0.031346947,-0.02749297,0.95495725,-0.29546678
1356507165006,-0.038830787,0.23450962,0.971338,0.99914265,0.02308181,0.034369648,-0.014360249,0.9718397,-0.23520488
1356507165040,-0.07914895,0.17586389,0.98122746,0.9968426,0.020223022,0.076783985,-0.006339848,0.9842067,-0.17690927
1356507165080,-0.09772816,0.121866286,0.9877235,0.9952062,0.015675932,0.09653437,-0.0037192106,0.9924227,-0.12281412
1356507165122,-0.08984387,0.0755744,0.99308443,0.99594116,0.0122382045,0.08917096,-0.0054145157,0.99706507,-0.0763672
1356507165161,-0.060184002,0.03774184,0.99747354,0.99812454,0.013479888,0.059713185,-0.011192143,0.9991966,-0.038482368
1356507165206,-0.006212294,0.009245694,0.999938,0.99978715,0.019731164,0.0060288906,-0.019674212,0.99976254,-0.0093663335
1356507165255,0.06464553,-0.009803832,0.9978601,0.99742085,0.031885862,-0.064303756,-0.031187147,0.9994434,0.011839867
1356507165278,0.1525181,-0.018844277,0.98812103,0.98722315,0.049581647,-0.151434,-0.046139,0.9985923,0.026165575
1356507165320,0.25501552,-0.01731512,0.9667819,0.9648601,0.07005307,-0.25325397,-0.06334096,0.997393,0.03457126
1356507165363,0.3638925,-0.004428476,0.93143046,0.92777324,0.09037799,-0.36203402,-0.082577586,0.9958977,0.036996484
1356507165400,0.47452462,0.017582774,0.88006663,0.8744535,0.10505696,-0.47359702,-0.10078427,0.99431074,0.034476817
1356507165442,0.57558304,0.04201913,0.816663,0.80984145,0.10920857,-0.57639414,-0.11340615,0.99313027,0.028829753
1356507165481,0.6583406,0.060697228,0.75026894,0.7435856,0.10236964,-0.6607577,-0.116910845,0.9928928,0.022260532
1356507165521,0.72043806,0.0692507,0.6900531,0.6845307,0.088671215,-0.72357106,-0.11129564,0.9936507,0.016477883
1356507165560,0.7645403,0.068422824,0.640934,0.63686085,0.07319915,-0.76749605,-0.099430114,0.9949675,0.012387887
1356507165599,0.7941337,0.06173563,0.6045993,0.6017476,0.05951915,-0.79646546,-0.08515549,0.99631625,0.010116905
1356507165645,0.810725,0.051731557,0.5831371,0.58118606,0.048561633,-0.8123205,-0.07034069,0.9974797,0.009304464
1356507165678,0.81442356,0.040486783,0.5788567,0.57757103,0.03955716,-0.8153814,-0.05591011,0.99839675,0.008832283
1356507165725,0.8054899,0.02996543,0.5918514,0.591154,0.029324412,-0.8060255,-0.041508615,0.9991207,0.0059063435
1356507165762,0.7823526,0.024704635,0.6223457,0.6221801,0.014839508,-0.78273356,-0.02857247,0.9995847,-0.0037610158
1356507165802,0.75270826,0.033177435,0.6575177,0.65805805,-0.007964231,-0.7529251,-0.019743472,0.9994177,-0.027827412
1356507165842,0.7247515,0.065609574,0.68587947,0.6887433,-0.04127068,-0.72382975,-0.019183487,0.9969915,-0.075099155
1356507165897,0.7000354,0.118804425,0.7041563,0.7135905,-0.07883748,-0.696113,-0.027187437,0.9897829,-0.13996674
1356507165919,0.6857195,0.1853953,0.7038589,0.7266321,-0.11808375,-0.67680275,-0.042361796,0.9755434,-0.21568651
1356507165957,0.6719424,0.24794993,0.69786406,0.7383772,-0.15127933,-0.6572015,-0.057380676,0.95688844,-0.28473157
1356507165999,0.65167046,0.29324684,0.6995226,0.75563014,-0.17081079,-0.6323343,-0.065943986,0.940654,-0.33289847
1356507166060,0.62234133,0.31725654,0.7155694,0.7798654,-0.17295754,-0.60157764,-0.06709126,0.93243444,-0.355056
1356507166084,0.5854233,0.32251623,0.7438164,0.80819273,-0.15966174,-0.5668621,-0.06406325,0.9330013,-0.354125
1356507166116,0.542149,0.31081668,0.780684,0.838199,-0.13465749,-0.5284788,-0.05913505,0.94088274,-0.3335306
1356507166153,0.49675846,0.28544155,0.8196061,0.86626625,-0.10535349,-0.48834777,-0.053046405,0.95258796,-0.29960358
1356507166196,0.4530205,0.24900961,0.8560179,0.8903276,-0.0771385,-0.44873872,-0.0457083,0.9654242,-0.2566454
1356507166238,0.41686684,0.20512524,0.88552,0.90817773,-0.053389058,-0.41516593,-0.037883937,0.9772785,-0.20854634
1356507166275,0.3965171,0.15968764,0.90403205,0.9174994,-0.035542294,-0.39614585,-0.031128228,0.98652756,-0.16060647
1356507166317,0.3918199,0.11582294,0.9127224,0.9196558,-0.020564497,-0.39218676,-0.026654541,0.993057,-0.11457476
1356507166357,0.406627,0.076404005,0.91039383,0.9132273,-0.005752623,-0.4074098,-0.025890559,0.9970603,-0.072113365
1356507166396,0.44308782,0.04478976,0.89535856,0.8959873,0.010922849,-0.4439453,-0.02966401,0.99893665,-0.035291255
1356507166437,0.49573153,0.02393654,0.86814594,0.8675536,0.032407805,-0.49628684,-0.040014118,0.99918807,-0.0047006607
1356507166476,0.5663886,0.016618788,0.82397074,0.82225555,0.05614662,-0.5663421,-0.05567515,0.9982842,0.018135905
1356507166520,0.645453,0.024061322,0.76342094,0.7600876,0.078191474,-0.6450991,-0.07521489,0.9966479,0.032180235
1356507166556,0.7231468,0.0412952,0.6894588,0.6843953,0.091664195,-0.7233262,-0.0930686,0.99493337,0.038024426
1356507166599,0.7862661,0.058137596,0.6151469,0.60922664,0.0931668,-0.7875042,-0.103094846,0.9939517,0.037834927
1356507166637,0.82980645,0.06674218,0.5540458,0.5484757,0.08559039,-0.8317744,-0.10293539,0.9940924,0.03441701
1356507166678,0.85618895,0.06645383,0.5123713,0.50779957,0.07466602,-0.8582334,-0.09528957,0.99499184,0.03018301
1356507166721,0.868988,0.060419172,0.49113074,0.4876077,0.064437985,-0.87068164,-0.08425334,0.996091,0.026534975
1356507166758,0.86967576,0.051420882,0.49093783,0.48827803,0.05635506,-0.87086654,-0.07244752,0.9970857,0.023902945
1356507166798,0.8571068,0.040229872,0.5135655,0.5116438,0.049451467,-0.8577734,-0.05990468,0.99796605,0.021801822
1356507166838,0.8271517,0.02771154,0.56129503,0.5600667,0.04167133,-0.8273989,-0.04631841,0.998747,0.018948197
1356507166897,0.77881205,0.016345352,0.6270444,0.62649286,0.02907154,-0.7788848,-0.030960321,0.9994437,0.012401007
1356507166918,0.7095475,0.012694597,0.7045431,0.70447856,0.009752721,-0.70965815,-0.015879959,0.99987173,-0.0020230263
1356507166959,0.6332468,0.028844774,0.7734122,0.7739301,-0.016435862,-0.6330577,-0.005548686,0.9994488,-0.032731786
1356507166998,0.55893826,0.07017696,0.82623434,0.829197,-0.041881874,-0.55738515,-0.0045113266,0.9966549,-0.081599906
1356507167038,0.50485724,0.13703579,0.85225606,0.86306053,-0.06220603,-0.50125533,-0.015674442,0.9886109,-0.14967531
1356507167077,0.46016377,0.21292707,0.86192304,0.88723254,-0.07455665,-0.45525783,-0.03267461,0.9742194,-0.22322413
1356507167118,0.41237825,0.27706656,0.8678584,0.9098892,-0.07796669,-0.40745872,-0.045229107,0.9576822,-0.28425166
1356507167157,0.35433948,0.31653568,0.87991405,0.93389547,-0.07170962,-0.35028124,-0.04777819,0.9458662,-0.32102075
1356507167198,0.28731203,0.32968307,0.8993113,0.9568745,-0.05671215,-0.284912,-0.042928755,0.94238675,-0.33175942
1356507167237,0.21675405,0.31920066,0.9225663,0.97557557,-0.036327273,-0.21663949,-0.03563714,0.9469906,-0.31927848
1356507167278,0.15069559,0.2915641,0.94460636,0.98812556,-0.0154494345,-0.1528697,-0.02997768,0.9564265,-0.29043013
1356507167318,0.09547123,0.25228423,0.9629319,0.99504155,0.0029099286,-0.09941718,-0.02788344,0.96764874,-0.2507555
1356507167358,0.05920294,0.20954719,0.9760046,0.997803,0.01670292,-0.06411126,-0.02973643,0.9776559,-0.20809793
1356507167397,0.040876985,0.16604191,0.9852711,0.99851805,0.02866894,-0.046257913,-0.035927415,0.98570186,-0.16462392
1356507167438,0.04274544,0.12454057,0.9912933,0.99806404,0.0395433,-0.048005432,-0.04517767,0.9914262,-0.1226092
1356507167478,0.06410077,0.08769509,0.99408287,0.9964051,0.04966405,-0.06863174,-0.055388868,0.9949086,-0.08419633
1356507167517,0.100277275,0.056690097,0.99334323,0.99275744,0.0606862,-0.103681594,-0.06615999,0.9965458,-0.050194144
1356507167558,0.15081444,0.033460617,0.9879956,0.9854708,0.07388696,-0.15293136,-0.07811713,0.9967052,-0.021831214
1356507167598,0.21189657,0.01966232,0.9770943,0.97293967,0.09000906,-0.21280685,-0.092131615,0.99574685,-5.763769E-5
1356507167637,0.2814191,0.015767783,0.9594554,0.9537252,0.105733156,-0.28147593,-0.10588443,0.9942695,0.014717251
1356507167679,0.35121468,0.019655824,0.93608856,0.92913705,0.11607131,-0.35104376,-0.11555311,0.99304634,0.022502989
1356507167718,0.41717666,0.0258753,0.90845704,0.9012432,0.117072746,-0.4171985,-0.117150694,0.99278617,0.025520086
1356507167760,0.47149235,0.029194176,0.8813869,0.8751076,0.108048305,-0.4717122,-0.10900363,0.99371696,0.0253959
1356507167797,0.5132325,0.028302908,0.85778284,0.85298777,0.09368193,-0.5134546,-0.09489098,0.99519986,0.023938596
1356507167839,0.5419058,0.024245918,0.84008944,0.83670115,0.07860808,-0.5419889,-0.07917884,0.9966107,0.022311568
1356507167896,0.5572716,0.018315703,0.8301282,0.8278681,0.064677656,-0.55718136,-0.06389591,0.9977381,0.020880044
1356507167918,0.558964,0.011634111,0.82911026,0.8277417,0.051282316,-0.55876094,-0.049019337,0.9986164,0.019034952
1356507167956,0.5474787,0.0062675774,0.83679616,0.8361261,0.03660454,-0.54731447,-0.034060866,0.9993101,0.014799729
1356507167998,0.5248034,0.0071088374,0.8511937,0.8509872,0.01917617,-0.5248362,-0.020053566,0.9997908,0.004014224
1356507168038,0.4955533,0.022613496,0.8682831,0.8685169,-0.0010973364,-0.49565813,-0.010255754,0.9997436,-0.02018398
1356507168077,0.46556374,0.06188771,0.88284785,0.8849709,-0.022673279,-0.46509394,-0.008766532,0.9978255,-0.065324694
1356507168118,0.43773615,0.12719178,0.8900614,0.8989388,-0.04296826,-0.43596187,-0.01720637,0.990947,-0.13314638
1356507168157,0.41000235,0.20818052,0.8880084,0.91152346,-0.059382096,-0.40693823,-0.031984806,0.9762862,-0.21410823
1356507168198,0.37591064,0.28224078,0.8826275,0.9255686,-0.06823148,-0.37238058,-0.044878036,0.95691407,-0.28688216
1356507168237,0.33412194,0.33264276,0.88187945,0.94115627,-0.06725328,-0.33121273,-0.050866216,0.9406518,-0.33553964
1356507168277,0.28507417,0.35387012,0.89079106,0.9571487,-0.055666745,-0.2841964,-0.050981194,0.93363655,-0.3545755
1356507168316,0.23136471,0.3472756,0.90877396,0.9716383,-0.03554924,-0.23378468,-0.04888153,0.9370891,-0.3456511
1356507168355,0.1785079,0.32129493,0.93000245,0.9828098,-0.012962729,-0.18416563,-0.04711613,0.9468905,-0.3180858
1356507168397,0.12989074,0.27905777,0.95144904,0.99045885,0.008040786,-0.1375747,-0.046041697,0.9602407,-0.27535075
1356507168435,0.09299803,0.23108304,0.9684793,0.9946183,0.023057044,-0.10100958,-0.04567185,0.9726608,-0.22769517
1356507168476,0.06847206,0.18047926,0.9811925,0.9965631,0.03358671,-0.075722575,-0.046621382,0.98300517,-0.1775592
1356507168515,0.05980313,0.13144138,0.98951846,0.9969945,0.04104489,-0.06570715,-0.049251378,0.9904739,-0.12859172
1356507168556,0.06689012,0.08668685,0.9939875,0.9963138,0.047822297,-0.0712173,-0.053708375,0.99508715,-0.08316845
1356507168597,0.08885375,0.048163086,0.9948795,0.99418855,0.0566611,-0.09153503,-0.06077954,0.99723107,-0.042848647
1356507168635,0.12594977,0.01885882,0.99185735,0.9894924,0.06917223,-0.12696472,-0.07100338,0.9974265,-0.009948432
1356507168677,0.17379645,0.0014141202,0.9847806,0.98101825,0.08709243,-0.1732575,-0.086011946,0.99619925,0.013749093
1356507168715,0.23299676,-0.002771169,0.97247356,0.96696115,0.107020974,-0.23137107,-0.10343391,0.9942529,0.02761516
1356507168756,0.29681283,0.0051929057,0.9549216,0.94734955,0.12419546,-0.29513466,-0.120129585,0.99224424,0.03194326
1356507168795,0.3611387,0.020133168,0.9322947,0.92325366,0.13281256,-0.3605046,-0.13107857,0.99093664,0.029375732
1356507168835,0.41999,0.03545901,0.9068357,0.8976308,0.13094504,-0.4208471,-0.1336684,0.9907553,0.023166537
1356507168904,0.46913037,0.04636097,0.88191116,0.87411475,0.117940396,-0.47118306,-0.12585744,0.9919379,0.014804602
1356507168927,0.5081332,0.051736653,0.8597232,0.8534843,0.10373935,-0.51068854,-0.115608454,0.993258,0.008556992
1356507168968,0.5328978,0.051084876,0.8446362,0.8398257,0.09016408,-0.535316,-0.10350239,0.9946159,0.005145848
1356507169026,0.5428179,0.045825094,0.8385993,0.83499014,0.077821195,-0.54473424,-0.09022331,0.9959136,0.003979206
1356507169045,0.5394481,0.03807774,0.84115744,0.83864594,0.065028355,-0.54078114,-0.0752908,0.9971566,0.0031456947
1356507169086,0.5233977,0.033121377,0.85144454,0.84998715,0.04983975,-0.5244405,-0.05980599,0.9982079,-0.0020667315
1356507169123,0.49795818,0.039829195,0.8662859,0.865944,0.030928671,-0.49918365,-0.046675175,0.9987277,-0.019088656
1356507169166,0.4682021,0.06973559,0.88086534,0.88271123,0.00832212,-0.4698421,-0.04009542,0.9975308,-0.057659954
1356507169206,0.43377882,0.12372494,0.8924842,0.900054,-0.013660714,-0.43556416,-0.0416981,0.9922224,-0.117284775
1356507169246,0.39715403,0.19606307,0.89656454,0.91640306,-0.031772807,-0.39899376,-0.049741566,0.98007643,-0.1922915
1356507169285,0.35256404,0.2653058,0.89739144,0.934054,-0.041423813,-0.35472128,-0.056936264,0.963274,-0.26241452
1356507169325,0.3011287,0.3146105,0.9001899,0.9517777,-0.04109226,-0.30402422,-0.05865839,0.948331,-0.3118133
1356507169365,0.24405809,0.33691168,0.9093548,0.96816194,-0.030828819,-0.24841917,-0.055660993,0.94103146,-0.33370906
1356507169405,0.18540372,0.33359912,0.92430353,0.98134696,-0.01420258,-0.19171995,-0.050830096,0.94260806,-0.3300097
1356507169445,0.12999415,0.30991584,0.9418353,0.99044913,0.003440559,-0.13783613,-0.045958072,0.95075786,-0.3065086
1356507169485,0.08289909,0.27263084,0.9585407,0.9956901,0.017473638,-0.09108192,-0.041580945,0.96196,-0.2700073
1356507169537,0.044775665,0.21806264,0.97490704,0.9982773,0.02727139,-0.051948965,-0.0379152,0.9755537,-0.21646589
1356507169576,0.028499812,0.16612926,0.9856921,0.99895835,0.030423313,-0.034010977,-0.035638273,0.98563457,-0.16508919
1356507169615,0.024944812,0.11800739,0.9926994,0.9990722,0.031929225,-0.028900564,-0.03510663,0.9924993,-0.11710149
1356507169656,0.034677297,0.07465133,0.9966066,0.9987154,0.034277767,-0.03731832,-0.03694734,0.9966204,-0.07336682
1356507169697,0.05728534,0.037869573,0.99763936,0.99746263,0.040137142,-0.05879876,-0.04226905,0.99847627,-0.03547424
1356507169737,0.08904359,0.0088945925,0.995988,0.99455655,0.053536564,-0.089393765,-0.054116935,0.99852633,-0.0040791333
1356507169777,0.13177586,-0.009977281,0.9912293,0.9887342,0.072935164,-0.13071004,-0.07099128,0.9972868,0.019476026
1356507169817,0.18068197,-0.01797697,0.9833773,0.97933805,0.09562799,-0.17819166,-0.090835035,0.99525476,0.034883797
1356507169856,0.23649377,-0.017588586,0.9714738,0.9658768,0.11292714,-0.23308668,-0.10560611,0.99344754,0.043694973
1356507169899,0.29336607,-0.013140261,0.95590997,0.949754,0.11812097,-0.2898532,-0.109104306,0.9929123,0.04713267
1356507169935,0.34980267,-0.008646548,0.93678355,0.93128943,0.111738265,-0.3467198,-0.1016767,0.9937001,0.04713878
1356507169979,0.4007815,-0.006754309,0.9161487,0.9121579,0.09646493,-0.39832446,-0.08568579,0.9953134,0.044822395
1356507170015,0.4446942,-0.007769048,0.8956487,0.89326376,0.07728431,-0.4428396,-0.06577912,0.99697876,0.041307718
1356507170057,0.4799108,-0.010740608,0.87725157,0.8761406,0.057638958,-0.47859734,-0.045423448,0.99827975,0.037071794
1356507170095,0.5053524,-0.013887107,0.86280125,0.862512,0.0386094,-0.5045615,-0.026305318,0.99915785,0.031489164
1356507170136,0.52053344,-0.0143098235,0.8537214,0.85378665,0.02002962,-0.52023757,-0.009655207,0.99969697,0.02264364
1356507170175,0.5268243,-0.006334752,0.84995055,0.84997094,0.0011730343,-0.5268281,0.0023403466,0.9999792,0.0060023665
1356507170216,0.52663034,0.01801756,0.84990346,0.8500743,-0.018043235,-0.5263537,0.0058513284,0.9996749,-0.02481842
1356507170257,0.5245618,0.0671283,0.84872174,0.85136616,-0.03756289,-0.52322525,-0.003242761,0.997037,-0.076854825
1356507170295,0.52196485,0.14000702,0.84139806,0.85262203,-0.057589173,-0.5193449,-0.024256527,0.98847437,-0.1494326
1356507170338,0.5164502,0.22127336,0.8272346,0.8549252,-0.07817523,-0.512827,-0.048805684,0.9720734,-0.2295458
1356507170377,0.50416636,0.2892154,0.8137387,0.8610986,-0.09659302,-0.4991783,-0.06576851,0.95237815,-0.2977419
1356507170418,0.48332998,0.33097532,0.8104613,0.8725438,-0.1069065,-0.47669542,-0.0711309,0.93756413,-0.34046158
1356507170457,0.45497048,0.3452394,0.82086027,0.88788795,-0.105229974,-0.4478634,-0.06824097,0.9325966,-0.3544104
1356507170497,0.42100888,0.33670926,0.84224606,0.9048768,-0.091573656,-0.4157068,-0.06284478,0.9371452,-0.3432337
1356507170538,0.3836888,0.30902877,0.87022066,0.9216325,-0.06884895,-0.38190743,-0.05810663,0.94855726,-0.31122756
1356507170578,0.3495484,0.27022016,0.89710474,0.9353124,-0.04460478,-0.35100004,-0.0548321,0.9617647,-0.26833183
1356507170618,0.3202952,0.22286403,0.9207294,0.945822,-0.020636678,-0.324029,-0.053213567,0.9746311,-0.21739948
1356507170657,0.30526578,0.17450061,0.93614227,0.9507669,-6.893277E-4,-0.30990613,-0.053433478,0.9846568,-0.16611978
1356507170698,0.30487671,0.12869859,0.9436561,0.95073235,0.017338961,-0.3095276,-0.056197762,0.9915321,-0.11707169
1356507170739,0.32471797,0.08884138,0.9416292,0.94376177,0.035064667,-0.32876173,-0.06222558,0.99542844,-0.07245898
1356507170778,0.36967152,0.05876082,0.9273026,0.9264547,0.052825868,-0.372681,-0.070884645,0.9968734,-0.034911036
1356507170818,0.43417883,0.040987223,0.89989376,0.8970107,0.07218097,-0.43607536,-0.0828287,0.996549,-0.005426526
1356507170859,0.5207461,0.037780046,0.8528752,0.84821355,0.09030071,-0.52189994,-0.09673262,0.99519765,0.0149782
1356507170898,0.61822784,0.048924595,0.78447473,0.778057,0.10342975,-0.6196205,-0.11145267,0.9934327,0.025877044
1356507170936,0.7149306,0.06821108,0.69586015,0.68827116,0.106582545,-0.7175812,-0.12311348,0.9919613,0.029251426
1356507170977,0.795119,0.086018145,0.6003221,0.59281564,0.0985049,-0.7992912,-0.1278882,0.991412,0.027330235
1356507171015,0.8545581,0.09567167,0.51046777,0.50420356,0.08285853,-0.8596006,-0.12453602,0.9919583,0.022569448
1356507171058,0.89543223,0.0964469,0.43462527,0.43005177,0.06509328,-0.9004545,-0.115137234,0.99320734,0.016809456
1356507171097,0.92210567,0.09123184,0.37602913,0.3729713,0.049177825,-0.92653877,-0.10302214,0.99461466,0.011320293
1356507171138,0.937886,0.08310506,0.33684346,0.33489573,0.03677991,-0.9415371,-0.090635575,0.9958618,0.006663829
1356507171177,0.9444478,0.07360565,0.32031316,0.3191506,0.027367175,-0.9473088,-0.07849335,0.9969119,0.0023555793
1356507171218,0.9414993,0.063630626,0.33095354,0.3304369,0.01878476,-0.9436411,-0.066261366,0.9977967,-0.0033400692
1356507171259,0.9271221,0.055570826,0.3706165,0.37081844,0.007013291,-0.9286789,-0.054206714,0.99843013,-0.014104512
1356507171297,0.8992797,0.055916727,0.43378484,0.4350667,-0.012624916,-0.9003096,-0.04486586,0.99835557,-0.03568083
1356507171338,0.86210835,0.074735835,0.50118244,0.50491,-0.04307875,-0.8620963,-0.04283917,0.99627244,-0.07487342
1356507171377,0.82594615,0.117588,0.55134934,0.56139886,-0.08234891,-0.82343787,-0.051423386,0.9896422,-0.13402954
1356507171418,0.7972825,0.1772515,0.57699436,0.59976995,-0.12503436,-0.7903432,-0.06794542,0.97619075,-0.20599785
1356507171457,0.77030534,0.23755546,0.5917745,0.6321416,-0.16248187,-0.7576256,-0.08382547,0.95768833,-0.27532935
1356507171498,0.7333234,0.28488812,0.6173132,0.67370236,-0.18236732,-0.71614766,-0.091444194,0.94105315,-0.32566398
1356507171538,0.68116504,0.31344008,0.66164154,0.7266377,-0.1789456,-0.663307,-0.08950913,0.9325952,-0.34964883
1356507171578,0.6153091,0.32367313,0.71877,0.783936,-0.15559685,-0.60102737,-0.08269808,0.9332874,-0.3494792
1356507171618,0.536781,0.31371358,0.78323054,0.84047127,-0.11741163,-0.52898276,-0.073988765,0.9422306,-0.3266916
1356507171657,0.45941007,0.28762874,0.8403642,0.8858036,-0.07856035,-0.4573622,-0.065531194,0.9545145,-0.290874
1356507171699,0.3865866,0.24703619,0.88855153,0.9204526,-0.04317701,-0.38846177,-0.057599068,0.96804374,-0.24407676
1356507171737,0.33823615,0.20040005,0.91947603,0.93966573,-0.01872991,-0.3415809,-0.051231116,0.9795351,-0.19464415
1356507171778,0.3136351,0.15239668,0.9372344,0.9483713,-0.001242876,-0.31715986,-0.04716924,0.98831856,-0.14491841
1356507171817,0.32076675,0.10739717,0.9410497,0.9460561,0.011586547,-0.3237956,-0.045678288,0.99414873,-0.09788719
1356507171857,0.36281967,0.06946918,0.92926633,0.93067706,0.02320391,-0.36510518,-0.0469262,0.9973142,-0.05623451
1356507171925,0.43799043,0.04226935,0.89798534,0.897474,0.037228823,-0.43949348,-0.052008063,0.99841243,-0.02162978
1356507171936,0.5440645,0.029981285,0.83850765,0.836774,0.054064512,-0.54487276,-0.0616695,0.9980873,0.004327029
1356507171987,0.6707385,0.040294915,0.74059856,0.73732376,0.07200992,-0.6716906,-0.080396146,0.99658966,0.018589437
1356507172023,0.80062383,0.06534383,0.5955936,0.59090173,0.07843257,-0.8029219,-0.099179894,0.99477565,0.024183214
1356507172066,0.8852269,0.0929521,0.45577762,0.45054296,0.07236102,-0.88981736,-0.11569092,0.9930377,0.02217701
1356507172105,0.9339234,0.113426425,0.3390007,0.3343733,0.05818373,-0.94064295,-0.1264181,0.9918413,0.016412381
1356507172147,0.9594801,0.12346476,0.25328705,0.24997574,0.041870534,-0.9673464,-0.13003846,0.9914653,0.009310748
1356507172185,0.97317934,0.1255608,0.1927601,0.19071372,0.02823475,-0.9812395,-0.12864776,0.991684,0.003531307
1356507172226,0.98025584,0.12146823,0.15602586,0.15483423,0.019246608,-0.987753,-0.122983575,0.9924087,5.9159473E-5
1356507172265,0.9833776,0.11303417,0.14209792,0.14130723,0.0150179565,-0.98985183,-0.11402109,0.9934776,-0.0012042224
1356507172305,0.9831,0.10073715,0.15286079,0.15222897,0.013975441,-0.9882465,-0.10168942,0.99481493,-0.0015958548
1356507172346,0.97758734,0.0860352,0.1921482,0.19184619,0.011843026,-0.9813536,-0.086706564,0.9962217,-0.0049279314
1356507172387,0.9629308,0.07413076,0.25936252,0.2599643,0.0015811622,-0.965617,-0.071992025,0.9972473,-0.017748801
1356507172427,0.93781734,0.07538019,0.33884564,0.34160382,-0.026940614,-0.93945783,-0.061687768,0.9967908,-0.05101553
1356507172465,0.90308696,0.09651576,0.41847193,0.42553544,-0.06970903,-0.9022528,-0.057910368,0.9928874,-0.104024194
1356507172506,0.8706198,0.13756084,0.47233275,0.48823112,-0.12366617,-0.863908,-0.06042835,0.98274297,-0.1748277
1356507172545,0.83685714,0.18434128,0.5154497,0.5437571,-0.17115772,-0.8216041,-0.06323235,0.96784467,-0.24347144
1356507172586,0.7982644,0.2238816,0.55915207,0.59917134,-0.20056674,-0.77509147,-0.061381415,0.9537558,-0.2942487
1356507172625,0.74916893,0.25062156,0.61313516,0.66009265,-0.20563853,-0.72248906,-0.054987133,0.9459924,-0.31949145
1356507172665,0.68763036,0.26212555,0.6770928,0.7245663,-0.18793353,-0.66308725,-0.046563596,0.9465575,-0.3191561
1356507172705,0.61483437,0.2587123,0.74501455,0.7876929,-0.1547671,-0.5963113,-0.038969338,0.9534753,-0.29894197
1356507172747,0.5348198,0.2414014,0.8097489,0.8443159,-0.1150877,-0.5233407,-0.033143073,0.9635768,-0.26537025
1356507172785,0.4546386,0.21261492,0.86492693,0.89020145,-0.076774284,-0.44905126,-0.029070854,0.97411525,-0.22417468
1356507172827,0.38392872,0.17640045,0.9063562,0.9229708,-0.04471688,-0.38226345,-0.02690199,0.98330224,-0.17998052
1356507172901,0.32358006,0.13333634,0.936759,0.9457936,-0.01653573,-0.32434717,-0.027757257,0.99093294,-0.13145924
1356507172906,0.31000102,0.0940032,0.9460775,0.9502624,7.7426434E-4,-0.31144923,-0.030009747,0.99557155,-0.089087695
1356507172949,0.31376314,0.06049329,0.9475723,0.9488109,0.018075109,-0.31532717,-0.03620267,0.9980049,-0.051725388
1356507172985,0.36380646,0.036605448,0.930755,0.93033767,0.03507456,-0.36502278,-0.046007663,0.9987141,-0.02129507
1356507173026,0.45099252,0.026581168,0.89213187,0.8904219,0.05522217,-0.4517735,-0.06127411,0.9981202,0.0012363493
1356507173065,0.57950044,0.034667253,0.8142344,0.81096727,0.07439467,-0.58034265,-0.08069363,0.99662614,0.014997706
1356507173106,0.7210757,0.05826965,0.6904017,0.68557036,0.084123425,-0.72312975,-0.100215435,0.99475014,0.020711422
1356507173146,0.8342,0.08483328,0.5448978,0.53948015,0.07931557,-0.83825433,-0.11433074,0.9932333,0.02039919
1356507173186,0.9035139,0.10194147,0.4162578,0.41141564,0.06564692,-0.9090806,-0.119999066,0.992622,0.017372586
1356507173227,0.9390039,0.10686895,0.32688028,0.32319313,0.05066374,-0.94497585,-0.11754953,0.99298143,0.013034139
1356507173266,0.95729256,0.1056225,0.26913723,0.2664608,0.03894943,-0.96305835,-0.11220337,0.99364316,0.009141743
1356507173305,0.9652356,0.1009519,0.24109973,0.23911151,0.03153482,-0.9704799,-0.10557483,0.9943914,0.006299766
1356507173345,0.96438694,0.09389865,0.2472668,0.245642,0.028668135,-0.96893656,-0.09807051,0.9951689,0.0045817215
1356507173386,0.9520074,0.08390099,0.294351,0.29293677,0.028976023,-0.9556926,-0.08871266,0.9960527,0.0030077063
1356507173427,0.91681963,0.071370825,0.39287144,0.391829,0.028651059,-0.9195918,-0.0768882,0.99703825,-0.0016973056
1356507173465,0.84005725,0.06238942,0.5388982,0.5386415,0.022307124,-0.8422397,-0.06456812,0.99780256,-0.014866263
1356507173507,0.7338241,0.072613895,0.6754476,0.677098,0.0025250986,-0.73588854,-0.05514133,0.99735695,-0.04731375
1356507173545,0.6306889,0.111260355,0.7680186,0.77431095,-0.024275452,-0.6323395,-0.051710308,0.99349475,-0.10146037
1356507173585,0.5728724,0.1735566,0.8010588,0.81786346,-0.056646332,-0.5726173,-0.05400443,0.9831934,-0.17439672
1356507173625,0.53727686,0.23923767,0.8087638,0.8415376,-0.08827226,-0.5329375,-0.056107283,0.96694016,-0.24875411
1356507173665,0.49177766,0.29138038,0.8205195,0.8691304,-0.10733862,-0.48279482,-0.052603483,0.9505661,-0.30603424
1356507173706,0.41897345,0.32309753,0.848569,0.9069539,-0.10409869,-0.40816438,-0.043542027,0.9406229,-0.33664918
1356507173745,0.3180961,0.3337757,0.88736045,0.9474638,-0.078773126,-0.3100115,-0.033574164,0.9393554,-0.3412978
1356507173787,0.18460524,0.32027137,0.9291647,0.98247683,-0.03542298,-0.18298733,-0.025691807,0.94666326,-0.32119852
1356507173825,0.0425303,0.28796872,0.95669496,0.99888945,0.007174313,-0.046565592,-0.02027303,0.95761293,-0.2873438
1356507173865,-0.10100904,0.23957181,0.9656099,0.9947473,0.040497392,0.0940094,-0.016582668,0.97003365,-0.24240398
1356507173905,-0.2284461,0.18201801,0.95639,0.9734466,0.057465762,0.22158352,-0.0146274865,0.9816146,-0.19031268
1356507173944,-0.3205883,0.12636006,0.93875253,0.9471071,0.057973564,0.31563795,-0.014538765,0.990289,-0.13826215
1356507173986,-0.3842361,0.07535002,0.9201549,0.9230857,0.049274683,0.38142484,-0.016599953,0.99593896,-0.088487625
1356507174025,-0.41639322,0.031540543,0.90863734,0.90894294,0.03747946,0.41523236,-0.020958543,0.9987995,-0.044274688
1356507174067,-0.42126524,-0.004974127,0.9069239,0.90646875,0.029836893,0.4212175,-0.029154986,0.9995424,-0.008060336
1356507174105,-0.39271605,-0.03287524,0.9190719,0.91869694,0.03169304,0.3936895,-0.042070806,0.9989568,0.017756045
1356507174146,-0.3245141,-0.049715698,0.94457346,0.943977,0.04630673,0.32674634,-0.059984505,0.99768937,0.031903207
1356507174185,-0.1936326,-0.050441384,0.97977656,0.97789896,0.07035887,0.1968838,-0.07886702,0.9962456,0.035702825
1356507174225,0.011952221,-0.03150776,0.999432,0.9956434,0.09280968,-0.008981019,-0.092473924,0.99518526,0.032479823
1356507174265,0.24545798,-0.0014618337,0.9694062,0.9645928,0.099907964,-0.24408856,-0.096494615,0.9949957,0.025933236
1356507174306,0.41922086,0.02139768,0.9076321,0.903191,0.09169257,-0.41933128,-0.09219587,0.9955574,0.019113243
1356507174346,0.5034525,0.030002028,0.8635019,0.86005163,0.07830852,-0.5041616,-0.0827454,0.9964776,0.01362133
1356507174385,0.50990933,0.027989626,0.8597727,0.85719204,0.0673662,-0.51057184,-0.07221031,0.9973357,0.010358185
1356507174426,0.45695913,0.019715816,0.8892691,0.88738465,0.05860333,-0.45729,-0.061129898,0.99808663,0.009283841
1356507174466,0.34965828,0.00876078,0.9368363,0.9355906,0.049123496,-0.34965268,-0.04908389,0.99875426,0.008979946
1356507174506,0.20950556,0.0017523766,0.97780585,0.9771029,0.037580132,-0.20942229,-0.03711307,0.9992921,0.0061609745
1356507174548,0.08955991,0.0086705685,0.99594367,0.9955975,0.02698636,-0.0897637,-0.027655214,0.9995982,-0.006215483
1356507174595,0.023654938,0.044881165,0.99871224,0.99934965,0.026134253,-0.024844497,-0.02721566,0.99865043,-0.0442338
1356507174636,-0.024695665,0.10166186,0.99451244,0.99905306,0.03815481,0.020908147,-0.03581986,0.9940871,-0.10250783
1356507174675,-0.040103853,0.17395398,0.98393685,0.9978807,0.05747342,0.0305112,-0.05124265,0.9830752,-0.17589027
1356507174715,-0.050317287,0.24512964,0.9681837,0.9965525,0.07635069,0.03246078,-0.0659644,0.9664792,-0.24812627
1356507174755,-0.07634035,0.29673997,0.95190203,0.9943756,0.09294912,0.050771296,-0.07341254,0.950424,-0.3021667
1356507174815,-0.12418753,0.3191725,0.93952453,0.98957884,0.109381735,0.09364495,-0.07287797,0.9413631,-0.32943022
1356507174835,-0.18834859,0.31236666,0.9311025,0.9797633,0.12515569,0.1562047,-0.067739606,0.941681,-0.32961828
1356507174901,-0.25737095,0.28296736,0.9239533,0.96437085,0.13580227,0.22703901,-0.06123033,0.9494668,-0.307837
1356507174912,-0.32008594,0.24029398,0.91640806,0.94580615,0.13693345,0.29444852,-0.05473274,0.9609933,-0.271102
1356507174956,-0.37062788,0.191203,0.9088875,0.92746603,0.12825543,0.35122272,-0.049414903,0.9731351,-0.22486931
1356507174995,-0.40409082,0.14229426,0.9035834,0.9135058,0.113634765,0.39063329,-0.04709363,0.98328,-0.17590535
1356507175036,-0.42303503,0.094243586,0.9011989,0.90477437,0.09798288,0.41446674,-0.049241185,0.9907156,-0.12671936
1356507175076,-0.42494768,0.049924225,0.9038402,0.9035238,0.084451735,0.42013416,-0.055355996,0.9951761,-0.08099532
1356507175117,-0.41208494,0.009785116,0.9110929,0.9087789,0.07643694,0.41021743,-0.0656271,0.99702644,-0.040391028
1356507175155,-0.3798951,-0.023231685,0.9247379,0.9216517,0.07584882,0.38053274,-0.078980744,0.9968487,-0.0074031353
1356507175196,-0.33133513,-0.047486007,0.9423174,0.9386309,0.08488065,0.33431625,-0.095859826,0.9952589,0.016447902
1356507175235,-0.25901365,-0.059024364,0.96406853,0.9591446,0.101897776,0.26392928,-0.11381468,0.99304235,0.030219972
1356507175276,-0.16137254,-0.055004984,0.9853595,0.9782953,0.12259513,0.16705915,-0.12998933,0.9909313,0.034027636
1356507175318,-0.040197164,-0.0373725,0.9984926,0.9892577,0.13907358,0.045030802,-0.14054689,0.9895766,0.031380653
1356507175357,0.0892275,-0.012642831,0.995931,0.9857414,0.1443426,-0.08648226,-0.14266193,0.989447,0.025341868
1356507175395,0.20988813,0.0105704665,0.9776682,0.96812326,0.13754961,-0.20932615,-0.13669056,0.99043846,0.018636495
1356507175435,0.30746144,0.02644962,0.95119286,0.9432371,0.123453856,-0.30832273,-0.1255835,0.9919978,0.013009012
1356507175476,0.37617773,0.033649057,0.92593634,0.91970646,0.10765314,-0.37755898,-0.11238447,0.99361897,0.009549469
1356507175515,0.41550457,0.033462435,0.9089753,0.9042125,0.09331973,-0.41676274,-0.098771155,0.9950737,0.008517653
1356507175556,0.4269322,0.02824372,0.90384245,0.9002785,0.080691844,-0.42777026,-0.08501449,0.99633884,0.009022772
1356507175596,0.41370764,0.021957248,0.9101449,0.90761864,0.068274945,-0.4142064,-0.07123491,0.99742484,0.008317053
1356507175636,0.38208985,0.021768779,0.9238688,0.9222293,0.055023074,-0.38270834,-0.05916524,0.99824786,9.4795227E-4
1356507175676,0.34919995,0.040564567,0.93616986,0.93558455,0.04072708,-0.35074636,-0.05235532,0.99834657,-0.023729682
1356507175715,0.32038304,0.08377409,0.9435766,0.9457884,0.027739018,-0.32359692,-0.053283006,0.99609864,-0.07034552
1356507175756,0.30886889,0.15367875,0.93860686,0.94903827,0.015217662,-0.31479323,-0.062660456,0.98800373,-0.14114678
1356507175795,0.2959522,0.22862023,0.92744005,0.95237654,0.0040103644,-0.30489814,-0.07342526,0.9735074,-0.21654564
1356507175836,0.35495085,0.28728974,0.88964856,0.93157315,-0.028661534,-0.36242238,-0.07862154,0.95741487,-0.27780485
1356507175904,0.25262338,0.32144472,0.91260874,0.964537,-0.009106293,-0.26379043,-0.07648358,0.9468846,-0.3123458
1356507175919,0.15711606,0.3242736,0.93282425,0.9851539,0.01470679,-0.17104238,-0.06918332,0.945849,-0.31714863
1356507175956,0.06961116,0.30354318,0.9502715,0.9957124,0.037029177,-0.08476806,-0.06091857,0.9520979,-0.29966408
1356507175997,-0.010920942,0.26523057,0.9641232,0.9985306,0.054074228,-0.0035651922,-0.053079784,0.9626675,-0.2654314
1356507176039,-0.08090231,0.21695009,0.9728246,0.9956589,0.06266007,0.06882739,-0.046025187,0.9741696,-0.22107762
1356507176077,-0.13698778,0.1654607,0.9766561,0.98975325,0.06295928,0.12815854,-0.040284365,0.98420465,-0.17238992
1356507176118,-0.17729864,0.11540574,0.9773672,0.98347205,0.057823747,0.17157832,-0.0367139,0.991634,-0.12375039
1356507176157,-0.20099652,0.069535345,0.9771209,0.9789109,0.05144632,0.1977036,-0.03652188,0.99625206,-0.07840943
1356507176198,-0.20770156,0.029495835,0.97774744,0.9773203,0.048450887,0.20614922,-0.04129219,0.99838996,-0.038890183
1356507176237,-0.19773513,-0.0035592616,0.98024905,0.9788457,0.052895665,0.19764408,-0.05255437,0.9985937,-0.0069753528
1356507176278,-0.1699838,-0.027662069,0.98505855,0.98293483,0.06657004,0.17148674,-0.07031903,0.99739826,0.015874207
1356507176318,-0.122865796,-0.040028334,0.99161565,0.98804605,0.08880764,0.12600842,-0.093106955,0.99524415,0.028638422
1356507176357,-0.055431724,-0.03961724,0.99767613,0.9917943,0.11310303,0.05959621,-0.115201205,0.9927931,0.033022642
1356507176398,0.025309443,-0.027864844,0.9992913,0.9910041,0.13210732,-0.02141577,-0.13141695,0.9908437,0.030957758
1356507176437,0.10954055,-0.011125028,0.9939201,0.98433447,0.14019594,-0.10691497,-0.13815415,0.9900613,0.026307821
1356507176478,0.18219483,0.0039673746,0.98325443,0.9739032,0.1369173,-0.18101457,-0.13534272,0.9905746,0.021081775
1356507176517,0.23380375,0.013339788,0.9721923,0.96405387,0.12664288,-0.23358423,-0.12623718,0.99185866,0.016749293
1356507176558,0.25991318,0.016196787,0.9654962,0.95888335,0.11367521,-0.26003996,-0.113964796,0.99338603,0.01401481
1356507176597,0.2602885,0.013641,0.96543455,0.960353,0.09975651,-0.26032794,-0.099859506,0.99491835,0.012865305
1356507176638,0.23726526,0.008251071,0.9714098,0.96777105,0.08487609,-0.23709738,-0.08440575,0.9963573,0.012153
1356507176678,0.19818133,0.005487144,0.98015004,0.9777867,0.068517745,-0.19808707,-0.068244636,0.99763477,0.008213639
1356507176717,0.1516946,0.013198465,0.9883393,0.986928,0.053032994,-0.15218621,-0.054423213,0.99850553,-0.0049811006
1356507176759,0.11622363,0.04452923,0.99222434,0.9920747,0.042819977,-0.11812785,-0.047747135,0.99809,-0.03919962
1356507176798,0.08740583,0.09944916,0.9911963,0.99491954,0.04117915,-0.09186572,-0.049952537,0.99419016,-0.0953446
