1356507650060,-0.89588517,0.3249257,-0.30300653,-0.31184098,0.025901794,0.9497812,0.31645674,0.94538474,0.07812017
1356507650102,0.15369573,0.030132264,-0.9876587,-0.9360715,0.3245578,-0.13576606,0.31646138,0.9453858,0.07808912
1356507650142,0.15375057,0.029898882,-0.9876573,-0.9360452,0.32458183,-0.13589019,0.3165127,0.94538504,0.07789129
1356507650181,0.15387607,0.029154837,-0.98765993,-0.93597424,0.3246395,-0.1362404,0.31666136,0.94538844,0.077242434
1356507650222,0.15412894,0.027478904,-0.9876685,-0.93585455,0.32466045,-0.13701048,0.316892,0.9454315,0.075755835
1356507650262,0.15433815,0.025087118,-0.98769957,-0.9358072,0.32438174,-0.13799039,0.31693,0.9455936,0.073541164
1356507650302,0.1545496,0.021893531,-0.9877423,-0.93602157,0.32320434,-0.13929304,0.31619295,0.9460758,0.07044393
1356507650351,0.15456223,0.01778233,-0.9878229,-0.9368616,0.320091,-0.14082626,0.31368896,0.94721985,0.06613362
1356507650394,0.15354607,0.013704449,-0.9880465,-0.9383004,0.3155752,-0.14143825,0.30986467,0.94880164,0.061314225
1356507650432,0.15209731,0.009135097,-0.9883232,-0.94024396,0.30955365,-0.14183694,0.30464336,0.950838,0.055671513
1356507650472,0.15043706,0.003454417,-0.9886135,-0.942634,0.3019396,-0.14238527,0.29800966,0.95332074,0.048679173
1356507650511,0.14912656,-0.004563749,-0.98880756,-0.94540125,0.29240504,-0.14392984,0.28978917,0.9562837,0.039290786
1356507650553,0.14857292,-0.016019136,-0.9887718,-0.94831645,0.28119808,-0.14704987,0.28039637,0.95951605,0.026587188
1356507650592,0.14941183,-0.032515526,-0.98824024,-0.9509877,0.26893684,-0.1526283,0.27073702,0.9626088,0.009260476
1356507650631,0.15126991,-0.053641945,-0.9870359,-0.95298827,0.2572978,-0.1600351,0.26254675,0.9648421,-0.012198746
1356507650672,0.15432194,-0.08028406,-0.9847534,-0.95410675,0.24678537,-0.16963896,0.25664207,0.9657388,-0.03851515
1356507650711,0.15728587,-0.110920995,-0.98130417,-0.95473135,0.23697156,-0.1798127,0.25248623,0.9651638,-0.06862748
1356507650752,0.1588169,-0.14312088,-0.97687954,-0.95548165,0.22691664,-0.18858334,0.2486605,0.96334064,-0.10071123
1356507650793,0.15877287,-0.17664704,-0.9713841,-0.95674086,0.21541987,-0.19555378,0.24379951,0.9604114,-0.13480264
1356507650832,0.15596206,-0.20897514,-0.96540415,-0.9587179,0.20324375,-0.1988768,0.23777261,0.95656747,-0.16864985
1356507650872,0.15303525,-0.24280748,-0.95792735,-0.9610224,0.18928853,-0.201509,0.2302526,0.9514276,-0.20437557
1356507650912,0.15040131,-0.27790093,-0.94876266,-0.96339166,0.17424001,-0.20375672,0.22193661,0.9446753,-0.24152154
1356507650953,0.15115684,-0.31624183,-0.93655896,-0.9653219,0.15678465,-0.20873952,0.21285021,0.9356333,-0.2815761
1356507651003,0.15632172,-0.3560753,-0.92128927,-0.96655214,0.13686354,-0.21689907,0.2033233,0.9243802,-0.3227706
1356507651035,0.16734648,-0.39769927,-0.90212554,-0.9667957,0.11305487,-0.22918287,0.19313556,0.910524,-0.3655746
1356507651073,0.18200783,-0.43565008,-0.88152266,-0.9660046,0.088170335,-0.24302474,0.18359792,0.89578736,-0.4047923
1356507651112,0.19704178,-0.46701992,-0.86201334,-0.9643719,0.06598565,-0.25618878,0.17652574,0.88178134,-0.43737894
1356507651154,0.20879863,-0.488131,-0.8474263,-0.96220523,0.0523666,-0.2672432,0.17482659,0.871198,-0.4587481
1356507651192,0.21447003,-0.4968765,-0.8409021,-0.959972,0.051566362,-0.27530825,0.18015647,0.8662878,-0.46592808
1356507651233,0.21294989,-0.4925261,-0.8438426,-0.95813245,0.06391944,-0.2790996,0.19140175,0.8679472,-0.45829356
1356507651272,0.20420018,-0.47446144,-0.85626423,-0.95714486,0.08673242,-0.2763169,0.20536754,0.875993,-0.43641758
1356507651314,0.18893133,-0.44236824,-0.8767071,-0.9573742,0.11566912,-0.26467943,0.2184937,0.889343,-0.40165842
1356507651353,0.16863416,-0.39731112,-0.90205675,-0.9588225,0.14605145,-0.24357453,0.22852153,0.90598726,-0.3563215
1356507651393,0.14544332,-0.34233898,-0.9282512,-0.9611636,0.17352927,-0.21459782,0.23454398,0.92341304,-0.3038051
1356507651434,0.12131585,-0.28104678,-0.9519953,-0.96410716,0.1948358,-0.1803784,0.2361775,0.93970823,-0.24732256
1356507651473,0.099836126,-0.22096702,-0.97015786,-0.9670224,0.20805664,-0.14690122,0.23430812,0.95283043,-0.19290847
1356507651514,0.08187398,-0.16459513,-0.98295736,-0.9698125,0.21414784,-0.116637886,0.22969618,0.96283394,-0.14209324
1356507651553,0.069791675,-0.1160717,-0.99078584,-0.9721346,0.214903,-0.09365407,0.22379342,0.96971345,-0.09783888
1356507651595,0.063272715,-0.075644016,-0.9951254,-0.97429216,0.21134973,-0.07801375,0.21622074,0.97447896,-0.060326695
1356507651632,0.06381002,-0.044703156,-0.99696034,-0.9763205,0.20412216,-0.07164171,0.20670432,0.9779242,-0.030619562
1356507651670,0.06989479,-0.023332924,-0.99728143,-0.9786501,0.1921007,-0.07308352,0.19328368,0.9810978,-0.0094079375
1356507651708,0.0816426,-0.011640102,-0.9965937,-0.98102057,0.17551711,-0.08241692,0.17587861,0.98440766,0.0029104352
1356507651752,0.09717384,-0.008718461,-0.99522924,-0.982952,0.15598115,-0.09734154,0.1560857,0.98772156,0.0065874457
1356507651791,0.11403096,-0.012075931,-0.9934038,-0.98371565,0.13845533,-0.11460191,0.13892594,0.990295,0.003908932
1356507651831,0.12919414,-0.01909241,-0.9914355,-0.9830984,0.12832224,-0.13057894,0.1297163,0.9915487,-0.0021913052
1356507651872,0.13999629,-0.027303606,-0.9897754,-0.98148024,0.1281814,-0.14235896,0.13075769,0.9913748,-0.0088529885
1356507651911,0.14414251,-0.03451529,-0.98895484,-0.97954726,0.13681132,-0.14754614,0.14039284,0.9899956,-0.014089048
1356507651952,0.13942164,-0.038710266,-0.9894762,-0.97815526,0.15020633,-0.14370286,0.1541884,0.98789656,-0.016922653
1356507652001,0.12527815,-0.03902942,-0.99135363,-0.97746783,0.16624907,-0.1300686,0.16988814,0.9853111,-0.01732266
1356507652034,0.100461304,-0.03552273,-0.9943066,-0.97740424,0.18328303,-0.10530159,0.18598014,0.9824182,-0.016307235
1356507652074,0.06602058,-0.030161977,-0.99736226,-0.9772285,0.20005146,-0.07073772,0.2016573,0.979321,-0.016267598
1356507652113,0.02396056,-0.027049154,-0.999347,-0.9762428,0.21470073,-0.029217899,0.21535087,0.9763053,-0.021262228
1356507652152,-0.016922265,-0.03628847,-0.9991981,-0.97413516,0.22581366,0.008296788,0.22533146,0.9734944,-0.03917116
1356507652190,-0.051858664,-0.06320304,-0.9966524,-0.9717241,0.2333954,0.03576076,0.23035389,0.9703257,-0.07351953
1356507652231,-0.07007828,-0.11551413,-0.9908308,-0.9709538,0.23569402,0.0411945,0.22877434,0.96493775,-0.12867594
1356507652272,-0.06965375,-0.18635422,-0.98001045,-0.9726102,0.23107374,0.02518785,0.22176081,0.95492256,-0.19734514
1356507652312,-0.05354902,-0.26114467,-0.96381325,-0.97545445,0.22013405,-0.0054493845,0.21359116,0.93986404,-0.26652265
1356507652352,-0.03065303,-0.32020003,-0.94685394,-0.9773678,0.20797852,-0.03869173,0.2093144,0.92423856,-0.31932837
1356507652392,-0.010096803,-0.3543181,-0.9350705,-0.97744703,0.20076023,-0.06551793,0.2109392,0.9133203,-0.34835422
1356507652432,0.0066851526,-0.3645537,-0.93115836,-0.9765326,0.1980756,-0.084558636,0.21526593,0.9098718,-0.3546744
1356507652472,0.014757276,-0.3507325,-0.9363594,-0.97537845,0.20103496,-0.09067395,0.2200433,0.91464293,-0.33913022
1356507652510,0.017291725,-0.3207993,-0.9469893,-0.9744478,0.20673239,-0.08782509,0.22394761,0.9243103,-0.30902737
1356507652552,-0.00904265,-0.2732634,-0.96189666,-0.97396404,0.22031537,-0.053432822,0.22652182,0.93636966,-0.26814097
1356507652590,0.0028224885,-0.22865227,-0.97350407,-0.97394586,0.22012821,-0.054526478,0.22676334,0.94829416,-0.22207361
1356507652631,0.0052887797,-0.18095213,-0.9834776,-0.97467834,0.21892852,-0.04552251,0.22354865,0.95881516,-0.17521226
1356507652671,0.0021113157,-0.13465112,-0.99089086,-0.9762854,0.21422875,-0.031191558,0.2164773,0.9674581,-0.13100564
1356507652711,-0.0036476552,-0.0931977,-0.9956409,-0.97854817,0.2054232,-0.015643686,0.20598567,0.9742255,-0.091947734
1356507652752,-0.010007769,-0.05831486,-0.9982481,-0.9813896,0.19202253,-0.001378715,0.19176653,0.97965646,-0.05915129
1356507652791,-0.015531719,-0.03141263,-0.9993859,-0.98458815,0.1746139,0.009813279,0.17419845,0.98413587,-0.033640623
1356507652831,-0.018971056,-0.013614625,-0.99972737,-0.98801637,0.15344718,0.016659081,0.15317857,0.98806304,-0.016362548
1356507652870,-0.019871384,-0.0052932203,-0.9997885,-0.9911678,0.13124505,0.01900518,0.13111672,0.99133587,-0.007854521
1356507652911,-0.018679768,-0.005051434,-0.9998127,-0.9935618,0.11185256,0.01799786,0.11174068,0.99371195,-0.007108271
1356507652951,-0.01689738,-0.00959456,-0.9998112,-0.99492407,0.09937006,0.015861213,0.09919909,0.99500424,-0.011224985
1356507653002,-0.016507715,-0.015117347,-0.9997494,-0.99525183,0.096173316,0.014979243,0.09592274,0.99524975,-0.016633153
1356507653034,-0.01905647,-0.01929459,-0.99963224,-0.99461627,0.10222456,0.016987681,0.10185921,0.9945742,-0.021138787
1356507653073,-0.026466101,-0.020808935,-0.99943304,-0.99327457,0.11327943,0.023944467,0.11271688,0.99334514,-0.023667037
1356507653114,-0.039310127,-0.019037962,-0.9990457,-0.9911735,0.12742701,0.03657207,0.12660918,0.99166524,-0.02387911
1356507653153,-0.059746295,-0.014016092,-0.99811524,-0.988211,0.14202812,0.057159007,0.14095932,0.98976344,-0.022336543
1356507653194,-0.086358994,-0.0061983466,-0.9962448,-0.98399067,0.15701142,0.08431989,0.15589917,0.9875774,-0.019658446
1356507653233,-0.11932272,0.0019080341,-0.99285376,-0.97812116,0.17141461,0.11788154,0.1704146,0.9851972,-0.01858741
1356507653272,-0.15206486,0.0030932426,-0.98836577,-0.97121876,0.18502003,0.15000573,0.18333152,0.9827299,-0.025130868
1356507653312,-0.17852834,-0.012685597,-0.983853,-0.9649569,0.1976982,0.17255041,0.1923171,0.98018086,-0.047535777
1356507653352,-0.19026688,-0.05426073,-0.98023176,-0.9621501,0.20873716,0.17520252,0.19510415,0.97646534,-0.0919227
1356507653393,-0.180922,-0.12211168,-0.97588724,-0.9647472,0.21486673,0.15197074,0.19112831,0.96897936,-0.156681
1356507653433,-0.15035847,-0.20393652,-0.9673687,-0.97146744,0.21201798,0.106298834,0.18342137,0.9557501,-0.22999632
1356507653473,-0.1075733,-0.27605382,-0.9551033,-0.9781451,0.2013211,0.051980585,0.17793298,0.93982136,-0.29167747
1356507653513,-0.06458369,-0.32244644,-0.94438195,-0.98191273,0.18931744,0.0025104582,0.17797852,0.9274628,-0.3288411
1356507653553,-0.02743277,-0.33888164,-0.940429,-0.98289824,0.1805208,-0.03637865,0.18209505,0.92334795,-0.33803833
1356507653594,5.463064E-4,-0.32702821,-0.9450145,-0.98227257,0.17697504,-0.06181124,0.18745801,0.9282955,-0.32113415
1356507653633,0.023828208,-0.29805565,-0.95425105,-0.9810976,0.17638767,-0.07959241,0.19204107,0.93810993,-0.28821868
1356507653675,0.039433002,-0.25489214,-0.9661651,-0.9799135,0.1793012,-0.08729708,0.19548589,0.95020056,-0.24270183
1356507653713,0.053299516,-0.20839125,-0.9765922,-0.9788752,0.18241438,-0.092348784,0.19738913,0.960884,-0.19426644
1356507653754,0.06326473,-0.1611906,-0.98489356,-0.9783039,0.1850633,-0.093129456,0.19727924,0.9694169,-0.14598542
1356507653793,0.07112557,-0.117065966,-0.99057394,-0.97823304,0.185897,-0.09220877,0.1949392,0.97557056,-0.10129577
1356507653833,0.07777855,-0.0785411,-0.99387217,-0.97869426,0.1839911,-0.09113073,0.19002116,0.97978497,-0.06255716
1356507653872,0.08470899,-0.047635794,-0.99526644,-0.9797307,0.17799169,-0.09190574,0.18152717,0.9828783,-0.031592727
1356507653903,0.0928188,-0.02452907,-0.9953808,-0.9809202,0.16925806,-0.095641345,0.1708222,0.98526645,-0.00835073
1356507653943,0.10353634,-0.011500716,-0.9945592,-0.982738,0.15295312,-0.10407445,0.15331787,0.9881666,0.004534006
1356507653999,0.11794406,-0.0071121156,-0.9929948,-0.98418367,0.13226932,-0.11784491,0.13218084,0.9911883,0.008600712
1356507654024,0.13423294,-0.009476602,-0.99090457,-0.9846695,0.11112589,-0.13445112,0.11138931,0.9937612,0.0055854023
1356507654063,0.14874822,-0.0142406225,-0.9887725,-0.9840525,0.09649843,-0.14942792,0.09754297,0.9952313,3.4046173E-4
1356507654103,0.15869054,-0.019130021,-0.98714304,-0.98288417,0.09169659,-0.15978292,0.093574375,0.9956033,-0.0042512715
1356507654142,0.16076648,-0.022113204,-0.9867447,-0.9821489,0.09533876,-0.16215429,0.09766072,0.9951992,-0.0063911974
1356507654183,0.15232232,-0.021921098,-0.9880878,-0.98258895,0.10425171,-0.15378746,0.10638106,0.9943093,-0.0056595504
1356507654222,0.13098583,-0.017904103,-0.9912225,-0.9844044,0.116086334,-0.13218167,0.117433995,0.99307775,-0.0024192035
1356507654263,0.09470233,-0.010097235,-0.99545443,-0.9870012,0.1294736,-0.09521145,0.12984645,0.99153143,0.0022954345
1356507654302,0.043527693,3.6805868E-5,-0.9990523,-0.9886987,0.14359602,-0.0430713,0.1434584,0.9896364,0.0062867403
1356507654344,-0.019064069,0.007815897,-0.9997877,-0.98730373,0.15757203,0.020057857,0.15769532,0.9874765,0.004712701
1356507654383,-0.08210915,0.002948761,-0.996619,-0.9818264,0.17143893,0.08139768,0.17109922,0.9851904,-0.011181533
1356507654440,-0.13354358,-0.023303747,-0.99076885,-0.9743144,0.18599686,0.12695092,0.18132144,0.9822739,-0.047543824
1356507654461,-0.15503061,-0.08024314,-0.98464537,-0.97018135,0.2003395,0.13642675,0.18631604,0.9764349,-0.10890919
1356507654501,-0.14685467,-0.15745765,-0.97654533,-0.97132164,0.2095916,0.11227465,0.1869972,0.9650277,-0.18372154
1356507654539,-0.11803901,-0.23587707,-0.96458733,-0.975301,0.2101661,0.067956716,0.18669412,0.9487846,-0.25485897
1356507654581,-0.086093694,-0.29449737,-0.9517664,-0.978367,0.2053661,0.024955183,0.18811134,0.9333253,-0.30580723
1356507654621,-0.06419662,-0.32441017,-0.9437356,-0.9794643,0.20159987,-0.002673179,0.1911242,0.9241837,-0.3306902
1356507654661,-0.05646205,-0.32608253,-0.9436537,-0.9793653,0.20179129,-0.01113084,0.19405067,0.9235532,-0.3307475
1356507654701,-0.061101675,-0.3046423,-0.95050496,-0.9786619,0.2054559,-0.0029380918,0.19618195,0.9300435,-0.31069553
1356507654741,-0.07346445,-0.26665983,-0.96098673,-0.97750485,0.21027571,0.01637876,0.19770458,0.9405725,-0.2761091
1356507654781,-0.08777225,-0.21933201,-0.9716942,-0.97619486,0.21316332,0.04006332,0.19834238,0.95207924,-0.23282057
1356507654822,-0.10087177,-0.16778892,-0.9806487,-0.97518843,0.21190748,0.0640527,0.19705945,0.96277833,-0.18500131
1356507654861,-0.105885714,-0.11988747,-0.9871248,-0.9754367,0.20535985,0.079690754,0.19316188,0.9713158,-0.13868737
1356507654903,-0.10523069,-0.076847404,-0.99147415,-0.9770191,0.19383168,0.088672996,0.18536484,0.9780203,-0.095478415
1356507654942,-0.09360495,-0.04302162,-0.99467945,-0.98020715,0.17903551,0.08449942,0.17444766,0.9829015,-0.058928728
1356507654996,-0.07476115,-0.018327564,-0.997033,-0.9850106,0.15721762,0.07096967,0.15545046,0.98739386,-0.029806614
1356507655035,-0.04027179,-0.0054056942,-0.9991742,-0.99037445,0.1327478,0.039198875,0.13242632,0.9911351,-0.010699689
1356507655073,-0.0012671351,-7.621646E-4,-0.9999989,-0.99408776,0.10857326,0.0011768639,0.108572245,0.9940882,-8.9526176E-4
1356507655114,0.038719505,-0.0030419528,-0.99924546,-0.99544334,0.08708784,-0.038837314,0.08714026,0.99619603,3.439188E-4
1356507655153,0.075339764,-0.007904619,-0.9971266,-0.99436116,0.074245006,-0.07571939,0.07463017,0.9972087,-0.0022664666
1356507655194,0.10518658,-0.013889343,-0.99435544,-0.99163234,0.07378578,-0.105929166,0.074840546,0.99717736,-0.006011814
1356507655232,0.1243031,-0.019055963,-0.9920614,-0.9887425,0.081546724,-0.12545371,0.08329001,0.9964874,-0.00870496
1356507655274,0.13066927,-0.022353321,-0.991174,-0.9867122,0.09444234,-0.13221094,0.09656417,0.9952793,-0.009715617
1356507655312,0.12017748,-0.02270189,-0.9924928,-0.98649836,0.10931042,-0.12195188,0.11125827,0.99374837,-0.009258717
1356507655353,0.09073901,-0.019582212,-0.9956822,-0.98784965,0.12490088,-0.09248167,0.1261726,0.99197596,-0.008010924
1356507655393,0.041695297,-0.013307989,-0.9990418,-0.9890711,0.14098191,-0.04315722,0.1414212,0.98992276,-0.0072843432
1356507655433,-0.025455058,-0.006031513,-0.99965775,-0.987356,0.15666062,0.024196625,0.15646103,0.98763406,-0.009943008
1356507655472,-0.09744701,-0.0053964555,-0.9952261,-0.9805943,0.1714457,0.09508473,0.1701141,0.98517877,-0.021998584
1356507655512,-0.15887433,-0.021876812,-0.98705643,-0.97075665,0.18570554,0.1521348,0.17997366,0.9823619,-0.050740898
1356507655552,-0.19098333,-0.06530681,-0.9794184,-0.9642695,0.1991131,0.1747526,0.18360254,0.9777981,-0.10100067
1356507655592,-0.18910536,-0.13182265,-0.97306836,-0.96505374,0.20802292,0.15936676,0.18141237,0.9692004,-0.16655415
1356507655633,-0.16477162,-0.20319498,-0.9651747,-0.97019255,0.2096858,0.12148377,0.1776985,0.9564223,-0.23168856
1356507655672,-0.13858986,-0.25827348,-0.9560793,-0.97432244,0.20853698,0.08490056,0.17745036,0.9432959,-0.28054273
1356507655713,-0.12643385,-0.28517237,-0.95010066,-0.9751382,0.21144706,0.066299975,0.1819891,0.93486196,-0.30481654
1356507655753,-0.13543808,-0.28114277,-0.9500607,-0.9725283,0.22095829,0.073254794,0.18932879,0.93388236,-0.3033455
1356507655793,-0.15606359,-0.25516814,-0.95421875,-0.96809393,0.2312657,0.096490026,0.19605687,0.9388319,-0.2831189
1356507655833,-0.1880829,-0.21009111,-0.9594199,-0.9614997,0.23866293,0.13622892,0.2003575,0.94810426,-0.24689096
1356507655873,-0.21535337,-0.15948701,-0.96342456,-0.955598,0.2376197,0.17426795,0.20113519,0.9581757,-0.2035777
1356507655913,-0.23644197,-0.10865083,-0.96555173,-0.95137894,0.22779143,0.20733863,0.19741687,0.96762913,-0.15722752
1356507655952,-0.24664801,-0.06361282,-0.96701515,-0.95043397,0.2108072,0.22855133,0.18931496,0.9754557,-0.11245495
1356507656001,-0.24569792,-0.02725482,-0.96896327,-0.95294267,0.18990928,0.23629385,0.1775749,0.9814233,-0.07263255
1356507656032,-0.234362,-7.068813E-4,-0.97214913,-0.9584091,0.16770369,0.23092762,0.16286972,0.9858372,-0.03998083
1356507656072,-0.21371955,0.016021281,-0.9767637,-0.9660317,0.14523172,0.21375352,0.1452817,0.989268,-0.0155617595
1356507656112,-0.18460554,0.023322493,-0.9825359,-0.97490513,0.12221575,0.18607295,0.12442106,0.99222946,1.7553568E-4
1356507656152,-0.1482315,0.022572428,-0.9886951,-0.98372376,0.09930575,0.14975333,0.101563394,0.9948009,0.0074847937
1356507656194,-0.10729414,0.015750885,-0.9941026,-0.99104106,0.07829112,0.108204186,0.079533726,0.9968061,0.0072095394
1356507656232,-0.065808594,0.005977541,-0.99781436,-0.9958072,0.063283384,0.06605533,0.06353992,0.99797773,0.0017879009
1356507656274,-0.028544664,-0.003799796,-0.9995853,-0.9978907,0.058435023,0.028274149,0.058303356,0.998284,-0.005459845
1356507656312,4.0736794E-4,-0.011908621,-0.99992895,-0.99792016,0.064450115,-0.0011740923,0.06445944,0.9978498,-0.011857569
1356507656354,0.017181247,-0.017290741,-0.9997029,-0.99679554,0.077828676,-0.01847747,0.07812506,0.9968169,-0.015898168
1356507656392,0.017837703,-0.018811673,-0.99966395,-0.99534166,0.0944103,-0.01953718,0.09474611,0.9953556,-0.017039955
1356507656433,-0.001248002,-0.015349507,-0.9998814,-0.993768,0.11146718,-4.7075748E-4,0.11146116,0.99364954,-0.015392959
1356507656473,-0.042029172,-0.0062385798,-0.99909693,-0.9909385,0.12794217,0.040887028,0.12757152,0.99176204,-0.011559367
1356507656513,-0.10430479,0.006961286,-0.994521,-0.9842581,0.14273274,0.10422745,0.14267623,0.9897368,-0.008036017
1356507656554,-0.17563975,0.017369956,-0.98430127,-0.9718436,0.15646493,0.17617792,0.15706891,0.98753077,-0.010600567
1356507656593,-0.24800605,0.017088532,-0.9686077,-0.9537685,0.1709007,0.24722165,0.1697604,0.98514,-0.026085913
1356507656632,-0.29910636,-0.0076580346,-0.954189,-0.9371966,0.19039774,0.29225174,0.17943734,0.9816772,-0.06412625
1356507656672,-0.32388526,-0.05987799,-0.9441996,-0.92773354,0.21577227,0.3045534,0.18549603,0.97460604,-0.12543625
1356507656713,-0.32694706,-0.12774447,-0.93636906,-0.925807,0.24218711,0.29021874,0.18970266,0.9617832,-0.19744903
1356507656753,-0.31984884,-0.19161668,-0.92788994,-0.9270854,0.26534164,0.26477635,0.19547224,0.9449216,-0.26251417
1356507656793,-0.31595787,-0.23280227,-0.91976833,-0.9266716,0.28374705,0.24651021,0.2035934,0.93021005,-0.30538338
1356507656834,-0.32188636,-0.24466538,-0.914619,-0.9225918,0.29801565,0.24497151,0.21263474,0.922673,-0.3216535
1356507656872,-0.33392528,-0.23170471,-0.91367763,-0.91665995,0.30565932,0.2575013,0.2196098,0.9235179,-0.31446177
1356507656914,-0.34691104,-0.2018303,-0.9159242,-0.91102076,0.30462727,0.27792704,0.22292134,0.9308419,-0.28955013
1356507656952,-0.3559755,-0.16373575,-0.92003906,-0.9077195,0.29457206,0.29878512,0.22209594,0.9414977,-0.25348657
1356507657000,-0.35867324,-0.12435013,-0.92514354,-0.9079388,0.27665332,0.3148176,0.21679646,0.95289034,-0.21213049
1356507657033,-0.35472187,-0.08787027,-0.9308336,-0.91179335,0.25281546,0.32360035,0.20689425,0.96351606,-0.16979867
1356507657073,-0.34445035,-0.057019264,-0.9370713,-0.9185959,0.22645915,0.32387942,0.19374096,0.9723503,-0.13038158
1356507657112,-0.33037597,-0.03144449,-0.9433255,-0.92694485,0.19911814,0.3180018,0.17783383,0.9794709,-0.094931185
1356507657150,-0.31278104,-0.011683524,-0.9497534,-0.9361377,0.17293441,0.30616963,0.16066793,0.984864,-0.06502801
1356507657190,-0.29345262,0.0021523833,-0.9559711,-0.94543105,0.14744914,0.2905492,0.14158246,0.9890673,-0.041234374
1356507657230,-0.27274442,0.009610951,-0.9620385,-0.9545554,0.1221689,0.27184337,0.12014386,0.9924628,-0.024146676
1356507657291,-0.2517104,0.011073947,-0.9677393,-0.9628684,0.09797853,0.25156462,0.0976035,0.99512696,-0.013999522
1356507657311,-0.23197633,0.00840956,-0.9726851,-0.9695699,0.07842934,0.23191148,0.078237325,0.99688417,-0.010040104
1356507657351,-0.21573597,0.005070448,-0.9764385,-0.9741077,0.06813002,0.2155748,0.067617774,0.99766356,-0.00975889
1356507657389,-0.20450681,0.0033867955,-0.9788592,-0.9765025,0.06873047,0.20425227,0.06796917,0.9976295,-0.010748684
1356507657431,-0.19896096,0.0042274594,-0.97999835,-0.97705483,0.07671046,0.19869429,0.0760161,0.9970445,-0.011131942
1356507657471,-0.19888377,0.0077628493,-0.9799923,-0.9760749,0.088100374,0.19878662,0.08788082,0.99608135,-0.009944618
1356507657511,-0.20369607,0.013609409,-0.9789396,-0.97384787,0.099968374,0.20402637,0.10063964,0.9948976,-0.007109642
1356507657552,-0.21195745,0.02135101,-0.97704566,-0.9706181,0.11192685,0.21300897,0.11390567,0.993487,-0.0030000806
1356507657591,-0.22188568,0.028885633,-0.9746447,-0.96674037,0.12387717,0.22375757,0.12719959,0.991877,4.3833256E-4
1356507657631,-0.2300561,0.03177926,-0.9726583,-0.96299255,0.13678533,0.23223907,0.14042577,0.9900908,-8.651018E-4
1356507657671,-0.23308462,0.02168256,-0.9722147,-0.96052045,0.151025,0.23364922,0.15189484,0.9882921,-0.014375091
1356507657711,-0.22706944,-0.011230081,-0.9738138,-0.96074474,0.16624951,0.22210488,0.15940177,0.98601973,-0.04853946
1356507657750,-0.20853937,-0.07114279,-0.975423,-0.9644668,0.18038595,0.19304046,0.16221914,0.9810196,-0.106232405
1356507657791,-0.17588407,-0.1500586,-0.9729066,-0.9708787,0.18975025,0.1462509,0.1626631,0.9702975,-0.17906272
1356507657831,-0.13097811,-0.2282435,-0.9647536,-0.9775151,0.19194502,0.08729991,0.16525409,0.95449567,-0.2482521
1356507657871,-0.07875943,-0.28721598,-0.95462245,-0.98185253,0.18806732,0.024422437,0.17251879,0.93922186,-0.29681575
1356507657911,-0.024163067,-0.3187946,-0.9475158,-0.98286605,0.18081689,-0.035771877,0.18273073,0.9304167,-0.31770152
1356507657951,0.029099554,-0.3229754,-0.94595987,-0.9809053,0.17283246,-0.089184076,0.1922968,0.9304923,-0.3117789
1356507658000,0.07858266,-0.3053947,-0.9489777,-0.9768688,0.16631325,-0.1344142,0.19887695,0.9375894,-0.2852612
1356507658034,0.12079503,-0.27043724,-0.95512944,-0.9719304,0.16346653,-0.16920403,0.20189077,0.94875836,-0.24310023
1356507658073,0.15524709,-0.22875264,-0.9610258,-0.96708906,0.1633218,-0.19510198,0.20158654,0.9596865,-0.19586891
1356507658114,0.17933431,-0.18283704,-0.96664876,-0.9638274,0.16427436,-0.20988265,0.19716996,0.9693217,-0.14676332
1356507658153,0.19391957,-0.13887483,-0.971138,-0.9625965,0.16400018,-0.21566638,0.18921745,0.97663593,-0.10187757
1356507658192,0.20014274,-0.09881702,-0.9747708,-0.96363294,0.15995353,-0.2140711,0.17707193,0.982166,-0.06320983
1356507658233,0.19916916,-0.065137595,-0.97779787,-0.96654093,0.15153122,-0.20697072,0.16164848,0.9863039,-0.032777756
1356507658274,0.19345993,-0.0388304,-0.9803395,-0.9708073,0.13683814,-0.1969989,0.14179742,0.9898321,-0.011224151
1356507658312,0.18387738,-0.020291656,-0.9827397,-0.97587144,0.115994066,-0.1849873,0.11774564,0.9930426,0.0015266538
1356507658353,0.17190513,-0.009826541,-0.98506445,-0.98085874,0.09112868,-0.17208016,0.0914585,0.9957906,0.0060271025
1356507658393,0.15837803,-0.006698072,-0.9873558,-0.9849934,0.06839189,-0.15846303,0.068588495,0.9976361,0.0042342544
1356507658433,0.14368904,-0.0082633495,-0.9895883,-0.9880552,0.055063188,-0.14392617,0.055679142,0.9984486,-2.526343E-4
1356507658472,0.12855911,-0.01215899,-0.9916273,-0.99010205,0.055199265,-0.12903821,0.056306064,0.9984013,-0.004942268
1356507658511,0.11155328,-0.015249312,-0.9936415,-0.9915933,0.06425968,-0.112309545,0.06556371,0.9978167,-0.00795275
1356507658553,0.09290409,-0.016129136,-0.99554443,-0.9924797,0.07854098,-0.09389055,0.07970539,0.9967804,-0.00871104
1356507658591,0.070678025,-0.014218211,-0.9973978,-0.99294627,0.09442231,-0.07170859,0.09519613,0.9954307,-0.007444322
1356507658632,0.04397306,-0.009817779,-0.99898446,-0.99288243,0.11035636,-0.044789016,0.11068401,0.9938436,-0.0048951507
1356507658671,0.012712866,-0.0043690205,-0.99990964,-0.99194723,0.12596652,-0.0131620765,0.12601265,0.99202496,-0.0027324557
1356507658712,-0.021621913,-0.0017587543,-0.9997646,-0.9898085,0.14082387,0.021158904,0.14075345,0.99003303,-0.004785657
1356507658753,-0.05429402,-0.011118352,-0.99846303,-0.98665434,0.1543245,0.051933497,0.15350986,0.9879576,-0.01934886
1356507658792,-0.08020869,-0.039942533,-0.9959775,-0.9835353,0.16550556,0.07256928,0.1619412,0.9853997,-0.052559912
1356507658832,-0.090180665,-0.098400325,-0.9910524,-0.9823984,0.1722419,0.07229149,0.16358721,0.9801276,-0.112201214
1356507658870,-0.083324224,-0.17386314,-0.9812383,-0.98346317,0.17323491,0.05281812,0.16080159,0.96941286,-0.18542266
1356507658913,-0.06344718,-0.24847868,-0.9665572,-0.9853525,0.16920948,0.021181196,0.15828758,0.95374346,-0.255575
1356507658951,-0.03831485,-0.30319732,-0.95215726,-0.9864041,0.16386291,-0.012486249,0.15980902,0.93873334,-0.3053534
1356507659001,-0.014579117,-0.3298576,-0.943918,-0.98618245,0.16054165,-0.04087025,0.16501948,0.9302797,-0.32764035
1356507659034,0.0038681626,-0.3279939,-0.944672,-0.9851222,0.1610586,-0.059953958,0.17181209,0.9308492,-0.32249105
1356507659073,0.018586695,-0.3062435,-0.95177174,-0.98384356,0.16393143,-0.07195979,0.17806253,0.93773204,-0.29824877
1356507659113,0.026905417,-0.26711679,-0.96328855,-0.9827329,0.1694026,-0.07442334,0.1830633,0.94865775,-0.2579466
1356507659153,0.032430887,-0.22094688,-0.9747465,-0.9820484,0.17427409,-0.072176725,0.18582028,0.959589,-0.21132863
1356507659193,0.034198016,-0.17146698,-0.98459613,-0.9821552,0.1765357,-0.06485683,0.18493721,0.9692442,-0.16236997
1356507659233,0.034436285,-0.12516356,-0.9915383,-0.9830617,0.17445719,-0.056163847,0.18001059,0.97667736,-0.117035806
1356507659274,0.033526182,-0.08442998,-0.9958652,-0.9847684,0.16730356,-0.047336698,0.1706084,0.9822836,-0.077534914
1356507659312,0.032418996,-0.050925463,-0.9981761,-0.9870554,0.15531567,-0.039981782,0.15706849,0.98655134,-0.045231104
1356507659354,0.03185731,-0.025447458,-0.9991684,-0.98970366,0.13876337,-0.03508964,0.13954091,0.9899986,-0.020764828
1356507659392,0.032496095,-0.008442998,-0.9994362,-0.9924197,0.11830586,-0.03326735,0.11852008,0.99294126,-0.0045345426
1356507659432,0.034690738,1.6629696E-4,-0.9993981,-0.99480885,0.09572905,-0.03451553,0.09566572,0.99540746,0.0034863353
1356507659474,0.0381189,0.0017307997,-0.99927163,-0.9964541,0.075126946,-0.037881196,0.075006604,0.9971724,0.0045884848
1356507659512,0.041798294,-0.001216501,-0.99912536,-0.99719596,0.06207627,-0.041793168,0.062072784,0.99807066,0.0013816357
1356507659553,0.04444039,-0.0059509873,-0.99899423,-0.9971872,0.060149014,-0.044718295,0.06035459,0.9981717,-0.003261149
1356507659593,0.04469371,-0.010392189,-0.99894667,-0.99661624,0.06858325,-0.045302957,0.06898177,0.99759126,-0.007291794
1356507659633,0.04081717,-0.012979597,-0.99908227,-0.99574125,0.08219692,-0.041748464,0.08266336,0.99653155,-0.009569228
1356507659672,0.03155142,-0.012938052,-0.9994184,-0.99468493,0.09764624,-0.032665998,0.098012,0.9951371,-0.009788334
1356507659713,0.014998496,-0.010140538,-0.9998361,-0.99346435,0.1130088,-0.016049117,0.11315307,0.9935422,-0.00837934
1356507659754,-0.009361565,-0.0054762065,-0.99994123,-0.9917339,0.12802476,0.008583605,0.12797025,0.9917559,-0.006629467
1356507659793,-0.041466415,-0.0021243393,-0.99913764,-0.9890574,0.14179248,0.0407466,0.14158365,0.98989415,-0.007980704
1356507659834,-0.07412428,-0.009360403,-0.997205,-0.9855089,0.15367228,0.07181239,0.15257058,0.9880775,-0.020615578
1356507659872,-0.102303445,-0.03439793,-0.9941584,-0.9819037,0.16360772,0.09538156,0.15937105,0.9859256,-0.05051309
1356507659912,-0.11330369,-0.08611405,-0.98982143,-0.98035574,0.17157057,0.097293615,0.16144583,0.98140097,-0.10386199
1356507659954,-0.10357332,-0.15747735,-0.9820761,-0.9813825,0.17674708,0.07515854,0.16174334,0.97157675,-0.1728518
1356507660030,-0.07791063,-0.22906119,-0.9702891,-0.9832606,0.17844513,0.036825687,0.16470802,0.9569161,-0.23912954
1356507660042,-0.047356933,-0.28194317,-0.95826167,-0.98387194,0.17882976,-0.003993362,0.17249161,0.94261765,-0.28586477
1356507660080,-0.027228206,-0.29973555,-0.95363367,-0.9825156,0.18379351,-0.029715061,0.18417835,0.93615085,-0.2994992
1356507660139,-0.012363553,-0.2938311,-0.9557774,-0.9811232,0.18804663,-0.045119047,0.19298816,0.93717754,-0.29060942
1356507660161,-0.014150202,-0.26509258,-0.96411914,-0.98003197,0.19493473,-0.039215207,0.19833595,0.9443127,-0.26255757
1356507660201,-0.0309273,-0.21926138,-0.97517586,-0.97913086,0.20271075,-0.014525354,0.20086351,0.95437557,-0.2209549
1356507660238,-0.057216823,-0.16497967,-0.98463595,-0.9779954,0.20745564,0.022070944,0.200627,0.96423227,-0.17321926
1356507660282,-0.087872565,-0.10943106,-0.99010265,-0.9764869,0.20588613,0.06390861,0.19685483,0.9724381,-0.12494975
1356507660321,-0.11767283,-0.05884254,-0.99130756,-0.974898,0.19684926,0.104040235,0.18901616,0.9786664,-0.08052927
1356507660361,-0.14288804,-0.017164141,-0.98959005,-0.9738114,0.18109027,0.13746879,0.17684558,0.98331666,-0.04259026
1356507660402,-0.16081393,0.01321438,-0.9868963,-0.97400355,0.15951383,0.16084895,0.15954912,0.9871073,-0.012781143
1356507660440,-0.17008734,0.031606674,-0.98492205,-0.9757587,0.13427764,0.17281395,0.1377151,0.9904396,0.008001506
1356507660481,-0.17024612,0.038048357,-0.9846667,-0.9790968,0.106324315,0.17339152,0.11129126,0.9936033,0.019151688
1356507660522,-0.1626687,0.034537554,-0.98607606,-0.98309124,0.07949591,0.16496065,0.08408636,0.9962367,0.021022081
1356507660560,-0.15304762,0.027049452,-0.9878485,-0.9861187,0.06095493,0.15444875,0.064392,0.9977739,0.017345011
1356507660603,-0.14533848,0.01882407,-0.98920286,-0.9876629,0.056152582,0.14618081,0.05829799,0.9982447,0.010430753
1356507660642,-0.14558285,0.013168931,-0.9892584,-0.9873414,0.061686516,0.14612195,0.06294814,0.9980086,0.004021704
1356507660681,-0.15591162,0.011093199,-0.9877087,-0.98487556,0.07476032,0.15630412,0.07557535,0.9971398,-7.3057413E-4
1356507660721,-0.18188173,0.013204426,-0.9832317,-0.97912836,0.08979845,0.18232867,0.09070021,0.9958724,-0.0034038424
1356507660762,-0.22522724,0.02005452,-0.9740999,-0.96847534,0.10460973,0.22608039,0.106434315,0.9943111,-0.004138708
1356507660801,-0.28916574,0.03167346,-0.9567549,-0.9495243,0.1174683,0.2908692,0.121601224,0.99257135,-0.0038930774
1356507660841,-0.36549342,0.046047747,-0.92967415,-0.9207536,0.12856126,0.3683541,0.13648197,0.99063194,-0.004589677
1356507660881,-0.44637775,0.057644993,-0.89298594,-0.88212574,0.13930738,0.44994178,0.15033647,0.98857,-0.011333585
1356507660921,-0.51693237,0.056255877,-0.8541757,-0.8406379,0.15498918,0.5189471,0.16158178,0.9863131,-0.032828033
1356507661003,-0.559358,0.022500247,-0.82862073,-0.8117037,0.1878435,0.55303884,0.16809452,0.9819412,-0.086808264
1356507661007,-0.58984065,-0.022371948,-0.80720973,-0.78901035,0.22876298,0.5702019,0.1719032,0.973225,-0.15258539
1356507661040,-0.6020952,-0.07588282,-0.7948102,-0.7789258,0.2744817,0.5638567,0.17537385,0.9585936,-0.2243712
1356507661080,-0.6057578,-0.12171787,-0.78628385,-0.7744783,0.3166526,0.5476445,0.18232071,0.9406997,-0.28608263
1356507661122,-0.60973245,-0.1448831,-0.779253,-0.768674,0.34786475,0.53677785,0.19330469,0.9262824,-0.32347232
1356507661162,-0.6170796,-0.14133239,-0.7741046,-0.7596065,0.36383224,0.5390956,0.20545253,0.92067975,-0.33187044
1356507661202,-0.6219199,-0.121696025,-0.77356696,-0.7530544,0.36387154,0.5481849,0.2147671,0.923465,-0.31794268
1356507661243,-0.62598085,-0.08829069,-0.7748243,-0.7483136,0.34764913,0.5649485,0.21948731,0.9334585,-0.28369087
1356507661291,-0.627255,-0.045324385,-0.777494,-0.7479171,0.31345522,0.5851203,0.21718937,0.94852066,-0.2305153
1356507661333,-0.6186057,-0.01035288,-0.7856333,-0.7573596,0.27399784,0.5927323,0.20912531,0.9616746,-0.17733753
1356507661371,-0.60733306,0.01666072,-0.79427254,-0.77015257,0.2330088,0.59377754,0.19496527,0.9723319,-0.12868267
1356507661412,-0.59558696,0.03527239,-0.80251604,-0.78390694,0.19262326,0.5902425,0.17540252,0.9806386,-0.087073624
1356507661451,-0.584766,0.04569143,-0.80991423,-0.7969763,0.15380007,0.58410126,0.15125331,0.987045,-0.05352211
1356507661490,-0.57570755,0.049043894,-0.81618357,-0.8081146,0.117917776,0.5771016,0.1245459,0.9918115,-0.028253078
1356507661532,-0.56782734,0.045499623,-0.82188916,-0.81750363,0.085552454,0.5695336,0.09622821,0.9952942,-0.011382937
1356507661572,-0.5602019,0.03530991,-0.8276032,-0.82556856,0.058096528,0.5613033,0.06790048,0.9976863,-0.0033950806
1356507661612,-0.55285954,0.02166608,-0.83299273,-0.83213925,0.03780824,0.5532764,0.04348135,0.99905014,-0.0028734803
1356507661653,-0.54583055,0.0077027082,-0.8378602,-0.8374519,0.027525723,0.5458175,0.027267009,0.99959147,-0.0085737705
1356507661692,-0.5410903,-0.0011089444,-0.8409637,-0.84066623,0.027344465,0.5408628,0.022395879,0.99962544,-0.015728056
1356507661732,-0.53990096,-0.0020727515,-0.84172595,-0.84116596,0.037882864,0.5394485,0.030768842,0.9992801,-0.022196531
1356507661771,-0.5415188,0.0029107034,-0.8406836,-0.83940995,0.053260744,0.5408828,0.046349734,0.9985764,-0.02639836
1356507661812,-0.5457487,0.012693912,-0.8378527,-0.8353605,0.070287585,0.5451902,0.06581125,0.99744594,-0.02775538
1356507661851,-0.55185914,0.024663389,-0.8335725,-0.8295911,0.08568102,0.55175835,0.0850296,0.9960173,-0.026823342
1356507661892,-0.5594722,0.038299143,-0.8279638,-0.8223056,0.099625826,0.56025726,0.103943974,0.99428767,-0.024244308
1356507661931,-0.5675638,0.051838636,-0.8216959,-0.8141304,0.11343598,0.5694945,0.122731745,0.99219203,-0.02217877
1356507662002,-0.5733494,0.060564578,-0.81706935,-0.8070663,0.1300196,0.5759677,0.14111829,0.98965997,-0.025667071
1356507662012,-0.5723319,0.05447018,-0.818211,-0.80464077,0.15504599,0.57316136,0.15808058,0.9864044,-0.04490888
1356507662050,-0.560531,0.026570976,-0.82770705,-0.8100501,0.19013691,0.55467725,0.17211595,0.981398,-0.0850538
1356507662092,-0.53508055,-0.027386814,-0.844357,-0.82473826,0.23346049,0.5150756,0.18301773,0.9719805,-0.14750713
1356507662138,-0.49220213,-0.10609165,-0.8639917,-0.848727,0.2789972,0.44924727,0.19338983,0.95441353,-0.22736585
1356507662181,-0.4342296,-0.17987406,-0.8826608,-0.8771422,0.3075317,0.368844,0.20510072,0.93438196,-0.29131448
1356507662221,-0.37463248,-0.22998047,-0.8981979,-0.9013201,0.3175063,0.29463837,0.21742246,0.9199449,-0.32623422
1356507662261,-0.3199333,-0.2522939,-0.9132308,-0.9196646,0.31437922,0.23533526,0.22772714,0.9151577,-0.3326062
1356507662301,-0.27385864,-0.24811915,-0.92921376,-0.93284225,0.30370018,0.1938338,0.23410854,0.9198929,-0.314627
1356507662341,-0.23574641,-0.22474548,-0.94546974,-0.9427352,0.2891027,0.16634265,0.2359531,0.93054235,-0.28003043
1356507662381,-0.20562813,-0.1897504,-0.9600582,-0.9504342,0.27251187,0.1497063,0.23322043,0.9432561,-0.23638141
1356507662421,-0.18337023,-0.14960435,-0.97159344,-0.9567412,0.2542588,0.14141688,0.22587961,0.9554951,-0.1897561
1356507662461,-0.16880482,-0.108733356,-0.97963357,-0.96210533,0.23411417,0.1397992,0.21414527,0.9661095,-0.14413255
1356507662502,-0.16146097,-0.06975344,-0.9844109,-0.9667814,0.2114639,0.14358547,0.19815183,0.97489357,-0.10157949
1356507662540,-0.15970898,-0.035918325,-0.9865104,-0.9707788,0.18703622,0.15035227,0.17911276,0.9816961,-0.06474012
1356507662581,-0.16134349,-0.009470999,-0.9868529,-0.9744645,0.15975901,0.15778482,0.15616426,0.9871106,-0.03500521
1356507662621,-0.16409755,0.007427782,-0.9864162,-0.9779794,0.12949371,0.16366914,0.12895039,0.9915525,-0.013985395
1356507662660,-0.16635633,0.014561027,-0.9859582,-0.98097074,0.099069,0.166978,0.10010925,0.994974,-0.0021967888
1356507662702,-0.16697681,0.0127967,-0.98587775,-0.983244,0.07201755,0.16746554,0.07314348,0.99732125,5.569458E-4
1356507662741,-0.16860586,0.007913351,-0.98565173,-0.9841527,0.054358006,0.16878587,0.05491373,0.99849015,-0.0013771653
1356507662782,-0.17240721,0.003247857,-0.9850204,-0.9837776,0.049758196,0.17235368,0.049572587,0.998756,-0.005383551
1356507662821,-0.18118358,0.0011077523,-0.9834486,-0.981928,0.055396497,0.18096584,0.05468008,0.9984638,-0.00894922
1356507662862,-0.19599015,0.002459377,-0.98060274,-0.9782913,0.068176866,0.19569916,0.067335725,0.99767023,-0.010955989
1356507662901,-0.21935672,0.007366419,-0.97561693,-0.97212404,0.083224,0.21919984,0.08280948,0.99650365,-0.011094689
1356507662941,-0.25086075,0.01582551,-0.96789384,-0.9628775,0.09887844,0.25117728,0.099678844,0.99497366,-0.009566665
1356507663021,-0.29110295,0.027501076,-0.95629644,-0.94920933,0.116470814,0.292295,0.11941901,0.99281335,-0.007800758
1356507663031,-0.34305918,0.03818035,-0.93853754,-0.9291482,0.13280833,0.3450298,0.13781899,0.99040604,-0.01008594
1356507663068,-0.3866344,0.03813702,-0.9214442,-0.9093852,0.15043026,0.38780057,0.15340266,0.98788476,-0.023480296
1356507663108,-0.41416746,0.016020983,-0.91005963,-0.8951701,0.17378366,0.41045064,0.1647293,0.98465353,-0.057634056
1356507663152,-0.42102683,-0.032709688,-0.9064582,-0.89051735,0.20482862,0.40623146,0.17238086,0.97825116,-0.115366936
1356507663192,-0.40712845,-0.10121915,-0.9077451,-0.89555156,0.23959279,0.37494352,0.17953768,0.9655827,-0.18819201
1356507663230,-0.3818847,-0.16599995,-0.9091799,-0.90470165,0.2681985,0.3310354,0.18888882,0.948954,-0.2526014
1356507663271,-0.356612,-0.20947656,-0.9104655,-0.9123126,0.28804007,0.29106432,0.20127937,0.93442625,-0.29382664
1356507663311,-0.33481437,-0.2266917,-0.9146093,-0.91785,0.29806465,0.26212358,0.21319142,0.9272369,-0.30786526
1356507663352,-0.32019964,-0.21754584,-0.9220336,-0.92100894,0.2994,0.249203,0.22184378,0.92899597,-0.29622942
1356507663391,-0.30835345,-0.192449,-0.9316016,-0.92397344,0.29351833,0.24519402,0.22625488,0.9363815,-0.26832515
1356507663431,-0.3013648,-0.15546414,-0.94074976,-0.9262667,0.2818844,0.25014222,0.22629452,0.94676924,-0.22895133
1356507663471,-0.29708287,-0.11386073,-0.9480388,-0.92872584,0.265121,0.2591895,0.2218335,0.95746887,-0.18450832
1356507663511,-0.29473382,-0.07325101,-0.9527677,-0.93161964,0.24389923,0.2694402,0.21264255,0.9670303,-0.14012748
1356507663551,-0.29404154,-0.037014037,-0.9550757,-0.9349389,0.21873388,0.27936494,0.19856697,0.9750823,-0.09892273
1356507663590,-0.2943179,-0.007740766,-0.9556762,-0.9385117,0.19117796,0.2874833,0.1804789,0.9815248,-0.063531935
1356507663631,-0.2947411,0.013002396,-0.9554887,-0.94238883,0.1615963,0.29289922,0.15821183,0.9867712,-0.035375774
1356507663672,-0.29405683,0.023744673,-0.955493,-0.9466964,0.13032109,0.29458824,0.13151577,0.99118745,-0.015842795
1356507663712,-0.2921365,0.025423884,-0.9560387,-0.9507814,0.10025388,0.29319605,0.10330081,0.994637,-0.0051152706
1356507663753,-0.28836644,0.018932164,-0.95733297,-0.9544941,0.0737406,0.28896958,0.07606515,0.9970978,-0.003193736
