1356506958267,-0.40331024,0.19301862,-0.8944745,-0.83434564,0.3238489,0.44608206,0.37577677,0.92621034,0.030432701
1356506958305,-0.21611726,0.055697888,0.97477734,0.90115273,-0.37287843,0.2211,0.37578833,0.92620695,0.030393243
1356506958347,-0.21573293,0.05575338,0.97485936,0.901217,-0.37292236,0.22076407,0.37585524,0.92618597,0.030205786
1356506958386,-0.21508187,0.055861503,0.97499704,0.9012952,-0.3730681,0.22019798,0.37604094,0.9261207,0.029892504
1356506958425,-0.21489525,0.055909157,0.9750355,0.9012146,-0.37335956,0.220034,0.3763407,0.9260005,0.029846996
1356506958465,-0.2160663,0.05568707,0.9747894,0.9007681,-0.37385637,0.22101656,0.376739,0.92581344,0.030616611
1356506958506,-0.21899247,0.054985702,0.97417593,0.8998728,-0.37457603,0.22343165,0.37718853,0.92556435,0.032549232
1356506958545,-0.22286087,0.053754598,0.9733671,0.8987447,-0.3754354,0.22650903,0.37761235,0.9252885,0.03535816
1356506958585,-0.22732782,0.052044272,0.97242653,0.89742297,-0.37650687,0.22994465,0.37809256,0.9249508,0.03888482
1356506958626,-0.23164588,0.04988712,0.9715202,0.8958866,-0.37826115,0.23303562,0.37911382,0.92435366,0.04292944
1356506958665,-0.23505038,0.047401935,0.9708266,0.89405155,-0.38132513,0.23508075,0.3813438,0.9232249,0.047250807
1356506958705,-0.23799294,0.04473281,0.9702363,0.89141446,-0.38659596,0.23648241,0.38566792,0.9211638,0.052131593
1356506958747,-0.2404142,0.041868,0.969767,0.88783455,-0.39436018,0.23712826,0.3923656,0.91800165,0.05763799
1356506958786,-0.24223536,0.03882441,0.9694404,0.8832294,-0.40470195,0.23690134,0.401532,0.9136241,0.06374231
1356506958825,-0.24362367,0.03550023,0.9692199,0.8779099,-0.41666508,0.2359334,0.4122157,0.9083667,0.070343405
1356506958867,-0.24770814,0.031672865,0.96831685,0.8709433,-0.4305175,0.2368806,0.42438,0.90202636,0.079057425
1356506958905,-0.25671798,0.02692461,0.9661112,0.86234075,-0.44499904,0.24154547,0.43642208,0.8951262,0.09102109
1356506958945,-0.27401757,0.02107969,0.9614936,0.85106647,-0.4602825,0.25263798,0.4478842,0.8875222,0.10818532
1356506958985,-0.29775077,0.01384753,0.95454323,0.83732957,-0.47644687,0.2681001,0.45850158,0.87909424,0.13026741
1356506959025,-0.32399863,0.004896909,0.9460448,0.8218777,-0.4938054,0.2840303,0.46855295,0.8695586,0.15596765
1356506959065,-0.34872496,-0.0063425303,0.93720365,0.80588377,-0.5125448,0.29639345,0.47847903,0.85863703,0.18384856
1356506959106,-0.37018824,-0.020375222,0.92873335,0.79004216,-0.5328158,0.30321738,0.4886657,0.8459859,0.21333945
1356506959145,-0.38933933,-0.03726992,0.92034,0.77413034,-0.55469114,0.30502436,0.49913627,0.8312211,0.24481493
1356506959203,-0.41057605,-0.05590716,0.91011083,0.75619566,-0.5786003,0.30559778,0.5095053,0.8136929,0.27983612
1356506959227,-0.43958634,-0.07379031,0.89516413,0.7333712,-0.604895,0.3102722,0.5185852,0.792879,0.3200192
1356506959267,-0.48177195,-0.08688697,0.8719784,0.7023331,-0.633362,0.32493177,0.5240457,0.7689624,0.36615974
1356506959306,-0.5389874,-0.09083387,0.8374018,0.6605772,-0.66242087,0.35332206,0.52261883,0.74360466,0.41703928
1356506959346,-0.6057918,-0.083019674,0.79128,0.6090073,-0.6883714,0.39402398,0.51198274,0.7205918,0.46756935
1356506959376,-0.6678704,-0.06529997,0.7414074,0.5545492,-0.7080579,0.4371832,0.49641132,0.70312864,0.50910294
1356506959407,-0.7197505,-0.043717235,0.6928549,0.50446224,-0.718582,0.47870415,0.47694543,0.6940667,0.53925353
1356506959436,-0.761195,-0.02043362,0.6482012,0.4616664,-0.7190326,0.5194771,0.45546293,0.69467604,0.55675733
1356506959467,-0.7926296,0.0025259554,0.6096982,0.4282175,-0.7095317,0.55963784,0.43401384,0.70466894,0.5613142
1356506959506,-0.81090224,0.022649467,0.58474314,0.41397038,-0.68405867,0.60057664,0.41360134,0.7290753,0.5453285
1356506959536,-0.8214786,0.042920098,0.5686218,0.40714002,-0.65403354,0.63755554,0.3992617,0.75524694,0.51980007
1356506959566,-0.82011616,0.058972225,0.5691501,0.41634244,-0.62082577,0.6642547,0.39251563,0.7817274,0.4845966
1356506959606,-0.7961669,0.07075277,0.60092616,0.4567437,-0.5811208,0.6735605,0.39686698,0.8107358,0.43035334
1356506959646,-0.7528531,0.082857326,0.65295243,0.51639044,-0.54075986,0.66401786,0.4081092,0.83708626,0.364326
1356506959687,-0.6925732,0.09666531,0.71484137,0.58457994,-0.5053803,0.63471025,0.42262113,0.8574652,0.2935042
1356506959726,-0.6197797,0.11238909,0.7766865,0.65116334,-0.47874248,0.58889043,0.43801767,0.87073207,0.22353122
1356506959766,-0.54214835,0.1294486,0.8302519,0.708149,-0.4614913,0.5343695,0.45232743,0.8776496,0.15852788
1356506959796,-0.47219646,0.14691085,0.8691649,0.74993896,-0.45125246,0.48369694,0.4632731,0.88022065,0.10290563
1356506959844,-0.41293377,0.16356075,0.895954,0.7794954,-0.44530898,0.44055277,0.47103348,0.8803112,0.05638826
1356506959865,-0.3645274,0.17906398,0.913814,0.80009604,-0.44183588,0.40574318,0.47640973,0.8790434,0.01779285
1356506959905,-0.3283096,0.1940946,0.9244134,0.8124537,-0.4411624,0.3811753,0.4818005,0.8761866,-0.012855023
1356506959943,-0.3038842,0.20841387,0.92963326,0.81703794,-0.4448582,0.36681086,0.49000347,0.8710137,-0.035096616
1356506959985,-0.2912789,0.2214424,0.93065566,0.8140947,-0.45353085,0.36271152,0.5024007,0.863292,-0.048171163
1356506960025,-0.29010177,0.23238638,0.92835206,0.8054763,-0.4645356,0.3679874,0.5167678,0.85451937,-0.052419186
1356506960065,-0.29818445,0.24017042,0.9237988,0.7946208,-0.47375095,0.3796547,0.52883244,0.84727687,-0.049579203
1356506960105,-0.3112555,0.24382234,0.91851544,0.7856157,-0.4778207,0.3930589,0.5347222,0.8439419,-0.042826295
1356506960145,-0.3240118,0.24259877,0.91441905,0.78113365,-0.47667712,0.4032482,0.5337101,0.84494066,-0.035053074
1356506960201,-0.33464473,0.23555988,0.9124278,0.7825306,-0.47000206,0.40834284,0.52503216,0.85065246,-0.027049124
1356506960237,-0.3285557,0.2199049,0.9185276,0.7917141,-0.46617627,0.39480203,0.51501465,0.85692567,-0.020936966
1356506960277,-0.31056708,0.19939655,0.9294026,0.8057932,-0.4634295,0.36868748,0.5042275,0.86340845,-0.016746432
1356506960306,-0.2762885,0.17177492,0.94559926,0.82456094,-0.46308184,0.32504526,0.49372452,0.86951053,-0.013694644
1356506960347,-0.23436296,0.14000055,0.96201557,0.8442619,-0.46129996,0.2728084,0.48197097,0.87612915,-0.010085553
1356506960386,-0.17407185,0.09407812,0.98022866,0.8649304,-0.4612428,0.19786495,0.47073814,0.8822723,-0.0010816455
1356506960426,-0.11118972,0.034410954,0.9932033,0.8791131,-0.46266842,0.11444709,0.463462,0.8858633,0.021192878
1356506960466,-0.08020908,-0.031070113,0.99629366,0.88225293,-0.46737874,0.056452453,0.46389255,0.883511,0.06489974
1356506960496,-0.08641833,-0.09036526,0.9921522,0.87892675,-0.47579843,0.03322047,0.46906248,0.8749,0.12054215
1356506960537,-0.18137449,-0.12028596,0.97603,0.85824394,-0.50391835,0.09738359,0.48012555,0.85533476,0.19463263
1356506960566,-0.28962743,-0.12803617,0.9485371,0.82359266,-0.5382545,0.17882171,0.48765874,0.83299994,0.26134288
1356506960607,-0.3821876,-0.12168366,0.91603804,0.7847735,-0.5661422,0.25221705,0.4879171,0.8152766,0.31186667
1356506960636,-0.44221795,-0.112100214,0.8898747,0.75510514,-0.58193684,0.3019367,0.48400366,0.80547076,0.34199035
1356506960677,-0.44203758,-0.11942494,0.88901097,0.76040524,-0.5756062,0.30076787,0.47580105,0.80895925,0.34525096
1356506960716,-0.3797441,-0.14768934,0.91322625,0.7985322,-0.5507306,0.24298567,0.46705532,0.821513,0.3270715
1356506960756,-0.24395406,-0.19904447,0.9491405,0.85402596,-0.5078063,0.11301494,0.45948452,0.8381611,0.29387057
1356506960796,-0.038666725,-0.2632024,0.96396554,0.8904476,-0.44683087,-0.08628553,0.4534401,0.8550244,0.25164545
1356506960837,0.19045544,-0.31773046,0.9288564,0.872795,-0.37833077,-0.3083746,0.44939494,0.8694327,0.20525831
1356506960876,0.37973082,-0.34757298,0.85731995,0.80930704,-0.324117,-0.48986745,0.44813672,0.8798529,0.15821609
1356506960906,0.49866286,-0.35574913,0.79042894,0.7417202,-0.29674783,-0.6014913,0.44853812,0.8862185,0.11588925
1356506960946,0.57348514,-0.35508245,0.73826236,0.68280965,-0.29074878,-0.6702509,0.4526431,0.8884716,0.075713575
1356506960976,0.6120852,-0.3479486,0.71012914,0.64470804,-0.3004482,-0.70290995,0.45793355,0.88806677,0.04042536
1356506961016,0.62899196,-0.3387726,0.69971585,0.62175524,-0.32108867,-0.7143687,0.46667933,0.88438416,0.008671405
1356506961056,0.62214136,-0.32487106,0.7123194,0.6195238,-0.35199925,-0.7016315,0.4786757,0.8778128,-0.017727913
1356506961097,0.59302056,-0.30520505,0.7451017,0.63639975,-0.3892444,-0.665946,0.4932768,0.86910224,-0.03659752
1356506961136,0.54464597,-0.27864426,0.79102355,0.667178,-0.42754728,-0.6099811,0.5081677,0.8599772,-0.04695657
1356506961202,0.48939186,-0.24725473,0.8362779,0.70038855,-0.45990223,-0.5458442,0.5195686,0.85285115,-0.051898032
1356506961210,0.4334999,-0.21550652,0.87500554,0.7326956,-0.48099193,-0.4814602,0.52462846,0.8498256,-0.05060926
1356506961232,0.38261127,-0.18583655,0.9050267,0.7603257,-0.49317837,-0.42270544,0.52489376,0.84984696,-0.047399282
1356506961265,0.34276003,-0.16261452,0.92524165,0.7818505,-0.49662668,-0.37692407,0.520793,0.8525952,-0.04308354
1356506961305,0.31976593,-0.14935407,0.9356512,0.79770696,-0.49043524,-0.35090858,0.5112859,0.8585841,-0.037683718
1356506961345,0.33032262,-0.15511808,0.93103456,0.8009689,-0.4757703,-0.36344376,0.4993353,0.86578345,-0.03291291
1356506961385,0.38239974,-0.18227401,0.9058403,0.7854259,-0.4522605,-0.42257118,0.48669958,0.87306154,-0.029781513
1356506961425,0.47279453,-0.2279064,0.8511898,0.7427414,-0.41668743,-0.524125,0.4741314,0.8800173,-0.027732074
1356506961465,0.5775838,-0.28129172,0.7663367,0.6725224,-0.36815217,-0.6420106,0.46272078,0.8861936,-0.023463756
1356506961505,0.6598774,-0.3295186,0.6752624,0.59801066,-0.31378755,-0.7375097,0.45491213,0.89048016,-0.010005653
1356506961545,0.6940805,-0.3687258,0.61829895,0.55884755,-0.2654416,-0.78563994,0.45380804,0.8908321,0.021823704
1356506961585,0.6676358,-0.4032174,0.62584186,0.58484703,-0.2361047,-0.7760209,0.46066937,0.8841212,0.07818857
1356506961625,0.5688875,-0.4330283,0.69918054,0.67368245,-0.24226332,-0.6981836,0.4717191,0.8682136,0.15390304
1356506961665,0.40155256,-0.44562823,0.8001069,0.78034467,-0.29082173,-0.55361074,0.4793931,0.84666294,0.23096341
1356506961705,0.21559942,-0.43110865,0.8761634,0.8508641,-0.3573029,-0.38518178,0.4791109,0.8285409,0.2897805
1356506961745,0.07218689,-0.3983891,0.9143715,0.87833893,-0.4089638,-0.24752662,0.4725567,0.82099617,0.32039878
1356506961785,-0.008351743,-0.36037195,0.9327713,0.8857069,-0.43566036,-0.16038504,0.46416974,0.82482255,0.3228224
1356506961825,-0.03822285,-0.32112685,0.94626445,0.88857996,-0.44411814,-0.114824355,0.45712644,0.83644277,0.30232245
1356506961865,-0.038725078,-0.27943856,0.9593823,0.8910381,-0.44421154,-0.09341875,0.4522735,0.8512286,0.26619256
1356506961905,-0.026628315,-0.23477826,0.9716841,0.89289486,-0.44264567,-0.082482815,0.44947696,0.86541545,0.22141926
1356506961945,-0.011196792,-0.18850288,0.9820088,0.8936266,-0.44254094,-0.07475948,0.4486715,0.87671214,0.17340623
1356506961985,0.0043982863,-0.1427342,0.9897513,0.89323926,-0.4444005,-0.06805739,0.4495601,0.88438404,0.12554121
1356506962025,0.016656399,-0.098261535,0.9950212,0.89208,-0.44798642,-0.059173316,0.4515704,0.8886242,0.08019526
1356506962065,0.021015286,-0.054949343,0.998268,0.8902658,-0.45334047,-0.04369566,0.4549563,0.8896421,0.03939241
1356506962105,0.013105929,-0.012401044,0.99983716,0.8872028,-0.46105337,-0.017347932,0.4611934,0.88728577,0.0049597323
1356506962145,-0.008818805,0.02918443,0.99953514,0.8818803,-0.47098142,0.021532506,0.4713909,0.8816602,-0.021583706
1356506962197,-0.04485953,0.0688481,0.9966181,0.87252796,-0.48313248,0.07264963,0.48650032,0.87283623,-0.038398862
1356506962236,-0.09408927,0.107985735,0.98969,0.86219466,-0.48819238,0.13523534,0.49776262,0.8660296,-0.047171056
1356506962277,-0.14023739,0.13781333,0.98047996,0.85359454,-0.48495394,0.19025269,0.50170696,0.8636129,-0.04962802
1356506962317,-0.18011326,0.15767547,0.9709262,0.84811187,-0.47510284,0.2344856,0.49826247,0.86568797,-0.048154086
1356506962356,-0.20887125,0.16677254,0.96361804,0.8462178,-0.46308374,0.26356944,0.49019206,0.8704828,-0.04440105
1356506962397,-0.22105491,0.1645205,0.9612844,0.8488233,-0.4529121,0.27270788,0.48024336,0.876244,-0.039530367
1356506962437,-0.2095766,0.14963135,0.96627545,0.8575165,-0.44671798,0.2551637,0.46983305,0.8820735,-0.034689784
1356506962475,-0.16919988,0.12067139,0.9781665,0.87227756,-0.443681,0.2056182,0.45880622,0.8880233,-0.030188113
1356506962515,-0.09587467,0.07515812,0.9925519,0.88936883,-0.4413436,0.11932719,0.44702482,0.8941852,-0.024529636
1356506962555,0.004037082,0.0124529,0.99991435,0.89998615,-0.43591493,0.0017952323,0.4358999,0.89990175,-0.012967259
1356506962595,0.102249205,-0.06267962,0.99278224,0.89742076,-0.42475492,-0.119244784,0.42916325,0.903136,0.012819067
1356506962637,0.14821744,-0.13803652,0.979274,0.89013803,-0.41283947,-0.19291928,0.4309129,0.900283,0.061681554
1356506962675,0.11699486,-0.2024048,0.97228837,0.89031583,-0.41242445,-0.19298705,0.44005692,0.8882221,0.13195254
1356506962715,0.02500993,-0.24825367,0.96837217,0.8924916,-0.43085408,-0.13350481,0.45037013,0.867603,0.21078868
1356506962773,-0.06886387,-0.27623916,0.95861864,0.88762665,-0.45558763,-0.067519784,0.4553864,0.84624577,0.27657077
1356506962795,-0.123679936,-0.29243138,0.9482548,0.8819182,-0.47044367,-0.030051976,0.4548886,0.83256626,0.31608498
1356506962835,-0.13007545,-0.3012546,0.9446301,0.8821249,-0.4701543,-0.028469712,0.45269853,0.8295785,0.32689977
1356506962873,-0.09848142,-0.3026324,0.9480058,0.88655454,-0.45939595,-0.054555506,0.4520203,0.8350861,0.3135422
1356506962915,-0.043773115,-0.29515484,0.9544463,0.8901615,-0.44523138,-0.096859455,0.45353785,0.8453714,0.28222454
1356506962955,0.01581645,-0.2781384,0.96041083,0.88957596,-0.43463582,-0.14052197,0.45651343,0.85658085,0.2405508
1356506962995,0.071143925,-0.25376382,0.96464634,0.88480484,-0.4304229,-0.17848432,0.4604987,0.8662218,0.19390944
1356506963035,0.11663443,-0.22442377,0.96748656,0.8775437,-0.43289185,-0.20620754,0.46509498,0.87306273,0.14645167
1356506963075,0.15116876,-0.19251287,0.96958077,0.8696871,-0.4403453,-0.22302598,0.4698856,0.8769464,0.10085945
1356506963115,0.17530727,-0.15990308,0.9714413,0.8623327,-0.4511519,-0.22987878,0.47502595,0.878005,0.058799475
1356506963156,0.18922979,-0.1280509,0.9735477,0.85584533,-0.4645366,-0.2274524,0.48137403,0.8762469,0.021687612
1356506963200,0.19171399,-0.098273605,0.9765184,0.85070014,-0.47954863,-0.21527302,0.4894437,0.8719951,-0.00833486
1356506963236,0.18170238,-0.071997076,0.9807143,0.847399,-0.49451756,-0.19330621,0.498898,0.86618054,-0.028844714
1356506963277,0.1600244,-0.050067008,0.9858425,0.8463057,-0.50710523,-0.16312835,0.5080933,0.8604287,-0.038777217
1356506963315,0.13187343,-0.032798827,0.9907238,0.8475437,-0.5145953,-0.12985116,0.5140808,0.8568056,-0.04006301
1356506963355,0.10332787,-0.020791858,0.99443,0.851241,-0.5153091,-0.09922385,0.51450187,0.85675216,-0.035546884
1356506963395,0.07929486,-0.014889389,0.99674004,0.8569175,-0.50985163,-0.07578763,0.50931793,0.8601335,-0.027669668
1356506963435,0.06433642,-0.016031623,0.9977995,0.8634791,-0.5003443,-0.06371468,0.50026464,0.86567813,-0.018347397
1356506963475,0.0630551,-0.024772704,0.9977026,0.86997736,-0.48850316,-0.06711224,0.48904338,0.8722104,-0.009250909
1356506963515,0.07945132,-0.041211694,0.99598646,0.8755759,-0.47471958,-0.089488804,0.47650227,0.8791717,-0.0016331226
1356506963555,0.11580056,-0.065487,0.9911113,0.87860787,-0.45866054,-0.13296139,0.4632909,0.8861952,0.0044242293
1356506963595,0.16766447,-0.09732318,0.98102844,0.876851,-0.44009376,-0.19351941,0.45057845,0.8926621,0.011549875
1356506963635,0.2228818,-0.13778472,0.9650591,0.86915886,-0.42021787,-0.2607294,0.4414596,0.8969015,0.026097879
1356506963675,0.25883406,-0.18700033,0.94764745,0.85994786,-0.40217155,-0.31424138,0.4398801,0.89626384,0.056714877
1356506963715,0.25479752,-0.2429091,0.93598795,0.85735357,-0.39092648,-0.33484527,0.44723943,0.8877903,0.108651906
1356506963755,0.20813984,-0.29813987,0.9315527,0.86355525,-0.3912164,-0.31815425,0.45929307,0.8706678,0.17603248
1356506963795,0.13560778,-0.34253573,0.92966646,0.8726454,-0.4030285,-0.27578613,0.4691487,0.84866786,0.24425846
1356506963835,0.06650525,-0.3694491,0.9268681,0.8789278,-0.41800874,-0.22968349,0.4722953,0.8299253,0.29691935
1356506963875,0.022913635,-0.37914076,0.9250552,0.88268554,-0.42678142,-0.19678366,0.4694051,0.82104194,0.324883
1356506963915,0.0122538805,-0.3752152,0.92685676,0.88570726,-0.42612958,-0.18421796,0.46408248,0.82318115,0.3271091
1356506963955,0.03116858,-0.3611465,0.931988,0.88785774,-0.4182517,-0.19176576,0.45906112,0.83344984,0.30761045
1356506963995,0.07140595,-0.33955786,0.9378708,0.88782775,-0.40690607,-0.21491694,0.45460206,0.8480141,0.27241337
1356506964035,0.12300384,-0.31267682,0.9418616,0.88446987,-0.39589763,-0.24693769,0.45009243,0.86342245,0.22785625
1356506964075,0.17703843,-0.28278056,0.9427049,0.8773793,-0.38864738,-0.28135192,0.4459406,0.87691987,0.17930026
1356506964115,0.22639829,-0.25200978,0.9408693,0.8672588,-0.3875684,-0.31249502,0.44340295,0.8867254,0.13081278
1356506964155,0.26657408,-0.22204176,0.937889,0.8557006,-0.39327484,-0.33632022,0.44352534,0.8922064,0.08516443
1356506964200,0.29502624,-0.19390142,0.9356077,0.84466577,-0.40480697,-0.35024425,0.44665337,0.893607,0.044353202
1356506964236,0.3115905,-0.16816217,0.9352181,0.8352311,-0.4208429,-0.3539494,0.4531008,0.89141047,0.009323642
1356506964277,0.3156289,-0.1447885,0.9377712,0.8281982,-0.44030184,-0.34673056,0.463105,0.8860985,-0.019058406
1356506964317,0.30614412,-0.12349799,0.9439407,0.82434595,-0.46156043,-0.32774347,0.4761613,0.87847036,-0.03949897
1356506964355,0.28318024,-0.104044825,0.95340633,0.8239784,-0.48231632,-0.29737264,0.49078348,0.86979634,-0.050851762
1356506964395,0.24976212,-0.0862551,0.96445787,0.8267628,-0.49949807,-0.25877577,0.5040655,0.8620103,-0.05344318
1356506964435,0.21162629,-0.07059497,0.9747977,0.8319783,-0.51036304,-0.21758106,0.5128609,0.8570565,-0.049272716
1356506964475,0.17536432,-0.05827096,0.9827776,0.83858776,-0.5141281,-0.18011916,0.51576936,0.8557317,-0.041294396
1356506964515,0.14673501,-0.051273078,0.9878461,0.8451519,-0.5124187,-0.15213567,0.5139913,0.85720366,-0.031856194
1356506964555,0.13099271,-0.051835716,0.99002725,0.8502895,-0.5076064,-0.13908091,0.5097535,0.8600284,-0.022417367
1356506964595,0.13309908,-0.061875105,0.9891694,0.85309,-0.50088555,-0.14612043,0.5045019,0.863299,-0.013882354
1356506964635,0.15743762,-0.08286351,0.9840462,0.8524069,-0.49172705,-0.17778343,0.49861392,0.8667976,-0.0067829043
1356506964675,0.20433235,-0.1147365,0.97215426,0.8464112,-0.47819686,-0.23434126,0.4917686,0.87072575,-5.96866E-4
1356506964715,0.26810634,-0.15622523,0.950638,0.8329973,-0.45812815,-0.31021592,0.48397762,0.8750498,0.00730817
1356506964755,0.33384264,-0.20486987,0.9200964,0.8132385,-0.4309724,-0.3910318,0.47664678,0.8788009,0.022731125
1356506964795,0.37910444,-0.25711158,0.888917,0.79579854,-0.3996234,-0.45497894,0.47221237,0.8798834,0.053110033
1356506964835,0.3801793,-0.30928004,0.87167054,0.79527307,-0.37187117,-0.47880322,0.47223347,0.8752472,0.10458439
1356506964875,0.33374226,-0.3573208,0.87231755,0.8144144,-0.35670364,-0.45770273,0.47470555,0.86318266,0.17196012
1356506964915,0.25561142,-0.3950065,0.88240165,0.8416772,-0.3581304,-0.40413135,0.4756493,0.845998,0.24092573
1356506964955,0.18038905,-0.41829398,0.8902191,0.86248624,-0.36782032,-0.34759992,0.47283962,0.83050483,0.29442206
1356506964995,0.13644111,-0.42848107,0.8931897,0.8733463,-0.37355196,-0.31261033,0.4676003,0.8227169,0.32324445
1356506965035,0.13095051,-0.4283164,0.89409006,0.8769465,-0.37059897,-0.30597618,0.4624034,0.824137,0.32708037
1356506965075,0.15602744,-0.4189757,0.8944914,0.87501395,-0.36151308,-0.32196108,0.45826417,0.8329272,0.3102036
1356506965115,0.19861668,-0.40081483,0.8943707,0.868216,-0.3514163,-0.35029662,0.45470047,0.8460816,0.27819666
1356506965155,0.24781781,-0.37493032,0.89331603,0.85719186,-0.34481996,-0.38251954,0.45145142,0.8605384,0.23593473
1356506965201,0.29357255,-0.34332612,0.892156,0.843837,-0.34545165,-0.410612,0.44917062,0.87337863,0.18829623
1356506965236,0.33136177,-0.3087166,0.89156795,0.83009,-0.35379744,-0.4310196,0.4484974,0.88290507,0.13902763
1356506965277,0.35880923,-0.2731456,0.89255106,0.818045,-0.36847442,-0.44162095,0.44950902,0.88860464,0.09123331
1356506965317,0.37391055,-0.23794037,0.8964236,0.8097988,-0.3874126,-0.44061023,0.4521248,0.89067155,0.04782621
1356506965357,0.37614155,-0.20408845,0.9038061,0.80601835,-0.40903932,-0.42780983,0.45700327,0.8894013,0.010642342
1356506965395,0.36394036,-0.17182621,0.915436,0.80704415,-0.43249708,-0.4020273,0.4650023,0.8851113,-0.018731773
1356506965436,0.3361413,-0.14115119,0.93117416,0.81259996,-0.4563601,-0.36251447,0.4761201,0.8785281,-0.03870198
1356506965477,0.29379606,-0.11227924,0.9492509,0.82121533,-0.47856516,-0.31077424,0.48917192,0.87084365,-0.048395097
1356506965516,0.24283415,-0.0856463,0.9662796,0.83075213,-0.49596,-0.25273445,0.5008818,0.8641114,-0.049285218
1356506965557,0.19142896,-0.0628019,0.97949517,0.8402322,-0.5053253,-0.19661161,0.50731134,0.8606405,-0.043965742
1356506965595,0.14644176,-0.045530707,0.988171,0.8496916,-0.5057244,-0.14922154,0.50653625,0.8614929,-0.035372153
1356506965635,0.112645924,-0.03572762,0.99299264,0.85848004,-0.4997027,-0.11536589,0.5003228,0.8654599,-0.025618032
1356506965676,0.09338331,-0.03451383,0.99503183,0.86595017,-0.4903792,-0.0982784,0.4913349,0.8708255,-0.015906006
1356506965715,0.0927766,-0.042701244,0.9947709,0.8715301,-0.47964293,-0.10187167,0.48148492,0.8764241,-0.0072841644
1356506965773,0.113419354,-0.060383707,0.99171054,0.87470186,-0.46731842,-0.12849167,0.47120348,0.8820245,-1.8516183E-4
1356506965795,0.15552443,-0.08738884,0.983959,0.87403107,-0.45197576,-0.17829078,0.46030623,0.88773936,0.0060872883
1356506965835,0.21397513,-0.123256445,0.96903175,0.8673143,-0.4324292,-0.24651757,0.44942254,0.89320374,0.01437299
1356506965873,0.2732526,-0.16688421,0.9473556,0.8548111,-0.4095437,-0.31870368,0.4411701,0.8968967,0.03074558
1356506965915,0.30683792,-0.21653527,0.9268025,0.84417504,-0.38781637,-0.37009048,0.43956682,0.8959414,0.06379691
1356506965955,0.29594857,-0.26932013,0.91645026,0.8446702,-0.3742205,-0.38274202,0.44603452,0.8873701,0.11673659
1356506965995,0.24102783,-0.31861514,0.9167279,0.8564276,-0.37451965,-0.35534045,0.4565494,0.87075794,0.18260112
1356506966035,0.16864938,-0.3559099,0.9191766,0.8698244,-0.38490516,-0.30863157,0.46364084,0.85157275,0.24466515
1356506966075,0.10917777,-0.37676433,0.9198526,0.87924445,-0.39506954,-0.26617524,0.46369112,0.83783567,0.28813514
1356506966115,0.07887465,-0.3819706,0.9208026,0.88503397,-0.39827406,-0.24102429,0.45879593,0.8339523,0.3066432
1356506966155,0.07892269,-0.37406385,0.92403865,0.88811195,-0.3946445,-0.23561186,0.45280063,0.8392449,0.3010641
1356506966202,0.10203737,-0.35545307,0.9291079,0.8883776,-0.38771325,-0.24589348,0.44763103,0.850489,0.2762153
1356506966236,0.13677138,-0.32858226,0.9345198,0.88597786,-0.3814031,-0.26377037,0.44309908,0.86404014,0.2389516
1356506966277,0.17471951,-0.29624322,0.9389958,0.88138044,-0.37805545,-0.2832715,0.4389097,0.87710553,0.19504926
1356506966317,0.20710921,-0.26106113,0.94284296,0.87587136,-0.37986434,-0.29757756,0.43583834,0.88744026,0.14998259
1356506966357,0.2302115,-0.22557455,0.9466355,0.8704739,-0.3871587,-0.3039462,0.4350607,0.89399344,0.10722843
1356506966397,0.24328125,-0.19140929,0.9508821,0.8657606,-0.39917618,-0.30185592,0.4373475,0.8966721,0.06860252
1356506966437,0.24798656,-0.15954989,0.9555346,0.8615475,-0.41470551,-0.2928396,0.44298804,0.8958588,0.034618482
1356506966477,0.24596173,-0.13067171,0.960431,0.85746396,-0.43268323,-0.27846122,0.4519494,0.8920258,0.005622804
1356506966516,0.23719674,-0.105462074,0.9657202,0.85345954,-0.45223916,-0.25901076,0.46405232,0.88563955,-0.017262042
1356506966557,0.22098845,-0.08457798,0.9716021,0.84952873,-0.47262448,-0.23436514,0.479025,0.87719595,-0.032593146
1356506966595,0.19895262,-0.06808144,0.97764146,0.84625494,-0.49116558,-0.20641911,0.4942372,0.8684015,-0.04010439
1356506966635,0.17563868,-0.055910826,0.98286575,0.8450144,-0.50366116,-0.17965561,0.505076,0.8620902,-0.041216955
1356506966675,0.15552658,-0.048208565,0.98665464,0.8471725,-0.50718164,-0.1583212,0.50804555,0.8604898,-0.038039252
1356506966715,0.14244843,-0.045635074,0.9887497,0.85212255,-0.502576,-0.14596075,0.5035828,0.8633278,-0.032704473
1356506966755,0.13985795,-0.049199373,0.98894846,0.8577037,-0.4930308,-0.14582509,0.49475658,0.8686196,-0.026755765
1356506966795,0.15124631,-0.059846938,0.9866827,0.86170566,-0.48109806,-0.1612697,0.48434263,0.8746216,-0.021193847
1356506966835,0.17950583,-0.07809535,0.9806522,0.8622838,-0.46735346,-0.19505706,0.47354433,0.8806145,-0.0165523
1356506966875,0.22532678,-0.103843,0.96873343,0.857568,-0.4507529,-0.2477881,0.4623904,0.8865882,-0.012514308
1356506966915,0.28453213,-0.13636261,0.9489187,0.84599096,-0.42987716,-0.31544405,0.45093322,0.8925306,-0.0069523603
1356506966955,0.34536463,-0.17499101,0.9220094,0.82851183,-0.40459496,-0.38713184,0.440785,0.89759743,0.005249381
1356506966995,0.3884591,-0.22025594,0.8947552,0.8119006,-0.37741494,-0.44539338,0.43579453,0.89946944,0.032215692
1356506967035,0.39420527,-0.2732369,0.8774644,0.80691993,-0.3540752,-0.47276962,0.43986642,0.8944118,0.08090195
1356506967075,0.3555801,-0.3309944,0.8740741,0.81801987,-0.34216607,-0.46234828,0.45211318,0.87941176,0.14909256
1356506967115,0.2878728,-0.383282,0.87762415,0.83703023,-0.344563,-0.42503732,0.46530604,0.85695463,0.22162831
1356506967155,0.22143513,-0.41888243,0.880627,0.85324556,-0.35401553,-0.38294238,0.4721635,0.836188,0.27901816
1356506967202,0.17992562,-0.4337721,0.88287514,0.8635124,-0.36022532,-0.35296464,0.4711402,0.825881,0.30975384
1356506967236,0.16858423,-0.4299817,0.88695836,0.86916816,-0.35955566,-0.33950913,0.46489358,0.8281518,0.313111
1356506967277,0.18159157,-0.41121566,0.89326715,0.87117374,-0.35409468,-0.34010774,0.45615876,0.8399516,0.29393962
1356506967317,0.20706546,-0.38153732,0.90086246,0.87033343,-0.34871107,-0.34773597,0.446815,0.8560548,0.25985867
1356506967357,0.23638451,-0.3450176,0.908342,0.8671642,-0.34682608,-0.35740423,0.43834746,0.8721665,0.21720266
1356506967395,0.26387525,-0.3051574,0.91501296,0.8623252,-0.35039556,-0.36553806,0.4321632,0.88549525,0.17068425
1356506967435,0.28686416,-0.26482037,0.9206406,0.8566741,-0.35919523,-0.3702545,0.42874062,0.89490163,0.123824485
1356506967475,0.305241,-0.2260271,0.925062,0.8507296,-0.37176585,-0.37154996,0.42788678,0.9003899,0.078809746
1356506967515,0.31865793,-0.19030946,0.9285685,0.844752,-0.38733387,-0.36927837,0.4299432,0.9020836,0.037337273
1356506967555,0.32590246,-0.15925908,0.9318928,0.8389416,-0.40571314,-0.3627313,0.43584937,0.9000186,0.0013861209
1356506967595,0.32561064,-0.13445383,0.93589526,0.83325106,-0.42699134,-0.3512423,0.446845,0.8942039,-0.02699913
1356506967635,0.31654662,-0.1167762,0.94136155,0.8283329,-0.44955927,-0.33430704,0.46223688,0.8855845,-0.045576945
1356506967675,0.29946232,-0.10648295,0.9481475,0.82442296,-0.47133625,-0.31331924,0.48025948,0.8755019,-0.053360447
1356506967715,0.2788219,-0.10239869,0.95486796,0.8220282,-0.48862368,-0.29243192,0.49651575,0.86646485,-0.052064314
1356506967755,0.26057565,-0.103028774,0.95994025,0.82201034,-0.4978068,-0.27656335,0.5063588,0.8611465,-0.045025572
1356506967795,0.24929184,-0.10758877,0.9624335,0.8244559,-0.49779868,-0.2692006,0.5080611,0.86059356,-0.03539498
1356506967835,0.24771374,-0.11608887,0.961853,0.82784617,-0.4903831,-0.27238765,0.5032977,0.86374056,-0.025370851
1356506967875,0.25768185,-0.12866077,0.9576255,0.8299544,-0.47800738,-0.28754976,0.49474835,0.8688818,-0.016391337
1356506967915,0.2805195,-0.14512894,0.9488132,0.828774,-0.46202517,-0.31570017,0.48419273,0.87491167,-0.009328023
1356506967955,0.31631273,-0.16519347,0.93416137,0.8226334,-0.44266105,-0.35682714,0.47246236,0.8813412,-0.004125662
1356506967995,0.36140049,-0.18854028,0.9131496,0.81096363,-0.41974002,-0.40762275,0.46013877,0.8878462,0.0012050569
1356506968035,0.406899,-0.21625757,0.8875054,0.795568,-0.39354715,-0.4606432,0.44889283,0.89350617,0.011913657
1356506968075,0.43846872,-0.2507947,0.86304533,0.78298265,-0.3648425,-0.50381356,0.44122937,0.896656,0.036395878
1356506968115,0.4420496,-0.2941588,0.84738576,0.7825477,-0.3352668,-0.52460945,0.43841887,0.8950232,0.08198878
1356506968155,0.41067755,-0.34425917,0.8442924,0.7993659,-0.30947644,-0.51501316,0.43858662,0.8864028,0.148094
1356506968204,0.35231,-0.39189374,0.8498805,0.8273617,-0.29403192,-0.47855788,0.43743593,0.87175936,0.22064757
1356506968236,0.2872581,-0.4260577,0.85787964,0.8546567,-0.2903828,-0.43039465,0.43248653,0.856827,0.28071833
1356506968277,0.23755604,-0.44054538,0.8657291,0.87340003,-0.2931921,-0.38885823,0.42513466,0.8485035,0.31512284
1356506968315,0.21329713,-0.43628788,0.8741609,0.8827654,-0.29730427,-0.36377925,0.41860425,0.8492721,0.32172573
1356506968355,0.21477634,-0.41747543,0.8829413,0.88419306,-0.30085772,-0.35733342,0.41481763,0.8574374,0.3045118
1356506968395,0.23493814,-0.38886967,0.8908336,0.8794931,-0.3051923,-0.36517093,0.4138794,0.8692745,0.27030677
1356506968435,0.26528227,-0.35508725,0.89640296,0.8701204,-0.3123377,-0.38122883,0.41534996,0.88111186,0.22611111
1356506968475,0.29862458,-0.31997883,0.8991312,0.85741436,-0.3237921,-0.39999902,0.41912282,0.8903775,0.1776622
1356506968515,0.3304329,-0.28611895,0.89941657,0.84279585,-0.33951986,-0.417638,0.4248639,0.89602584,0.12895128
1356506968555,0.35795146,-0.25496906,0.8982547,0.82806164,-0.3578679,-0.43156034,0.43149108,0.89828795,0.08303082
1356506968595,0.3800758,-0.22718266,0.8966217,0.814461,-0.37725085,-0.44083452,0.43840125,0.8978139,0.0416475
1356506968635,0.39497322,-0.20318007,0.89594305,0.80308306,-0.3972541,-0.44412467,0.44615436,0.89493406,0.0062657893
1356506968675,0.40032083,-0.18338472,0.8978381,0.7950902,-0.4176141,-0.4398067,0.45560372,0.8899261,-0.021372229
1356506968715,0.3944496,-0.1681346,0.90340483,0.7913927,-0.43749148,-0.42696464,0.46701944,0.88336396,-0.039507836
1356506968756,0.37748128,-0.15696523,0.9126171,0.79248965,-0.455055,-0.40606058,0.47902825,0.8765198,-0.047381483
1356506968802,0.35042626,-0.149681,0.9245524,0.7990041,-0.4672671,-0.37848908,0.48866552,0.87135357,-0.044146925
1356506968833,0.325589,-0.14292526,0.9346465,0.8064853,-0.47399497,-0.35342628,0.49353135,0.8688504,-0.03906039
1356506968875,0.3063352,-0.13853794,0.94178873,0.8154618,-0.47222018,-0.3347089,0.49110156,0.87052584,-0.031685248
1356506968915,0.29668933,-0.13863522,0.94485754,0.8228744,-0.46497673,-0.32661033,0.48461646,0.87440085,-0.023874253
1356506968955,0.2988022,-0.14443004,0.9433224,0.82648474,-0.45503372,-0.33146244,0.47711658,0.87868327,-0.01659587
1356506968995,0.31552517,-0.15686893,0.9358611,0.8243859,-0.44309586,-0.35221303,0.46992743,0.88264275,-0.010487378
1356506969035,0.34829968,-0.17608419,0.9206963,0.8151605,-0.42804897,-0.39024025,0.4628182,0.8864358,-0.0055524632
1356506969075,0.3945492,-0.20139882,0.8965319,0.79822314,-0.40817803,-0.44297904,0.45516008,0.8904095,-2.8511882E-4
1356506969115,0.44600633,-0.23237199,0.8643388,0.7751854,-0.3824403,-0.50281906,0.44739908,0.8942833,0.009560585
1356506969155,0.48714194,-0.2696749,0.8306433,0.7532073,-0.35165218,-0.5558952,0.4420085,0.89644647,0.031816572
1356506969205,0.50135815,-0.31480324,0.8059398,0.74367964,-0.31931022,-0.5873513,0.4422449,0.89383435,0.07402399
1356506969236,0.4777865,-0.36671394,0.7982737,0.7554379,-0.29228106,-0.58641744,0.4483677,0.88322854,0.13738167
1356506969277,0.42310387,-0.41775027,0.8040322,0.7835287,-0.2769615,-0.55621505,0.45504498,0.865319,0.21013585
1356506969316,0.36128938,-0.45629752,0.81318045,0.81326056,-0.2724254,-0.5141902,0.4561548,0.84709907,0.27266443
1356506969357,0.31623054,-0.47639045,0.8203964,0.83473873,-0.27119142,-0.47923523,0.45078754,0.8363655,0.31190258
1356506969397,0.29749024,-0.4785654,0.82612026,0.84595364,-0.26897758,-0.46044916,0.4425629,0.8358386,0.32482597
1356506969437,0.30389214,-0.46636236,0.83075607,0.8476938,-0.26561725,-0.45919782,0.43481573,0.8437734,0.3146135
1356506969476,0.32716274,-0.44368982,0.8343284,0.8421004,-0.26371133,-0.4704501,0.42875576,0.856502,0.28735483
1356506969517,0.35987043,-0.41404957,0.83609575,0.83088213,-0.26542044,-0.48906735,0.42441505,0.870698,0.24850944
1356506969557,0.39283943,-0.38089776,0.83701503,0.8170004,-0.27324122,-0.50778896,0.42212263,0.8833211,0.20385367
1356506969597,0.421306,-0.34707886,0.8378768,0.80255085,-0.28760648,-0.5226803,0.4223901,0.892647,0.1573781
1356506969637,0.44283527,-0.31430972,0.83970606,0.7894974,-0.30719495,-0.5313427,0.42495966,0.898243,0.11210999
1356506969677,0.45755637,-0.28338557,0.8428136,0.7786949,-0.3298949,-0.53366995,0.4292743,0.9004787,0.06972539
1356506969715,0.46467263,-0.25460315,0.84809005,0.77106905,-0.35455,-0.52891105,0.4353527,0.8997064,0.031566888
1356506969755,0.46237266,-0.22823006,0.85680956,0.76743007,-0.38101804,-0.51563203,0.44414264,0.89595556,-0.0010217428
1356506969795,0.4485575,-0.20426697,0.8700984,0.7685312,-0.40881222,-0.49217105,0.4562412,0.88946474,-0.026390254
1356506969835,0.42272517,-0.18239886,0.88771284,0.7745013,-0.43592605,-0.45838428,0.47058594,0.88130534,-0.043008752
1356506969875,0.38756853,-0.16182628,0.90752566,0.7850107,-0.4581645,-0.41694522,0.48326883,0.87401223,-0.050534725
1356506969915,0.34893453,-0.1423122,0.92627853,0.7991799,-0.47102672,-0.37342367,0.48944467,0.8705636,-0.050624438
1356506969955,0.31200397,-0.12499747,0.9418223,0.8157574,-0.4729132,-0.33300602,0.48702514,0.8721976,-0.04558319
1356506969995,0.2799735,-0.11185801,0.9534688,0.8322661,-0.46674192,-0.29914072,0.47848514,0.8772912,-0.03757976
1356506970035,0.25635058,-0.10518733,0.9608434,0.8455517,-0.45723242,-0.27564615,0.46832317,0.88310486,-0.028270483
1356506970075,0.2461251,-0.10678083,0.96333814,0.8534163,-0.44728094,-0.26761967,0.45945945,0.8879964,-0.018958524
1356506970115,0.25449407,-0.11766794,0.95988905,0.85482347,-0.4367786,-0.2801807,0.45222726,0.8918401,-0.01057224
1356506970155,0.2842582,-0.13814837,0.9487425,0.8489232,-0.4236173,-0.3160346,0.44556335,0.89524496,-0.0031393617
1356506970203,0.33258802,-0.1679821,0.927991,0.8346791,-0.40559363,-0.37256473,0.43897146,0.89848524,0.005315587
1356506970236,0.3854137,-0.2058829,0.89948237,0.8143878,-0.38242918,-0.43648642,0.4338534,0.90075535,0.020275094
1356506970276,0.4213301,-0.2510514,0.8714667,0.79685616,-0.35632372,-0.4879074,0.4330141,0.9000037,0.049921967
1356506970316,0.41925806,-0.301651,0.85628814,0.7953199,-0.33282113,-0.50665206,0.43782288,0.893441,0.100371085
1356506970357,0.3710572,-0.35276043,0.85899746,0.8147545,-0.32013464,-0.48341393,0.4455241,0.87924623,0.16862482
1356506970397,0.2902472,-0.39505506,0.87160087,0.8443464,-0.32293463,-0.4275422,0.45037282,0.860026,0.23983243
1356506970437,0.20549071,-0.42090738,0.88352174,0.8695843,-0.33565813,-0.3621558,0.4489953,0.8427162,0.2970398
1356506970475,0.14465767,-0.42984045,0.8912414,0.884838,-0.34694713,-0.31094888,0.4428721,0.8335855,0.33015072
1356506970515,0.12323755,-0.42624146,0.89617556,0.89163953,-0.34888113,-0.2885495,0.43565053,0.8346257,0.33705848
1356506970555,0.13807791,-0.41379732,0.8998368,0.89220625,-0.34248453,-0.29440138,0.43000272,0.84349036,0.3219031
1356506970595,0.18047833,-0.3947965,0.9008682,0.8863783,-0.33171988,-0.32294843,0.42633465,0.8567951,0.29007065
1356506970635,0.23528087,-0.370227,0.8986517,0.87436986,-0.3231159,-0.36204097,0.42440593,0.8709352,0.24769229
1356506970675,0.28997242,-0.34153095,0.89402044,0.8577608,-0.32156217,-0.4010539,0.4244555,0.8831502,0.19970772
1356506970715,0.33441603,-0.31038383,0.88984704,0.84043324,-0.32901287,-0.43060726,0.42642462,0.891859,0.15082967
1356506970755,0.36696428,-0.27847618,0.8875743,0.82495445,-0.34349358,-0.4488454,0.42986885,0.89691865,0.10368034
1356506970795,0.38610685,-0.24638349,0.88894135,0.8139213,-0.3625152,-0.45399886,0.4341126,0.89882034,0.06056714
1356506970835,0.39189267,-0.21469572,0.8946093,0.80834186,-0.38398105,-0.44625324,0.4393217,0.89803356,0.02306816
1356506970875,0.38254297,-0.18370622,0.90549046,0.80877435,-0.40724564,-0.42430544,0.44670457,0.8946525,-0.0072120726
1356506970915,0.3550055,-0.15329584,0.9222101,0.81534696,-0.43183625,-0.38565114,0.45736253,0.88882947,-0.028314918
1356506970955,0.310322,-0.12352705,0.94257164,0.82608306,-0.45560485,-0.33167908,0.47041154,0.88156974,-0.0393406
1356506970995,0.2557249,-0.09514466,0.9620563,0.83791864,-0.47452843,-0.26965728,0.48217955,0.87508297,-0.041625246
1356506971035,0.20109552,-0.06981659,0.97708046,0.84915686,-0.48484975,-0.20941186,0.48835766,0.8718064,-0.03821586
1356506971075,0.15416962,-0.04985106,0.986786,0.85949427,-0.4858433,-0.15882641,0.48734105,0.87262315,-0.032055557
1356506971115,0.1201154,-0.037507683,0.9920512,0.8685664,-0.47998625,-0.12331158,0.48079604,0.8764739,-0.025075868
1356506971155,0.10327816,-0.034540445,0.9940526,0.8759141,-0.4703731,-0.107348114,0.4712835,0.88179135,-0.018324792
1356506971203,0.10832423,-0.042229623,0.9932183,0.88095057,-0.4588737,-0.115590245,0.46064308,0.8874974,-0.012504935
1356506971236,0.13788342,-0.060852855,0.98857725,0.88270974,-0.44515985,-0.15051961,0.44923446,0.893381,-0.007664755
1356506971276,0.19281566,-0.09081128,0.9770238,0.8785733,-0.4274242,-0.2131142,0.4369567,0.89947873,-0.0026297718
1356506971317,0.26638585,-0.13139573,0.95486844,0.8653749,-0.40365607,-0.29696476,0.42445835,0.9054264,0.0061782748
1356506971357,0.34012848,-0.18085024,0.9228249,0.8439833,-0.37408936,-0.38438156,0.41473454,0.909588,0.025396168
1356506971396,0.38210183,-0.23542956,0.89362806,0.826941,-0.3445475,-0.44435972,0.41251272,0.90876836,0.06303412
1356506971435,0.3628608,-0.29088342,0.88527894,0.8315295,-0.32771546,-0.44851002,0.42058372,0.89888227,0.12296304
1356506971475,0.2795918,-0.3397085,0.8980126,0.8559186,-0.33558047,-0.39343256,0.43500787,0.87862617,0.19693723
1356506971515,0.16433531,-0.37219697,0.9134896,0.8790949,-0.3647967,-0.30678245,0.44742152,0.85345924,0.26724756
1356506971555,0.06498891,-0.38670847,0.91990924,0.8893479,-0.39566088,-0.22915646,0.45258892,0.833012,0.31820482
1356506971595,0.01348263,-0.39056006,0.9204787,0.89211607,-0.41107,-0.18748462,0.45160517,0.8237016,0.34288257
1356506971635,0.01687628,-0.3909041,0.9202767,0.8936082,-0.4069931,-0.18926486,0.4485306,0.8255608,0.34244648
1356506971675,0.07197362,-0.39055032,0.9177637,0.8922351,-0.38605756,-0.23425668,0.4457986,0.8357213,0.32067668
1356506971734,0.16129804,-0.38699543,0.90786433,0.8816683,-0.35683727,-0.30875292,0.44344568,0.8502364,0.28364432
1356506971755,0.26380867,-0.3778627,0.8874823,0.85790694,-0.32865244,-0.39494735,0.440909,0.86556774,0.23746955
1356506971795,0.3616646,-0.36312935,0.85868263,0.82273304,-0.3089146,-0.47716042,0.43853056,0.8790386,0.18703505
1356506971833,0.44283876,-0.34463125,0.82772166,0.78288835,-0.30133715,-0.5443177,0.43701214,0.8890586,0.13636401
1356506971875,0.5041691,-0.32470167,0.8002389,0.745013,-0.30511564,-0.5931779,0.4367712,0.89525044,0.08807704
1356506971915,0.5450864,-0.30462712,0.7810782,0.71481806,-0.3179518,-0.62284964,0.43808213,0.8978357,0.044441793
1356506971955,0.5665188,-0.28491914,0.7732254,0.6956191,-0.33769658,-0.634094,0.44178107,0.8970965,0.006883707
1356506971995,0.5669225,-0.26487952,0.7800242,0.6908156,-0.36294687,-0.6253346,0.4487456,0.8933692,-0.022779856
1356506972035,0.54444337,-0.24330711,0.8027348,0.7019178,-0.39179483,-0.5948178,0.45923072,0.8872984,-0.04252851
1356506972075,0.49937463,-0.21899897,0.8382508,0.7264367,-0.42141616,-0.5428611,0.47213846,0.8800272,-0.05135569
1356506972115,0.43826067,-0.19213578,0.8780726,0.7572005,-0.44746077,-0.47584268,0.48432946,0.8734201,-0.050619148
1356506972155,0.3735448,-0.16547814,0.9127329,0.78660107,-0.4650113,-0.40623057,0.49165338,0.869702,-0.043537296
