1356506466440,0.6180807,0.61644024,-0.48782963,-0.409056,-0.2777254,-0.86921895,-0.6713043,0.7367971,0.080501914
1356506466475,0.026017025,-0.08506772,0.9960354,0.7407272,0.67073387,0.037936687,-0.6713019,0.7368036,0.080462456
1356506466515,0.02595678,-0.08477184,0.9960622,0.74073803,0.6707307,0.037780702,-0.67129225,0.73684055,0.08020377
1356506466555,0.025933564,-0.083717465,0.99615204,0.7407513,0.67075485,0.037086308,-0.6712786,0.73693913,0.079408884
1356506466596,0.025863767,-0.0817385,0.9963181,0.74074817,0.67082787,0.03580579,-0.6712847,0.73709476,0.07789779
1356506466634,0.026004717,-0.07922986,0.99651706,0.740698,0.67097634,0.03401819,-0.6713346,0.73723364,0.07613397
1356506466675,0.02645874,-0.0769268,0.9966856,0.7405808,0.671198,0.032144785,-0.6714462,0.7372757,0.07472956
1356506466716,0.027381822,-0.07577947,0.99674857,0.74041975,0.671443,0.03070739,-0.6715869,0.73717153,0.074493945
1356506466755,0.028860316,-0.07677427,0.9966307,0.7404016,0.671482,0.030286372,-0.67154485,0.73703295,0.076222956
1356506466795,0.030923814,-0.080658406,0.9962621,0.7410253,0.67074704,0.03130302,-0.6707647,0.7372874,0.08051199
1356506466835,0.033440292,-0.08747792,0.995605,0.74294555,0.66849875,0.03378308,-0.6685159,0.7385506,0.08734614
1356506466876,0.036153108,-0.09668702,0.99465793,0.7467047,0.66410255,0.037414283,-0.66417235,0.74136317,0.09620601
1356506466915,0.038712427,-0.10701278,0.9935037,0.7520251,0.6578234,0.041552693,-0.65799665,0.7455312,0.10594225
1356506466955,0.041336015,-0.118958116,0.9920385,0.75903773,0.64940214,0.046244234,-0.64973307,0.751083,0.11713737
1356506466996,0.04463987,-0.13365382,0.9900222,0.7677525,0.6386652,0.051602542,-0.6391895,0.75778854,0.131123
1356506467041,0.049328893,-0.15076926,0.98733747,0.7775576,0.62624276,0.056781113,-0.62687385,0.7649109,0.14812368
1356506467065,0.05555123,-0.16758144,0.98429185,0.78717464,0.61379707,0.060076177,-0.61422306,0.77147233,0.16601306
1356506467105,0.06380057,-0.18938091,0.9798287,0.7985364,0.59856695,0.063694894,-0.5985557,0.7783652,0.18941647
1356506467146,0.075885236,-0.2140941,0.973861,0.81088156,0.5816251,0.064679205,-0.58026946,0.7847777,0.21774167
1356506467185,0.09119269,-0.24086598,0.9662647,0.82340777,0.5639566,0.062870115,-0.5600747,0.7898965,0.24975961
1356506467225,0.108516246,-0.2699063,0.9567522,0.8357872,0.5458535,0.059192806,-0.538223,0.7932179,0.28481823
1356506467265,0.12641633,-0.3014147,0.94507575,0.84773517,0.5275746,0.054864556,-0.51513493,0.7942382,0.32221383
1356506467305,0.14294335,-0.33585605,0.9310037,0.8590256,0.5093013,0.05183652,-0.49157098,0.79234636,0.3613103
1356506467365,0.15600604,-0.37361985,0.9143688,0.8694791,0.49118716,0.05235666,-0.4686877,0.78685665,0.40148282
1356506467387,0.16372153,-0.41339737,0.89571077,0.8786649,0.47388968,0.05810842,-0.44848996,0.777516,0.4408237
1356506467416,0.16495481,-0.45048803,0.87741125,0.88630897,0.457997,0.0685212,-0.4327197,0.7663545,0.47482035
1356506467457,0.1614809,-0.4832269,0.8604741,0.89017856,0.4477297,0.08438158,-0.42603528,0.7523496,0.502458
1356506467497,0.15087137,-0.5080117,0.8480342,0.88919914,0.44456193,0.108118236,-0.43192905,0.7377593,0.51879525
1356506467526,0.13410994,-0.52564454,0.8400668,0.8853587,0.4443566,0.13670129,-0.4451455,0.72542745,0.5249767
1356506467557,0.11603689,-0.53316647,0.83801484,0.8774465,0.45038462,0.1650494,-0.46542785,0.7161614,0.5200863
1356506467597,0.09686154,-0.5231757,0.84670234,0.8627839,0.46825534,0.19063282,-0.49620736,0.7120562,0.4967436
1356506467638,0.072327435,-0.50094926,0.8624491,0.8453324,0.48970348,0.21354985,-0.52932197,0.71361077,0.4588877
1356506467677,0.044675082,-0.4678679,0.8826685,0.82773393,0.51203454,0.22951481,-0.5593394,0.7203611,0.41014534
1356506467717,0.015564561,-0.42694035,0.9041459,0.8125076,0.5324127,0.23741975,-0.58274287,0.73093,0.355179
1356506467747,-0.013116896,-0.38690317,0.9220271,0.80094326,0.5479518,0.24132714,-0.5985967,0.7416568,0.30269998
1356506467787,-0.038345665,-0.33956146,0.93980193,0.7947618,0.559721,0.23466155,-0.60570896,0.75591695,0.2484076
1356506467827,-0.061541855,-0.2890864,0.9553228,0.7938382,0.56599754,0.22241327,-0.605007,0.77205944,0.1946553
1356506467856,-0.08220169,-0.2427307,0.9666048,0.7955936,0.5681479,0.21033007,-0.6002281,0.7863141,0.14641225
1356506467897,-0.099368036,-0.19674715,0.9754059,0.8009621,0.56581867,0.19572696,-0.5904116,0.8007121,0.101362646
1356506467926,-0.114666134,-0.15696648,0.9809247,0.80737233,0.5605918,0.18408379,-0.5787934,0.8130796,0.062449455
1356506467985,-0.12743044,-0.1216228,0.9843624,0.81603116,0.5512744,0.1737518,-0.563786,0.8254117,0.028998852
1356506468005,-0.13915387,-0.093888104,0.9858099,0.8259806,0.5381305,0.16784412,-0.54625297,0.837616,0.002666831
1356506468046,-0.14979494,-0.07520354,0.98585296,0.8365848,0.52178955,0.16691795,-0.5269606,0.849753,-0.015247345
1356506468083,-0.15918455,-0.06548622,0.9850745,0.846545,0.50433195,0.1703259,-0.50795853,0.8610232,-0.024844825
1356506468126,-0.16690344,-0.06316978,0.98394763,0.85369873,0.49002808,0.17626974,-0.4932969,0.8694148,-0.02785945
1356506468165,-0.17224431,-0.065677315,0.98286235,0.85601676,0.48372316,0.1823385,-0.48740876,0.8727534,-0.027097702
1356506468205,-0.17419967,-0.070908666,0.982154,0.85324746,0.4870189,0.18649754,-0.49155188,0.8705082,-0.02433592
1356506468245,-0.17131555,-0.07711166,0.9821938,0.8471145,0.49749172,0.1868127,-0.50303876,0.8640346,-0.019905686
1356506468291,-0.16191033,-0.084036976,0.9832206,0.8388305,0.51307356,0.18198612,-0.5197581,0.85422087,-0.012579143
1356506468325,-0.14093646,-0.084409684,0.98641366,0.8328036,0.5286472,0.16422659,-0.53532714,0.84463435,-0.004208982
1356506468367,-0.114376426,-0.08448008,0.9898389,0.82683134,0.5442323,0.14198962,-0.5506976,0.8346702,0.0076034665
1356506468404,-0.07372397,-0.077507675,0.9942622,0.8222164,0.55948454,0.104581416,-0.5643803,0.82520884,0.022480607
1356506468445,-0.024219409,-0.06985563,0.9972631,0.8176456,0.5725905,0.05996567,-0.57521224,0.8168601,0.04324937
1356506468485,0.033643484,-0.066901,0.9971922,0.8134321,0.58154476,0.011571735,-0.58068603,0.8107588,0.07398462
1356506468525,0.09313725,-0.08086091,0.9923643,0.81135625,0.5838532,-0.028574735,-0.5770844,0.80782235,0.11998552
1356506468565,0.144463,-0.12287703,0.9818511,0.81488705,0.57766163,-0.047603577,-0.5613283,0.80697477,0.18358165
1356506468605,0.17964768,-0.18991286,0.96522516,0.82502574,0.56348056,-0.042686135,-0.53577894,0.8040042,0.25791103
1356506468645,0.19853249,-0.26052055,0.9448355,0.83645093,0.54748034,-0.024800986,-0.5108177,0.7952323,0.32660526
1356506468685,0.20810387,-0.3108649,0.927392,0.84199417,0.5394255,-0.008123666,-0.4977335,0.78254914,0.37400293
1356506468725,0.21559516,-0.3297394,0.9191249,0.8388749,0.54432225,-0.001493603,-0.49980754,0.7713529,0.39396337
1356506468765,0.2241677,-0.31722644,0.92147505,0.8285506,0.5598447,-0.00883016,-0.5130818,0.7654681,0.3883372
1356506468805,0.23319003,-0.27868924,0.9316409,0.8140476,0.5800097,-0.03025341,-0.53192955,0.7654548,0.36211875
1356506468846,0.23954831,-0.22299102,0.9449295,0.7988783,0.5983591,-0.06131801,-0.55173373,0.76957226,0.3214786
1356506468885,0.24047016,-0.15926105,0.95750195,0.78636384,0.6102612,-0.09598541,-0.5690395,0.77602655,0.27198672
1356506468925,0.23373568,-0.09664413,0.9674852,0.7796565,0.61317164,-0.12710696,-0.58095026,0.7840156,0.21866935
1356506468965,0.21887267,-0.041713625,0.9748613,0.780342,0.60729027,-0.14921427,-0.5857995,0.7933842,0.16547012
1356506469005,0.19661644,0.0019395351,0.9804785,0.78800446,0.59473157,-0.15919584,-0.5834303,0.803922,0.11540562
1356506469045,0.16822349,0.033062488,0.9851943,0.8009367,0.57802653,-0.15615943,-0.57463145,0.8153479,0.070756674
1356506469085,0.13521409,0.052197605,0.9894405,0.8170805,0.558978,-0.14114848,-0.5604431,0.8275379,0.032932103
1356506469125,0.098970726,0.060620338,0.99324214,0.83436763,0.53885823,-0.11602783,-0.5422504,0.84021246,0.0027515888
1356506469165,0.060618624,0.059446365,0.9963892,0.85071516,0.5190764,-0.08272511,-0.5221198,0.8526581,-0.01910621
1356506469205,0.021375075,0.04965356,0.9985378,0.8643477,0.50101715,-0.04341629,-0.50244033,0.86401176,-0.03220862
1356506469245,-0.016854748,0.03309846,0.9993099,0.8739849,0.48595113,-0.0013543367,-0.48566064,0.87335896,-0.037118137
1356506469285,-0.051400125,0.0129651725,0.998594,0.87871444,0.4757476,0.039052784,-0.47457236,0.8794863,-0.035846174
1356506469325,-0.079591066,-0.007712811,0.9967977,0.8783308,0.47232464,0.07378656,-0.47138116,0.8813909,-0.030818403
1356506469365,-0.09962359,-0.028077006,0.99462897,0.8735505,0.47615245,0.10093731,-0.47642905,0.87891436,-0.022909343
1356506469404,-0.10853228,-0.045434117,0.99305415,0.8674865,0.48352286,0.11693093,-0.485477,0.8741518,-0.013064325
1356506469445,-0.10682616,-0.060418308,0.9924403,0.8614704,0.49275437,0.1227268,-0.49644417,0.8680684,-5.904436E-4
1356506469485,-0.091159016,-0.070037365,0.9933704,0.856629,0.5031612,0.11408588,-0.5078157,0.8613498,0.014128327
1356506469525,-0.059873432,-0.07225382,0.9955875,0.8524775,0.5151913,0.088656485,-0.5193239,0.8540241,0.030748487
1356506469565,-0.011998057,-0.066304535,0.9977274,0.84744334,0.5289461,0.045342207,-0.5307504,0.84606135,0.049843013
1356506469605,0.051190034,-0.054983944,0.99717414,0.83976436,0.54279107,-0.0131800175,-0.5405326,0.838066,0.07395905
1356506469645,0.123436764,-0.04787132,0.9911971,0.8291191,0.55381256,-0.07650548,-0.545275,0.8312641,0.108051896
1356506469685,0.19290124,-0.059937477,0.97938585,0.8186715,0.5600492,-0.12697226,-0.5408938,0.8262884,0.1571033
1356506469725,0.24846093,-0.09855473,0.9636152,0.81337035,0.5614571,-0.15229788,-0.526019,0.82161605,0.2196616
1356506469765,0.28723967,-0.1520912,0.94570696,0.8135671,0.55985576,-0.15706724,-0.505571,0.814512,0.28454915
1356506469805,0.3161898,-0.19562379,0.92830783,0.812749,0.56058395,-0.15869668,-0.48934966,0.8046595,0.33624396
1356506469845,0.34374434,-0.210269,0.91521955,0.8045169,0.56862223,-0.17152661,-0.48434746,0.79527086,0.36462563
1356506469885,0.37270284,-0.19113278,0.9080533,0.7875481,0.5826921,-0.20059377,-0.49077544,0.78989756,0.3676973
1356506469925,0.39937878,-0.14457563,0.90531456,0.76528835,0.596311,-0.24237755,-0.5048071,0.7896272,0.348796
1356506469965,0.4176688,-0.082758516,0.9048225,0.7435936,0.6034008,-0.28805566,-0.5221316,0.79313207,0.31356037
1356506470005,0.4232267,-0.018455148,0.90583587,0.7283182,0.6016222,-0.3280293,-0.5389172,0.79856753,0.26806378
1356506470045,0.41508472,0.038731366,0.9089579,0.723274,0.5920158,-0.3555165,-0.5518871,0.8049951,0.21772334
1356506470086,0.3948595,0.083848566,0.91490734,0.72912645,0.5772828,-0.36758563,-0.5589818,0.8122277,0.16680938
1356506470125,0.36507756,0.11565372,0.9237654,0.7438383,0.560454,-0.36413708,-0.5598419,0.8200704,0.118581474
1356506470165,0.32858023,0.13562268,0.934688,0.7641001,0.5435178,-0.34747595,-0.55514526,0.82836884,0.074959874
1356506470205,0.2871201,0.14521274,0.9468238,0.7870028,0.5277201,-0.31959066,-0.5460666,0.8369138,0.037236214
1356506470245,0.24262795,0.14627042,0.959029,0.81034255,0.512949,-0.28324586,-0.5333634,0.8458654,0.005926609
1356506470285,0.19567432,0.139332,0.9707204,0.83256847,0.49946147,-0.23951611,-0.5182097,0.8550583,-0.018271625
1356506470325,0.14749701,0.124907255,0.9811436,0.85236466,0.4871502,-0.19015545,-0.50171614,0.86433953,-0.03461331
1356506470369,0.09924665,0.10406333,0.9896065,0.86823803,0.476797,-0.13721293,-0.48612022,0.8728319,-0.043031216
1356506470407,0.053689167,0.07947159,0.9953903,0.8785137,0.47010916,-0.08491847,-0.47469068,0.8790232,-0.04457712
1356506470447,0.0140398,0.054489166,0.9984157,0.882177,0.46938056,-0.03802201,-0.47070873,0.8813132,-0.04147911
1356506470487,-0.016656935,0.031210065,0.99937403,0.87981987,0.47530723,-1.7940998E-4,-0.47501528,0.8792662,-0.03537637
1356506470527,-0.036053658,0.0103370845,0.9992965,0.87357676,0.48596495,0.026490778,-0.48534924,0.8739172,-0.026551068
1356506470567,-0.04200077,-0.007165551,0.99909186,0.8660893,0.4982878,0.039983213,-0.49812183,0.8669821,-0.0147224665
1356506470607,-0.032452464,-0.019312382,0.99928665,0.8591725,0.51029056,0.037764132,-0.5106559,0.8597852,3.248453E-5
1356506470647,-0.005581677,-0.023563802,0.9997068,0.8530466,0.52155596,0.017056286,-0.521805,0.8528916,0.01718986
1356506470687,0.03928022,-0.018575221,0.9990556,0.8462976,0.5321971,-0.023379177,-0.53126025,0.8464167,0.036624968
1356506470727,0.10059656,-0.006216079,0.99490786,0.8366914,0.54161936,-0.081215054,-0.53835654,0.84060085,0.059686005
1356506470767,0.17260496,0.0057435334,0.98497444,0.822878,0.54876703,-0.14739946,-0.54136807,0.8359556,0.089993715
1356506470807,0.24565685,0.0048692226,0.9693446,0.8064818,0.55377775,-0.20716494,-0.5378102,0.83265024,0.13211232
1356506470847,0.3090069,-0.0194076,0.95086175,0.7924783,0.55802333,-0.24614662,-0.5258259,0.82959837,0.18781316
1356506470887,0.3566689,-0.06496614,0.9319693,0.7846846,0.5622199,-0.26111087,-0.5070083,0.824432,0.25150427
1356506470927,0.39064938,-0.11392769,0.91346234,0.78048456,0.5671425,-0.26304594,-0.4880951,0.8157021,0.31047267
1356506470967,0.41796076,-0.14508018,0.89680576,0.7732326,0.5750104,-0.26734695,-0.4768859,0.80517995,0.35251248
1356506471024,0.44367313,-0.14783633,0.883911,0.7591356,0.58619446,-0.28300044,-0.476306,0.7965679,0.3723065
1356506471045,0.46746954,-0.12398568,0.8752712,0.73977613,0.5969001,-0.31055027,-0.4839457,0.7926776,0.3707543
1356506471086,0.48639774,-0.0805355,0.8700179,0.71933055,0.6021292,-0.34641582,-0.4959644,0.79432636,0.350806
1356506471123,0.49628395,-0.028583944,0.86768955,0.703456,0.59896034,-0.38261753,-0.50877494,0.80026835,0.31736195
1356506471165,0.49590814,0.023864567,0.868047,0.69551474,0.5876053,-0.41349643,-0.5199369,0.80879575,0.27480012
1356506471205,0.4850688,0.069844395,0.8716822,0.6972796,0.57067275,-0.43374383,-0.5277398,0.8182019,0.22811449
1356506471245,0.46596533,0.10796189,0.87819165,0.70723885,0.5509722,-0.4429931,-0.53168565,0.82751065,0.1803791
1356506471285,0.440011,0.13745445,0.88741004,0.72313637,0.531669,-0.44091034,-0.5324135,0.8357239,0.1345419
1356506471325,0.40942127,0.15953669,0.89828855,0.74212205,0.5144761,-0.4296152,-0.5306874,0.8425333,0.092241764
1356506471368,0.3755063,0.17450377,0.9102436,0.7627381,0.49975058,-0.41046298,-0.5265221,0.84840894,0.054558814
1356506471406,0.3392066,0.18153936,0.9230289,0.784061,0.48760894,-0.3840388,-0.51979524,0.85397947,0.02306223
1356506471447,0.3029343,0.18077403,0.9357091,0.80496,0.47706592,-0.35277104,-0.51016676,0.8600749,-9.96232E-4
1356506471487,0.26762676,0.1718767,0.94806874,0.8244823,0.46832818,-0.31764385,-0.49860287,0.86667585,-0.016372144
1356506471527,0.2352595,0.15691024,0.9591831,0.840991,0.46185425,-0.28182396,-0.48722386,0.87296605,-0.023304522
1356506471567,0.20787874,0.14026186,0.96804595,0.8524393,0.45939037,-0.2496151,-0.4797225,0.8770901,-0.024067223
1356506471606,0.1872898,0.12631822,0.974149,0.8573113,0.46308592,-0.22487515,-0.47952053,0.87726575,-0.021562755
1356506471647,0.17462127,0.116540074,0.97771454,0.855663,0.47334743,-0.20924398,-0.48718393,0.8731326,-0.017062485
1356506471687,0.17093319,0.11026788,0.97909296,0.8494157,0.48705667,-0.20314732,-0.49927437,0.8663815,-0.010409117
1356506471726,0.17684454,0.10671893,0.9784361,0.8405825,0.5007589,-0.2065469,-0.51200306,0.8589829,-0.0011495948
1356506471767,0.19246365,0.10572335,0.97559226,0.8299031,0.51299304,-0.21931449,-0.52365875,0.8518572,0.010992348
1356506471807,0.21757461,0.10790002,0.9700613,0.81699854,0.5236379,-0.24148855,-0.53401744,0.8450804,0.025776148
1356506471847,0.24957748,0.111530036,0.9619106,0.80160475,0.5334938,-0.26984107,-0.5432688,0.83841836,0.04374504
1356506471887,0.28523853,0.11216053,0.95187134,0.78454566,0.5431645,-0.2990996,-0.55056995,0.8321012,0.06693637
1356506471927,0.32135707,0.10197914,0.94145095,0.768341,0.55304277,-0.32217363,-0.5535176,0.8268882,0.09936947
1356506471966,0.35533327,0.07237986,0.93193316,0.756479,0.56337297,-0.33219016,-0.54906976,0.8230262,0.14543134
1356506472005,0.38493,0.01782149,0.9227737,0.7522617,0.5732019,-0.3248721,-0.5347253,0.8192203,0.2072362
1356506472045,0.40637368,-0.054577082,0.9120756,0.7565634,0.5798029,-0.3023912,-0.51232046,0.8129269,0.27690762
1356506472085,0.4162565,-0.12877014,0.90008265,0.76677966,0.58172095,-0.2713848,-0.48865062,0.80313075,0.34088343
1356506472125,0.41189152,-0.18797877,0.89163303,0.7788546,0.58053976,-0.23740089,-0.4730021,0.79223585,0.3855275
1356506472165,0.39346254,-0.22496837,0.89139014,0.7902059,0.5782964,-0.20284948,-0.46985298,0.7841954,0.40530935
1356506472205,0.36149234,-0.24192467,0.90044194,0.80113304,0.5746473,-0.16723126,-0.4769792,0.7818266,0.40154448
1356506472245,0.3177842,-0.24328884,0.9164189,0.8121121,0.5686889,-0.1306397,-0.48937413,0.78575027,0.3782982
1356506472285,0.26561072,-0.23419991,0.9352013,0.8227066,0.56076944,-0.09322864,-0.50259817,0.7941587,0.34162414
1356506472325,0.20972505,-0.21652812,0.9534836,0.8315032,0.55254483,-0.05741641,-0.51441014,0.8048663,0.29592627
1356506472369,0.15395433,-0.19178519,0.96928656,0.8380525,0.54500383,-0.025274396,-0.5234176,0.8162042,0.24463177
1356506472406,0.10237491,-0.16452354,0.98104596,0.8425116,0.53867275,0.0024181902,-0.52886057,0.82629514,0.19375962
1356506472447,0.057626665,-0.1338588,0.98932356,0.84556484,0.53338075,0.022915214,-0.53075355,0.83521664,0.14392322
1356506472487,0.020007879,-0.10236308,0.99454594,0.8481109,0.52850187,0.037333727,-0.529441,0.8427382,0.0973894
1356506472527,-0.010514736,-0.07241106,0.99731946,0.85115045,0.5228195,0.046933353,-0.5248165,0.8493624,0.056135416
1356506472565,-0.034461915,-0.046863347,0.9983066,0.855737,0.514617,0.053698033,-0.516262,0.85613847,0.022368073
1356506472605,-0.052462935,-0.028337717,0.9982207,0.8624234,0.50266707,0.059595764,-0.5034615,0.8640155,-0.0019322634
1356506472645,-0.065148205,-0.017904192,0.997715,0.8707199,0.487384,0.065601945,-0.48744488,0.8730042,-0.016162634
1356506472685,-0.073152006,-0.014151663,0.9972204,0.87847877,0.4724545,0.07114625,-0.4721481,0.88124144,-0.022129059
1356506472725,-0.076836854,-0.014252424,0.9969418,0.8829787,0.46343473,0.07467878,-0.46308175,0.8860164,-0.023024261
1356506472765,-0.076061904,-0.015502512,0.9969826,0.8829123,0.46357906,0.074567616,-0.46333623,0.8859199,-0.021573365
1356506472805,-0.07034463,-0.016516954,0.997386,0.87879336,0.4720704,0.06979799,-0.47198924,0.8814061,-0.018692613
1356506472845,-0.058830142,-0.016168058,0.998137,0.8723292,0.4853124,0.059276253,-0.48536667,0.8741913,-0.014447153
1356506472885,-0.040922463,-0.013489634,0.99907136,0.8649137,0.50014514,0.0421803,-0.5002496,0.86583656,-0.008799791
1356506472925,-0.01615794,-0.007845253,0.9998387,0.857046,0.51492923,0.017890751,-0.5149865,0.8571968,-0.0015964508
1356506472965,0.015744597,3.1977892E-4,0.999876,0.84855026,0.52894175,-0.01353094,-0.5288805,0.8486581,0.008056581
1356506473005,0.05488029,0.008759201,0.9984545,0.8394683,0.54102063,-0.050887823,-0.5406303,0.84096366,0.022338271
1356506473045,0.10008182,0.010565609,0.9949231,0.8306817,0.5495237,-0.08939606,-0.54767835,0.8354113,0.04622066
1356506473085,0.14979614,-0.0040808916,0.9887085,0.82386696,0.5533785,-0.122537434,-0.54663,0.8329199,0.08625609
1356506473125,0.19938724,-0.04203105,0.97901905,0.8204896,0.5533984,-0.14334276,-0.53576267,0.83185565,0.14482659
1356506473165,0.24173039,-0.100712985,0.96510273,0.8209261,0.551504,-0.14806628,-0.51734585,0.82807016,0.21599323
1356506473205,0.27089816,-0.16393408,0.94854623,0.8231038,0.5503756,-0.1399531,-0.49911362,0.818665,0.28403047
1356506473245,0.2855478,-0.21339041,0.9343056,0.82422787,0.55210596,-0.12580714,-0.48898965,0.80600464,0.33353493
1356506473286,0.2882243,-0.23892388,0.9272766,0.82299674,0.55682707,-0.11233795,-0.4894925,0.7955243,0.35712475
1356506473325,0.28193596,-0.24263,0.9282472,0.8209356,0.561744,-0.10251075,-0.4965651,0.7909326,0.35755944
1356506473367,0.27021053,-0.22544864,0.9360337,0.81855655,0.56564415,-0.10005927,-0.50690377,0.79323363,0.3373855
1356506473406,0.2542029,-0.19599348,0.9470836,0.8173972,0.5669608,-0.10206497,-0.51695514,0.8000887,0.30432767
1356506473447,0.23628817,-0.15758023,0.95882034,0.81774724,0.5652341,-0.10862753,-0.5248405,0.80974007,0.26241893
1356506473487,0.21784079,-0.11524731,0.969156,0.82006264,0.5600325,-0.11773217,-0.52919054,0.82041556,0.21650791
1356506473527,0.20041507,-0.071998745,0.97706187,0.8242519,0.5514649,-0.12843376,-0.5295683,0.8310852,0.16986698
1356506473567,0.18497005,-0.03009963,0.9822831,0.82988906,0.5401499,-0.13972178,-0.5263746,0.84103036,0.12489092
1356506473606,0.1718928,0.008431643,0.9850796,0.8364732,0.5269448,-0.15047184,-0.52035135,0.8498577,0.08352518
1356506473647,0.16104816,0.041794658,0.9860613,0.843912,0.5122099,-0.15954202,-0.51173836,0.85784286,0.047219396
1356506473687,0.15200791,0.06789604,0.98604447,0.8523027,0.4961572,-0.1655542,-0.50047356,0.8655739,0.01755184
1356506473727,0.14431457,0.08494422,0.9858792,0.861537,0.4792995,-0.16740999,-0.4867519,0.873531,-0.004012704
1356506473767,0.13761741,0.09224188,0.986181,0.8707481,0.4632764,-0.16484153,-0.47207966,0.8814002,-0.016564548
1356506473807,0.13163342,0.09163609,0.98705393,0.87809014,0.45130533,-0.1590003,-0.46003288,0.88765216,-0.021057904
1356506473845,0.12627031,0.087078065,0.98816663,0.8814554,0.4471259,-0.15203565,-0.4550739,0.8902224,-0.020296693
1356506473885,0.12195814,0.08195406,0.989146,0.87994355,0.4521032,-0.1459521,-0.45915738,0.88819265,-0.01697725
1356506473925,0.119889796,0.077456266,0.9897611,0.8741509,0.46436197,-0.14222577,-0.47062373,0.882252,-0.012036204
1356506473965,0.121907294,0.07395309,0.9897826,0.86566585,0.4799193,-0.14247823,-0.48555246,0.8741901,-0.0055130124
1356506474005,0.12997907,0.07234207,0.9888742,0.85582936,0.4954133,-0.14873394,-0.50066113,0.8656398,0.0024809241
1356506474063,0.14532806,0.07324687,0.98666847,0.84498477,0.5095717,-0.16228813,-0.51466537,0.8573049,0.012162566
1356506474085,0.16879801,0.07621515,0.9826996,0.8330605,0.52183664,-0.18356657,-0.52679914,0.84963393,0.024593174
1356506474125,0.2000102,0.07747948,0.9767256,0.82035464,0.53183067,-0.21017697,-0.53573704,0.8432989,0.042810917
1356506474163,0.23740052,0.06964907,0.96891177,0.80791926,0.53964597,-0.23674634,-0.5393585,0.8390062,0.07184142
1356506474205,0.27765572,0.042564362,0.9597372,0.79800904,0.5459988,-0.25508216,-0.5348728,0.836704,0.117632985
1356506474245,0.31561938,-0.009154081,0.9488417,0.7934725,0.5509224,-0.25862277,-0.5203707,0.83450615,0.18114531
1356506474285,0.34455645,-0.0803512,0.93532056,0.7958684,0.5534012,-0.24564323,-0.4978698,0.82903004,0.25462693
1356506474325,0.3598972,-0.15211809,0.92050755,0.8022907,0.5540713,-0.22211435,-0.4762392,0.81845295,0.3214516
1356506474368,0.3621084,-0.2039971,0.9095398,0.807433,0.5561989,-0.19670969,-0.46575686,0.80562276,0.36611828
1356506474406,0.35411093,-0.23048666,0.90635604,0.81008744,0.5598552,-0.17412767,-0.46729404,0.7958882,0.3849652
1356506474447,0.34132445,-0.22891608,0.9116442,0.8090848,0.5652086,-0.16100046,-0.47841358,0.7925508,0.37813205
1356506474487,0.32424492,-0.2077393,0.9228811,0.80741006,0.56911093,-0.1555692,-0.49290392,0.79558605,0.3522621
1356506474527,0.30488664,-0.17398816,0.9363612,0.80649745,0.5701022,-0.15666953,-0.50656295,0.8029393,0.31413752
1356506474567,0.2847786,-0.1339812,0.94918394,0.80714226,0.56768584,-0.16203141,-0.5171292,0.81226957,0.26980662
1356506474607,0.26543617,-0.09172046,0.95975566,0.80944127,0.56200707,-0.1701552,-0.52378273,0.82203126,0.22341931
1356506474647,0.2479889,-0.04935977,0.9675046,0.81298935,0.55371445,-0.18013462,-0.52682996,0.8312423,0.17744398
1356506474687,0.23296323,-0.008338511,0.9724497,0.8172301,0.54369986,-0.19111621,-0.5271271,0.8392383,0.13347656
1356506474727,0.22028695,0.029744655,0.9749815,0.82201076,0.5324536,-0.20196882,-0.52513987,0.8459364,0.09284216
1356506474767,0.20929278,0.062435925,0.9758577,0.8279095,0.5197333,-0.21081504,-0.52034813,0.852044,0.057085156
1356506474807,0.19890974,0.08671737,0.97617364,0.83582395,0.5050706,-0.21517879,-0.51169634,0.85871047,0.02798301
1356506474847,0.18803726,0.10036725,0.97702014,0.84594816,0.48886538,-0.21303123,-0.4990127,0.86656624,0.0070194006
1356506474887,0.17626153,0.10408804,0.9788246,0.85683656,0.47324634,-0.2046195,-0.48452353,0.8747592,-0.0057712793
1356506474927,0.1643875,0.10207042,0.98110056,0.8654531,0.4622788,-0.19310421,-0.47325218,0.8808405,-0.012344301
1356506474967,0.1542917,0.099208,0.98303187,0.86897683,0.45985204,-0.18279862,-0.4701843,0.8824363,-0.015258074
1356506475007,0.14831366,0.097910136,0.9840816,0.86670876,0.46634632,-0.17702273,-0.4762552,0.8791671,-0.015694082
1356506475045,0.14904492,0.09833223,0.9839291,0.8599403,0.47832543,-0.17806622,-0.4881479,0.87266004,-0.013267875
1356506475085,0.15942146,0.10101578,0.9820288,0.85028315,0.491382,-0.18857968,-0.5016008,0.8650662,-0.007555127
1356506475126,0.18217452,0.10771862,0.977348,0.8380798,0.5028251,-0.21163437,-0.5142321,0.85765004,0.0013251305
1356506475165,0.22002256,0.12098381,0.96796334,0.82204115,0.5112448,-0.25075322,-0.5252032,0.850877,0.013031721
1356506475205,0.2734054,0.14074975,0.9515455,0.79995954,0.51605797,-0.3061842,-0.534148,0.8449104,0.028498948
1356506475245,0.33955702,0.16168353,0.92658484,0.77014244,0.5177554,-0.37257224,-0.53998303,0.8401118,0.051288128
1356506475285,0.4121121,0.17265594,0.8946248,0.7337034,0.5192869,-0.43820155,-0.5402249,0.83697736,0.08732617
1356506475325,0.482782,0.16088599,0.86083525,0.69629526,0.52564496,-0.48874363,-0.5311257,0.83535206,0.14174774
1356506475365,0.54473895,0.121762455,0.8297188,0.66534007,0.5395127,-0.5159929,-0.5104724,0.83312666,0.21288013
1356506475404,0.59651685,0.07554269,0.7990376,0.6393658,0.55707335,-0.52998173,-0.4851588,0.8270203,0.2840042
1356506475445,0.6379116,0.04307875,0.76890373,0.6134156,0.5752288,-0.5411407,-0.46560726,0.81685746,0.34052
1356506475485,0.67209786,0.041484654,0.73929936,0.5806375,0.590063,-0.56096864,-0.45950478,0.80629075,0.37249246
1356506475525,0.69847167,0.07008749,0.71219736,0.54287416,0.5965461,-0.59111786,-0.4662885,0.7995126,0.37862185
1356506475565,0.71435106,0.116322026,0.690052,0.5086494,0.59091854,-0.6261717,-0.48060206,0.798301,0.36295617
1356506475605,0.7189694,0.16697568,0.6746867,0.4856202,0.5737896,-0.6594987,-0.4972484,0.80180085,0.33145037
1356506475645,0.7142009,0.21443564,0.66628397,0.47640043,0.54847443,-0.68718153,-0.5127959,0.80820364,0.28956372
1356506475685,0.70293254,0.25549674,0.66378254,0.47979534,0.5185997,-0.7077081,-0.5250545,0.8159509,0.24195445
1356506475725,0.6880566,0.28994703,0.6652134,0.49240696,0.48680115,-0.7214984,-0.53302294,0.8239874,0.19217479
1356506475765,0.67178726,0.31854263,0.66875446,0.51046824,0.45513245,-0.7295729,-0.5367719,0.83149564,0.14314628
1356506475805,0.65564036,0.34180123,0.6732813,0.5311465,0.42499253,-0.7329834,-0.53667414,0.83818454,0.09709573
1356506475845,0.6405015,0.35892347,0.6789196,0.55324656,0.3974762,-0.73207307,-0.5326126,0.84450376,0.05601093
1356506475885,0.62676513,0.36803162,0.6868174,0.57674825,0.37357527,-0.72650045,-0.5239531,0.8514659,0.021882355
1356506475925,0.6142344,0.36736548,0.6983972,0.601568,0.35480142,-0.71570385,-0.5107172,0.85974336,-0.0030640662
1356506475965,0.6023475,0.35684627,0.71402955,0.6269346,0.34220007,-0.6998944,-0.49409568,0.86922944,-0.017595887
1356506476005,0.5904758,0.34057584,0.7316738,0.6503861,0.3359746,-0.6812628,-0.4778455,0.8781397,-0.02312094
1356506476045,0.57892936,0.32560495,0.7475441,0.66818297,0.33598393,-0.6638119,-0.46730322,0.88379645,-0.023052722
1356506476085,0.5689587,0.3173684,0.7586589,0.67752457,0.3419684,-0.65116674,-0.46609712,0.884497,-0.020458966
1356506476125,0.5619871,0.31648868,0.7642025,0.6781707,0.3526479,-0.6447665,-0.47355568,0.88061017,-0.01644978
1356506476165,0.5591198,0.32060748,0.76458865,0.6716165,0.3655769,-0.6444259,-0.48612374,0.8738217,-0.0109240115
1356506476205,0.5612041,0.32756123,0.7601011,0.65931976,0.378239,-0.64979434,-0.5003474,0.86581695,-0.003698349
1356506476245,0.5687419,0.33634287,0.7506038,0.64210737,0.38875514,-0.66073257,-0.5140338,0.8577545,0.0051330924
1356506476285,0.5811181,0.34556264,0.7368095,0.62076586,0.3972465,-0.6759031,-0.5262618,0.8501657,0.01633367
1356506476325,0.5974852,0.35159856,0.7206871,0.5966885,0.40547127,-0.6924997,-0.5356998,0.84378403,0.03246826
1356506476366,0.61691093,0.34713757,0.70634013,0.5728402,0.4173829,-0.70544004,-0.539699,0.8398137,0.058633715
1356506476405,0.6384678,0.3236864,0.6982736,0.55336344,0.43751532,-0.7087801,-0.5349279,0.83893234,0.10022324
1356506476445,0.66059434,0.27378732,0.6990391,0.54319155,0.46843538,-0.6967864,-0.5182259,0.8400053,0.16072679
1356506476485,0.679122,0.20160154,0.7057976,0.5451062,0.50543606,-0.6688749,-0.49158177,0.8389823,0.2333585
1356506476525,0.6884161,0.12498894,0.71446556,0.5571625,0.53954613,-0.63123685,-0.46438473,0.832627,0.3017931
1356506476565,0.6853467,0.06417787,0.7253834,0.57443726,0.5645788,-0.59268266,-0.44757318,0.8228803,0.35006607
1356506476605,0.66979414,0.02818191,0.74201185,0.5942077,0.57891965,-0.5583629,-0.445301,0.81489736,0.37101108
1356506476645,0.64234245,0.0134141445,0.7663004,0.6175186,0.58314663,-0.52783585,-0.45394593,0.8122561,0.36629635
1356506476685,0.6047177,0.014522195,0.79630756,0.6442735,0.5788714,-0.49981958,-0.4682182,0.81528956,0.3406975
1356506476725,0.5588589,0.025527894,0.82886976,0.6736194,0.56897306,-0.47170597,-0.4836462,0.8219598,0.30077955
1356506476765,0.50805163,0.042911977,0.860257,0.70318484,0.5561091,-0.44302797,-0.49740794,0.83000076,0.25235707
1356506476805,0.45586148,0.06326339,0.88779956,0.7309314,0.54255295,-0.41397545,-0.50786775,0.837636,0.20108777
1356506476845,0.4058299,0.085388005,0.9099511,0.75525194,0.5293448,-0.38650823,-0.5146811,0.8440989,0.15033448
1356506476885,0.3597762,0.10749179,0.9268261,0.77605534,0.51697844,-0.36120817,-0.51797605,0.8492224,0.10257697
1356506476925,0.31862295,0.12765726,0.93924594,0.79411924,0.5050787,-0.3380388,-0.5175462,0.85358024,0.059554577
1356506476965,0.2823771,0.14332625,0.9485361,0.8107449,0.4928911,-0.31583405,-0.5127923,0.8582051,0.022980154
1356506477005,0.25048566,0.15162516,0.95617306,0.8269807,0.4799962,-0.292757,-0.5033487,0.86406803,-0.005158901
1356506477045,0.22211114,0.15079448,0.96329004,0.84277105,0.4671285,-0.26744717,-0.49030977,0.8712359,-0.023330748
1356506477085,0.1969402,0.14183187,0.97010213,0.8568826,0.45591474,-0.24061155,-0.4764102,0.8786497,-0.031745315
1356506477132,0.1750835,0.126528,0.9763895,0.86686623,0.4503665,-0.213806,-0.46678558,0.88383293,-0.030831099
1356506477163,0.15685122,0.113488615,0.98108006,0.8721825,0.45013458,-0.19151142,-0.46335235,0.88571966,-0.028378606
1356506477205,0.14439964,0.10337862,0.98410445,0.8707886,0.45907742,-0.17599797,-0.46997458,0.88236094,-0.023730338
1356506477245,0.14121008,0.09684825,0.9852309,0.86457795,0.47272962,-0.17038655,-0.4822495,0.8758693,-0.016978681
1356506477285,0.1485445,0.09377304,0.9844496,0.8553386,0.4874401,-0.17549357,-0.4963168,0.86810637,-0.0078011155
1356506477325,0.1681509,0.09591612,0.9810838,0.84371746,0.5006765,-0.19355616,-0.5097708,0.8603041,0.0032631159
1356506477369,0.19966705,0.103235304,0.9744104,0.8291129,0.512177,-0.22415742,-0.52221155,0.852653,0.016671121
1356506477405,0.24436063,0.11672139,0.96263397,0.8103146,0.5206925,-0.2688301,-0.53261447,0.8457278,0.032655716
1356506477447,0.29449448,0.12496957,0.9474469,0.7890376,0.5275377,-0.31483918,-0.53915924,0.84028965,0.05675125
1356506477485,0.34897017,0.121302605,0.92924994,0.7663507,0.5337783,-0.35747346,-0.53937596,0.8368789,0.09331238
1356506477524,0.39864236,0.09190309,0.91249,0.74824035,0.5427313,-0.3815482,-0.5303023,0.8348632,0.1475901
1356506477565,0.43849444,0.03988725,0.89784837,0.7374314,0.5550828,-0.3848092,-0.5137291,0.83083826,0.2139866
1356506477606,0.46502912,-0.01756382,0.88512117,0.7324938,0.56913537,-0.3735475,-0.49719292,0.82205623,0.2775299
1356506477645,0.47923267,-0.06050822,0.8755996,0.7291204,0.5827992,-0.35878748,-0.48858917,0.81036025,0.32341424
1356506477685,0.4840489,-0.079591274,0.87141377,0.7251714,0.593818,-0.34857804,-0.48971742,0.80065316,0.34515426
1356506477725,0.48180747,-0.07595867,0.87297875,0.7214277,0.5998729,-0.34596908,-0.4973969,0.7964815,0.34382194
1356506477765,0.47369826,-0.055180937,0.87895674,0.7195051,0.59977925,-0.35011035,-0.5078606,0.7982605,0.32381737
1356506477805,0.46039775,-0.024382621,0.8873778,0.72045934,0.59426916,-0.35746664,-0.5186253,0.8038965,0.29116687
1356506477845,0.44340932,0.01224184,0.8962356,0.7240705,0.584473,-0.36621466,-0.52830863,0.8113208,0.25029686
1356506477885,0.42376727,0.05065897,0.9043534,0.73048997,0.5712158,-0.37429503,-0.53554237,0.8192351,0.20505667
1356506477925,0.4026901,0.087848365,0.91111106,0.7396596,0.5551314,-0.38043773,-0.53920716,0.8271105,0.15856802
1356506477965,0.3812198,0.121459365,0.916471,0.751447,0.5367439,-0.38371,-0.5385153,0.83495724,0.11334711
1356506478005,0.35995835,0.14897907,0.9209968,0.76587534,0.5165569,-0.3828888,-0.5327897,0.8431928,0.07183957
1356506478045,0.33919206,0.16787377,0.92561716,0.78272283,0.4954343,-0.3766825,-0.5218176,0.8522694,0.03664875
1356506478085,0.3191115,0.17638037,0.9311594,0.80140233,0.47424874,-0.3644756,-0.5058875,0.8625417,0.009986579
1356506478125,0.2996439,0.17435446,0.93798405,0.8205215,0.45453885,-0.34661055,-0.48678333,0.8734958,-0.006861806
1356506478165,0.28128523,0.16514128,0.94530785,0.8374439,0.4387666,-0.32584,-0.46857914,0.88329625,-0.014877975
1356506478205,0.26532358,0.15422335,0.951745,0.8491279,0.43021274,-0.3064292,-0.45671135,0.8894561,-0.016809762
1356506478245,0.25354302,0.14584476,0.9562663,0.85391253,0.43071306,-0.2920952,-0.45447692,0.89062655,-0.015334368
1356506478287,0.24783295,0.14101383,0.95848525,0.8517858,0.43963557,-0.28492385,-0.4615624,0.8870376,-0.011157393
1356506478325,0.25102985,0.14016154,0.9577781,0.8445662,0.4517427,-0.2874656,-0.47296086,0.8810694,-0.0049747825
1356506478369,0.26382142,0.14300719,0.95391154,0.83260655,0.46554017,-0.30006456,-0.48699558,0.8733964,0.0037507415
1356506478406,0.29114607,0.15355518,0.94427466,0.815186,0.47677281,-0.32887587,-0.5007051,0.86551046,0.013634443
1356506478447,0.3290325,0.16919664,0.9290372,0.7926171,0.4853064,-0.36910146,-0.5133184,0.8578171,0.025573432
1356506478487,0.37842718,0.18791604,0.90635556,0.7638578,0.48963746,-0.42044786,-0.52279454,0.85143566,0.041750968
1356506478527,0.43361613,0.19968611,0.8786936,0.73134094,0.4916847,-0.4726378,-0.5264194,0.84756804,0.067163795
1356506478567,0.48829818,0.19254097,0.85117143,0.6996008,0.49666536,-0.51369464,-0.52165467,0.84631646,0.10781899
1356506478607,0.5368515,0.16033411,0.82830155,0.67367125,0.50956523,-0.5352666,-0.50789523,0.84536165,0.16554835
1356506478646,0.5754414,0.1112459,0.81024164,0.65519595,0.530225,-0.53812623,-0.4894747,0.8405272,0.23222554
1356506478685,0.6027862,0.06512821,0.79524034,0.6407404,0.5544385,-0.5310835,-0.4755004,0.8296724,0.29247758
1356506478725,0.61970866,0.040666074,0.7837777,0.62615085,0.5764742,-0.52498823,-0.47317687,0.8161028,0.33178294
1356506478765,0.6269048,0.04333654,0.77788967,0.6113069,0.5916353,-0.52561533,-0.48300534,0.8050401,0.34440708
1356506478805,0.6231087,0.06578699,0.77936363,0.6011083,0.59724504,-0.5310059,-0.50040424,0.7993563,0.33260345
1356506478845,0.6076971,0.09707448,0.7882136,0.6001475,0.59388167,-0.5358429,-0.5201223,0.7986746,0.3026412
1356506478885,0.5815188,0.12785985,0.8034225,0.6105533,0.58407,-0.5348709,-0.5376435,0.80156976,0.26158246
1356506478925,0.5467384,0.15306196,0.8231945,0.6315775,0.57007885,-0.5254712,-0.5497154,0.8072064,0.21501353
1356506478965,0.5058784,0.17084186,0.84551764,0.66018915,0.5541919,-0.50697297,-0.55519116,0.81466824,0.1675657
1356506479005,0.46220058,0.18340811,0.86760134,0.69180405,0.5375077,-0.4821748,-0.5547772,0.82307166,0.1215539
1356506479045,0.41793042,0.19215372,0.8879252,0.72315574,0.5212283,-0.45317414,-0.5498908,0.8315035,0.07888013
1356506479085,0.37513205,0.19723052,0.90574616,0.75254446,0.5057249,-0.42180467,-0.5412511,0.83984673,0.041288853
1356506479125,0.3351751,0.19720706,0.9212855,0.7799052,0.49053806,-0.38874197,-0.5285883,0.848812,0.010613322
1356506479165,0.29864028,0.19051248,0.9351572,0.80540156,0.4753724,-0.35404712,-0.5119983,0.8589098,-0.011473715
1356506479205,0.26583531,0.17736769,0.94756126,0.8283677,0.4607351,-0.3186379,-0.49309087,0.86963433,-0.02444601
1356506479245,0.23675363,0.16112897,0.9581154,0.8466121,0.4495902,-0.28480962,-0.47665042,0.8785819,-0.02997166
1356506479285,0.2117495,0.14630643,0.9663108,0.8577291,0.44611675,-0.25550103,-0.46846884,0.88293505,-0.031026244
1356506479325,0.19139,0.13502565,0.97218204,0.8612448,0.45197612,-0.23232475,-0.4707729,0.8817514,-0.029786468
1356506479368,0.17654058,0.12650406,0.97613025,0.8585291,0.46525124,-0.21556696,-0.4814159,0.87609243,-0.026471674
1356506479406,0.16861287,0.119814575,0.9783732,0.85223895,0.4809827,-0.20577744,-0.49523574,0.8685045,-0.021010756
1356506479447,0.1685815,0.1147722,0.9789829,0.84356505,0.49696642,-0.20352489,-0.50988066,0.86014634,-0.013038456
1356506479485,0.17838123,0.113082856,0.9774418,0.83288157,0.5115752,-0.21118477,-0.52391636,0.8517647,-0.0029292107
1356506479525,0.19798979,0.11464736,0.9734763,0.82013166,0.5245347,-0.22857693,-0.5368278,0.8436346,0.009826541
1356506479565,0.22600581,0.115279466,0.9672808,0.8056562,0.5360499,-0.25212798,-0.547576,0.8362781,0.028274715
1356506479605,0.2598161,0.105829835,0.95984143,0.79122967,0.5464835,-0.27442914,-0.55358034,0.8307561,0.058249533
1356506479645,0.29445255,0.07399872,0.9527969,0.78047574,0.5567344,-0.284437,-0.55150276,0.827388,0.10617763
1356506479685,0.32354754,0.014359772,0.946103,0.7769736,0.56662744,-0.27430907,-0.5400269,0.8238491,0.17217374
1356506479725,0.34114808,-0.063087344,0.9378902,0.7812217,0.57392937,-0.245556,-0.52279127,0.8164711,0.24508011
1356506479765,0.34538817,-0.13631457,0.92850703,0.7893494,0.57732326,-0.2088669,-0.5075771,0.80505663,0.3070005
1356506479805,0.33889043,-0.1869733,0.9220598,0.7967181,0.57829,-0.17555848,-0.50039315,0.79411685,0.344942
1356506479845,0.32529595,-0.2087895,0.92227405,0.80140805,0.57856405,-0.1516867,-0.501924,0.78846085,0.3555301
1356506479885,0.30645138,-0.20498118,0.92955387,0.8040675,0.57841176,-0.13753271,-0.5094732,0.78957117,0.34207377
1356506479925,0.28325266,-0.18161419,0.9416921,0.80570734,0.57765883,-0.13094264,-0.5201957,0.79581815,0.3099513
1356506479965,0.25579828,-0.14690843,0.95550257,0.80760586,0.5757335,-0.12768582,-0.53135675,0.8043313,0.26591575
1356506480005,0.22585714,-0.105537236,0.9684268,0.81037354,0.5720608,-0.12665382,-0.54063237,0.8133931,0.2147286
1356506480045,0.19451661,-0.06237763,0.97891384,0.8146868,0.5660891,-0.12581173,-0.54630464,0.8219806,0.16093194
1356506480104,0.16327731,-0.020860195,0.98635966,0.8205241,0.55799466,-0.12402484,-0.5477962,0.82958233,0.10822415
1356506480126,0.13306576,0.015886664,0.9909799,0.8278763,0.54793525,-0.119948775,-0.5448984,0.8363699,0.0597592
1356506480165,0.10434565,0.04516685,0.99351496,0.83710897,0.53539383,-0.11225873,-0.53699213,0.843394,0.018056393
1356506480203,0.07699649,0.06450474,0.99494255,0.8483307,0.5200589,-0.09936732,-0.5238384,0.85169125,-0.014678657
1356506480245,0.050785765,0.0722284,0.9960944,0.86084974,0.50247943,-0.08032599,-0.50631875,0.8615669,-0.036659002
1356506480285,0.025588915,0.06844804,0.99732643,0.8729403,0.48464137,-0.055659145,-0.48715538,0.87203074,-0.047349572
1356506480325,0.00216116,0.055621803,0.9984495,0.8825659,0.4693508,-0.02805698,-0.47018367,0.8812582,-0.048075557
1356506480368,-0.0179739,0.038571566,0.99909425,0.8878256,0.4601767,-0.0017937124,-0.4598291,0.8869891,-0.042515993
1356506480406,-0.032963127,0.020810992,0.9992398,0.8882474,0.4589409,0.019743472,-0.45818114,0.88822293,-0.033613443
1356506480447,-0.04098618,0.003913641,0.99915206,0.8849659,0.46437734,0.034483165,-0.46384862,0.8856288,-0.022496521
1356506480487,-0.03990677,-0.010585964,0.9991474,0.87996256,0.47334245,0.04016143,-0.47336408,0.88081497,-0.009574354
