1356507363776,0.031536877,-0.52994573,-0.847445,-0.009494752,-0.84798735,0.5299315,-0.9994575,-0.008666098,-0.03177464
1356507363815,0.032083035,-0.047551468,-0.9983534,0.007142162,-0.9988312,0.04780375,-0.9994597,-0.00866409,-0.031705916
1356507363855,0.031671584,-0.047952913,-0.99834734,0.007149333,-0.998812,0.048202038,-0.9994728,-0.008664152,-0.031291127
1356507363897,0.030531585,-0.048886843,-0.99833757,0.007140998,-0.9987671,0.049126264,-0.9995083,-0.008629028,-0.03014484
1356507363935,0.028374135,-0.050382618,-0.99832684,0.0070648193,-0.9986939,0.050601937,-0.99957234,-0.008488787,-0.027981132
1356507363975,0.025089145,-0.052346315,-0.9983137,0.0069368146,-0.998595,0.052535392,-0.99966115,-0.008243185,-0.024690777
1356507364016,0.020911217,-0.05441983,-0.9982992,0.006947495,-0.99848545,0.054575518,-0.99975723,-0.008076921,-0.020501465
1356507364055,0.01648277,-0.05601971,-0.9982936,0.00748571,-0.99839437,0.056148954,-0.99983615,-0.008398427,-0.016036958
1356507364095,0.012876809,-0.056193914,-0.9983368,0.009071369,-0.99837196,0.056312896,-0.9998759,-0.009781413,-0.012346089
1356507364137,0.010806322,-0.05455152,-0.9984525,0.0123139005,-0.9984278,0.05468345,-0.99986583,-0.012885775,-0.01011759
1356507364175,0.010301411,-0.05155102,-0.9986173,0.0176713,-0.9985049,0.051727515,-0.9997908,-0.018179733,-0.009375036
1356507364215,0.0116016865,-0.04754791,-0.9988016,0.025286306,-0.99853545,0.047828954,-0.9996129,-0.025810894,-0.010382384
1356507364255,0.01599282,-0.041976657,-0.99899054,0.035030182,-0.99848145,0.042516064,-0.9992583,-0.035674777,-0.014498085
1356507364295,0.02528447,-0.033956997,-0.9991034,0.046791814,-0.9982873,0.035113428,-0.9985846,-0.047637682,-0.023652256
1356507364335,0.040616512,-0.02340374,-0.9989007,0.0605219,-0.99783236,0.025839604,-0.99734014,-0.061504886,-0.03911203
1356507364375,0.062108815,-0.011147339,-0.9980071,0.07608096,-0.99697536,0.015870547,-0.9951654,-0.07691504,-0.061072856
1356507364415,0.08944607,0.001967229,-0.9959897,0.093258925,-0.99562126,0.0064087287,-0.9916159,-0.09345817,-0.08923787
1356507364455,0.12180805,0.015084188,-0.99243903,0.11161198,-0.9937509,-0.0014053136,-0.9862584,-0.11059691,-0.122730434
1356507364495,0.15889597,0.029060312,-0.98686755,0.1311093,-0.991335,-0.008081902,-0.97855115,-0.12810335,-0.16132921
1356507364535,0.200257,0.045285262,-0.9786963,0.15170959,-0.988316,-0.014688157,-0.9679263,-0.14553621,-0.2047874
1356507364575,0.24497914,0.06597156,-0.9672813,0.17347264,-0.984565,-0.023215704,-0.9538829,-0.16210946,-0.25264215
1356507364615,0.29104668,0.09270878,-0.9522063,0.19636853,-0.97989154,-0.035383232,-0.9363392,-0.17668518,-0.30339926
1356507364655,0.33511978,0.12531355,-0.93380475,0.2198385,-0.9741582,-0.051834166,-0.91616905,-0.18791558,-0.35400844
1356507364719,0.37360555,0.16192526,-0.91334504,0.24234557,-0.9674854,-0.07239179,-0.89537007,-0.19429915,-0.4006998
1356507364737,0.4034043,0.198933,-0.89313525,0.26045865,-0.9606671,-0.096332826,-0.87716943,-0.19376373,-0.43935105
1356507364777,0.4227456,0.23178864,-0.8761051,0.2687974,-0.95530576,-0.12304013,-0.8654676,-0.18348008,-0.46615547
1356507364816,0.4311242,0.25644475,-0.8650827,0.2631179,-0.9528218,-0.15132618,-0.8630764,-0.16237834,-0.47825974
1356507364856,0.42922175,0.27055103,-0.8617255,0.24313366,-0.9534736,-0.17825282,-0.86985904,-0.13300449,-0.47503167
1356507364886,0.4213838,0.27838406,-0.8630979,0.2192468,-0.95476013,-0.20090762,-0.8799809,-0.10457223,-0.46335527
1356507364917,0.40779555,0.27577326,-0.870432,0.19006339,-0.95805526,-0.21449006,-0.8930726,-0.07796916,-0.44310507
1356507364947,0.38791156,0.2620163,-0.88366973,0.15640064,-0.9635508,-0.21704537,-0.9083301,-0.054012083,-0.414752
1356507364976,0.36111474,0.23643924,-0.9020491,0.11951102,-0.97108006,-0.20668967,-0.92483145,-0.03316614,-0.37892842
1356507365025,0.31100333,0.17497058,-0.93416387,0.0696643,-0.98446023,-0.1611984,-0.9478522,-0.014944635,-0.3183596
1356507365057,0.25593048,0.10819262,-0.9606216,0.029786658,-0.9941279,-0.10403055,-0.9662361,-0.001989115,-0.25765035
1356507365094,0.19458586,0.03187722,-0.98036736,0.0033781296,-0.99948764,-0.031828426,-0.9808796,0.002881555,-0.19459385
1356507365135,0.13451636,-0.042904023,-0.9899821,-0.0058162212,-0.9990792,0.04250798,-0.9908943,3.9938837E-5,-0.13464203
1356507365175,0.08234435,-0.107224226,-0.9908191,4.575774E-5,-0.994195,0.10759336,-0.99660397,-0.008905049,-0.08186144
1356507365215,0.04147786,-0.1563302,-0.9868335,0.015163459,-0.9874713,0.15706857,-0.99902433,-0.021478668,-0.03858769
1356507365255,0.011944652,-0.1896611,-0.98177695,0.034299433,-0.9811915,0.1899653,-0.9993402,-0.035943463,-0.0052147205
1356507365295,-0.007767141,-0.20848182,-0.9779955,0.05550874,-0.9766069,0.20774496,-0.9984281,-0.05267372,0.019157887
1356507365335,-0.019434988,-0.21434635,-0.9765643,0.07937908,-0.9739963,0.21220294,-0.996655,-0.073394604,0.035944283
1356507365375,-0.025213838,-0.20952566,-0.97747797,0.10547392,-0.9728889,0.2058213,-0.9941023,-0.09790889,0.046629816
1356507365415,-0.027622938,-0.19730802,-0.9799523,0.12935062,-0.9727897,0.19221975,-0.9912141,-0.12144776,0.052393287
1356507365455,-0.028709173,-0.18134104,-0.9830011,0.1445293,-0.97382563,0.17542732,-0.9890839,-0.13703609,0.054166883
1356507365495,-0.029523015,-0.16530934,-0.9857997,0.14788294,-0.9760987,0.15925375,-0.988564,-0.1410813,0.053263873
1356507365535,-0.030278802,-0.15328218,-0.98771846,0.14136417,-0.97889555,0.14757942,-0.98949444,-0.13515948,0.051308393
1356507365575,-0.030809522,-0.14989556,-0.9882216,0.12925987,-0.9809862,0.14476818,-0.99113196,-0.123277165,0.04959926
1356507365615,-0.030768096,-0.16020676,-0.9866038,0.11494908,-0.9810891,0.15572649,-0.9928947,-0.10861779,0.048601925
1356507365655,-0.029547036,-0.18839273,-0.9816492,0.099893875,-0.97771794,0.18463151,-0.99455935,-0.09260543,0.047707945
1356507365718,-0.026020944,-0.23497772,-0.9716524,0.083597414,-0.9690884,0.23211892,-0.9961598,-0.07518767,0.044860125
1356507365737,-0.01740545,-0.29760224,-0.9545313,0.06556966,-0.9529606,0.2959169,-0.99769616,-0.05743774,0.036100328
1356507365776,0.0014514923,-0.36333448,-0.93165755,0.044639364,-0.9307063,0.36303306,-0.9990021,-0.04211554,0.014868172
1356507365825,0.029124618,-0.42623785,-0.90414226,0.02065751,-0.9040761,0.4268721,-0.99936235,-0.03110981,-0.017525915
1356507365845,0.08454126,-0.43531188,-0.8963015,-0.007290244,-0.89976794,0.43630782,-0.9963933,-0.030351758,-0.07924104
1356507365885,0.170026,-0.3876038,-0.9060102,-0.02995795,-0.92100513,0.3883968,-0.9849841,-0.03889534,-0.16820663
1356507365922,0.27253026,-0.2826212,-0.9197024,-0.029601678,-0.95789576,0.28558618,-0.96169174,-0.050606146,-0.26942164
1356507365964,0.36274737,-0.15708283,-0.9185528,-0.003986776,-0.98594326,0.16703291,-0.931879,-0.05692868,-0.35827458
1356507366005,0.41983658,-0.0628209,-0.905423,0.02292275,-0.9965495,0.0797726,-0.9073102,-0.054246243,-0.4169479
1356507366045,0.44353473,-0.026673947,-0.89586014,0.02833248,-0.9986402,0.04376142,-0.89580923,-0.04479165,-0.44217587
1356507366085,0.43890846,-0.051145516,-0.897075,0.00706855,-0.99815124,0.060366645,-0.89850396,-0.032836452,-0.4377355
1356507366125,0.4085527,-0.12468976,-0.9041776,-0.03158462,-0.99196285,0.12252418,-0.9121881,-0.021499477,-0.40920737
1356507366165,0.3560381,-0.22476375,-0.9070381,-0.06994871,-0.97433,0.2139818,-0.93184984,-0.012739532,-0.36262053
1356507366205,0.2909016,-0.32328022,-0.9004811,-0.09084766,-0.9462653,0.31036866,-0.95243,-0.0084801465,-0.30463934
1356507366245,0.22525501,-0.40095067,-0.88797456,-0.08750735,-0.9160399,0.3914249,-0.9703621,-0.0104661435,-0.2414287
1356507366285,0.16793078,-0.45109546,-0.87653416,-0.06423533,-0.89227885,0.44689173,-0.9837038,-0.018742427,-0.17881736
1356507366325,0.12108618,-0.47831684,-0.8697995,-0.029805586,-0.87760377,0.47845927,-0.9921944,-0.03200993,-0.1205222
1356507366365,0.083618104,-0.48830685,-0.8686567,0.008566827,-0.8713251,0.4906315,-0.9964611,-0.04846731,-0.06867531
1356507366405,0.053761363,-0.48527175,-0.872709,0.04693578,-0.87177885,0.48764592,-0.99745005,-0.06717777,-0.02409136
1356507366445,0.030527234,-0.47052586,-0.88185805,0.08361179,-0.8779749,0.47134835,-0.99603075,-0.08812268,0.012539301
1356507366485,0.0132318735,-0.44406322,-0.89589775,0.11710748,-0.8891219,0.4424343,-0.99303114,-0.11077058,0.04023838
1356507366525,5.0610304E-4,-0.40761286,-0.9131547,0.145006,-0.9034737,0.40337178,-0.98943067,-0.13261709,0.058648944
1356507366565,-0.009406149,-0.36544663,-0.93078476,0.16380161,-0.91881555,0.35909194,-0.98644847,-0.14908637,0.06850326
1356507366605,-0.017488837,-0.32271826,-0.9463334,0.17024498,-0.9336182,0.31523588,-0.98524654,-0.15559542,0.071269065
1356507366645,-0.023577213,-0.2844414,-0.9584035,0.16406111,-0.9467738,0.27695388,-0.98616844,-0.15070695,0.068987995
1356507366685,-0.027160108,-0.25637326,-0.9661961,0.14905562,-0.9567858,0.2496863,-0.9884557,-0.13723546,0.06420034
1356507366727,-0.02816546,-0.24525252,-0.96904993,0.13030165,-0.9620637,0.23969717,-0.9910742,-0.11951764,0.05905384
1356507366766,-0.026687503,-0.25727394,-0.9659699,0.11126188,-0.96107453,0.2528962,-0.99343276,-0.10072645,0.054273516
1356507366806,-0.022389174,-0.2949556,-0.95524865,0.0923419,-0.9520138,0.29179245,-0.9954757,-0.08167648,0.0485515
1356507366836,-0.015476286,-0.35870415,-0.93332297,0.074232,-0.93127096,0.35668457,-0.9971209,-0.06376226,0.041040003
1356507366876,-0.0036574602,-0.42112124,-0.906997,0.05184625,-0.90586317,0.42038566,-0.99864846,-0.045486867,0.025146604
1356507366906,0.012791693,-0.49943203,-0.8662586,0.026799425,-0.865847,0.4995905,-0.9995589,-0.029605836,0.0023089051
1356507366945,0.04570681,-0.54172975,-0.8393091,-0.004383862,-0.8402878,0.5421227,-0.99894524,-0.0210993,-0.040781677
1356507366985,0.10263163,-0.54619604,-0.8313463,-0.03829515,-0.83730954,0.5453863,-0.99398196,-0.024137348,-0.1068511
1356507367025,0.18544513,-0.49519104,-0.8487614,-0.06140147,-0.8678948,0.49293852,-0.9807344,-0.039297834,-0.19135234
1356507367065,0.27851534,-0.398463,-0.87387437,-0.058536842,-0.91522765,0.3986625,-0.95864624,-0.059879765,-0.2782297
1356507367105,0.3533826,-0.30218038,-0.8853292,-0.03803894,-0.9502503,0.30915588,-0.9347052,-0.07557333,-0.34729654
1356507367145,0.3950143,-0.25081503,-0.88377345,-0.02556254,-0.9646372,0.2623387,-0.9183192,-0.08103604,-0.38745695
1356507367185,0.40446287,-0.256449,-0.8778631,-0.033962578,-0.96343035,0.26579788,-0.91392356,-0.0776909,-0.39838147
1356507367225,0.38621956,-0.30805582,-0.86944586,-0.0582017,-0.9488443,0.31033373,-0.9205689,-0.069253735,-0.3843916
1356507367265,0.3454557,-0.38433737,-0.85612214,-0.08496408,-0.92134976,0.37933588,-0.9345809,-0.058304116,-0.3509404
1356507367305,0.29009795,-0.46251905,-0.8378063,-0.1017891,-0.88539994,0.45354822,-0.9515683,-0.046293855,-0.3039321
1356507367346,0.22960103,-0.52685595,-0.81835574,-0.102804035,-0.8492427,0.51789784,-0.96784025,-0.034779593,-0.24914992
1356507367385,0.17215759,-0.5702332,-0.80324084,-0.08887415,-0.8210812,0.56385016,-0.9810521,-0.02568373,-0.19203436
1356507367426,0.12246281,-0.59252477,-0.7961892,-0.064688,-0.805287,0.58934563,-0.99036264,-0.020669043,-0.13694695
1356507367465,0.08183265,-0.5970495,-0.7980197,-0.034963638,-0.8019321,0.59639126,-0.99603266,-0.020902574,-0.086499244
1356507367505,0.050041795,-0.5870583,-0.8079965,-0.002290547,-0.8090754,0.58770037,-0.9987445,-0.027558833,-0.04183227
1356507367545,0.026752412,-0.56381345,-0.8254688,0.031764954,-0.82486784,0.56443244,-0.9991373,-0.04132092,-0.0041576996
1356507367585,0.011463344,-0.528089,-0.84911174,0.06589727,-0.8469226,0.52761716,-0.9977606,-0.062002435,0.025090959
1356507367625,0.0022252202,-0.48218024,-0.8760692,0.09731595,-0.8718087,0.4800825,-0.99525106,-0.08632381,0.044983864
1356507367665,-0.003215909,-0.43130532,-0.9022003,0.123077184,-0.8955162,0.42767122,-0.9923919,-0.10966489,0.055963784
1356507367716,-0.005479276,-0.37948692,-0.9251809,0.13915896,-0.91648173,0.3750946,-0.9902549,-0.12669194,0.05783072
1356507367756,-0.007618487,-0.3376204,-0.9412516,0.1442953,-0.9317987,0.3330618,-0.98950535,-0.13328075,0.055815876
1356507367797,-0.008938193,-0.31326926,-0.9496224,0.13970554,-0.94073755,0.30902332,-0.99015284,-0.12990537,0.052173883
1356507367837,-0.009132266,-0.3120951,-0.95000696,0.12915942,-0.94245636,0.30837297,-0.9915818,-0.11988621,0.048916787
1356507367875,-0.0080984235,-0.3364083,-0.94168144,0.11556327,-0.9357174,0.33328384,-0.9932671,-0.10612471,0.04645428
1356507367915,-0.005153775,-0.3849975,-0.92290324,0.10012671,-0.9184761,0.38259155,-0.9949613,-0.090435475,0.04328215
1356507367955,0.0011765361,-0.4513046,-0.8923692,0.08224036,-0.8893033,0.44986248,-0.9966119,-0.07391806,0.03606909
1356507367995,0.0139991045,-0.5238726,-0.85168165,0.060240477,-0.8497761,0.5236906,-0.9980858,-0.05863689,0.019662172
1356507368035,0.038823366,-0.5851728,-0.8099788,0.031858534,-0.8094529,0.5863199,-0.9987381,-0.048567653,-0.012782931
1356507368075,0.08285272,-0.6176391,-0.78208524,-0.0038315654,-0.7849751,0.6195154,-0.99655443,-0.048331916,-0.06740385
1356507368115,0.14956886,-0.6110662,-0.7773205,-0.04232809,-0.7894003,0.6124178,-0.9878448,-0.05869612,-0.14393497
1356507368155,0.23012239,-0.5703588,-0.78850144,-0.07354933,-0.81812304,0.57032025,-0.97037834,-0.0732497,-0.23021793
1356507368195,0.3031394,-0.51958644,-0.7988344,-0.09324491,-0.8504288,0.51776075,-0.94837326,-0.08246645,-0.30624726
1356507368235,0.3502978,-0.48727423,-0.7999095,-0.10874759,-0.8694046,0.48198503,-0.93030393,-0.0818501,-0.35754043
1356507368275,0.36562514,-0.48678732,-0.7933198,-0.1265114,-0.87041473,0.4757868,-0.92212427,-0.07359564,-0.37982965
1356507368315,0.3528912,-0.51167864,-0.78335994,-0.14337142,-0.8569068,0.49513173,-0.9246147,-0.06241621,-0.37575495
1356507368355,0.31782848,-0.5505969,-0.77189904,-0.15303533,-0.8332275,0.53133047,-0.93571645,-0.050744146,-0.3490842
1356507368395,0.2701164,-0.5882741,-0.76221436,-0.15007587,-0.8076901,0.5701877,-0.95105964,-0.039627045,-0.3064561
1356507368435,0.21662498,-0.6188607,-0.75503975,-0.1335541,-0.7849189,0.6050335,-0.9670765,-0.030226707,-0.25268444
1356507368475,0.16515332,-0.6370532,-0.7529194,-0.10545188,-0.77043223,0.6287401,-0.98061424,-0.024441719,-0.1944179
1356507368515,0.119375885,-0.64375603,-0.7558621,-0.06971288,-0.76486194,0.640411,-0.99039865,-0.023756295,-0.13618417
1356507368556,0.08087921,-0.640447,-0.7637318,-0.030761153,-0.76748097,0.6403333,-0.99624914,-0.028296381,-0.081774145
1356507368595,0.04967487,-0.6297449,-0.77521205,0.008189112,-0.77588737,0.63081825,-0.99873185,-0.037684113,-0.033385046
1356507368635,0.026318014,-0.613166,-0.78951555,0.0463067,-0.7881935,0.61368287,-0.9985805,-0.05271077,0.0076500103
1356507368675,0.01169014,-0.59100205,-0.8065854,0.08291727,-0.8032895,0.5897888,-0.9964879,-0.073774606,0.03961367
1356507368758,0.004829049,-0.56503445,-0.8250532,0.115879,-0.81918836,0.5616962,-0.9932517,-0.098318785,0.061519712
1356507368759,0.0029451847,-0.5384363,-0.842661,0.1411083,-0.83400923,0.53340125,-0.98998976,-0.12047744,0.073521584
1356507368792,0.002548933,-0.5146133,-0.8574186,0.15404217,-0.84698534,0.5088093,-0.988061,-0.13337556,0.07711324
1356507368835,0.0016982555,-0.49574667,-0.8684656,0.15364057,-0.858026,0.49008787,-0.9881254,-0.13426386,0.074709535
1356507368875,-1.6224384E-4,-0.48284566,-0.87570536,0.14431566,-0.86654955,0.4777706,-0.98953164,-0.12630048,0.06982285
1356507368915,-0.0030976534,-0.476464,-0.8791885,0.13101777,-0.8718074,0.47200227,-0.99137515,-0.1137272,0.06512585
1356507368955,-0.0067470074,-0.4767239,-0.87902725,0.116599694,-0.873426,0.47279122,-0.9931561,-0.09930441,0.061478823
1356507368995,-0.009974122,-0.4825964,-0.87578607,0.10101086,-0.87183595,0.47926927,-0.9948354,-0.083683655,0.057443168
1356507369035,-0.010157883,-0.49149913,-0.8708188,0.08280116,-0.8682864,0.48910397,-0.99651426,-0.06713654,0.049516708
1356507369075,-0.002508819,-0.4989655,-0.86661816,0.060894772,-0.8650889,0.49790868,-0.99814105,-0.051523358,0.032554742
1356507369115,0.021000445,-0.49765152,-0.8671228,0.034507766,-0.86643654,0.49809337,-0.99918383,-0.04038264,-0.0010227226
1356507369155,0.069258094,-0.47849408,-0.87535524,0.0050424337,-0.8772831,0.47994685,-0.997586,-0.0376541,-0.058346182
1356507369195,0.14614594,-0.432562,-0.88968056,-0.021020606,-0.90049154,0.43436527,-0.9890397,-0.044779092,-0.1406959
1356507369235,0.24147666,-0.35804117,-0.90193987,-0.03261842,-0.93191487,0.3612073,-0.9698583,-0.057803288,-0.23671442
1356507369275,0.3308295,-0.26752716,-0.9049757,-0.024832912,-0.96111095,0.27504367,-0.9433637,-0.06851939,-0.32460734
1356507369315,0.39220637,-0.18142933,-0.9018079,-0.006113358,-0.98084927,0.1946724,-0.9198569,-0.07083869,-0.38580447
1356507369355,0.41880316,-0.1128747,-0.9010345,0.011772484,-0.9914863,0.12967768,-0.9080007,-0.06491684,-0.41390878
1356507369395,0.414558,-0.06365566,-0.9077939,0.02372353,-0.99645555,0.08070644,-0.9097136,-0.054993574,-0.41157848
1356507369435,0.38457543,-0.032631285,-0.9225166,0.028109718,-0.99849755,0.047037166,-0.9226655,-0.04402102,-0.38308036
1356507369475,0.33494294,-0.015812369,-0.9421057,0.025565235,-0.99933857,0.025862072,-0.9418915,-0.032747474,-0.33431715
1356507369515,0.27181762,-0.010219337,-0.96229446,0.017957173,-0.9997156,0.015689073,-0.9621812,-0.021544656,-0.27155682
1356507369555,0.2026341,-0.012753646,-0.97917145,0.00936724,-0.9998442,0.014961405,-0.9792097,-0.012203824,-0.20248306
1356507369595,0.13287878,-0.022253435,-0.9908824,0.003928316,-0.9997282,0.022978887,-0.9911245,-0.006945906,-0.13275525
1356507369635,0.06857079,-0.036103174,-0.99699277,0.0046835616,-0.9993223,0.036509655,-0.9976352,-0.0071729748,-0.06835523
1356507369675,0.0130288005,-0.05250086,-0.99853593,0.013492681,-0.9985205,0.052676104,-0.9998241,-0.014159234,-0.012301147
1356507369730,-0.031184554,-0.069061294,-0.99712485,0.030998392,-0.997197,0.06809683,-0.9990328,-0.028785698,0.033237994
1356507369757,-0.06256229,-0.083547674,-0.994538,0.05652442,-0.9951872,0.08004649,-0.99643916,-0.05120778,0.06698367
1356507369797,-0.08096272,-0.09469837,-0.9922082,0.08740212,-0.99231595,0.08757678,-0.99287754,-0.07963064,0.08861756
1356507369837,-0.087914824,-0.10300607,-0.990788,0.11744418,-0.9887739,0.09237559,-0.98918045,-0.108241096,0.09902528
1356507369877,-0.08605552,-0.11012384,-0.9901855,0.13942346,-0.9854235,0.097477145,-0.98648655,-0.12966663,0.10015491
1356507369917,-0.078615904,-0.11873431,-0.989809,0.14954822,-0.98305124,0.10604577,-0.98562413,-0.13968728,0.095039904
1356507369957,-0.06886995,-0.1318762,-0.9888709,0.14955238,-0.98138815,0.120462716,-0.9863524,-0.13959172,0.08731061
1356507369995,-0.05929494,-0.15217909,-0.9865727,0.14354932,-0.9793394,0.14243577,-0.98786527,-0.13317613,0.07991502
1356507370035,-0.05089277,-0.18123196,-0.98212266,0.13449876,-0.97568214,0.17307386,-0.989606,-0.12328606,0.07403058
1356507370075,-0.04321468,-0.21863016,-0.97485036,0.122877,-0.9695167,0.2119869,-0.9914805,-0.11062574,0.068762034
1356507370115,-0.03420496,-0.26269275,-0.96427304,0.107969984,-0.960162,0.25774288,-0.9935655,-0.09529646,0.061205298
1356507370155,-0.019711494,-0.30839413,-0.95105433,0.08879286,-0.9480204,0.30557,-0.995855,-0.07842359,0.04607016
1356507370195,0.0075600743,-0.3469734,-0.9378445,0.06467998,-0.9357377,0.34671533,-0.9978775,-0.06328097,0.015367925
1356507370235,0.056604207,-0.36689425,-0.9285389,0.03616287,-0.92866635,0.3691491,-0.9977416,-0.05447401,-0.039298475
1356507370275,0.13112742,-0.3581921,-0.9243939,0.0072975606,-0.93207103,0.36220208,-0.99133873,-0.054240435,-0.11960614
1356507370315,0.22018439,-0.3208661,-0.9211752,-0.013912156,-0.9452881,0.3259398,-0.975359,-0.05895132,-0.21260163
1356507370355,0.3007524,-0.26919234,-0.91492265,-0.023180708,-0.96111774,0.2751641,-0.95342046,-0.061547726,-0.29529855
1356507370395,0.3543266,-0.2223478,-0.9083029,-0.025194913,-0.9732378,0.22841506,-0.93478227,-0.05804892,-0.35044608
1356507370435,0.37644935,-0.19178447,-0.90636885,-0.027233116,-0.9802062,0.19609722,-0.92603683,-0.049137436,-0.37422088
1356507370475,0.37036508,-0.17941535,-0.91139436,-0.03204634,-0.9830529,0.18049917,-0.9283333,-0.037643738,-0.3698381
1356507370515,0.34082103,-0.18317835,-0.9221099,-0.038861737,-0.98274094,0.18085909,-0.9393247,-0.025805786,-0.3420574
1356507370555,0.2945218,-0.1974673,-0.9350206,-0.04445512,-0.98019046,0.1930038,-0.95461017,-0.015277371,-0.2974659
1356507370595,0.23716408,-0.21845928,-0.9465879,-0.04558509,-0.97581685,0.21378374,-0.9703995,-0.0075515285,-0.24138719
1356507370635,0.17494369,-0.24179965,-0.9544253,-0.03961592,-0.97031826,0.23856458,-0.98378116,-0.0039249286,-0.17933017
1356507370675,0.11422068,-0.26357552,-0.9578526,-0.026223786,-0.9646266,0.26231244,-0.9931092,-0.0048429966,-0.11709225
1356507370731,0.058920503,-0.28227913,-0.95752126,-0.005978808,-0.95927024,0.28242683,-0.9982448,-0.01091589,-0.058208376
1356507370756,0.012582004,-0.29590452,-0.95513463,0.020212129,-0.9549398,0.2961104,-0.9997165,-0.023030967,-0.0060341377
1356507370797,-0.021939635,-0.3028517,-0.95278513,0.05118856,-0.9521048,0.30145675,-0.998448,-0.042157844,0.036391377
1356507370837,-0.043153048,-0.30226386,-0.952247,0.08421428,-0.9508432,0.2980019,-0.99551284,-0.067333095,0.066486716
1356507370876,-0.05214417,-0.29529697,-0.9539815,0.11499208,-0.95070225,0.2879965,-0.9919969,-0.09468296,0.083530456
1356507370915,-0.05157733,-0.28449804,-0.9572882,0.13831475,-0.9513609,0.2752843,-0.98904437,-0.118208624,0.08841899
1356507370955,-0.045188546,-0.27376866,-0.9607335,0.14984988,-0.9526922,0.26442897,-0.9876756,-0.13201663,0.084074914
1356507370995,-0.035764396,-0.26663533,-0.96313363,0.14933547,-0.95435524,0.25865978,-0.98813957,-0.1345792,0.07395011
1356507371035,-0.02564305,-0.26689956,-0.96338314,0.14048278,-0.955099,0.26086515,-0.98975104,-0.12864938,0.061986387
1356507371075,-0.01636064,-0.27757058,-0.9605659,0.12710366,-0.953478,0.27335754,-0.99175453,-0.11761913,0.050879747
1356507371115,-0.008380055,-0.30036542,-0.9537874,0.110958226,-0.94821,0.2976341,-0.99378973,-0.103336364,0.04127407
1356507371155,-8.201599E-4,-0.33457088,-0.9423703,0.09178834,-0.9384176,0.33308765,-0.9957782,-0.08622541,0.0314793
1356507371195,0.009072304,-0.37635642,-0.9264305,0.06833446,-0.92406946,0.37606645,-0.99762124,-0.066718906,0.017334731
1356507371235,0.026477456,-0.41795874,-0.90808016,0.0388557,-0.9072819,0.41872424,-0.99889404,-0.046370864,-0.0077824853
1356507371275,0.059039652,-0.44801906,-0.89207244,0.0022310913,-0.89356977,0.44891873,-0.9982531,-0.028494328,-0.05175647
1356507371315,0.11411166,-0.45362926,-0.8838547,-0.03889914,-0.89102393,0.45228666,-0.9927061,-0.01722999,-0.119322
1356507371355,0.19132906,-0.42611033,-0.88420767,-0.07492001,-0.904562,0.41970772,-0.97866243,-0.014057443,-0.20499319
1356507371395,0.2731881,-0.37289304,-0.8867463,-0.09434421,-0.9277534,0.36107177,-0.9573231,-0.014981121,-0.2886315
1356507371435,0.33710694,-0.3150261,-0.8871964,-0.09715604,-0.94896525,0.30004275,-0.9364399,-0.014949992,-0.35050946
1356507371475,0.37089354,-0.27291906,-0.8876673,-0.09341331,-0.96195835,0.25672948,-0.92396533,-0.012299404,-0.3822784
1356507371515,0.37426466,-0.25665978,-0.8910958,-0.09144146,-0.96646595,0.23996255,-0.9228025,-0.008326396,-0.3851834
1356507371573,0.35297263,-0.26558924,-0.89714694,-0.09283671,-0.9640755,0.248877,-0.93101645,-0.004558608,-0.3649487
1356507371595,0.31209862,-0.29688758,-0.90247005,-0.09556859,-0.9549113,0.28108907,-0.94523066,-0.00147973,-0.32639962
1356507371635,0.25871807,-0.3420701,-0.9033565,-0.094763115,-0.93967426,0.32868257,-0.9612933,5.687475E-4,-0.27552634
1356507371673,0.19973028,-0.39307877,-0.8975505,-0.086527824,-0.91950417,0.3834384,-0.9760229,0.0010788292,-0.21766508
1356507371716,0.14091414,-0.44356686,-0.88509417,-0.06949942,-0.89624125,0.43808842,-0.98757935,-2.1933019E-4,-0.1571207
1356507371756,0.08740562,-0.48819527,-0.86834645,-0.044834286,-0.87272716,0.48614526,-0.9951633,-0.003560111,-0.09816915
1356507371797,0.042759,-0.52368295,-0.8508395,-0.014023125,-0.851849,0.5235996,-0.99898696,-0.010457128,-0.043767832
1356507371837,0.010148644,-0.5463488,-0.83749634,0.021007717,-0.8372382,0.5464349,-0.9997279,-0.023139507,0.0029805973
1356507371877,-0.00940758,-0.55455387,-0.83209455,0.057504267,-0.83105433,0.5532105,-0.9983009,-0.04264462,0.03970748
1356507371915,-0.018137217,-0.55007255,-0.8349199,0.09093599,-0.8325038,0.54650533,-0.99569154,-0.06601216,0.0651207
1356507371955,-0.020150542,-0.53793675,-0.84274435,0.11597325,-0.8384831,0.53244376,-0.99304795,-0.08700678,0.079282165
1356507371995,-0.019383907,-0.52494246,-0.8509169,0.12863542,-0.8453128,0.51855487,-0.99150246,-0.099406436,0.08391172
1356507372035,-0.01790464,-0.5177722,-0.8553312,0.1294617,-0.8494673,0.51151246,-0.9914228,-0.10157417,0.08224106
1356507372075,-0.016439855,-0.5227233,-0.8523438,0.12282114,-0.84705883,0.51711327,-0.99229264,-0.09618455,0.078127116
1356507372115,-0.015297115,-0.54509485,-0.83823484,0.112905055,-0.83391285,0.5402239,-0.993488,-0.086377084,0.07430038
1356507372155,-0.014548004,-0.58786356,-0.8088292,0.10177718,-0.805584,0.5836743,-0.9947008,-0.073829085,0.07155076
1356507372195,-0.013704658,-0.6487702,-0.7608609,0.08936837,-0.7586818,0.6453024,-0.9959043,-0.05915323,0.06837702
1356507372235,-0.010787666,-0.71848035,-0.69546354,0.07359609,-0.6941882,0.7160212,-0.9972298,-0.043459207,0.060366035
1356507372276,-0.0014950633,-0.78270614,-0.6223897,0.049436003,-0.6216873,0.78170395,-0.9987762,-0.029599756,0.03962329
1356507372315,0.02020502,-0.829281,-0.55846643,0.008875489,-0.5584097,0.82951784,-0.99975646,-0.021717042,-0.003922358
1356507372355,0.059704125,-0.85307425,-0.5183626,-0.054627836,-0.521303,0.8516214,-0.99672025,-0.02252829,-0.077725545
1356507372395,0.11464369,-0.8568888,-0.5025918,-0.1355519,-0.514689,0.8465937,-0.98411506,-0.028929293,-0.17515871
1356507372435,0.1702956,-0.8500762,-0.49836713,-0.21578667,-0.5256502,0.8228778,-0.9614757,-0.032591462,-0.27295095
1356507372475,0.20662764,-0.8457618,-0.49192685,-0.2797496,-0.5328566,0.79862636,-0.9375741,-0.027401984,-0.34670436
1356507372515,0.21510202,-0.8497209,-0.481358,-0.32110268,-0.52702814,0.7868509,-0.9222929,-0.014687866,-0.38621247
1356507372555,0.20181265,-0.85770965,-0.47286975,-0.33750698,-0.51413417,0.7885145,-0.919435,4.64648E-4,-0.39324176
1356507372595,0.17665893,-0.8641014,-0.47129655,-0.3293397,-0.5031212,0.7990022,-0.92753816,0.014065802,-0.37346378
1356507372635,0.1461404,-0.8667331,-0.47688222,-0.30006838,-0.49818408,0.8134934,-0.94265676,0.024213046,-0.33288398
1356507372675,0.114836216,-0.86513466,-0.4882158,-0.25578362,-0.5006471,0.82699895,-0.9598893,0.02990815,-0.2787797
1356507372732,0.08504647,-0.86041534,-0.50244653,-0.20268735,-0.50866926,0.8367636,-0.9755434,0.030675799,-0.21765584
1356507372756,0.057996273,-0.8538119,-0.5173409,-0.14579326,-0.51990104,0.84169304,-0.9876137,0.026609749,-0.15463233
1356507372797,0.034848213,-0.8460131,-0.53202206,-0.0888896,-0.5328594,0.8415222,-0.9954317,0.017965645,-0.09377101
1356507372837,0.017226398,-0.83696157,-0.5469904,-0.034666955,-0.5472426,0.8362557,-0.9992504,0.0045568347,-0.03844188
1356507372877,0.0069379807,-0.82594,-0.5637153,0.015131086,-0.56357753,0.8259245,-0.9998614,-0.014259845,0.0085873455
1356507372915,0.004825473,-0.81193995,-0.583721,0.058701813,-0.58249116,0.8107146,-0.9982639,-0.03817755,0.044851556
1356507372955,0.009302616,-0.79459614,-0.60706717,0.09390205,-0.6037166,0.79164946,-0.99553806,-0.06436929,0.06899798
1356507372995,0.016767025,-0.7747935,-0.6319919,0.11845699,-0.6260899,0.7707006,-0.9928176,-0.0877862,0.08128208
1356507373035,0.022872508,-0.7546557,-0.6557221,0.13052139,-0.64802575,0.750351,-0.99118155,-0.102748156,0.083676785
1356507373075,0.025304437,-0.7364858,-0.6759795,0.13149285,-0.6678688,0.73257136,-0.9909941,-0.10742378,0.07994264
1356507373115,0.024310112,-0.7221155,-0.69134516,0.12571377,-0.6838517,0.7187091,-0.99176866,-0.1043835,0.07415536
1356507373155,0.020790577,-0.71315265,-0.7007004,0.11777356,-0.6942252,0.7100569,-0.9928229,-0.09728643,0.06955719
1356507373195,0.0152029395,-0.7110541,-0.70297295,0.109315425,-0.6976579,0.7080421,-0.9938908,-0.087610126,0.06712273
1356507373235,0.008068383,-0.7160511,-0.6980012,0.099054664,-0.6940185,0.71311045,-0.9950493,-0.07489389,0.065328635
1356507373275,0.0010059476,-0.7261653,-0.6875194,0.08405343,-0.68502533,0.7236541,-0.99646074,-0.058516264,0.0603476
1356507373315,-0.0017377138,-0.73690885,-0.67598987,0.06098193,-0.6748109,0.73546684,-0.99813735,-0.039945126,0.04611075
1356507373355,0.008126378,-0.74119127,-0.6712447,0.02547419,-0.6708955,0.74111414,-0.99964243,-0.023121953,0.013429344
1356507373395,0.040685833,-0.7308902,-0.6812813,-0.023931086,-0.6823631,0.73062164,-0.9988854,-0.013422132,-0.04525353
1356507373435,0.101548016,-0.6980132,-0.708848,-0.08048776,-0.71596,0.693486,-0.9915693,-0.013368487,-0.12888579
1356507373475,0.18336791,-0.6392716,-0.7467985,-0.12761584,-0.76873076,0.6267114,-0.97472584,-0.019615471,-0.22254173
1356507373515,0.26317018,-0.563954,-0.7827499,-0.15102047,-0.8254297,0.5439289,-0.9528558,-0.02493465,-0.30239707
1356507373555,0.319373,-0.49002624,-0.811095,-0.15277612,-0.87134916,0.46627256,-0.93523276,-0.024998933,-0.3531497
1356507373595,0.3437754,-0.43120193,-0.83419627,-0.14353754,-0.9020289,0.40711275,-0.92801696,-0.020216882,-0.371989
1356507373635,0.3399868,-0.39017183,-0.8556722,-0.13090833,-0.9206499,0.36778635,-0.93127435,-0.013027862,-0.36408556
1356507373675,0.3118673,-0.36871162,-0.8756658,-0.11915446,-0.929533,0.34895647,-0.94262457,-0.004488647,-0.33382457
1356507373731,0.26596516,-0.3625965,-0.89318883,-0.107926264,-0.9319362,0.34618902,-0.957922,0.004324317,-0.28699625
1356507373756,0.20940232,-0.36737883,-0.90619177,-0.09476091,-0.93000025,0.3551337,-0.9732272,0.011505738,-0.22955737
1356507373796,0.14912254,-0.3787819,-0.91339296,-0.077202305,-0.9253616,0.37114108,-0.9858003,0.015170544,-0.1672351
1356507373837,0.09073675,-0.393345,-0.91490245,-0.054170907,-0.9192815,0.3898552,-0.9944005,0.014186904,-0.10472047
1356507373875,0.039287627,-0.4072744,-0.91246045,-0.026128054,-0.913272,0.40651163,-0.99888635,0.007869929,-0.046521634
1356507373915,-0.0017236471,-0.4175323,-0.9086605,0.006058812,-0.90864944,0.41751575,-0.99998015,-0.0047857612,0.004095942
1356507373955,-0.030276358,-0.42149946,-0.90632313,0.040896893,-0.90650195,0.42021638,-0.9987046,-0.024343207,0.044683482
1356507373995,-0.04648447,-0.41792965,-0.9072894,0.07496174,-0.90716964,0.41403383,-0.99610233,-0.048765853,0.07349798
1356507374035,-0.052966774,-0.4081145,-0.9113929,0.103422835,-0.910008,0.4014837,-0.9932262,-0.07299353,0.090408534
1356507374075,-0.053874254,-0.39577547,-0.91676563,0.12147853,-0.9138774,0.38738984,-0.9911309,-0.090497,0.09731275
1356507374115,-0.05221367,-0.38505775,-0.9214142,0.12736599,-0.9177055,0.37629044,-0.9904805,-0.09770933,0.0969601
1356507374155,-0.049638867,-0.38006985,-0.9236249,0.1238901,-0.91996586,0.3719059,-0.9910536,-0.095967025,0.09275296
1356507374195,-0.046981156,-0.3847338,-0.92183113,0.11589636,-0.91871697,0.37752742,-0.9921496,-0.08910017,0.087751746
1356507374235,-0.04449469,-0.40214837,-0.9144926,0.10657953,-0.9120857,0.3959043,-0.99330807,-0.07985054,0.08344388
1356507374275,-0.041676044,-0.43335715,-0.90025806,0.09619555,-0.8985954,0.42810357,-0.99448955,-0.06875916,0.079137
1356507374315,-0.036702752,-0.47614193,-0.87860215,0.08300637,-0.87760884,0.47213617,-0.99587286,-0.05560085,0.071733534
1356507374355,-0.025381207,-0.52368045,-0.85153663,0.06424782,-0.8509045,0.5213768,-0.99761117,-0.041476205,0.055242267
1356507374395,-5.016327E-4,-0.56447846,-0.82544774,0.036217093,-0.8249166,0.56409323,-0.99934393,-0.029612362,0.020857453
1356507374453,0.046151996,-0.58523834,-0.8095467,-0.0041704774,-0.8105161,0.58570135,-0.9989257,-0.023655087,-0.039847605
1356507374475,0.11809921,-0.5754235,-0.8092839,-0.05376807,-0.8174973,0.57341707,-0.991545,-0.02420649,-0.12748519
1356507374515,0.2047528,-0.5360139,-0.8190027,-0.09919222,-0.8437851,0.52743495,-0.97377473,-0.026755065,-0.22593579
1356507374553,0.2820413,-0.4852311,-0.82764935,-0.1288764,-0.87401485,0.46849638,-0.95070684,-0.025470868,-0.30904314
1356507374595,0.33009106,-0.44737786,-0.83119965,-0.14538796,-0.8941442,0.4235192,-0.9326855,-0.018953472,-0.36019236
1356507374635,0.3444491,-0.43416187,-0.8323811,-0.15529868,-0.9007745,0.4055708,-0.925871,-0.010430798,-0.37769574
1356507374675,0.32878143,-0.44566545,-0.8326374,-0.1608114,-0.8951953,0.41565013,-0.930614,-0.002760455,-0.36599168
1356507374734,0.2912386,-0.47254664,-0.8317931,-0.16001518,-0.8812983,0.44464418,-0.943173,0.0036019683,-0.33228272
1356507374757,0.23906142,-0.507159,-0.82803345,-0.15110208,-0.8618017,0.4842169,-0.9591756,0.009359986,-0.2826563
1356507374797,0.17959195,-0.54244614,-0.8206698,-0.13266668,-0.8399675,0.52616936,-0.97475445,0.01437974,-0.22281593
1356507374837,0.120708466,-0.5720445,-0.81129193,-0.10548018,-0.8200321,0.56251335,-0.98706806,0.017675102,-0.15932417
1356507374877,0.06767082,-0.59343404,-0.8020328,-0.07221931,-0.80468035,0.5892995,-0.9950905,0.018043876,-0.09731078
1356507374916,0.024099767,-0.6050916,-0.79579103,-0.03585598,-0.7960332,0.6041899,-0.99906635,0.013973057,-0.040880322
1356507374955,-0.00773561,-0.6061492,-0.79531336,0.002084136,-0.7953451,0.6061532,-0.99996793,0.0030314326,0.007415831
1356507374995,-0.027139902,-0.5958562,-0.8026325,0.039552808,-0.8029396,0.5947467,-0.99884886,-0.015605003,0.045359433
1356507375035,-0.035775185,-0.575826,-0.8167892,0.07375008,-0.81660503,0.5724659,-0.9966349,-0.039758205,0.07168135
1356507375075,-0.038083076,-0.5504638,-0.83399,0.09948215,-0.8325377,0.5449625,-0.99431026,-0.062213257,0.08646697
1356507375115,-0.037968755,-0.5254759,-0.8499608,0.11280732,-0.8473909,0.51884794,-0.9928912,-0.0761818,0.09145191
1356507375155,-0.037620187,-0.50603044,-0.8616948,0.1141711,-0.8588353,0.49936664,-0.9927486,-0.07959439,0.09008354
1356507375195,-0.037569165,-0.49635613,-0.8673057,0.108134985,-0.8648412,0.49026164,-0.99342614,-0.07536736,0.08616483
1356507375235,-0.037779212,-0.49983296,-0.86529756,0.09940675,-0.8635004,0.49445468,-0.99432945,-0.067336306,0.08230907
1356507375275,-0.038005948,-0.5185112,-0.8542258,0.090133145,-0.85313773,0.5138405,-0.99520427,-0.05746506,0.07915935
1356507375315,-0.03751129,-0.55164814,-0.833233,0.07966441,-0.8328168,0.54778624,-0.9961157,-0.045830876,0.07518676
1356507375355,-0.034491956,-0.59463567,-0.80325514,0.065553844,-0.8033487,0.59189,-0.99725276,-0.032241046,0.06668961
1356507375395,-0.025133908,-0.6385547,-0.7691659,0.044272274,-0.7693651,0.6372733,-0.99870324,-0.018035501,0.04760745
1356507375435,-0.0025278926,-0.6714473,-0.7410479,0.011843115,-0.7410184,0.67138016,-0.9999266,-0.0070791245,0.009825304
1356507375475,0.042511165,-0.6808498,-0.73118824,-0.03322187,-0.73240846,0.6800544,-0.99854344,-0.004618436,-0.053754583
1356507375515,0.11518031,-0.65736866,-0.7447147,-0.083379805,-0.75345653,0.6521894,-0.989839,-0.013025194,-0.14159463
1356507375555,0.20581752,-0.60195255,-0.77155185,-0.12174408,-0.7980571,0.5901553,-0.9709879,-0.027532458,-0.23753828
1356507375595,0.28668112,-0.5359783,-0.79406625,-0.13908723,-0.8433601,0.51903605,-0.9478759,-0.03835337,-0.31632316
1356507375635,0.33647668,-0.48506802,-0.8071509,-0.14392401,-0.8735481,0.46497276,-0.9306285,-0.040284127,-0.3637415
1356507375675,0.35102904,-0.45987415,-0.81565577,-0.1461315,-0.8873197,0.4373892,-0.9248914,-0.034343287,-0.3786771
1356507375733,0.33525622,-0.45695776,-0.82388884,-0.1478308,-0.8891812,0.433016,-0.93045646,-0.023375139,-0.36565596
1356507375756,0.29702824,-0.46702534,-0.83286345,-0.14692318,-0.8841946,0.44341117,-0.94349766,-0.009338677,-0.33124763
1356507375797,0.24327731,-0.48299557,-0.84114885,-0.14099766,-0.8756008,0.4619988,-0.959654,0.0062062144,-0.28111506
1356507375837,0.18281472,-0.4967729,-0.8484076,-0.12759475,-0.86764073,0.48054045,-0.97483253,0.020402476,-0.2220031
1356507375877,0.12273866,-0.50453913,-0.8546201,-0.106608644,-0.86285114,0.49408755,-0.98669636,0.030466229,-0.15969342
1356507375915,0.067994475,-0.50475323,-0.86058176,-0.079554126,-0.8625744,0.4996364,-0.99450886,0.034490287,-0.09880549
1356507375955,0.021949291,-0.4967615,-0.86760956,-0.048262417,-0.8673333,0.49538237,-0.9985935,0.030999646,-0.04301226
1356507375995,-0.013143063,-0.48011333,-0.877108,-0.013671741,-0.8770154,0.48026758,-0.9998201,0.018303797,0.0049627423
1356507376035,-0.036271334,-0.45412666,-0.89019847,0.022644326,-0.89092934,0.45357686,-0.9990853,-0.0037060678,0.0425987
1356507376075,-0.048594773,-0.4199497,-0.90624547,0.057568982,-0.9069867,0.41720623,-0.99715817,-0.03189762,0.068250835
1356507376115,-0.053717375,-0.38134938,-0.92286897,0.08546452,-0.9225679,0.37625036,-0.9948921,-0.0586614,0.082149714
1356507376155,-0.054829597,-0.34313324,-0.93768513,0.101229586,-0.93616945,0.3366593,-0.9933511,-0.07646258,0.086064965
1356507376195,-0.054010272,-0.30960825,-0.94932896,0.10372204,-0.94731325,0.3030498,-0.99313873,-0.08209855,0.08327791
1356507376235,-0.05234635,-0.28500813,-0.95709467,0.0967743,-0.95534563,0.2791944,-0.9939289,-0.07800735,0.07759032
1356507376275,-0.050791323,-0.2736289,-0.9604934,0.08543698,-0.9593995,0.26879933,-0.9950481,-0.06840897,0.072107196
1356507376315,-0.049875498,-0.27874735,-0.9590685,0.07250915,-0.95874023,0.27488115,-0.9961199,-0.055831403,0.068029374
1356507376355,-0.048969746,-0.30126157,-0.95228326,0.058411323,-0.9526591,0.29837677,-0.9970908,-0.041012675,0.06424862
1356507376395,-0.045711875,-0.33835375,-0.939908,0.0423014,-0.9407033,0.33658272,-0.99805856,-0.024373606,0.057314157
1356507376435,-0.0350765,-0.381882,-0.9235452,0.022617921,-0.92418045,0.38128567,-0.99912864,-0.0075144917,0.041054457
1356507376475,-0.008591473,-0.41724184,-0.9087549,-0.00293988,-0.908774,0.41727838,-0.9999588,0.00625664,0.006581012
1356507376515,0.043872774,-0.4248503,-0.90419984,-0.03514093,-0.9051675,0.4235999,-0.9984189,0.013189912,-0.054641847
1356507376555,0.12751573,-0.38597158,-0.91365516,-0.06589794,-0.9224366,0.38048416,-0.989645,0.011690274,-0.14305991
1356507376595,0.22972393,-0.29827458,-0.92642283,-0.07696565,-0.9544665,0.28821856,-0.9702078,0.005092025,-0.2422207
1356507376635,0.32203335,-0.186566,-0.9281636,-0.060848296,-0.9824424,0.17636454,-0.9447709,-3.1808764E-4,-0.32773143
1356507376675,0.38090986,-0.09079108,-0.92014384,-0.03434038,-0.9958699,0.08404719,-0.9239743,-4.163161E-4,-0.38245445
1356507376734,0.4033156,-0.033758096,-0.91443807,-0.017388862,-0.9994216,0.029226005,-0.9148957,0.004113734,-0.40366933
1356507376756,0.39500654,-0.020921053,-0.91844004,-0.018460287,-0.99971956,0.014833033,-0.91849285,0.011095522,-0.39528197
1356507376797,0.36150974,-0.0473704,-0.9311642,-0.034927804,-0.99869555,0.037245702,-0.9317139,0.019058835,-0.3626927
1356507376836,0.30913866,-0.09970372,-0.9457761,-0.05686406,-0.99464774,0.08626905,-0.9493154,0.02711157,-0.31315362
1356507376877,0.24471503,-0.16460069,-0.95552146,-0.073896945,-0.98578495,0.15088849,-0.96677494,0.033685427,-0.25339988
1356507376915,0.17712903,-0.22697636,-0.95765704,-0.07830038,-0.9732088,0.21617982,-0.98106796,0.036693193,-0.19015586
1356507376955,0.11447996,-0.27562284,-0.9544247,-0.068541124,-0.960643,0.26919734,-0.9910583,0.034599632,-0.12886587
1356507376995,0.061070144,-0.30604202,-0.95005727,-0.047510877,-0.95164627,0.30349985,-0.9970021,0.026603281,-0.072657496
1356507377035,0.018324435,-0.3168923,-0.9482845,-0.019343972,-0.9483787,0.31654993,-0.999645,0.012542993,-0.023508519
1356507377075,-0.013661385,-0.30839133,-0.9511615,0.012065768,-0.95123184,0.30824083,-0.99983394,-0.0072654933,0.01671612
1356507377115,-0.03551972,-0.28185466,-0.95879936,0.043145753,-0.9589428,0.2802984,-0.99843717,-0.031412005,0.04622221
1356507377155,-0.04898709,-0.2413361,-0.96920437,0.06996858,-0.9688146,0.2377026,-0.9963456,-0.056169495,0.06434542
1356507377196,-0.05627829,-0.193607,-0.97946364,0.08815084,-0.9781509,0.1882825,-0.9945161,-0.075744316,0.07211527
