1356681902460,0.58737177,-0.45079872,-0.672142,-0.4652643,0.49146107,-0.73620313,0.66221106,0.7451486,0.07892975
1356681902501,0.74781734,-0.650529,-0.13259411,-0.047476202,0.14680797,-0.98802495,0.6622048,0.74515724,0.07890092
1356681902540,0.7478336,-0.65050495,-0.13262087,-0.047605187,0.14670625,-0.98803395,0.66217726,0.7451984,0.078744456
1356681902581,0.747896,-0.6504202,-0.13268477,-0.04795894,0.14641646,-0.98805976,0.66208124,0.7453294,0.07831083
1356681902621,0.74800813,-0.65030277,-0.13262784,-0.048519462,0.14571878,-0.9881356,0.6619137,0.7455685,0.07744649
1356681902661,0.7480983,-0.65031826,-0.1320419,-0.049082756,0.14420962,-0.9883291,0.6617702,0.74584836,0.07596357
1356681902701,0.74807024,-0.6506666,-0.13047552,-0.049354136,0.14151853,-0.98870456,0.6617817,0.74606,0.073752716
1356681902761,0.7478999,-0.6514101,-0.12771317,-0.04905671,0.13762918,-0.9892683,0.66199636,0.7461388,0.07097681
1356681902781,0.74764454,-0.65246165,-0.12377992,-0.047952056,0.13286272,-0.9899737,0.6623657,0.7460839,0.06804721
1356681902822,0.7473871,-0.65367544,-0.11883134,-0.04591179,0.12761617,-0.9907604,0.66280055,0.7459373,0.06536728
1356681902858,0.7472,-0.65491074,-0.11306611,-0.042904675,0.12223794,-0.991573,0.6632128,0.7457545,0.06323746
1356681902901,0.7470963,-0.6560954,-0.10670492,-0.038869053,0.11713278,-0.99235535,0.6635784,0.7455325,0.06200765
1356681902940,0.74706256,-0.65722144,-0.09978753,-0.033462852,0.11274164,-0.9930607,0.663911,0.7452177,0.062232554
1356681902981,0.747143,-0.6581936,-0.09251222,-0.02634713,0.1097489,-0.99361,0.66414094,0.7448062,0.0646566
1356681903021,0.74753755,-0.6587368,-0.08516687,-0.017315835,0.1088503,-0.99390733,0.66399384,0.74445784,0.06996308
1356681903061,0.7484783,-0.6585468,-0.07807875,-0.006353587,0.11061097,-0.9938435,0.66312885,0.74436635,0.07860577
1356681903101,0.7498532,-0.65778613,-0.070976466,0.006694168,0.11481714,-0.9933641,0.6615704,0.74440205,0.09049933
1356681903141,0.75109947,-0.6571764,-0.06299883,0.022371978,0.12070715,-0.9924361,0.6598099,0.74400884,0.10536541
1356681903181,0.75155133,-0.6575178,-0.05330053,0.041237116,0.127467,-0.99098516,0.65838444,0.74257827,0.122912124
1356681903221,0.7508411,-0.6591536,-0.041882157,0.063530356,0.13519378,-0.9887803,0.65742034,0.73975617,0.14338532
1356681903261,0.74888694,-0.6620519,-0.029250324,0.089108974,0.14433756,-0.98550814,0.6566795,0.7354277,0.16708729
1356681903301,0.74559325,-0.6662127,-0.01585403,0.11769721,0.15506299,-0.98086846,0.6559254,0.729463,0.19402528
1356681903341,0.7405495,-0.67200005,-0.0015408993,0.1491426,0.16659136,-0.9746814,0.6552426,0.72157,0.223593
1356681903401,0.7329651,-0.6801146,0.014361322,0.18350744,0.17735064,-0.96688765,0.6550475,0.71133035,0.25479794
1356681903423,0.72216713,-0.6909694,0.032185376,0.22018683,0.1855209,-0.9576533,0.65573806,0.69867253,0.28611946
1356681903462,0.7077463,-0.7045675,0.0517672,0.25831252,0.18988244,-0.94721663,0.6575483,0.68376124,0.31638718
1356681903492,0.6920317,-0.71844673,0.070189,0.29330257,0.19100298,-0.93674517,0.65959513,0.668844,0.34290236
1356681903522,0.6754656,-0.73220444,0.08730915,0.32497907,0.18930945,-0.9265801,0.66191757,0.65424657,0.3658231
1356681903552,0.65898097,-0.74510396,0.10278228,0.3527986,0.18550873,-0.91712576,0.664287,0.6406298,0.38511837
1356681903582,0.6438961,-0.7562511,0.11611226,0.37589994,0.18050206,-0.90891045,0.66640604,0.62889045,0.40049934
1356681903612,0.6316569,-0.764799,0.12685451,0.39334333,0.17516413,-0.9025512,0.6680498,0.62,0.4114722
1356681903642,0.6233963,-0.77019113,0.1348435,0.40445334,0.17003915,-0.89861244,0.66917455,0.6147296,0.41750807
1356681903682,0.622092,-0.7706362,0.13828063,0.40492666,0.16551742,-0.8992433,0.6701015,0.6154055,0.41501817
1356681903722,0.62584114,-0.7671988,0.14045966,0.3962877,0.15767676,-0.9044856,0.67177296,0.62172675,0.40271205
1356681903752,0.63049614,-0.76258236,0.14471611,0.38482958,0.1451981,-0.9114953,0.67407775,0.6303853,0.38501108
1356681903782,0.6376573,-0.756053,0.14757115,0.36728835,0.13001016,-0.920976,0.6771208,0.6414682,0.36059132
1356681903822,0.6502955,-0.7454966,0.14611864,0.33557016,0.10932836,-0.9356495,0.68154854,0.6574817,0.32126215
1356681903852,0.6616159,-0.7351279,0.14782196,0.30419445,0.08294892,-0.94899166,0.6853686,0.67283463,0.27850217
1356681903881,0.672732,-0.7248467,0.14842129,0.27074018,0.054475516,-0.9611099,0.68857205,0.6867529,0.23289254
1356681903920,0.68454474,-0.71413183,0.14633608,0.23020126,0.021300316,-0.9729099,0.6916689,0.6996871,0.17897505
1356681903961,0.6954579,-0.70425653,0.14269209,0.18789193,-0.0134420395,-0.9820977,0.69356686,0.7098183,0.12297577
1356681904000,0.7048379,-0.6960931,0.13659376,0.14680621,-0.045249388,-0.98812973,0.6940111,0.7165241,0.0702973
1356681904041,0.712124,-0.6903443,0.12768802,0.10915446,-0.070792615,-0.9915008,0.69351625,0.72000927,0.024941035
1356681904080,0.7169986,-0.6873299,0.11614919,0.07641423,-0.088119954,-0.99317455,0.69287366,0.72098017,-0.010660082
1356681904121,0.7193289,-0.68704104,0.102666974,0.049491495,-0.09673135,-0.99407923,0.6929044,0.72015107,-0.03557893
1356681904161,0.7189293,-0.68939304,0.08875784,0.028968304,-0.09786616,-0.994778,0.69447935,0.7177462,-0.050388336
1356681904200,0.71564925,-0.6942537,0.07653722,0.015280634,-0.093991384,-0.99545574,0.6982926,0.71356666,-0.056656234
1356681904241,0.7098457,-0.70109415,0.06772077,0.008405596,-0.08770682,-0.9961109,0.7043071,0.70765424,-0.056365207
1356681904283,0.7024703,-0.70889837,0.06323451,0.00791204,-0.08106445,-0.9966775,0.7116691,0.7006366,-0.05133654
1356681904322,0.6949826,-0.71627474,0.062847435,0.012380809,-0.07547231,-0.997071,0.71892,0.6937251,-0.043583885
1356681904362,0.6890459,-0.72176516,0.06535137,0.019561976,-0.071618706,-0.9972402,0.7244536,0.6884227,-0.035229415
1356681904402,0.6871165,-0.7234658,0.06684384,0.025279552,-0.06814012,-0.99735534,0.72610724,0.6869892,-0.028531298
1356681904440,0.6906351,-0.7203343,0.06435642,0.026466072,-0.063754484,-0.9976146,0.72271895,0.690691,-0.024966672
1356681904481,0.7012649,-0.711125,0.050287515,0.017630845,-0.053217903,-0.99842733,0.7126827,0.7010487,-0.024782121
1356681904521,0.7173742,-0.69623715,0.02506134,-7.276535E-4,-0.036720827,-0.9993252,0.6966877,0.7168719,-0.026849195
1356681904561,0.73566896,-0.677297,-0.0077471137,-0.025841683,-0.016635954,-0.99952763,0.6768482,0.7355216,-0.029741049
1356681904600,0.75271463,-0.6570262,-0.04168111,-0.05265972,0.003021717,-0.99860793,0.6562375,0.7538617,-0.032324314
1356681904641,0.76641965,-0.63842225,-0.07083765,-0.07605028,0.019317657,-0.9969169,0.6378223,0.76944387,-0.03374675
1356681904680,0.77622926,-0.6236751,-0.09218183,-0.092481226,0.031992167,-0.9952004,0.62363076,0.78102875,-0.03284499
1356681904721,0.7825787,-0.6134864,-0.10585356,-0.10041851,0.04341223,-0.99399775,0.61439943,0.7885111,-0.027631894
1356681904761,0.7862725,-0.60735244,-0.11357167,-0.09912896,0.057432115,-0.99341583,0.60987616,0.79235387,-0.015048921
1356681904801,0.78802127,-0.60448015,-0.116731346,-0.08752808,0.07767874,-0.99312884,0.60939425,0.79282385,0.008303508
1356681904841,0.7877524,-0.6052006,-0.114797324,-0.0622409,0.10720658,-0.9922867,0.61283946,0.7888212,0.04678403
1356681904881,0.78445613,-0.61099946,-0.10633984,-0.019730061,0.14679167,-0.98897064,0.6198703,0.77790225,0.103096575
1356681904921,0.777028,-0.6228208,-0.09122348,0.039298773,0.19263852,-0.9804826,0.6282381,0.7582774,0.17416161
1356681904961,0.76602507,-0.6387495,-0.07214418,0.106384724,0.23666024,-0.96575063,0.6339463,0.73211414,0.24924085
1356681905000,0.75499934,-0.65352863,-0.053631127,0.1658141,0.26940882,-0.9486435,0.63441443,0.70733243,0.31176776
1356681905041,0.74813145,-0.6624356,-0.038449734,0.20408092,0.2848447,-0.9365973,0.6313876,0.692851,0.34829175
1356681905080,0.7463786,-0.6650254,-0.025694937,0.21776746,0.2805261,-0.9348169,0.62888503,0.6921318,0.35419953
1356681905121,0.74832726,-0.66318816,-0.013703674,0.21006167,0.25652355,-0.94343513,0.6291903,0.7031196,0.33127397
1356681905160,0.75262225,-0.65844905,-0.0021391213,0.18647748,0.2162615,-0.9583616,0.631495,0.7208854,0.28554916
1356681905201,0.75802726,-0.65217084,0.008238286,0.15284182,0.16534247,-0.9743209,0.6340616,0.73982096,0.22501308
1356681905241,0.76247096,-0.6468015,0.016908377,0.114969224,0.10972023,-0.98729104,0.63672614,0.7547247,0.15802073
1356681905280,0.76383764,-0.64498,0.023512423,0.077548504,0.055551007,-0.99543977,0.6407326,0.7621777,0.09244919
1356681905321,0.7613018,-0.64782625,0.02721563,0.043131173,0.008716211,-0.99903136,0.64696157,0.76173824,0.03457719
1356681905361,0.7554586,-0.6546519,0.026706576,0.0125513375,-0.026293635,-0.99957544,0.65507615,0.7554731,-0.011646986
1356681905404,0.7471287,-0.66434443,0.021100253,-0.01386264,-0.047312528,-0.99878395,0.6645348,0.7459277,-0.044558138
1356681905442,0.7378402,-0.6749203,0.008623987,-0.03773734,-0.054005444,-0.9978273,0.6739197,0.7359116,-0.06531708
1356681905482,0.7279906,-0.6855445,-0.007638216,-0.05676782,-0.049172215,-0.9971757,0.6832328,0.7263682,-0.07471377
1356681905522,0.71835697,-0.69511616,-0.027870804,-0.07198152,-0.03442087,-0.99681187,0.6919408,0.7180729,-0.074762
1356681905552,0.7098417,-0.7025455,-0.050542176,-0.085603446,-0.01482296,-0.996219,0.69914,0.7114844,-0.07066226
1356681905582,0.7032338,-0.70727885,-0.072241664,-0.095998704,0.006216936,-0.99536204,0.7044476,0.7069073,-0.0635259
1356681905612,0.69929093,-0.70869195,-0.0935303,-0.10474068,0.02784729,-0.99410963,0.707122,0.7049682,-0.05475551
1356681905652,0.70058644,-0.70379686,-0.11767995,-0.11457753,0.051825084,-0.9920615,0.70430857,0.70850825,-0.044331357
1356681905691,0.7070445,-0.6922066,-0.1446999,-0.128043,0.075924754,-0.9888581,0.69548047,0.7176945,-0.034950003
1356681905728,0.71726215,-0.67508984,-0.17259437,-0.1449438,0.09772632,-0.98460186,0.6815617,0.7312341,-0.027754694
1356681905758,0.7276289,-0.65748674,-0.19562057,-0.16049238,0.114088535,-0.9804213,0.6669321,0.7447785,-0.022507489
1356681905801,0.7391719,-0.6374912,-0.21732423,-0.17717381,0.12726212,-0.9759169,0.64979553,0.7598745,-0.018878162
1356681905841,0.75069195,-0.6183025,-0.23273073,-0.1902529,0.13502651,-0.9724051,0.63266534,0.7742543,-0.016270533
1356681905881,0.76181537,-0.6009501,-0.2418599,-0.19854608,0.1387817,-0.97021604,0.61661714,0.78714585,-0.013590261
1356681905921,0.77275217,-0.5854177,-0.2452352,-0.20074596,0.14111403,-0.9694265,0.6021256,0.7983564,-0.008474067
1356681905961,0.78390247,-0.5710641,-0.24368566,-0.1948957,0.14632145,-0.9698483,0.589502,0.80775976,0.0034038126
1356681906001,0.7954275,-0.55774045,-0.2371092,-0.17759457,0.15955302,-0.97108346,0.579444,0.8145358,0.027861193
1356681906041,0.8068597,-0.54622257,-0.22498526,-0.14526194,0.18570572,-0.9718088,0.57260495,0.8167951,0.07049312
1356681906081,0.8170839,-0.53801787,-0.20714892,-0.09671478,0.22630072,-0.9692442,0.56834865,0.8119882,0.1328724
1356681906121,0.82473254,-0.5345659,-0.1845413,-0.03642896,0.27542382,-0.96063244,0.56434846,0.7989875,0.2076773
1356681906160,0.8287608,-0.5364952,-0.15914904,0.025394976,0.3201598,-0.94702315,0.5590265,0.78081405,0.27896017
1356681906201,0.8287072,-0.5435803,-0.13328467,0.078180954,0.3482386,-0.9341401,0.554195,0.76370835,0.33108544
1356681906241,0.8248527,-0.5547498,-0.1089526,0.115602955,0.3541509,-0.92801565,0.5534022,0.752881,0.35625303
1356681906281,0.81855965,-0.56768614,-0.08770774,0.13535184,0.33900627,-0.93099666,0.5582473,0.7502048,0.3543342
1356681906320,0.81168056,-0.57982075,-0.07058717,0.13774087,0.30744427,-0.9415442,0.5676285,0.7545103,0.32941157
1356681906360,0.80509716,-0.5902468,-0.058543265,0.12466583,0.26488328,-0.95618784,0.57989395,0.7625258,0.28684038
1356681906402,0.798322,-0.5999093,-0.052827448,0.098962694,0.21720725,-0.971096,0.59404397,0.77001935,0.23277
1356681906442,0.7903062,-0.61025333,-0.054837048,0.06388715,0.17108509,-0.9831828,0.6093723,0.773512,0.17419693
1356681906482,0.78013355,-0.6221645,-0.06559721,0.022837996,0.1331046,-0.9908388,0.625196,0.7714885,0.11804834
1356681906522,0.7672597,-0.6356312,-0.085354835,-0.02083537,0.10831419,-0.99389833,0.640998,0.76435655,0.0698615
1356681906562,0.75160325,-0.64983034,-0.11319509,-0.064136654,0.09879774,-0.99303854,0.65648997,0.7536309,0.032578766
1356681906602,0.7338853,-0.6631206,-0.14725226,-0.1048114,0.103637785,-0.9890772,0.67113847,0.74130297,0.0065556467
1356681906642,0.7157185,-0.6733786,-0.18522486,-0.14160386,0.11978781,-0.9826491,0.6838826,0.72952867,-0.009618655
1356681906682,0.69889736,-0.6789495,-0.22487777,-0.17444995,0.14309779,-0.9742126,0.6936207,0.7201045,-0.018432036
1356681906722,0.68450236,-0.67945635,-0.26418853,-0.20431551,0.16906846,-0.96419454,0.69979405,0.71397126,-0.023095727
1356681906763,0.67317814,-0.6752666,-0.30140698,-0.2323594,0.19379061,-0.9531287,0.7020259,0.71166015,-0.026448965
1356681906802,0.66553736,-0.66677856,-0.33536014,-0.2591197,0.21495652,-0.9416213,0.6999407,0.71358263,-0.02971387
1356681906841,0.66220003,-0.6542578,-0.36529148,-0.28436345,0.23160952,-0.93031955,0.6932738,0.71993315,-0.032675147
1356681906881,0.6626327,-0.6390805,-0.39050478,-0.30682123,0.24400401,-0.91995806,0.683212,0.7294094,-0.034398437
1356681906920,0.66598386,-0.62296677,-0.4103388,-0.32489374,0.25293186,-0.911301,0.67149806,0.7402283,-0.033949465
1356681906961,0.6720006,-0.6067096,-0.42463955,-0.3379209,0.2590115,-0.90483284,0.6589573,0.7515428,-0.030963957
1356681907001,0.681096,-0.589982,-0.4336237,-0.34619755,0.26235503,-0.90073144,0.6451786,0.76360404,-0.025561333
1356681907041,0.6940019,-0.57183146,-0.4374587,-0.3499702,0.2630579,-0.8990669,0.6291917,0.7770517,-0.017561257
1356681907081,0.7114271,-0.5512794,-0.43584678,-0.34856087,0.26173112,-0.90000117,0.6102268,0.7922044,-0.005951822
1356681907121,0.733786,-0.527638,-0.42796764,-0.3400715,0.2600725,-0.9037221,0.5881408,0.8086782,0.011402905
1356681907160,0.7607338,-0.50107193,-0.41256627,-0.3215376,0.26122606,-0.91015077,0.56382406,0.8250381,0.037610024
1356681907200,0.79065704,-0.4731061,-0.38862833,-0.28991246,0.2697787,-0.91824293,0.53927,0.8386835,0.076143086
1356681907241,0.8202375,-0.44797394,-0.35571024,-0.24313995,0.28983843,-0.9256763,0.5177773,0.8457617,0.128816
1356681907281,0.8450393,-0.43197924,-0.315123,-0.1818449,0.32203892,-0.9290981,0.50283295,0.84242797,0.19358233
1356681907321,0.861265,-0.4304678,-0.27003706,-0.11068669,0.35972607,-0.92646945,0.49595463,0.8278252,0.26217243
1356681907360,0.86715204,-0.44469655,-0.22425966,-0.038110092,0.3897143,-0.92014694,0.49658334,0.8064538,0.3209941
1356681907404,0.8626917,-0.4723823,-0.1806047,0.026761279,0.3992564,-0.91644865,0.5050217,0.7857794,0.35707673
1356681907442,0.85104054,-0.5059765,-0.14041987,0.07741207,0.38538772,-0.9195019,0.51936245,0.7716632,0.36714926
1356681907482,0.8348585,-0.54053116,-0.104102656,0.109462425,0.34836054,-0.93094724,0.53947127,0.7658139,0.3499996
1356681907522,0.8183547,-0.5701398,-0.072361305,0.12163317,0.2948757,-0.9477625,0.56169474,0.76680434,0.31066084
1356681907562,0.8049311,-0.5915404,-0.04653904,0.11525768,0.23280871,-0.9656686,0.58206666,0.7719328,0.25557452
1356681907602,0.79568374,-0.605036,-0.028615057,0.09371963,0.16964886,-0.98103815,0.59841794,0.77791435,0.1916906
1356681907642,0.7893405,-0.61363596,-0.019809663,0.06172681,0.11142072,-0.9918544,0.61084473,0.7816881,0.12582669
1356681907681,0.78370875,-0.6208158,-0.019705951,0.024668753,0.06281116,-0.9977205,0.62063843,0.7814361,0.064540416
1356681907721,0.77704763,-0.6288914,-0.026316375,-0.012182534,0.026775032,-0.9995672,0.62932384,0.77703196,0.013143994
1356681907761,0.76869994,-0.6385416,-0.036946177,-0.044626325,0.0040793046,-0.9989954,0.63805085,0.76957655,-0.025360003
1356681907800,0.75915956,-0.6490494,-0.049108356,-0.07015297,-0.0065804124,-0.99751455,0.6471131,0.7607178,-0.050528333
1356681907841,0.74971306,-0.65892506,-0.061222404,-0.0881235,-0.0077170357,-0.9960797,0.65586936,0.752169,-0.06385234
1356681907881,0.7417005,-0.6668862,-0.07171598,-0.098740816,-0.0028053299,-0.99510926,0.6634234,0.7451543,-0.06792958
1356681907920,0.73600864,-0.672569,-0.07708621,-0.101307094,0.0031615198,-0.9948502,0.6693491,0.7400277,-0.0658091
1356681907961,0.733255,-0.6762637,-0.07074234,-0.092989,0.003328234,-0.99566156,0.67356527,0.7366521,-0.060444638
1356681908001,0.734116,-0.6775346,-0.044949442,-0.06986144,-0.009518124,-0.9975113,0.67542064,0.73542935,-0.05432096
1356681908041,0.7385859,-0.6741419,0.004847735,-0.029498488,-0.03950058,-0.99878395,0.67351365,0.7375448,-0.049060747
1356681908081,0.744684,-0.6629617,0.07699072,0.027254611,-0.0850531,-0.9960036,0.6668606,0.74380624,-0.045268923
1356681908120,0.74924856,-0.6429487,0.15888199,0.09230095,-0.13618611,-0.9863741,0.6558255,0.75370437,-0.042692453
1356681908161,0.7544538,-0.6207172,0.21332984,0.13820176,-0.16750343,-0.97613674,0.64163834,0.7659326,-0.04058939
1356681908201,0.7712488,-0.61028993,0.18089059,0.11773783,-0.14250292,-0.9827668,0.62555015,0.77925545,-0.038050983
1356681908241,0.7935649,-0.60756046,0.03354186,0.0059063435,-0.04742977,-0.99885714,0.60845697,0.7928561,-0.034050137
1356681908281,0.7925473,-0.58637756,-0.16742219,-0.15089566,0.07743251,-0.98551244,0.5908463,0.8063285,-0.027112916
1356681908321,0.76813823,-0.5433251,-0.3387646,-0.28564543,0.18272495,-0.9407541,0.5730361,0.8193957,-0.014840305
1356681908360,0.74001634,-0.4913896,-0.4592517,-0.3789468,0.25951,-0.888287,0.55567545,0.8313789,0.0058311224
1356681908404,0.716287,-0.4338101,-0.5465727,-0.4422385,0.32367668,-0.83645594,0.53977585,0.840858,0.039997876
1356681908442,0.700755,-0.37400505,-0.60750526,-0.481015,0.38117215,-0.78951406,0.52684635,0.8454751,0.087206244
1356681908482,0.6889423,-0.30773553,-0.65624493,-0.5069704,0.44248042,-0.7397243,0.51801497,0.84232414,0.14883062
1356681908523,0.68112934,-0.23950154,-0.69188285,-0.5228116,0.50246584,-0.68861896,0.51257277,0.8307629,0.21703005
1356681908562,0.68010306,-0.1832937,-0.70983326,-0.5273841,0.55024177,-0.6473794,0.5092405,0.81463945,0.27755493
1356681908602,0.6896399,-0.15757126,-0.7068013,-0.51620615,0.57755053,-0.6324291,0.50786614,0.8010036,0.31696266
1356681908660,0.70862937,-0.17100339,-0.6845453,-0.48794347,0.58202696,-0.65050423,0.5096623,0.7949858,0.3290014
1356681908681,0.7302707,-0.21732727,-0.6476678,-0.4478263,0.5636552,-0.69407815,0.5159034,0.7969076,0.31429598
1356681908721,0.74717367,-0.2816665,-0.6019929,-0.40562078,0.52426744,-0.7487425,0.526501,0.8036216,0.27746904
1356681908759,0.75558734,-0.3486552,-0.5545514,-0.37111476,0.46976176,-0.8009979,0.5397791,0.81102616,0.22555496
1356681908801,0.7559866,-0.4098497,-0.51039946,-0.3484791,0.40806255,-0.8438289,0.5541179,0.81578684,0.16566573
1356681908841,0.7502555,-0.46203077,-0.4729103,-0.33721966,0.34782827,-0.8748133,0.56868225,0.8158082,0.10515423
1356681908881,0.74041563,-0.505764,-0.44270477,-0.333879,0.29489034,-0.89530134,0.5833606,0.81070495,0.04947743
1356681908920,0.72765404,-0.5408502,-0.4219013,-0.33679292,0.25412375,-0.90663755,0.59757024,0.8018118,0.0027596653
1356681908961,0.71278036,-0.5671355,-0.41267583,-0.3452122,0.2285017,-0.91028315,0.610551,0.7912927,-0.032910556
1356681909001,0.6959893,-0.58475304,-0.41672865,-0.35895297,0.21930513,-0.90722543,0.62189364,0.7810052,-0.057264835
1356681909040,0.676886,-0.5937488,-0.43507192,-0.37805173,0.22672752,-0.897592,0.63158697,0.7720472,-0.070999056
1356681909081,0.654422,-0.59345025,-0.46856022,-0.40296695,0.25062066,-0.88023114,0.63980424,0.76485693,-0.07512912
1356681909121,0.62689435,-0.58281547,-0.5170392,-0.43416148,0.28971308,-0.85297716,0.6469213,0.7592051,-0.07141656
1356681909160,0.5921467,-0.56055385,-0.57891417,-0.47213835,0.34084383,-0.81296426,0.65302956,0.7547217,-0.062829435
1356681909201,0.54698384,-0.5237074,-0.65309966,-0.518873,0.4001318,-0.75542396,0.656947,0.7520805,-0.052871972
1356681909241,0.4878208,-0.46883944,-0.73635614,-0.5751591,0.46192718,-0.675141,0.6566756,0.7528697,-0.04431957
1356681909281,0.41780132,-0.4002226,-0.81563705,-0.63362175,0.51503634,-0.57728755,0.6511263,0.7579969,-0.03840691
1356681909321,0.35398176,-0.3356046,-0.87296414,-0.68120474,0.54703724,-0.4865288,0.64082515,0.76688963,-0.034974277
1356681909361,0.31736392,-0.29400405,-0.90157735,-0.7113049,0.5549561,-0.4313572,0.6271566,0.77819365,-0.03300351
1356681909404,0.3162152,-0.28008187,-0.9064007,-0.7255461,0.5441641,-0.42126977,0.6112207,0.7908474,-0.031139314
1356681909442,0.34948486,-0.29013222,-0.8908892,-0.7237001,0.5203199,-0.45334905,0.5950785,0.8031753,-0.02812481
1356681909482,0.39518806,-0.30380327,-0.86690825,-0.71336514,0.4930704,-0.49798784,0.5787371,0.81522095,-0.021867096
1356681909522,0.44649178,-0.31320727,-0.8381804,-0.69610274,0.46698815,-0.54531,0.5622153,0.8269361,-0.009518027
1356681909562,0.49626535,-0.31101945,-0.81054765,-0.6754719,0.44819367,-0.5855426,0.54539746,0.83808666,0.012338132
1356681909602,0.54241425,-0.29454678,-0.78678393,-0.65311074,0.44122574,-0.6154399,0.5284252,0.84768045,0.046955466
1356681909642,0.585516,-0.26487255,-0.7661681,-0.6281114,0.4492625,-0.63532615,0.5124911,0.8532325,0.09668088
1356681909682,0.626564,-0.22698383,-0.74558425,-0.5981339,0.47326094,-0.6467302,0.49965322,0.8511771,0.16076154
1356681909722,0.66595364,-0.19063964,-0.72122276,-0.56166375,0.5081397,-0.6529378,0.49095777,0.83991104,0.23132214
1356681909763,0.7033245,-0.16900878,-0.69048584,-0.5190393,0.5416054,-0.66125786,0.48572922,0.8234681,0.29320216
1356681909802,0.7370473,-0.17199035,-0.65359056,-0.47220737,0.5608135,-0.6800797,0.48350954,0.8098812,0.33213097
1356681909842,0.7643628,-0.20089847,-0.61269015,-0.424366,0.5586679,-0.71260345,0.48545128,0.8046925,0.34177047
1356681909882,0.7826701,-0.24967355,-0.5701672,-0.38001782,0.53380865,-0.7554037,0.49296448,0.8079056,0.32291567
1356681909922,0.7909131,-0.3080849,-0.52871555,-0.3449641,0.48916283,-0.80107397,0.5054268,0.81596774,0.28060704
1356681909962,0.7902335,-0.36579436,-0.4916559,-0.32396978,0.4316445,-0.84185904,0.5201679,0.8245469,0.22259362
1356681910002,0.78300047,-0.4169682,-0.46157098,-0.31741145,0.3703237,-0.8729894,0.53493947,0.83005905,0.15761317
1356681910042,0.7712126,-0.46060783,-0.43939918,-0.321698,0.3136253,-0.89339215,0.54931015,0.830349,0.09369515
1356681910081,0.75614214,-0.49741128,-0.4252424,-0.3324171,0.2677855,-0.90431726,0.5636914,0.82515025,0.037135884
1356681910121,0.738789,-0.5276117,-0.4193051,-0.34638977,0.23642403,-0.9078093,0.5781046,0.81592256,-0.008091837
1356681910160,0.72004575,-0.55089647,-0.42195645,-0.361897,0.22071168,-0.9057135,0.59208506,0.80485994,-0.04044527
1356681910201,0.700583,-0.5670619,-0.43315628,-0.37798893,0.21995142,-0.8993029,0.6052338,0.79376453,-0.06024891
1356681910240,0.68087465,-0.5760025,-0.45236138,-0.3940994,0.23246378,-0.88918287,0.61732924,0.7836974,-0.06872356
1356681910281,0.66132355,-0.5774553,-0.4787448,-0.410148,0.2560022,-0.8753522,0.62803644,0.7752473,-0.06754181
1356681910320,0.6421921,-0.57147086,-0.5108918,-0.42663923,0.28724736,-0.8575944,0.6368425,0.7687068,-0.059343874
1356681910360,0.62373483,-0.55894095,-0.546388,-0.44450814,0.32133874,-0.8361543,0.6429365,0.76441246,-0.04802364
1356681910402,0.6064821,-0.54072416,-0.58292097,-0.46534193,0.35307124,-0.81166345,0.6446987,0.76351684,-0.03749025
1356681910442,0.59152246,-0.5190081,-0.6170347,-0.48888463,0.37768167,-0.78635126,0.6411654,0.7668032,-0.030327857
1356681910482,0.5801736,-0.4952791,-0.6466043,-0.51431847,0.39280263,-0.76235336,0.6315656,0.7748578,-0.026837468
1356681910522,0.5747593,-0.47285363,-0.66787803,-0.5375376,0.39722002,-0.74382085,0.617013,0.7865276,-0.02587071
1356681910562,0.5768752,-0.45363632,-0.67928565,-0.55533004,0.39204714,-0.7334218,0.5990188,0.8003206,-0.025755584
1356681910602,0.58699983,-0.43763304,-0.6811083,-0.56593716,0.37978363,-0.73176455,0.57891816,0.8150102,-0.024739891
1356681910642,0.60448825,-0.42357492,-0.67466897,-0.5688298,0.3634051,-0.73781395,0.5576976,0.82977164,-0.02126792
1356681910682,0.6281291,-0.40978706,-0.6614593,-0.56392676,0.34598348,-0.7498547,0.5361347,0.8440201,-0.01376763
1356681910722,0.65674466,-0.39494124,-0.64242345,-0.5505291,0.33109742,-0.7663499,0.5153679,0.856969,1.9788742E-5
1356681910763,0.68921685,-0.37819013,-0.6180229,-0.526954,0.32379282,-0.7857975,0.49729225,0.8672545,0.02387464
1356681910801,0.72452337,-0.36108732,-0.58709615,-0.49049777,0.32830587,-0.8072342,0.48422918,0.8728294,0.06075272
1356681910841,0.7601295,-0.34511447,-0.5505444,-0.44039643,0.34935278,-0.82704514,0.47775948,0.8711192,0.113566175
1356681910881,0.79378676,-0.33391094,-0.50833654,-0.37738055,0.38504094,-0.8422158,0.47695544,0.8603761,0.17962891
1356681910921,0.8225333,-0.33101073,-0.46246168,-0.30716404,0.42579445,-0.8510872,0.4786326,0.8420992,0.24855554
1356681910960,0.8439661,-0.33851576,-0.4160868,-0.23885308,0.45738545,-0.85659075,0.48028153,0.82231724,0.3051623
1356681911001,0.8568714,-0.35646245,-0.37243232,-0.18061158,0.46906888,-0.8644963,0.4828569,0.8080278,0.33755046
1356681911040,0.86119294,-0.38326403,-0.33384934,-0.13689134,0.4576615,-0.8785253,0.48949715,0.80228084,0.34166932
1356681911080,0.85806197,-0.415537,-0.30175924,-0.10968201,0.4257533,-0.898167,0.50169665,0.80378056,0.31974578
1356681911121,0.8497661,-0.44855088,-0.27694717,-0.09984715,0.37889743,-0.9200365,0.51761776,0.8094682,0.27718765
1356681911160,0.83876884,-0.47848964,-0.25983548,-0.10654651,0.32374778,-0.9401251,0.5339613,0.8162322,0.22056815
1356681911201,0.82652795,-0.504006,-0.250658,-0.12678081,0.26717645,-0.95527136,0.54843247,0.8213371,0.1569305
1356681911241,0.8133831,-0.5255157,-0.24948205,-0.15613857,0.21590713,-0.96384895,0.56038266,0.82293224,0.09356195
1356681911281,0.7992116,-0.54375535,-0.2561071,-0.18997793,0.17572272,-0.9659347,0.570236,0.820641,0.03713812
1356681911321,0.78394365,-0.5591057,-0.26987627,-0.22447877,0.15001646,-0.9628626,0.57882786,0.81541145,-0.007902905
1356681911360,0.7677506,-0.5715076,-0.28972074,-0.2571574,0.13931549,-0.95627475,0.5868808,0.80868435,-0.040007845
1356681911403,0.7509365,-0.58091414,-0.31405914,-0.2863842,0.14205644,-0.9475252,0.595045,0.80147284,-0.0596893
1356681911442,0.7338144,-0.58726436,-0.34152156,-0.3121946,0.1549772,-0.93729216,0.6033663,0.7944197,-0.06961624
1356681911482,0.71724236,-0.5911143,-0.36898133,-0.33292452,0.17447829,-0.9266707,0.61214757,0.78749037,-0.07165325
1356681911522,0.70194185,-0.59242284,-0.39536417,-0.34906244,0.19771928,-0.9160035,0.62083256,0.78098804,-0.068005145
1356681911562,0.6892116,-0.590525,-0.41984236,-0.36169833,0.22167522,-0.9055575,0.627823,0.775977,-0.060810745
1356681911601,0.68046474,-0.58418334,-0.4423773,-0.37289464,0.24363288,-0.8953171,0.6308069,0.77419174,-0.05205527
1356681911659,0.6764855,-0.57265997,-0.46306363,-0.3845335,0.26159468,-0.8852696,0.6280935,0.7769355,-0.043241948
1356681911681,0.67711604,-0.55661905,-0.4813409,-0.39704725,0.27437732,-0.87582564,0.61957026,0.7841507,-0.035218775
1356681911721,0.6818051,-0.5376916,-0.4960137,-0.40932605,0.28155437,-0.867859,0.6062953,0.794742,-0.028125942
1356681911758,0.6900965,-0.5178483,-0.50556886,-0.4191691,0.28347296,-0.86251974,0.5899695,0.8071407,-0.021442354
1356681911801,0.7018412,-0.49830338,-0.5090312,-0.42454204,0.28120828,-0.86063117,0.5719992,0.8201315,-0.014187187
1356681911841,0.7171035,-0.48006156,-0.50527567,-0.42330858,0.2759381,-0.8629415,0.5536898,0.83270586,-0.005338013
1356681911881,0.7358966,-0.4626607,-0.49436957,-0.4143698,0.26971233,-0.8692255,0.535494,0.84451187,0.00676775
1356681911921,0.7582267,-0.44551352,-0.4760357,-0.39615968,0.26508033,-0.87908477,0.5178318,0.8551317,0.02449651
1356681911960,0.7833121,-0.42868942,-0.4501639,-0.3669588,0.26564342,-0.89150137,0.5017603,0.86351544,0.050770342
1356681912001,0.80930865,-0.41371867,-0.41696087,-0.32506385,0.27578986,-0.90458465,0.48923716,0.86762714,0.08871412
1356681912041,0.83335716,-0.40396762,-0.37726116,-0.26953351,0.2988853,-0.91543394,0.4825635,0.86456794,0.14019537
1356681912081,0.8522223,-0.4032598,-0.33331466,-0.20198333,0.33409882,-0.9206414,0.48261774,0.8519151,0.20327471
1356681912121,0.8637418,-0.4131283,-0.28857416,-0.12816349,0.37372482,-0.91864234,0.48736447,0.8304545,0.2698538
1356681912160,0.8681164,-0.43086505,-0.2464329,-0.05790226,0.40518358,-0.9123999,0.49297178,0.8063383,0.32679847
1356681912201,0.86769325,-0.45102257,-0.20901458,-0.0012986362,0.4184097,-0.9082575,0.49709833,0.78836036,0.36246556
1356681912241,0.86502194,-0.4695869,-0.1767064,0.03637266,0.40995565,-0.91138,0.5004139,0.78193647,0.37170076
1356681912281,0.86135364,-0.48572233,-0.14880772,0.05530241,0.38083965,-0.9229858,0.5049867,0.78678775,0.35489923
1356681912321,0.8571401,-0.49974766,-0.124752074,0.05833122,0.3348177,-0.94047564,0.5117698,0.7988425,0.3161366
1356681912360,0.8527832,-0.5116206,-0.104905546,0.048659503,0.27782738,-0.9593978,0.5199933,0.8130536,0.26182175
1356681912403,0.8482007,-0.52195543,-0.09010081,0.029118285,0.21579778,-0.97600394,0.52887404,0.8252236,0.19823825
1356681912442,0.8430368,-0.53165686,-0.08142452,0.0041454732,0.1578055,-0.9874615,0.5378399,0.8321288,0.13523981
1356681912482,0.8362598,-0.54279506,-0.077736706,-0.022453755,0.10775193,-0.99392426,0.5478735,0.83292437,0.07792082
1356681912522,0.82756704,-0.5557717,-0.07906096,-0.048242778,0.069904804,-0.99638647,0.5592901,0.8283908,0.03103894
1356681912562,0.817214,-0.57010496,-0.08450763,-0.07125123,0.045565933,-0.99641716,0.57191294,0.8203074,-0.003383547
1356681912602,0.80590713,-0.5846167,-0.09347175,-0.091015816,0.0336636,-0.99528027,0.5850041,0.8106109,-0.026079625
1356681912641,0.79451346,-0.5979754,-0.10570629,-0.10812177,0.03198787,-0.99362296,0.59754336,0.80087596,-0.039239362
1356681912681,0.7836729,-0.60930574,-0.120843485,-0.12309359,0.038354725,-0.9916536,0.6088552,0.79200727,-0.044944078
1356681912721,0.77367437,-0.6183692,-0.13801295,-0.13582687,0.05088809,-0.9894249,0.6188531,0.7842385,-0.04462035
1356681912761,0.76482594,-0.62502855,-0.1561431,-0.14616592,0.06769696,-0.98694104,0.62743676,0.7776609,-0.039581493
1356681912801,0.7579774,-0.628219,-0.17553097,-0.1558022,0.08694407,-0.9839545,0.63340026,0.7731634,-0.031976268
1356681912841,0.7543696,-0.6255844,-0.19892341,-0.16878359,0.108000904,-0.9797183,0.6343804,0.77264476,-0.024115771
1356681912881,0.7544764,-0.6150017,-0.22921215,-0.18907855,0.13076037,-0.9732168,0.62850183,0.7776083,-0.017628
1356681912921,0.75738055,-0.59643984,-0.2657711,-0.2170756,0.15388158,-0.9639495,0.61583513,0.787769,-0.01292561
1356681912960,0.7616888,-0.57232857,-0.30375993,-0.24890164,0.17438674,-0.95269996,0.59822917,0.8012672,-0.009625092
1356681913001,0.7667229,-0.545792,-0.33800447,-0.279547,0.19012302,-0.9411199,0.5779182,0.8160664,-0.006802842
1356681913041,0.77247244,-0.51889676,-0.36610442,-0.30578178,0.2013449,-0.93056846,0.5565823,0.8307866,-0.0031358004
1356681913081,0.7788937,-0.4920422,-0.38886893,-0.32708403,0.21034133,-0.9212885,0.53510803,0.84477866,0.0028943866
1356681913120,0.78587186,-0.46505004,-0.4075952,-0.34339207,0.21997592,-0.9130676,0.5142833,0.85751903,0.013178378
1356681913161,0.793452,-0.43800083,-0.42259812,-0.35342273,0.23370963,-0.9057992,0.49550605,0.868064,0.030637935
1356681913201,0.801865,-0.4116389,-0.43308893,-0.35442045,0.2558623,-0.8994002,0.4810392,0.8746931,0.05927378
1356681913241,0.8111627,-0.3872687,-0.43822145,-0.34337452,0.29117948,-0.8929213,0.47340155,0.8747785,0.103215724
1356681913281,0.8209759,-0.36671004,-0.43763268,-0.31885907,0.34135485,-0.88419783,0.47363222,0.86544824,0.16331528
1356681913321,0.8304192,-0.35167915,-0.4321178,-0.2834168,0.40109855,-0.8710884,0.47966543,0.84583795,0.23340814
1356681913360,0.83843,-0.34329653,-0.4232997,-0.2446525,0.45696115,-0.85517937,0.48701158,0.82056934,0.2991416
1356681913404,0.8440236,-0.34275135,-0.41248715,-0.21115324,0.4946288,-0.84306383,0.4929893,0.79866374,0.3451053
1356681913442,0.84645075,-0.3498901,-0.40137017,-0.1881606,0.50860834,-0.8401863,0.49811316,0.7866984,0.36467642
1356681913482,0.84527075,-0.3681581,-0.38726854,-0.17393284,0.49571693,-0.85088897,0.5052373,0.78659034,0.35498023
1356681913522,0.84030807,-0.3941019,-0.3722446,-0.16905573,0.4619137,-0.8706641,0.5150752,0.79455614,0.32152462
1356681913562,0.8324119,-0.42323166,-0.3577226,-0.17386852,0.4134623,-0.8937665,0.52617514,0.80617857,0.2705843
1356681913602,0.8226682,-0.45100355,-0.34613988,-0.1882971,0.35832876,-0.91440946,0.5364338,0.8174327,0.20986302
1356681913642,0.8117253,-0.47618094,-0.33816233,-0.2095193,0.3030436,-0.92965925,0.5451639,0.8254795,0.14621907
1356681913682,0.79973364,-0.49930233,-0.3333515,-0.23388118,0.25227758,-0.9389652,0.55292463,0.82888675,0.08497746
1356681913721,0.7868324,-0.52045906,-0.33168846,-0.25877565,0.20969298,-0.9429019,0.56029457,0.8277386,0.030311093
1356681913761,0.773311,-0.53890836,-0.3340178,-0.2828347,0.17828143,-0.94245434,0.5674457,0.8232821,-0.014554992
1356681913801,0.7594577,-0.5538444,-0.34129238,-0.30507928,0.1601502,-0.93876445,0.5745874,0.8170731,-0.047339156
1356681913841,0.7454709,-0.56479263,-0.3539527,-0.32444456,0.15639952,-0.9328853,0.5822448,0.81027675,-0.066652626
1356681913881,0.73151016,-0.5715308,-0.3718138,-0.34001893,0.16689077,-0.9254915,0.59099925,0.80343014,-0.072249025
1356681913921,0.71772313,-0.5740047,-0.3941981,-0.3516719,0.18980688,-0.9166789,0.6009995,0.79655004,-0.06563252
1356681913961,0.7042688,-0.57217306,-0.42026588,-0.36076957,0.22140148,-0.90599483,0.6114333,0.78968304,-0.05049646
1356681914001,0.6911441,-0.5653729,-0.45019242,-0.37111455,0.25688308,-0.89234805,0.62015617,0.7838141,-0.032274872
1356681914041,0.6778237,-0.5520292,-0.4856117,-0.38822845,0.29216826,-0.8740231,0.6243666,0.7809619,-0.01627487
1356681914081,0.6632787,-0.5305858,-0.527769,-0.41607723,0.32472876,-0.8493709,0.62204593,0.78296226,-0.0053789914
1356681914121,0.6471495,-0.50133973,-0.5743309,-0.45376557,0.35206956,-0.8186232,0.6126127,0.7903832,3.5092235E-4
1356681914160,0.6315709,-0.4677318,-0.61834073,-0.49492916,0.37067127,-0.7859058,0.59679425,0.80239004,0.0026110709
1356681914201,0.6208691,-0.43465304,-0.65237886,-0.53158677,0.37819022,-0.75788367,0.57613975,0.8173425,0.003750831
1356681914241,0.61867917,-0.4052727,-0.67304534,-0.5584687,0.3756859,-0.73957604,0.55258363,0.8334351,0.0060968995
1356681914281,0.62542284,-0.37937966,-0.68184847,-0.5745635,0.36733142,-0.7313989,0.52794224,0.8491989,0.011759728
1356681914321,0.63909966,-0.35474664,-0.68242687,-0.58091825,0.35886192,-0.73058337,0.50406903,0.86334985,0.023269713
1356681914360,0.65711814,-0.328856,-0.67826945,-0.5785843,0.35670254,-0.7334871,0.48315206,0.87442374,0.044124752
1356681914403,0.6770236,-0.2991835,-0.6724048,-0.56809527,0.368384,-0.7359082,0.46787474,0.88021725,0.07943994
1356681914442,0.6995621,-0.26954192,-0.66178554,-0.5467264,0.39443597,-0.7385868,0.46011215,0.87850296,0.12856674
1356681914472,0.7223531,-0.243994,-0.6470494,-0.51823175,0.4285268,-0.74013555,0.45786667,0.8699608,0.18310222
1356681914512,0.7420449,-0.22214092,-0.6324735,-0.48347443,0.47621068,-0.7344902,0.464351,0.8508095,0.24597025
1356681914552,0.76206267,-0.21369514,-0.611224,-0.44177452,0.5185397,-0.73208725,0.47338742,0.8279196,0.30075473
1356681914591,0.7805426,-0.22327298,-0.5838685,-0.39934188,0.5404849,-0.74054176,0.48091507,0.81118757,0.33270925
1356681914649,0.7952323,-0.25092903,-0.5519422,-0.36077365,0.5357988,-0.7633885,0.48728633,0.8061974,0.3355559
1356681914671,0.80417705,-0.291099,-0.5182284,-0.3301404,0.50626326,-0.79668367,0.4942738,0.8117628,0.31102175
1356681914711,0.80683297,-0.3355046,-0.48626864,-0.31109458,0.45845258,-0.83249104,0.5022357,0.8229568,0.265521
1356681914749,0.8041576,-0.37753198,-0.45912978,-0.30468926,0.40141365,-0.8637312,0.5103871,0.83446795,0.20776992
1356681914791,0.7976047,-0.41516107,-0.43757054,-0.3085413,0.34253034,-0.887398,0.5182943,0.84280145,0.14510949
1356681914831,0.7883592,-0.4471579,-0.42253935,-0.31968346,0.2890603,-0.90235615,0.525635,0.8464596,0.08493438
1356681914871,0.777463,-0.47340682,-0.4140498,-0.33501986,0.24543154,-0.909684,0.5322715,0.84596056,0.032213256
1356681914911,0.76541984,-0.49355322,-0.41296208,-0.3529727,0.21458614,-0.91069376,0.5380918,0.84282744,-0.00996232
1356681914950,0.7524176,-0.5079285,-0.41937613,-0.37240568,0.19712406,-0.9068937,0.5433063,0.83854085,-0.040835842
1356681914991,0.73837984,-0.5171099,-0.4328887,-0.3926354,0.19225213,-0.8993757,0.5482998,0.8340483,-0.061080545
1356681915031,0.7230788,-0.52132237,-0.4531888,-0.4135148,0.19884622,-0.8885188,0.55331963,0.8298694,-0.07179305
1356681915070,0.7062594,-0.5204194,-0.47995955,-0.43506116,0.21578103,-0.8741627,0.55849737,0.8261974,-0.0740169
1356681915111,0.6877006,-0.51447934,-0.5122293,-0.45687836,0.24163198,-0.8560819,0.56420743,0.82275456,-0.068884015
1356681915151,0.66753405,-0.5045252,-0.54758805,-0.47775212,0.27385473,-0.83471936,0.5710965,0.81881493,-0.05823058
1356681915190,0.6464051,-0.49193016,-0.58323675,-0.4970247,0.30848825,-0.81104964,0.57890147,0.8141497,-0.04509303
1356681915230,0.624887,-0.47665212,-0.6183196,-0.51667917,0.34125188,-0.78523237,0.58528537,0.81015426,-0.033032358
1356681915271,0.60313964,-0.4575352,-0.6533637,-0.539871,0.36881799,-0.75664556,0.5871643,0.809095,-0.024561256
1356681915311,0.58215266,-0.43491596,-0.6869836,-0.56697434,0.38846403,-0.7263854,0.582785,0.8123693,-0.020440817
1356681915351,0.56483513,-0.41167623,-0.71518105,-0.5945398,0.39800054,-0.69865435,0.57226187,0.8198282,-0.01995328
1356681915404,0.5514669,-0.38532454,-0.73987114,-0.6250467,0.39650738,-0.6723828,0.55244994,0.8332508,-0.022185147
1356681915441,0.5583407,-0.37178653,-0.7416403,-0.6362782,0.38174433,-0.6703889,0.5323585,0.84619504,-0.023416251
1356681915480,0.57151884,-0.3597877,-0.7375088,-0.64101565,0.36536813,-0.6749853,0.5123136,0.85852146,-0.021814793
1356681915521,0.592017,-0.34881437,-0.726529,-0.63733625,0.34912884,-0.6869582,0.49327314,0.86973417,-0.015621811
1356681915561,0.61752534,-0.33634537,-0.71100926,-0.6258733,0.3373745,-0.7031792,0.4763875,0.8792327,-0.0021722913
1356681915601,0.64568114,-0.3198818,-0.6933769,-0.60722476,0.3354852,-0.72022754,0.4630054,0.88607293,0.022376299
1356681915641,0.6749412,-0.29799998,-0.67501885,-0.5812403,0.3488306,-0.7351714,0.4545483,0.8885456,0.062230527
1356681915681,0.70442545,-0.2713818,-0.6558481,-0.5471721,0.3809205,-0.74532026,0.45209235,0.8838844,0.11983755
1356681915721,0.7334281,-0.24379362,-0.6345453,-0.5050971,0.42927107,-0.74873435,0.45492864,0.8696499,0.19170004
1356681915761,0.76103514,-0.22228858,-0.6094369,-0.4577653,0.48164064,-0.7473107,0.45964822,0.84770876,0.26478946
1356681915801,0.7858252,-0.21476503,-0.579961,-0.4098218,0.5214795,-0.7484018,0.46316832,0.8257937,0.32177633
1356681915841,0.8060533,-0.22689179,-0.54662436,-0.36438903,0.5375326,-0.7604468,0.46636754,0.8121445,0.35060304
1356681915881,0.81974596,-0.25914645,-0.5107442,-0.3232056,0.526888,-0.7860835,0.47281572,0.80946416,0.34815675
1356681915921,0.8255398,-0.30519623,-0.47469908,-0.28996885,0.49223143,-0.82074744,0.48415083,0.81520766,0.31785926
1356681915960,0.8239534,-0.3546019,-0.44199356,-0.26995876,0.4401567,-0.8563787,0.49821988,0.82493615,0.2669407
1356681916001,0.81715816,-0.39924133,-0.41576293,-0.26537955,0.37972102,-0.88621986,0.5116895,0.83451676,0.20434165
1356681916041,0.80721295,-0.43653917,-0.3972919,-0.2734744,0.31988686,-0.90712965,0.5230861,0.8408959,0.13883452
1356681916081,0.7952023,-0.46735403,-0.38630748,-0.2891595,0.2676996,-0.91908854,0.5329541,0.84256583,0.07773548
1356681916121,0.78167737,-0.4929537,-0.38206956,-0.30810645,0.22741473,-0.9237711,0.5422646,0.839809,0.025882721
1356681916161,0.7670996,-0.5138161,-0.38412392,-0.32784635,0.2006943,-0.9231677,0.5514299,0.83409524,-0.014500231
1356681916200,0.75188637,-0.5300539,-0.39205837,-0.34716597,0.18723059,-0.91892356,0.56048435,0.82703537,-0.043240547
1356681916241,0.7363664,-0.5417992,-0.40523857,-0.3653122,0.18575218,-0.91216403,0.56948364,0.81972545,-0.061144203
1356681916281,0.7208345,-0.54909825,-0.42295232,-0.38183877,0.19466951,-0.9034948,0.5784434,0.81276983,-0.069342494
