1356681666371,0.9775902,-0.017185345,-0.20981434,-0.20431185,0.16274625,-0.96528244,0.050735205,0.98651826,0.15558797
1356681666408,0.9313082,0.0094875395,-0.3641085,-0.36067513,0.16338766,-0.91826904,0.05077873,0.98651636,0.15558618
1356681666447,0.93144965,0.009178922,-0.36375436,-0.36027044,0.16353244,-0.9184021,0.0510557,0.98649526,0.15562913
1356681666488,0.9319405,0.008209452,-0.3625183,-0.35886395,0.16423777,-0.9188269,0.05199617,0.9863867,0.15600589
1356681666529,0.93315816,0.0059255064,-0.35941708,-0.3553296,0.16645035,-0.9198017,0.0543748,0.986032,0.15743002
1356681666568,0.93553805,0.001409173,-0.3532232,-0.34821996,0.17143914,-0.92160267,0.05925758,0.98519367,0.16087854
1356681666608,0.93932545,-0.006176695,-0.3429715,-0.3363222,0.18013445,-0.9243587,0.06749047,0.98362267,0.16712752
1356681666649,0.9443983,-0.017194033,-0.32835367,-0.31911016,0.19276485,-0.92790645,0.0792495,0.9810943,0.17656001
1356681666688,0.9502808,-0.031350717,-0.30981213,-0.29687726,0.209025,-0.93175775,0.09396975,0.97740763,0.18932512
1356681666728,0.9563959,-0.04815138,-0.28807688,-0.27016583,0.22893909,-0.93519914,0.1109832,0.97224915,0.20594755
1356681666768,0.9622382,-0.06714308,-0.26379827,-0.23937476,0.25269505,-0.93746734,0.12960497,0.96521354,0.22708046
1356681666809,0.96743345,-0.088364825,-0.2372007,-0.20425405,0.28096983,-0.93772924,0.1495085,0.95563984,0.25377074
1356681666847,0.97161865,-0.11165956,-0.20854099,-0.16504437,0.31156203,-0.93578285,0.16946255,0.94364256,0.2842907
1356681666888,0.97435296,-0.13816197,-0.17761673,-0.12103449,0.3436434,-0.93126786,0.18970262,0.9288813,0.31810758
1356681666929,0.9750763,-0.16971101,-0.142914,-0.070396245,0.3742045,-0.9246704,0.2104058,0.9116848,0.3529309
1356681666974,0.97306454,-0.20464675,-0.10613719,-0.016139582,0.39879513,-0.91689795,0.22996718,0.8939139,0.3847505
1356681667008,0.9685906,-0.23810968,-0.07166588,0.035021573,0.41596317,-0.90870684,0.24618226,0.8776551,0.411237
1356681667048,0.96364415,-0.2635573,-0.043902077,0.07536163,0.42574516,-0.90169936,0.25634056,0.8656089,0.43012896
1356681667088,0.9604552,-0.27733845,-0.024682507,0.10076986,0.42887342,-0.8977266,0.2595598,0.8597389,0.43986106
1356681667127,0.9598881,-0.28010547,-0.0124798715,0.11231758,0.4249192,-0.89823633,0.25690386,0.8608046,0.43933564
1356681667168,0.9615651,-0.2745371,-0.0046825707,0.113367505,0.4124862,-0.9038821,0.25008067,0.86861056,0.42775592
1356681667208,0.9648393,-0.2628405,1.5794486E-4,0.10641472,0.39007926,-0.9146114,0.24033535,0.88246983,0.4043339
1356681667248,0.9688868,-0.2474849,0.003100872,0.09421081,0.35718572,-0.92927,0.22887269,0.90064955,0.36938828
1356681667298,0.9730798,-0.23042965,0.0042283013,0.07839403,0.31368572,-0.9462851,0.2167258,0.92114246,0.32330555
1356681667329,0.9769398,-0.2134849,0.0035821497,0.060713306,0.26167074,-0.96324575,0.20470107,0.94125056,0.26859793
1356681667369,0.98032963,-0.19736657,4.406497E-4,0.041655585,0.20472196,-0.97793347,0.19292113,0.9587155,0.20891643
1356681667409,0.9831827,-0.1825348,-0.0057298765,0.021554902,0.14714211,-0.9888805,0.1813482,0.9721267,0.1486021
1356681667449,0.98533547,-0.17000571,-0.014564678,0.0014211535,0.09353286,-0.9956152,0.17062254,0.9809943,0.092402846
1356681667489,0.9866079,-0.16122755,-0.024709664,-0.017245226,0.0475339,-0.9987208,0.16219586,0.98577195,0.044116914
1356681667529,0.9869452,-0.15731506,-0.034512594,-0.033115882,0.011491805,-0.9993854,0.15761499,0.98748153,0.0061321557
1356681667578,0.9866212,-0.15689337,-0.04430594,-0.047232665,-0.014973402,-0.9987717,0.15603726,0.98750204,-0.022183567
1356681667598,0.98568124,-0.16108137,-0.049852714,-0.05558002,-0.031244457,-0.9979653,0.15919599,0.98644644,-0.03974998
1356681667635,0.9843377,-0.16779488,-0.054075815,-0.061469957,-0.03918627,-0.99733937,0.16522941,0.9850428,-0.048886865
1356681667665,0.98296,-0.17431635,-0.058339328,-0.06674632,-0.042756706,-0.99685353,0.17127346,0.983761,-0.053663105
1356681667708,0.98173875,-0.18006994,-0.06135072,-0.06995092,-0.041799575,-0.99667424,0.17690665,0.98276526,-0.05363232
1356681667748,0.98085916,-0.18415812,-0.06325421,-0.07147759,-0.03835672,-0.99670446,0.181125,0.98214793,-0.05078572
1356681667788,0.98045284,-0.18654062,-0.062568165,-0.07009865,-0.03404367,-0.996959,0.18384328,0.9818572,-0.04645446
1356681667828,0.9806255,-0.18716592,-0.057814106,-0.06454983,-0.030090451,-0.9974607,0.18495099,0.9818673,-0.041588992
1356681667867,0.9814419,-0.18522996,-0.049614213,-0.055556066,-0.027023733,-0.9980898,0.18353537,0.9823235,-0.03681287
1356681667908,0.9828911,-0.17958823,-0.040905327,-0.04612343,-0.024975419,-0.9986235,0.1783194,0.9834248,-0.03283134
1356681667948,0.98489743,-0.16927426,-0.036376737,-0.040964484,-0.023688316,-0.99887973,0.16822293,0.98528427,-0.030264795
1356681667988,0.9872192,-0.15405364,-0.040813662,-0.044750664,-0.022173971,-0.99875206,0.1529564,0.98781365,-0.028784573
1356681668028,0.9892027,-0.1342103,-0.058869325,-0.06196368,-0.01899311,-0.9978976,0.13281003,0.9907708,-0.027104199
1356681668068,0.9896716,-0.11149699,-0.09010311,-0.092195265,-0.013742268,-0.9956461,0.10977333,0.99366975,-0.023879826
1356681668108,0.98752606,-0.08829795,-0.13036777,-0.13146588,-0.006712258,-0.9912979,0.086654514,0.9960714,-0.018236697
1356681668148,0.98254067,-0.066934764,-0.17359026,-0.17384748,0.0020071864,-0.9847706,0.06626381,0.99775535,-0.009664298
1356681668188,0.9755025,-0.048914924,-0.2144813,-0.21409206,0.013123989,-0.97672546,0.05059132,0.99871683,0.0023301858
1356681668228,0.9678736,-0.035034478,-0.2489846,-0.24805844,0.028748065,-0.96831846,0.041082352,0.99897254,0.019133896
1356681668296,0.9613931,-0.02626907,-0.2739219,-0.27230814,0.05258453,-0.96077216,0.039642647,0.99827087,0.043401122
1356681668310,0.95763636,-0.024055898,-0.28697354,-0.28382984,0.089727074,-0.9546673,0.048714668,0.9956758,0.079098135
1356681668349,0.956938,-0.02871345,-0.28886873,-0.28215778,0.14191741,-0.94881314,0.0682392,0.98946196,0.12770444
1356681668389,0.9589433,-0.040575005,-0.28068003,-0.26654404,0.20907906,-0.940872,0.09686019,0.97705656,0.18967995
1356681668429,0.96263987,-0.059074417,-0.26426268,-0.23768683,0.28320387,-0.9291397,0.1297286,0.9572386,0.25858212
1356681668469,0.9667962,-0.082585685,-0.24183606,-0.19897425,0.35055864,-0.91516006,0.16035683,0.93289244,0.32248634
1356681668509,0.9702813,-0.10680653,-0.21713258,-0.1583022,0.39849156,-0.90340734,0.1830153,0.9109318,0.3697412
1356681668549,0.9728613,-0.12641262,-0.193806,-0.12433426,0.42079157,-0.8985964,0.19514585,0.89830637,0.3936544
1356681668589,0.9750211,-0.14022821,-0.1722494,-0.09951284,0.4175238,-0.90320045,0.19857243,0.8977806,0.39314002
1356681668629,0.9770244,-0.15005685,-0.1513483,-0.08189434,0.39128906,-0.9166167,0.19676554,0.90795135,0.37001014
1356681668669,0.9788586,-0.15667295,-0.13148934,-0.07023969,0.34628278,-0.935497,0.19209957,0.92495507,0.3279572
1356681668709,0.98052573,-0.1593196,-0.114832714,-0.06507301,0.2881202,-0.9553807,0.18529649,0.94424784,0.27214187
1356681668748,0.9820123,-0.1580829,-0.103255466,-0.066473655,0.22239795,-0.97268724,0.17672904,0.9620546,0.20788917
1356681668778,0.9831443,-0.1549498,-0.097045735,-0.071790725,0.1609909,-0.98434144,0.16814698,0.9747166,0.14715332
1356681668817,0.9839011,-0.15138027,-0.09498775,-0.0803594,0.09999475,-0.99173754,0.15962777,0.9834048,0.086220115
1356681668858,0.9839584,-0.1487128,-0.09854099,-0.092773356,0.045251727,-0.99465835,0.15237758,0.98784447,0.030729234
1356681668899,0.9832369,-0.14821023,-0.106202215,-0.10728695,6.7949295E-4,-0.99422795,0.1474269,0.9889557,-0.0152329225
1356681668938,0.9816853,-0.15012605,-0.11728648,-0.123267435,-0.03114143,-0.9918847,0.14525525,0.9881762,-0.049076736
1356681668977,0.9794797,-0.15456864,-0.12933743,-0.13849685,-0.049991697,-0.9891004,0.1464181,0.98671657,-0.07037312
1356681669017,0.97670186,-0.16105752,-0.1418237,-0.1526813,-0.057106495,-0.9866242,0.1508042,0.98529154,-0.08036649
1356681669058,0.97356385,-0.16856098,-0.15414482,-0.16538656,-0.054737687,-0.9847086,0.15754592,0.98417014,-0.08116835
1356681669099,0.9703125,-0.17567612,-0.16622737,-0.17661543,-0.045140147,-0.98324436,0.16522902,0.98341256,-0.074827164
1356681669137,0.96716785,-0.18133816,-0.17805316,-0.1864827,-0.030407697,-0.98198766,0.17265765,0.9829506,-0.063225776
1356681669178,0.9643356,-0.18486439,-0.18942535,-0.19515567,-0.013139904,-0.9806842,0.17880455,0.9826762,-0.04874861
1356681669217,0.9619284,-0.18544534,-0.20075789,-0.2036581,0.003476262,-0.979036,0.18225554,0.9826485,-0.034423534
1356681669258,0.9596988,-0.18106572,-0.21492681,-0.21552716,0.01659134,-0.9763569,0.18035069,0.983331,-0.023101892
1356681669298,0.9566805,-0.16881266,-0.23720191,-0.23643953,0.024900794,-0.97132707,0.16987883,0.98533356,-0.016091883
1356681669337,0.95216614,-0.15034483,-0.26603773,-0.26477477,0.028730422,-0.9638822,0.15255807,0.98821604,-0.0124513805
1356681669378,0.94512373,-0.12655589,-0.3012055,-0.30003235,0.028690666,-0.95349747,0.12931252,0.9915444,-0.010854632
1356681669417,0.93626714,-0.10123324,-0.3363862,-0.33553004,0.025884002,-0.9416738,0.10403571,0.99452597,-0.009732451
1356681669457,0.9272393,-0.07758756,-0.36634335,-0.36575097,0.022226753,-0.93044734,0.08033377,0.9967377,-0.00776821
1356681669497,0.9196141,-0.057349965,-0.38861412,-0.38811845,0.019998372,-0.9213925,0.060613498,0.99815387,-0.0038678013
1356681669538,0.91415,-0.040714875,-0.40332612,-0.40276366,0.021547467,-0.9150503,0.045946807,0.9989384,0.003299147
1356681669577,0.911117,-0.027427673,-0.41123414,-0.41046202,0.02976716,-0.9113917,0.037238613,0.9991805,0.015863355
1356681669617,0.91077864,-0.017855614,-0.41250873,-0.4112999,0.048497975,-0.91020894,0.036258176,0.99866366,0.036826905
1356681669658,0.913371,-0.0134117305,-0.40690723,-0.40455404,0.08231485,-0.910802,0.045709908,0.9965161,0.06975824
1356681669697,0.9186893,-0.015973672,-0.39465782,-0.38914245,0.13455915,-0.91129684,0.06766158,0.9907768,0.11740202
1356681669737,0.9257512,-0.02631864,-0.37721616,-0.36449543,0.2033863,-0.90872276,0.10063693,0.97874475,0.1786921
1356681669778,0.9331116,-0.04246266,-0.35707083,-0.33224452,0.27799827,-0.9012938,0.1375364,0.9596426,0.24529544
1356681669817,0.9397271,-0.06002728,-0.33661515,-0.29739636,0.34230402,-0.8912819,0.16872595,0.9376698,0.30382046
1356681669858,0.94545615,-0.07507436,-0.3169803,-0.26598173,0.38385528,-0.88425606,0.18805951,0.9203363,0.34294993
1356681669902,0.9506297,-0.086716354,-0.2979655,-0.24158406,0.39586967,-0.8859595,0.19478269,0.91420317,0.35537618
1356681669937,0.95549303,-0.09791972,-0.27828902,-0.22112246,0.38673007,-0.89529026,0.19528931,0.91697955,0.34786564
1356681669977,0.95932996,-0.10886888,-0.2604488,-0.20717438,0.3551603,-0.9115591,0.19174151,0.92844427,0.31816107
1356681670018,0.96220464,-0.119039476,-0.24493231,-0.19883615,0.30747014,-0.9305516,0.18608175,0.94408244,0.27217984
1356681670068,0.96390563,-0.12899855,-0.2329062,-0.19759086,0.2397201,-0.95052207,0.17844827,0.96223366,0.20557863
1356681670105,0.9640531,-0.13709499,-0.22761062,-0.20270209,0.17438477,-0.96358806,0.17179492,0.9750872,0.14032674
1356681670135,0.9628711,-0.14414787,-0.2282555,-0.21220878,0.1184974,-0.97001326,0.16687302,0.9824356,0.08350828
1356681670178,0.9605854,-0.15307823,-0.23204032,-0.22343594,0.07144296,-0.97209686,0.1653845,0.9856282,0.03442389
1356681670217,0.95608914,-0.16331856,-0.24335262,-0.24067672,0.036284,-0.9699269,0.16723686,0.98590595,-0.0046162345
1356681670257,0.9495692,-0.1748639,-0.26027063,-0.26198405,0.013627142,-0.96497595,0.17228621,0.98449826,-0.032871637
1356681670301,0.94122374,-0.18698785,-0.28130662,-0.28581175,0.0029843154,-0.9582811,0.18002644,0.9823577,-0.050634418
1356681670339,0.9314935,-0.19845669,-0.30485204,-0.31047374,0.0029286148,-0.9505775,0.18954125,0.9801053,-0.0588876
1356681670379,0.9209985,-0.20779201,-0.329521,-0.33464018,0.011060566,-0.942281,0.19944316,0.97811043,-0.0593488
1356681670419,0.91046065,-0.21377784,-0.35406274,-0.3573174,0.024561882,-0.93366,0.20829225,0.9765734,-0.054023914
1356681670459,0.9003884,-0.21545838,-0.37799257,-0.37871838,0.03955877,-0.9246661,0.21418,0.9757114,-0.04597979
1356681670499,0.8911262,-0.21166378,-0.4013633,-0.3999067,0.05159694,-0.91510236,0.2144031,0.97597957,-0.038666368
1356681670539,0.8826562,-0.20102695,-0.42486018,-0.42238942,0.05723709,-0.9046055,0.20616783,0.97791207,-0.034390986
1356681670579,0.8745817,-0.18297163,-0.44903034,-0.4468253,0.05549118,-0.89289856,0.18829234,0.9815508,-0.03322479
1356681670636,0.86651796,-0.15925817,-0.47305754,-0.4718104,0.04799843,-0.88039255,0.16291574,0.98606944,-0.03354817
1356681670658,0.8584332,-0.13242877,-0.49553514,-0.4952613,0.037351396,-0.8679408,0.13344926,0.9904885,-0.033523165
1356681670698,0.850843,-0.105202824,-0.51478004,-0.5150672,0.026528414,-0.85673916,0.10378769,0.9940969,-0.03161502
1356681670736,0.8444696,-0.07929282,-0.5297014,-0.53006124,0.01817825,-0.8477644,0.07685064,0.9966855,-0.026679069
1356681670778,0.84014696,-0.05592601,-0.5394677,-0.5395964,0.014071822,-0.84180623,0.05467017,0.9983358,-0.018355072
1356681670818,0.83819866,-0.03501782,-0.54423964,-0.544031,0.016067356,-0.83891124,0.038121313,0.9992575,-0.0055831373
1356681670857,0.8390581,-0.01647684,-0.5437921,-0.5433091,0.026479684,-0.839115,0.028225392,0.9995135,0.01326599
1356681670897,0.84311306,-7.675886E-4,-0.5377358,-0.5370807,0.04816279,-0.84215474,0.026545256,0.99883914,0.040194422
1356681670938,0.85050774,0.010738879,-0.52585286,-0.524773,0.08452958,-0.8470348,0.0353539,0.99636304,0.07752853
1356681670977,0.8609364,0.015893966,-0.5084643,-0.5055579,0.13787201,-0.8517056,0.056566015,0.99032253,0.12673435
1356681671018,0.8733424,0.012425542,-0.48694834,-0.47867313,0.20711005,-0.853216,0.090250224,0.97823876,0.18682575
1356681671058,0.88614666,-5.914867E-4,-0.4634045,-0.44427052,0.28330365,-0.8499192,0.13178691,0.95903003,0.2507858
1356681671098,0.89771646,-0.020633653,-0.44009018,-0.40575063,0.35050946,-0.84410286,0.1716727,0.93633187,0.306286
1356681671138,0.9073448,-0.04190287,-0.4182936,-0.3697905,0.3937104,-0.84157425,0.19995093,0.918279,0.3417358
1356681671177,0.91533417,-0.05968365,-0.39824772,-0.34210828,0.40643626,-0.847214,0.21242714,0.9117278,0.35160673
1356681671218,0.9220379,-0.073431045,-0.380071,-0.32414377,0.39025778,-0.8617596,0.21160558,0.9177727,0.33603024
1356681671257,0.9273874,-0.084738925,-0.36437875,-0.31452686,0.35073745,-0.8820749,0.20254737,0.932632,0.29861683
1356681671300,0.93115985,-0.09448487,-0.35215604,-0.31186795,0.29396933,-0.9035045,0.18889058,0.9511334,0.24426565
1356681671339,0.93315184,-0.102275096,-0.34462652,-0.31483102,0.23023376,-0.9208006,0.17351964,0.96774596,0.18264368
1356681671379,0.9331621,-0.10870821,-0.34262383,-0.3229087,0.16523924,-0.93189377,0.1579194,0.9802441,0.11909217
1356681671419,0.93069446,-0.114653245,-0.34736508,-0.3362369,0.10583657,-0.93581164,0.14405777,0.9877516,0.05995086
1356681671459,0.9255187,-0.121286295,-0.35875434,-0.35440558,0.056455523,-0.93338597,0.1334606,0.9910108,0.009266105
1356681671499,0.91742325,-0.12917235,-0.37636298,-0.37704447,0.020083694,-0.9259774,0.12716943,0.9914188,-0.030278474
1356681671537,0.90648407,-0.13823463,-0.39897096,-0.40308648,-0.001947822,-0.9151598,0.12572967,0.9903976,-0.057486176
1356681671577,0.8930682,-0.1477908,-0.42495537,-0.4309994,-0.00998649,-0.9022969,0.12910737,0.98896813,-0.07261637
1356681671618,0.877837,-0.15692028,-0.45252427,-0.45902476,-0.0058918875,-0.88840395,0.13674238,0.9875937,-0.07720242
1356681671658,0.86167634,-0.16499162,-0.47988713,-0.48542178,0.0076563954,-0.87424654,0.14791755,0.98626524,-0.07349319
1356681671697,0.84560615,-0.17188212,-0.50537795,-0.50867796,0.027599309,-0.86051446,0.16185515,0.9847309,-0.064094506
1356681671738,0.8306568,-0.17732772,-0.52779174,-0.5280037,0.049947858,-0.847772,0.17669557,0.9828836,-0.052140176
1356681671778,0.8175526,-0.17979956,-0.5470647,-0.5442089,0.06935257,-0.8360783,0.18826686,0.98125553,-0.041149154
1356681671817,0.8063607,-0.1769248,-0.56434035,-0.55953765,0.08086619,-0.8248505,0.19157256,0.98089665,-0.033788756
1356681671858,0.79654825,-0.16725035,-0.58098036,-0.5759877,0.0820677,-0.81332844,0.18370919,0.98249286,-0.030963257
1356681671897,0.7874059,-0.15121765,-0.5975994,-0.5938678,0.07382104,-0.8011688,0.16526625,0.98574007,-0.03167616
1356681671937,0.7780485,-0.13009268,-0.61458635,-0.6127189,0.058728755,-0.78811574,0.13862196,0.989761,-0.034016415
1356681671977,0.7680905,-0.106101125,-0.63149,-0.6312356,0.04025975,-0.7745455,0.10760376,0.99354,-0.036051676
1356681672017,0.7577797,-0.08180654,-0.647362,-0.6480164,0.021888696,-0.7613119,0.07645017,0.99640787,-0.03642516
1356681672057,0.74799675,-0.059209526,-0.66105604,-0.6618991,0.006825097,-0.74956197,0.048893005,0.9982223,-0.034085587
1356681672097,0.7395448,-0.038970917,-0.67197824,-0.67253816,-0.0017369911,-0.7400603,0.027673572,0.9992387,-0.027494013
1356681672137,0.73287785,-0.020714998,-0.6800448,-0.6801945,-2.5179982E-4,-0.7330316,0.015013486,0.99978536,-0.014274746
1356681672177,0.7280391,-0.00364092,-0.685526,-0.6854092,0.01534307,-0.7279966,0.013168722,0.9998758,0.0086748
1356681672217,0.7247838,0.013054848,-0.68885267,-0.68854785,0.048984542,-0.7235346,0.024297506,0.9987142,0.044492096
1356681672257,0.7222366,0.030231804,-0.6909851,-0.6898756,0.102925315,-0.71657383,0.049456537,0.99422956,0.0951926
1356681672307,0.7184839,0.049201995,-0.69380116,-0.69007075,0.17531113,-0.7021883,0.08708203,0.98328286,0.1599111
1356681672339,0.7117083,0.070914656,-0.69888663,-0.69047403,0.25373447,-0.6773954,0.12929437,0.96467096,0.22954963
1356681672379,0.6999276,0.095768034,-0.7077639,-0.6946635,0.3215574,-0.64346206,0.16596362,0.9420346,0.2915935
1356681672419,0.68699956,0.11867875,-0.71690094,-0.7018663,0.363876,-0.61235446,0.18818957,0.92385584,0.33327925
1356681672458,0.68372226,0.12821427,-0.7183906,-0.7034625,0.37761334,-0.6021202,0.19407344,0.91704375,0.34837657
1356681672499,0.6994941,0.11489278,-0.7053422,-0.6894516,0.3682177,-0.6237565,0.18805438,0.9226134,0.33677912
1356681672538,0.73069936,0.08140311,-0.6778289,-0.6596751,0.33986485,-0.6703139,0.17580462,0.9369448,0.3020386
1356681672577,0.7648919,0.03970033,-0.6429341,-0.6238034,0.29457885,-0.72394246,0.16065404,0.9548022,0.2500862
1356681672619,0.79289883,2.5004148E-4,-0.60935324,-0.59205174,0.23691791,-0.7702887,0.1441741,0.9715296,0.18799998
1356681672658,0.81270313,-0.033524275,-0.5817127,-0.5683383,0.17451298,-0.80407506,0.12847243,0.98408395,0.12277413
1356681672697,0.82585084,-0.06282303,-0.56037813,-0.5516956,0.11552417,-0.82600623,0.11662942,0.991316,0.06074655
1356681672737,0.83404565,-0.0895288,-0.54438263,-0.54034877,0.06653005,-0.838807,0.11131519,0.99375975,0.0071123317
1356681672777,0.8379993,-0.114481,-0.53352726,-0.5337162,0.03158552,-0.8450737,0.11359663,0.99292326,-0.03463173
1356681672817,0.8375752,-0.13752097,-0.5287304,-0.5323776,0.011809826,-0.84642464,0.12264539,0.9904285,-0.06332148
1356681672857,0.83211267,-0.15794556,-0.5316406,-0.53758025,0.005997926,-0.84319127,0.13636704,0.9874296,-0.07991746
1356681672897,0.8200495,-0.17457971,-0.5450144,-0.5516782,0.012151688,-0.8339685,0.15221684,0.984568,-0.086346835
1356681672937,0.79842377,-0.18582866,-0.57270175,-0.5781739,0.028821379,-0.8154044,0.16803156,0.9821594,-0.08442959
1356681672977,0.76209724,-0.18983361,-0.6190081,-0.6212101,0.055096302,-0.7817048,0.18249892,0.9802692,-0.07593782
1356681673017,0.70176256,-0.18406087,-0.688223,-0.68533576,0.0893766,-0.72272176,0.1945358,0.9788429,-0.06342234
1356681673058,0.5995166,-0.16401988,-0.7833757,-0.77446645,0.12807643,-0.61951447,0.20194465,0.97810733,-0.050243944
1356681673097,0.43268573,-0.124970496,-0.8928413,-0.8786724,0.16320622,-0.44866323,0.20178694,0.9786451,-0.039191127
1356681673137,0.21589431,-0.07349348,-0.973647,-0.9572427,0.18071184,-0.22589746,0.19255152,0.98078644,-0.031336427
1356681673177,0.030469269,-0.032087922,-0.9990206,-0.98407567,0.17414734,-0.03560704,0.1751194,0.9841967,-0.026270866
1356681673217,-0.063028514,-0.013486505,-0.9979206,-0.9864364,0.15269035,0.060239613,0.15156037,0.988182,-0.022927403
1356681673257,-0.06921932,-0.011469275,-0.99753547,-0.989818,0.12545493,0.06724146,0.12437448,0.992033,-0.02003634
1356681673300,-0.016958237,-0.014788955,-0.99974674,-0.99523973,0.09622252,0.015458405,0.0959695,0.9952499,-0.01635027
1356681673339,0.06930426,-0.015834957,-0.9974699,-0.9951674,0.06862411,-0.07023367,0.06956267,0.9975169,-0.011002481
1356681673379,0.16015863,-0.009859443,-0.98704207,-0.98597175,0.046014488,-0.16044465,0.04700017,0.9988922,-0.0023515522
1356681673419,0.2462064,0.0039016008,-0.96920955,-0.96874183,0.032314062,-0.24595755,0.030359477,0.9994702,0.0117355585
1356681673459,0.31613934,0.02587235,-0.94835997,-0.9484547,0.03193611,-0.31529966,0.022129387,0.99915504,0.034635007
1356681673499,0.36914048,0.055653155,-0.92770576,-0.92903376,0.049087793,-0.36672416,0.025129676,0.9972428,0.06982395
1356681673539,0.4060197,0.09258276,-0.90916246,-0.91293365,0.08597773,-0.3989484,0.04123193,0.9919859,0.1194306
1356681673579,0.42971233,0.1345841,-0.89287984,-0.9003395,0.13922432,-0.412317,0.068819255,0.98107266,0.18099782
1356681673636,0.44676185,0.17570549,-0.87722945,-0.8889386,0.19782686,-0.4131013,0.1009554,0.96436095,0.24457288
1356681673658,0.4674724,0.20506805,-0.85989344,-0.8747168,0.24795893,-0.4163976,0.12782842,0.94681764,0.2952904
1356681673698,0.49897683,0.21290484,-0.84005576,-0.854591,0.28180194,-0.4361902,0.1438623,0.9355529,0.32255924
1356681673735,0.5410642,0.19647893,-0.81770754,-0.82760525,0.2971267,-0.47621977,0.14939556,0.9344045,0.32337165
1356681673778,0.5879901,0.15993282,-0.7928992,-0.79536164,0.2927075,-0.5307752,0.14719915,0.9427321,0.29931355
1356681673818,0.63095945,0.11323407,-0.7675078,-0.76304734,0.26932138,-0.58755827,0.14017466,0.95637023,0.25633383
1356681673857,0.6658917,0.063967675,-0.7433009,-0.7345574,0.23040813,-0.63823,0.13043651,0.9709893,0.20041479
1356681673897,0.691041,0.017267019,-0.7226093,-0.7126894,0.18302946,-0.67718095,0.12056592,0.98295575,0.13878687
1356681673937,0.7071669,-0.025114179,-0.7066005,-0.6979181,0.13527644,-0.7032856,0.113248825,0.9904896,0.078135386
1356681673977,0.7150827,-0.062485367,-0.69624156,-0.6902888,0.093985915,-0.71740377,0.11026418,0.99361074,0.024074733
1356681674017,0.7152618,-0.0943706,-0.69245553,-0.689836,0.06334528,-0.721189,0.1119228,0.9935198,-0.019791767
1356681674057,0.7078308,-0.12039989,-0.69604564,-0.6965598,0.04478219,-0.71609986,0.117388785,0.99171484,-0.052167505
1356681674097,0.69268906,-0.14028656,-0.70746124,-0.7102601,0.03779438,-0.7029239,0.1253488,0.9893893,-0.07346019
1356681674137,0.66943526,-0.15369129,-0.72679806,-0.7305688,0.0411055,-0.68160075,0.13463154,0.9872636,-0.084764615
1356681674177,0.6376273,-0.16042161,-0.75345623,-0.7566394,0.053255327,-0.65165985,0.14466584,0.98561084,-0.08742425
1356681674217,0.5973151,-0.16069177,-0.7857435,-0.78683496,0.07224711,-0.61292005,0.15525886,0.9843569,-0.08328357
1356681674257,0.5489374,-0.15482748,-0.82139885,-0.8193752,0.0945487,-0.5654067,0.1652027,0.9834068,-0.0749605
1356681674300,0.49260476,-0.14267156,-0.85847855,-0.8532442,0.11489996,-0.50869656,0.17121565,0.98307824,-0.06513339
1356681674339,0.43097484,-0.12551948,-0.89359134,-0.88620603,0.12768532,-0.4453484,0.16999835,0.9838401,-0.05620694
1356681674379,0.37012583,-0.10578078,-0.9229395,-0.91515213,0.1292705,-0.3818189,0.15969795,0.98595107,-0.048959166
1356681674419,0.32055753,-0.08713028,-0.9432132,-0.93661475,0.11949527,-0.3293535,0.14140618,0.9890042,-0.043302357
1356681674459,0.29136547,-0.07153812,-0.9539331,-0.94928443,0.101566225,-0.2975623,0.118174344,0.99225324,-0.038317114
1356681674498,0.28484127,-0.057980716,-0.95681953,-0.95404166,0.079811364,-0.28885067,0.09311283,0.9951223,-0.03258246
1356681674538,0.3005211,-0.044790715,-0.9527229,-0.9512348,0.058781713,-0.3028152,0.06956604,0.99726546,-0.024941355
1356681674577,0.33450055,-0.0305022,-0.9419018,-0.9410733,0.04211521,-0.33557013,0.04990405,0.9986471,-0.0146172345
1356681674617,0.3808681,-0.014043391,-0.9245227,-0.9239525,0.032470316,-0.38112643,0.03537184,0.99937403,-6.08474E-4
1356681674658,0.43298727,0.005405098,-0.9013838,-0.9010029,0.032277524,-0.4326107,0.026756108,0.99946433,0.018845797
1356681674698,0.48568374,0.028328449,-0.87367547,-0.87378097,0.044162095,-0.48431048,0.02486357,0.99862266,0.046201676
1356681674737,0.535182,0.055033445,-0.8429422,-0.84418637,0.07085964,-0.5313457,0.03048879,0.99596703,0.08438131
1356681674777,0.57983047,0.08508998,-0.81028163,-0.81355405,0.1140448,-0.57019603,0.043890387,0.989825,0.13535197
1356681674818,0.62060124,0.11545485,-0.77558,-0.78153443,0.17143048,-0.59984624,0.06370288,0.97840774,0.19662192
1356681674858,0.6598089,0.13971621,-0.73833025,-0.7464734,0.23457873,-0.6226959,0.0861958,0.9620042,0.2590716
1356681674906,0.6993347,0.15061161,-0.69874686,-0.7069211,0.29042196,-0.6449168,0.105799496,0.94497156,0.30957264
1356681674948,0.7405782,0.14125663,-0.65695554,-0.6617017,0.32356083,-0.6763573,0.11702508,0.93560404,0.33309186
1356681674988,0.78028363,0.11634454,-0.6145091,-0.61360157,0.33256125,-0.7161677,0.12103972,0.9358777,0.3308813
1356681675028,0.8130367,0.08124353,-0.57651615,-0.56963044,0.31575012,-0.7588301,0.12038502,0.9453578,0.3029952
1356681675068,0.8377857,0.04174325,-0.54440105,-0.5332339,0.27689502,-0.799369,0.11737366,0.959993,0.25423762
1356681675108,0.8544982,0.0026479363,-0.5194475,-0.50694203,0.2224091,-0.8327929,0.11332466,0.97494984,0.19139054
1356681675145,0.86384934,-0.03343229,-0.50263965,-0.49164104,0.16150808,-0.8556893,0.109787956,0.9863049,0.123081975
1356681675188,0.86716354,-0.06737766,-0.49344468,-0.48600593,0.10185933,-0.8679994,0.10874571,0.99251443,0.05558276
1356681675228,0.8648211,-0.09901339,-0.49222046,-0.48957348,0.051154047,-0.8704604,0.11136633,0.9937705,-0.004235238
1356681675299,0.858017,-0.13028705,-0.49682206,-0.49956506,0.013056133,-0.8661781,0.11933838,0.9913904,-0.053884476
1356681675310,0.8439418,-0.15612432,-0.5132128,-0.5210264,-0.010913011,-0.8534708,0.12764683,0.9876771,-0.09055483
1356681675349,0.82863486,-0.17590055,-0.53143513,-0.5427966,-0.020339493,-0.8396179,0.13688013,0.9841978,-0.112332225
1356681675389,0.80981004,-0.18891889,-0.5554434,-0.5681758,-0.016560972,-0.8227405,0.14623252,0.98185295,-0.12075037
1356681675438,0.78790194,-0.19304231,-0.5847608,-0.5955217,0.0028269328,-0.80333436,0.15673059,0.9811864,-0.11273353
1356681675479,0.761772,-0.19098017,-0.61905575,-0.62605894,0.028710961,-0.779247,0.16659439,0.98117393,-0.09769362
1356681675517,0.73593044,-0.18330905,-0.65177,-0.65404403,0.056373596,-0.75435305,0.17502233,0.9814377,-0.07840513
1356681675558,0.71132237,-0.1706776,-0.68182814,-0.67962515,0.08037276,-0.72914326,0.17924881,0.9820435,-0.058825836
1356681675597,0.6892638,-0.15466985,-0.7078083,-0.7026495,0.09546983,-0.7051022,0.1766324,0.98334265,-0.0428748
1356681675637,0.6707449,-0.13630626,-0.72905546,-0.7229402,0.099460214,-0.68371403,0.16570652,0.98566127,-0.03182885
1356681675677,0.6574385,-0.117100775,-0.74435335,-0.7388932,0.093428396,-0.667314,0.14768672,0.9887156,-0.025101528
1356681675717,0.65041494,-0.097786665,-0.7532584,-0.7492472,0.08041367,-0.6573906,0.12485629,0.9919534,-0.02096413
1356681675757,0.6501427,-0.078504026,-0.7557457,-0.75322425,0.064104676,-0.65463257,0.09983814,0.99485064,-0.017453954
1356681675798,0.6567331,-0.05938667,-0.7517811,-0.75035244,0.048106268,-0.6592852,0.0753181,0.9970752,-0.012967944
1356681675837,0.669739,-0.0403668,-0.74149853,-0.7406839,0.03530678,-0.67092526,0.05326301,0.9985609,-0.0062526762
1356681675877,0.68832517,-0.021000296,-0.7250982,-0.7245667,0.028059795,-0.68863326,0.034807622,0.99938565,0.0040981323
1356681675917,0.7115277,-8.4260106E-4,-0.7026575,-0.7023455,0.028971568,-0.71124643,0.020956397,0.99957985,0.020022258
1356681675957,0.7381361,0.020101279,-0.6743523,-0.6745142,0.042180374,-0.73705596,0.013628632,0.99890774,0.04469347
1356681675997,0.76727366,0.040200293,-0.64005864,-0.64111686,0.07318753,-0.7639455,0.016133487,0.9965077,0.08192796
1356681676038,0.7977488,0.055571675,-0.6004237,-0.6021386,0.12630978,-0.78833675,0.032030165,0.990433,0.13422534
1356681676077,0.8279943,0.06116551,-0.5573906,-0.5574271,0.19762284,-0.80636233,0.060831517,0.978368,0.19772589
1356681676118,0.85576767,0.054882362,-0.5144411,-0.50856054,0.27185446,-0.81698304,0.09501511,0.9607721,0.26055527
1356681676157,0.87918484,0.040004805,-0.4747985,-0.4602533,0.3291431,-0.82451904,0.12329191,0.9434322,0.30778998
1356681676197,0.89757496,0.021496102,-0.4403375,-0.41820037,0.35762465,-0.8349928,0.13952646,0.933618,0.3299846
1356681676237,0.9113509,0.001792118,-0.41162643,-0.38527304,0.3557939,-0.85145485,0.14492825,0.9345627,0.32494354
1356681676298,0.9211218,-0.018187985,-0.3888494,-0.36190456,0.32792974,-0.8726323,0.14338669,0.944527,0.2954809
1356681676319,0.9274443,-0.036854267,-0.37214094,-0.34771836,0.28122595,-0.8944293,0.13761921,0.9589336,0.2480065
1356681676359,0.93077266,-0.053226694,-0.36170316,-0.3419646,0.2231906,-0.9128232,0.12931532,0.9733206,0.18953806
1356681676399,0.93132997,-0.06824991,-0.35772392,-0.34351626,0.1615093,-0.9251548,0.12091747,0.9845084,0.12697351
1356681676439,0.92921996,-0.08365327,-0.35993388,-0.3511017,0.10386729,-0.9305586,0.11522964,0.991067,0.06714475
1356681676479,0.9247147,-0.10051295,-0.36715102,-0.36323312,0.055508733,-0.9300433,0.11386149,0.9933861,0.014820103
1356681676519,0.91802543,-0.11818656,-0.37849867,-0.3789315,0.01966542,-0.9252157,0.11679143,0.99279666,-0.026731253
1356681676559,0.9094829,-0.13533416,-0.39309734,-0.3971049,-0.0028644223,-0.9177688,0.12307952,0.9907959,-0.056347013
1356681676597,0.899439,-0.15069968,-0.4102428,-0.41678292,-0.013253182,-0.9089095,0.13153535,0.98849076,-0.07472948
1356681676656,0.8882856,-0.16344185,-0.42922673,-0.4370854,-0.013745455,-0.89931494,0.14108577,0.98645717,-0.08364793
1356681676678,0.87651837,-0.17314386,-0.44915125,-0.45706344,-0.006613344,-0.8894095,0.15102538,0.9848743,-0.08493444
1356681676719,0.86472887,-0.17956474,-0.4690421,-0.4757866,0.006205799,-0.8795389,0.16084495,0.9837266,-0.08006817
1356681676755,0.8535361,-0.18237513,-0.4880731,-0.4927776,0.02173248,-0.86988384,0.1692522,0.9829888,-0.071320914
1356681676798,0.84329665,-0.18039787,-0.50626814,-0.50852793,0.037012935,-0.8602497,0.17392567,0.9828971,-0.060524464
1356681676837,0.8339001,-0.1724548,-0.5242805,-0.52439976,0.04862109,-0.8500829,0.17209195,0.98381674,-0.049890116
1356681676877,0.8247863,-0.15804937,-0.54290694,-0.54170597,0.054420773,-0.83880454,0.16211796,0.9859304,-0.04073079
1356681676917,0.8159192,-0.1385607,-0.561317,-0.5597149,0.054011915,-0.8269232,0.14489685,0.98888,-0.03348513
1356681676960,0.80769354,-0.116144285,-0.57804984,-0.5766508,0.04875445,-0.81553465,0.12290217,0.992035,-0.027596042
1356681676997,0.80090255,-0.09277366,-0.5915642,-0.59053683,0.04112923,-0.8059619,0.09910259,0.99483734,-0.021845758
1356681677038,0.7962642,-0.06960389,-0.6009316,-0.60017467,0.033663005,-0.79916024,0.075853825,0.99700654,-0.014969841
1356681677078,0.79448164,-0.047136277,-0.60545623,-0.6048211,0.028361052,-0.7958563,0.054685116,0.99848586,-0.0059766993
1356681677118,0.79563665,-0.025107801,-0.6052537,-0.6046786,0.027148224,-0.7960068,0.036417574,0.9993161,0.00641796
1356681677158,0.79954064,-0.0031041205,-0.60060394,-0.6001997,0.03291458,-0.79917264,0.022249341,0.9994533,0.024453469
1356681677197,0.8058537,0.018852413,-0.59181446,-0.59193486,0.050279386,-0.804416,0.014590919,0.99855727,0.051677227
1356681677237,0.8142982,0.039913803,-0.57907283,-0.58020663,0.08466933,-0.8100564,0.016697258,0.99560934,0.092104346
1356681677299,0.8245263,0.058476627,-0.56279385,-0.5649839,0.1392571,-0.8132654,0.030816048,0.9885282,0.14785948
1356681677319,0.83632785,0.072158694,-0.54346,-0.5454495,0.2092256,-0.8116092,0.055141076,0.9752014,0.21434012
1356681677360,0.84945524,0.078289494,-0.52182037,-0.52105653,0.28042915,-0.80613863,0.083221436,0.9566766,0.2790053
1356681677399,0.8633245,0.075320885,-0.4989965,-0.493231,0.33508778,-0.8027698,0.10674231,0.93917143,0.3264401
1356681677439,0.87667596,0.0640578,-0.47679752,-0.46562746,0.3621694,-0.8074802,0.12095605,0.9299085,0.3473323
1356681677479,0.88860023,0.04589005,-0.45638114,-0.44095683,0.35939622,-0.82243025,0.12628032,0.93205607,0.33959508
1356681677519,0.8982503,0.02322106,-0.4388704,-0.42121488,0.3304174,-0.84463155,0.12539718,0.9435493,0.30657858
1356681677559,0.904905,-7.8471005E-4,-0.42561284,-0.40817255,0.28173316,-0.86834425,0.12059066,0.9594925,0.25462145
1356681677597,0.90844214,-0.024441123,-0.4172956,-0.40209123,0.22178367,-0.8883325,0.11426118,0.9747895,0.19165006
1356681677638,0.9093725,-0.04849015,-0.41314685,-0.401312,0.15917349,-0.9020047,0.10950039,0.98605907,0.12528831
1356681677677,0.90807056,-0.07362512,-0.41229504,-0.40449452,0.10106948,-0.9089385,0.108591184,0.9921514,0.061997257
1356681677717,0.90439665,-0.098783344,-0.41510063,-0.4118437,0.052319676,-0.90975136,0.1115862,0.99373263,0.006634444
1356681677757,0.8979193,-0.12203835,-0.42290378,-0.42432463,0.015396593,-0.90537924,0.11700226,0.99240595,-0.037958987
1356681677797,0.888173,-0.142018,-0.4370122,-0.442627,-0.008997051,-0.8966607,0.12341018,0.9898232,-0.07085195
1356681677838,0.8749345,-0.15839052,-0.4576047,-0.4663601,-0.021187246,-0.8843411,0.13037588,0.9871491,-0.09240448
1356681677877,0.8581152,-0.17129481,-0.48404175,-0.4945094,-0.021979153,-0.86889434,0.13819827,0.9849746,-0.10356754
1356681677917,0.8376759,-0.18067293,-0.51541865,-0.52595586,-0.012499217,-0.8504201,0.1472056,0.9834639,-0.10549629
1356681677957,0.81336504,-0.18608992,-0.55118763,-0.56010234,0.0055818,-0.8284046,0.15723436,0.9825168,-0.099689364
1356681677997,0.78464097,-0.18694612,-0.59109193,-0.59691584,0.029668476,-0.80175513,0.1674218,0.9819221,-0.088312
1356681678037,0.7501547,-0.18234083,-0.63562554,-0.6374942,0.055979248,-0.7684187,0.17569597,0.9816405,-0.074248135
1356681678077,0.70725036,-0.17103955,-0.68596095,-0.68394554,0.08003795,-0.72512925,0.17892867,0.98200786,-0.060374856
1356681678117,0.6539204,-0.15295082,-0.7409414,-0.7361092,0.09756026,-0.6697948,0.17473206,0.9834063,-0.048791856
1356681678157,0.59342456,-0.13068563,-0.79420936,-0.7882449,0.10527168,-0.6062903,0.1628412,0.98581904,-0.0405415
1356681678197,0.53633904,-0.108487606,-0.8370011,-0.83149,0.102212206,-0.5460558,0.14479199,0.98882914,-0.035385966
1356681678237,0.49507073,-0.08909851,-0.8642721,-0.86013,0.090338856,-0.5020111,0.122805744,0.99191743,-0.031912178
1356681678299,0.47737914,-0.07267794,-0.87568665,-0.8730593,0.07348192,-0.48204547,0.09938124,0.9946448,-0.02837345
1356681678319,0.48402214,-0.0579499,-0.87313485,-0.87164754,0.05605094,-0.4869178,0.0771569,0.9967448,-0.023382008
1356681678359,0.5069085,-0.04279679,-0.8609368,-0.8600556,0.041933045,-0.508474,0.05786276,0.9982034,-0.015551418
1356681678399,0.53690195,-0.025623083,-0.8432555,-0.84256345,0.034303233,-0.5375037,0.04269895,0.99908304,-0.0031716228
1356681678439,0.56595635,-0.005215764,-0.82441866,-0.82378036,0.036268666,-0.5657477,0.032851398,0.99932843,0.016229838
1356681678479,0.5907751,0.01895976,-0.8066135,-0.80629086,0.050626636,-0.5893488,0.029662251,0.99853766,0.04519601
1356681678524,0.6085041,0.04798633,-0.7920985,-0.7927711,0.08099516,-0.604114,0.03516692,0.9955587,0.08732806
1356681678559,0.61984307,0.082023025,-0.78042734,-0.7830608,0.12940209,-0.6083344,0.051091462,0.98819387,0.14443801
1356681678599,0.6269773,0.11873406,-0.7699361,-0.77526027,0.19230062,-0.6016576,0.07662192,0.9741266,0.21261793
1356681678639,0.63464445,0.15147302,-0.75781417,-0.7654927,0.25778604,-0.5895484,0.10605326,0.9542549,0.27955395
1356681678679,0.6487985,0.17060694,-0.7415887,-0.7496177,0.3109277,-0.5842922,0.13089618,0.9349959,0.3296194
1356681678719,0.67274916,0.16893387,-0.72032624,-0.7253962,0.34223878,-0.59722096,0.14563274,0.9243018,0.35278487
1356681678759,0.7046576,0.14608201,-0.694347,-0.6935184,0.34862518,-0.63047034,0.14996651,0.92580813,0.34697193
1356681678797,0.7384612,0.10888931,-0.66544586,-0.65814483,0.3310972,-0.6761805,0.14669842,0.9372928,0.31616735
1356681678837,0.769281,0.06519005,-0.63557607,-0.62380075,0.2917003,-0.7251093,0.13812779,0.9542857,0.26506513
1356681678877,0.7934936,0.022551358,-0.6081606,-0.59539264,0.23566055,-0.76809615,0.12599787,0.97157377,0.20042205
1356681678917,0.810318,-0.0152848065,-0.585791,-0.57514536,0.1706886,-0.80004567,0.11221638,0.9852064,0.12952104
1356681678957,0.8204794,-0.047840476,-0.5696708,-0.56297964,0.10553485,-0.819705,0.09933518,0.9932642,0.059655964
1356681678997,0.8250269,-0.07599746,-0.55995977,-0.557894,0.048129674,-0.8285154,0.08991575,0.9959457,-0.0026902556
1356681679037,0.8249212,-0.10084039,-0.55618006,-0.5586955,0.0039240085,-0.8293635,0.0858158,0.9948948,-0.053102076
1356681679077,0.8208945,-0.12314318,-0.5576451,-0.564283,-0.02469882,-0.8252119,0.08784601,0.9920815,-0.08976272
1356681679117,0.813439,-0.14306745,-0.5637808,-0.5737277,-0.037920263,-0.8181679,0.0956745,0.98898625,-0.11292757
1356681679157,0.80237806,-0.15995657,-0.5749812,-0.58699316,-0.03743651,-0.8087259,0.107835755,0.9864139,-0.12393166
1356681679197,0.7868605,-0.17265981,-0.5924855,-0.6048957,-0.025557075,-0.79589444,0.1222768,0.98464984,-0.12455104
1356681679237,0.7656142,-0.18016715,-0.6175554,-0.6285032,-0.004779812,-0.7777923,0.13718082,0.9836244,-0.116895124
1356681679304,0.7374738,-0.18211219,-0.6503596,-0.6581739,0.022159167,-0.75253975,0.1514581,0.98302805,-0.10351969
1356681679319,0.70128644,-0.17852873,-0.6901629,-0.69381565,0.051466733,-0.7183113,0.16375965,0.9825878,-0.087773114
1356681679359,0.65471613,-0.16877547,-0.7367914,-0.7361864,0.07864556,-0.67219365,0.1713951,0.9825119,-0.07275966
1356681679399,0.5949283,-0.15213934,-0.78924894,-0.78534853,0.09904138,-0.6110798,0.1711376,0.98338413,-0.0605599
1356681679439,0.5251951,-0.13061872,-0.84089756,-0.83549404,0.10852048,-0.538677,0.16161585,0.9854754,-0.05213672
1356681679479,0.4598152,-0.10941565,-0.881248,-0.8761927,0.10548873,-0.47027487,0.14441714,0.98838264,-0.047363877
1356681679519,0.41538334,-0.09245551,-0.9049357,-0.9012904,0.09270014,-0.42318106,0.12301305,0.99139225,-0.04482317
1356681679559,0.39936295,-0.079568,-0.9133336,-0.9111991,0.07543388,-0.40500125,0.101121485,0.9939711,-0.042376786
1356681679599,0.40978044,-0.06848884,-0.9096094,-0.9085355,0.058456287,-0.41369802,0.08150607,0.99593776,-0.038270295
1356681679657,0.4393478,-0.056986928,-0.8965077,-0.8959354,0.044825837,-0.4419168,0.0653702,0.9973681,-0.031362504
1356681679678,0.47816157,-0.04301834,-0.87721765,-0.8766996,0.036358595,-0.47966212,0.05252865,0.99841243,-0.02032888
1356681679718,0.51732296,-0.024509966,-0.85543925,-0.85473055,0.03493236,-0.51789534,0.042576134,0.9990891,-0.0028781295
1356681679755,0.5515279,3.0121207E-4,-0.8341564,-0.8333669,0.043699503,-0.55099016,0.036286294,0.9990447,0.02435249
1356681679799,0.5785542,0.03269598,-0.8149883,-0.814837,0.06760411,-0.5757346,0.036272347,0.9971763,0.06575455
1356681679837,0.6008154,0.07107565,-0.79622173,-0.7981038,0.1097658,-0.5924373,0.045290083,0.99141306,0.12267472
1356681679877,0.6209507,0.11080834,-0.77597797,-0.7812767,0.1676354,-0.60125285,0.06345752,0.9796019,0.19066529
1356681679918,0.64373547,0.14315787,-0.75173825,-0.760476,0.22920974,-0.6075681,0.085327506,0.9627921,0.2564186
1356681679957,0.67219824,0.15921515,-0.72304916,-0.7331416,0.2792889,-0.62008154,0.10321325,0.94691515,0.30446476
1356681679997,0.7060194,0.15452826,-0.69112784,-0.69907,0.3082051,-0.6452216,0.1133042,0.93868566,0.32562482
1356681680038,0.7421851,0.13026163,-0.65741396,-0.659943,0.31296587,-0.6830283,0.11677578,0.94078916,0.31824386
1356681680079,0.77697533,0.091152936,-0.6228969,-0.6187725,0.29272515,-0.72899425,0.11588764,0.95184207,0.28384313
1356681680117,0.8039887,0.050100416,-0.59253025,-0.58394754,0.25467202,-0.77080965,0.11228299,0.96572876,0.23400944
1356681680158,0.8237721,0.010892808,-0.5668165,-0.55690306,0.20267639,-0.8054696,0.106106475,0.97918516,0.17302537
