1356681230678,-0.17858922,0.39666137,0.9004252,0.76112795,-0.52424484,0.38190508,0.62353027,0.753543,-0.20828563
1356681230723,0.73958284,-0.48222303,0.46955103,0.25337797,-0.44683444,-0.8579852,0.6235518,0.75352496,-0.20828637
1356681230755,0.73937154,-0.4822821,0.46982306,0.25347477,-0.4470759,-0.8578308,0.623763,0.753344,-0.20830888
1356681230799,0.7384119,-0.48247215,0.4711353,0.25397947,-0.44823012,-0.8570788,0.62469375,0.75253594,-0.20844042
1356681230896,0.7353972,-0.48296815,0.47532383,0.25555772,-0.45198125,-0.8546363,0.6275996,0.74996984,-0.20895952
1356681230897,0.73021543,-0.48307842,0.48313624,0.25882918,-0.4588419,-0.8499832,0.63229173,0.7457206,-0.21001863
1356681230927,0.72270626,-0.48288408,0.4944883,0.26305643,-0.46942812,-0.8428751,0.6391377,0.73922944,-0.21223286
1356681230961,0.7137315,-0.48135823,0.5088042,0.26785982,-0.48362538,-0.83328134,0.64717734,0.7310273,-0.21624216
1356681230996,0.7046609,-0.47771627,0.5246334,0.27203584,-0.501,-0.8215811,0.655324,0.72165513,-0.22307914
1356681231076,0.69684464,-0.47097188,0.5409187,0.2752722,-0.5208015,-0.8080786,0.66229355,0.7120051,-0.23327228
1356681231087,0.6926558,-0.46045902,0.5551625,0.27364358,-0.5443926,-0.7929413,0.6673433,0.701152,-0.25107503
1356681231149,0.68989277,-0.4436104,0.5720645,0.27436545,-0.5710557,-0.7737047,0.6699041,0.690728,-0.27225584
1356681231191,0.68833554,-0.4242742,0.5883754,0.2763641,-0.596555,-0.75348854,0.67068404,0.6812588,-0.29337585
1356681231206,0.6901383,-0.4048803,0.5998175,0.27466232,-0.6202841,-0.7347164,0.66952944,0.67180324,-0.31687644
1356681231306,0.6936691,-0.38435042,0.6091781,0.27156174,-0.64377654,-0.7154061,0.66714126,0.6616846,-0.342193
1356681231308,0.6981608,-0.36332092,0.61690307,0.2663189,-0.66804004,-0.69483584,0.6645644,0.64940006,-0.36964017
1356681231340,0.7008648,-0.34175426,0.6260931,0.2637664,-0.6913573,-0.6726458,0.6627336,0.63657606,-0.3944047
1356681231366,0.70244455,-0.32257885,0.6344403,0.26043487,-0.71308124,-0.65091383,0.66237855,0.6224613,-0.41688928
1356681231395,0.70300114,-0.30522504,0.6423605,0.2585244,-0.7317567,-0.63063246,0.66253644,0.60940117,-0.43551767
1356681231436,0.7019911,-0.2906365,0.6501838,0.25750348,-0.7475964,-0.6122022,0.6640034,0.5971851,-0.44996607
1356681231484,0.6979776,-0.27823648,0.65985733,0.26024732,-0.75988114,-0.59569454,0.6671571,0.5875076,-0.45796973
1356681231560,0.68775177,-0.26801002,0.67466146,0.2715435,-0.766914,-0.58146966,0.67324704,0.58310676,-0.45467007
1356681231563,0.6744217,-0.26007122,0.691027,0.28812695,-0.76900744,-0.5706228,0.6798075,0.58394384,-0.4437018
1356681231609,0.65552855,-0.25428173,0.71107185,0.31369975,-0.764827,-0.56270075,0.6869315,0.59192944,-0.42159778
1356681231650,0.63044417,-0.25101253,0.734529,0.3483149,-0.7541749,-0.55668384,0.6936979,0.6068055,-0.38803378
1356681231694,0.60063106,-0.250665,0.7592163,0.38863224,-0.73832244,-0.5512213,0.6987183,0.6261366,-0.34604287
1356681231718,0.56662047,-0.25304505,0.7841616,0.43331984,-0.7179433,-0.5447855,0.70083886,0.64847946,-0.29715198
1356681231788,0.5277357,-0.2581487,0.8092306,0.4829497,-0.6925305,-0.53587395,0.6987521,0.67361754,-0.24080023
1356681231806,0.4921309,-0.26777205,0.8283147,0.52698874,-0.66571164,-0.52830935,0.6928852,0.69650996,-0.18650442
1356681231876,0.46384043,-0.28036726,0.8403846,0.5624396,-0.63971823,-0.52385324,0.68448067,0.7156499,-0.13903752
1356681231888,0.44702113,-0.29584658,0.8441842,0.5867631,-0.6153493,-0.5263596,0.6751898,0.73063,-0.1014823
1356681231936,0.4438256,-0.31315023,0.8396164,0.59986204,-0.59223884,-0.53797644,0.66572094,0.7424217,-0.0750038
1356681231980,0.45649803,-0.33284497,0.8251204,0.60059655,-0.5689331,-0.5617818,0.6564246,0.75201684,-0.059811324
1356681232012,0.4814651,-0.35416776,0.801721,0.5905657,-0.5448056,-0.595331,0.64762914,0.76010007,-0.053145558
1356681232075,0.51413596,-0.37451226,0.77162474,0.57232946,-0.5202571,-0.63385445,0.6388295,0.76751095,-0.053138494
1356681232088,0.5503502,-0.39373562,0.7362655,0.54806954,-0.49487972,-0.67432463,0.62986857,0.77463937,-0.056562632
1356681232120,0.5842892,-0.4114676,0.6995002,0.52159923,-0.4699244,-0.7121133,0.6217238,0.7809389,-0.05995056
1356681232182,0.6134508,-0.42567182,0.6651929,0.49716866,-0.4462806,-0.7440813,0.6135971,0.78717035,-0.062140524
1356681232199,0.63855374,-0.43961734,0.63165313,0.47308916,-0.42313495,-0.77275056,0.6069891,0.79227096,-0.062216222
1356681232246,0.6558354,-0.45262238,0.604163,0.4534929,-0.40359527,-0.79464144,0.60350984,0.7951376,-0.059431016
1356681232268,0.6670923,-0.46511558,0.581941,0.43738237,-0.3878248,-0.81134987,0.6030626,0.795776,-0.05528161
1356681232309,0.6670476,-0.4777871,0.5716353,0.4295409,-0.38027245,-0.81907725,0.6087217,0.79190433,-0.04843074
1356681232351,0.65878063,-0.49036533,0.5705698,0.42708886,-0.3805923,-0.82021004,0.61935705,0.7840225,-0.041297227
1356681232401,0.6439355,-0.5009989,0.5782276,0.42850703,-0.3899423,-0.8150624,0.63382083,0.7726222,-0.036416113
1356681232439,0.62454605,-0.5073283,0.5937679,0.43237552,-0.40852457,-0.8038403,0.65037966,0.75876594,-0.035786092
1356681232524,0.6017866,-0.5071851,0.61694086,0.43574244,-0.43886468,-0.7858284,0.669314,0.74172837,-0.043100804
1356681232526,0.5758233,-0.4939412,0.651498,0.44662136,-0.47741798,-0.75670433,0.68480426,0.7267009,-0.054303676
1356681232572,0.5526161,-0.4731248,0.68612564,0.45764226,-0.51577586,-0.7242505,0.69654787,0.7142326,-0.068504155
1356681232585,0.5354766,-0.44651067,0.71686333,0.46563542,-0.5520585,-0.6916756,0.704591,0.704173,-0.08770326
1356681232629,0.524469,-0.41248995,0.7448384,0.4716667,-0.58755314,-0.6575042,0.70884603,0.696156,-0.113595665
1356681232661,0.5138608,-0.37047046,0.7737562,0.48093843,-0.6224735,-0.61743414,0.71038383,0.68940437,-0.14169127
1356681232698,0.51507735,-0.328198,0.79182154,0.4832711,-0.6517627,-0.58451205,0.7079155,0.6837334,-0.17709965
1356681232729,0.52035433,-0.2829404,0.80571467,0.48542607,-0.6782419,-0.55167866,0.7025617,0.6781833,-0.21557948
1356681232769,0.540606,-0.2420465,0.8057038,0.47773603,-0.69998693,-0.53083575,0.69246906,0.6718868,-0.2627828
1356681232800,0.56488895,-0.2037174,0.79962474,0.46797723,-0.71904147,-0.51378655,0.6796306,0.6644385,-0.31084353
1356681232829,0.5932352,-0.1718915,0.7864638,0.45416027,-0.7351676,-0.5032564,0.66468817,0.65573007,-0.35806102
1356681232859,0.6222892,-0.14638832,0.7689777,0.43790087,-0.74916565,-0.49698457,0.6488444,0.6460041,-0.40209407
1356681232889,0.6482923,-0.12647262,0.750814,0.4218116,-0.76129234,-0.49245197,0.63387066,0.6359549,-0.44019234
1356681232920,0.6682232,-0.111194596,0.7356042,0.40864533,-0.7713902,-0.4878177,0.62168056,0.6265723,-0.47002167
1356681232959,0.6778392,-0.099261805,0.72847855,0.4025463,-0.77901995,-0.4807123,0.6152158,0.619092,-0.4880928
1356681232990,0.679497,-0.091756746,0.7279179,0.40202314,-0.7833741,-0.47402787,0.61372733,0.6147404,-0.49541205
1356681233020,0.6722834,-0.08655679,0.73521626,0.40910572,-0.78427374,-0.46641952,0.6169826,0.6143473,-0.49184334
1356681233049,0.6561924,-0.08353612,0.74995553,0.42407385,-0.7812357,-0.45807442,0.6241578,0.61862147,-0.47721544
1356681233079,0.63216543,-0.08305217,0.7703695,0.44573516,-0.7742741,-0.4492435,0.6337879,0.627377,-0.45245004
1356681233109,0.60043025,-0.08524473,0.79512066,0.47310573,-0.76375574,-0.43914482,0.64471275,0.6398519,-0.4182523
1356681233139,0.5629922,-0.09080912,0.82145816,0.5032061,-0.7508043,-0.42787445,0.6556092,0.65425265,-0.3770013
1356681233170,0.52083135,-0.09977315,0.84780896,0.5346793,-0.73608184,-0.4150923,0.6654718,0.669499,-0.33002785
1356681233210,0.4677942,-0.111655846,0.87675625,0.5722879,-0.7176914,-0.3967436,0.6735392,0.6873514,-0.27183262
1356681233240,0.42500377,-0.13443376,0.8951533,0.60028434,-0.6983218,-0.3898787,0.6775179,0.7030464,-0.21609092
1356681233280,0.3884827,-0.16061553,0.9073499,0.62615824,-0.67640096,-0.38782406,0.67602295,0.7188076,-0.16219932
1356681233311,0.37362182,-0.19774275,0.9062585,0.64038604,-0.65182585,-0.40623727,0.67105323,0.73213446,-0.116904676
1356681233353,0.37838084,-0.2378806,0.8945617,0.6469656,-0.6232056,-0.4393748,0.66201466,0.7450017,-0.081908464
1356681233394,0.41089344,-0.28679162,0.8654,0.63821995,-0.58736026,-0.49767786,0.65103143,0.7568081,-0.058306336
1356681233454,0.46380496,-0.3394876,0.8183111,0.6123014,-0.54472476,-0.57302874,0.6402905,0.7668267,-0.044777304
1356681233476,0.5255089,-0.38883668,0.7567341,0.570991,-0.4981953,-0.6525111,0.6307216,0.7749888,-0.039783835
1356681233515,0.58671916,-0.43168044,0.68513685,0.51769954,-0.4506372,-0.7272642,0.62269396,0.7813949,-0.04091668
1356681233551,0.640399,-0.4662617,0.6103189,0.458591,-0.40530875,-0.79083437,0.6161034,0.78633624,-0.045735836
1356681233593,0.68422353,-0.4926458,0.53771585,0.3989008,-0.3644282,-0.84146917,0.61050504,0.7902483,-0.052833557
1356681233699,0.7189543,-0.5129235,0.46905667,0.34117845,-0.32751852,-0.88109523,0.6055592,0.7934993,-0.06047243
1356681233700,0.7453568,-0.52852696,0.40632805,0.2878063,-0.2946673,-0.9112292,0.60134083,0.79613465,-0.06751889
1356681233723,0.7641606,-0.54216653,0.34944823,0.23936361,-0.26472157,-0.9341454,0.59896886,0.7974823,-0.07251486
1356681233747,0.7757543,-0.55568326,0.29903424,0.19687852,-0.23709583,-0.95132774,0.5995366,0.79686993,-0.07452601
1356681233790,0.7800416,-0.57016516,0.25777304,0.16269216,-0.21298374,-0.96341544,0.60420734,0.7934417,-0.07337478
1356681233897,0.7776973,-0.5869175,0.22519921,0.13577671,-0.19295423,-0.97176814,0.6138009,0.7863183,-0.07037026
1356681233898,0.76994145,-0.6059606,0.20000483,0.113878205,-0.177919,-0.9774337,0.627871,0.77534294,-0.06798151
1356681233906,0.75890565,-0.6256801,0.1805177,0.09492925,-0.16795178,-0.9812138,0.6442443,0.76178503,-0.068064176
1356681233959,0.7461532,-0.64454633,0.16677985,0.078281224,-0.16383268,-0.98337734,0.6611562,0.7468058,-0.0717884
1356681233977,0.7343488,-0.66039693,0.15686896,0.06371033,-0.16302583,-0.9845627,0.6757759,0.73300654,-0.077643715
1356681234017,0.7235031,-0.67345667,0.15165517,0.048989862,-0.16904363,-0.98439026,0.68858063,0.71963894,-0.08931104
1356681234059,0.7145651,-0.68291956,0.1517154,0.034018815,-0.18269211,-0.9825815,0.6987413,0.70727956,-0.107313275
1356681234144,0.7084559,-0.68832624,0.15587527,0.01720807,-0.20395008,-0.97883004,0.70554525,0.6961402,-0.13264486
1356681234145,0.7059786,-0.6894621,0.16197604,-0.003834784,-0.23242229,-0.97260743,0.7082228,0.6860189,-0.1667291
1356681234176,0.70791996,-0.6864209,0.16636008,-0.032576233,-0.26702175,-0.9631397,0.705541,0.67640644,-0.211391
1356681234218,0.71400815,-0.68015206,0.16608888,-0.069247335,-0.3046636,-0.9499394,0.6967045,0.66676325,-0.26463103
1356681234335,0.7237344,-0.6720152,0.15685728,-0.11581674,-0.3423651,-0.93240154,0.68029046,0.65664434,-0.325612
1356681234338,0.73407495,-0.6638101,0.1431438,-0.16218525,-0.37607735,-0.9122838,0.6594163,0.6464689,-0.38372916
1356681234339,0.7431761,-0.6566999,0.12819695,-0.2020956,-0.40296102,-0.8926252,0.6378453,0.63746965,-0.4321872
1356681234375,0.7496868,-0.65101045,0.11897516,-0.22669522,-0.4215197,-0.8780264,0.62175477,0.6312737,-0.4635887
1356681234407,0.75387436,-0.64639735,0.117660075,-0.2353344,-0.43286133,-0.87020046,0.61342573,0.6283323,-0.4784426
1356681234473,0.7554691,-0.6429545,0.1259997,-0.22292876,-0.43309018,-0.8733474,0.6160919,0.631698,-0.4705193
1356681234489,0.7554832,-0.6397831,0.14114776,-0.19230868,-0.42249423,-0.8857291,0.62630856,0.6420095,-0.44222316
1356681234536,0.75458425,-0.6367756,0.15849121,-0.15368697,-0.40630627,-0.90071946,0.63795215,0.6553107,-0.40445644
1356681234560,0.75223064,-0.63450915,0.17761523,-0.10381073,-0.38032472,-0.91900843,0.6506707,0.67286795,-0.35196078
1356681234601,0.7487143,-0.63312995,0.1964008,-0.04744649,-0.34670162,-0.9367746,0.6611926,0.6920581,-0.28962028
1356681234680,0.7452915,-0.6329236,0.20963882,0.0054267347,-0.30865544,-0.95115846,0.66671675,0.7100279,-0.2266036
1356681234681,0.7439016,-0.6336554,0.21234672,0.048342407,-0.2658911,-0.96279013,0.6665383,0.72648656,-0.16716439
1356681234739,0.74771047,-0.6342602,0.19657868,0.07576871,-0.21261431,-0.9741942,0.659688,0.7433097,-0.110916875
1356681234773,0.75429493,-0.6355646,0.16461074,0.08141363,-0.15824257,-0.9840382,0.6514683,0.75565654,-0.067617945
1356681234814,0.76181746,-0.63484174,0.12888026,0.07481009,-0.11140251,-0.99095553,0.64345753,0.76456875,-0.037375808
1356681234849,0.7690898,-0.6327738,0.08999035,0.057265878,-0.07201013,-0.99575865,0.6365702,0.7709812,-0.019145928
1356681234903,0.77534986,-0.62962663,0.049019933,0.031582445,-0.038865894,-0.9987452,0.6307417,0.77592516,-0.010249525
1356681234969,0.78051203,-0.62509084,0.007901728,3.581643E-4,-0.012192845,-0.9999256,0.62514067,0.7804568,-0.009292781
1356681234971,0.78464746,-0.6190067,-0.034046113,-0.0356372,0.009790212,-0.9993168,0.61891717,0.7853247,-0.014377803
1356681235008,0.7870593,-0.6124281,-0.07395619,-0.07144457,0.02858422,-0.9970349,0.6127262,0.79000926,-0.021257192
1356681235042,0.7882904,-0.60560656,-0.108806804,-0.104690045,0.042247027,-0.99360716,0.6063318,0.794642,-0.03009805
1356681235078,0.7875196,-0.6004712,-0.13873433,-0.13381325,0.0531387,-0.98958087,0.601587,0.79787886,-0.038503245
1356681235131,0.7844827,-0.5988432,-0.16116357,-0.15530545,0.061887536,-0.9859261,0.6003891,0.7984715,-0.044453904
1356681235170,0.7801048,-0.59987986,-0.1777094,-0.1703908,0.06959838,-0.9829156,0.6019995,0.7970572,-0.047919974
1356681235178,0.77483267,-0.6040117,-0.1865588,-0.17780828,0.07496679,-0.98120546,0.60664535,0.7934418,-0.04931158
1356681235220,0.76748306,-0.6143764,-0.18306127,-0.17396763,0.07523993,-0.98187286,0.617013,0.7854175,-0.04913625
1356681235259,0.75844586,-0.62954557,-0.16861847,-0.16189656,0.068623245,-0.9844187,0.6313076,0.77392703,-0.04987423
1356681235295,0.74849546,-0.6475005,-0.14316973,-0.14359123,0.052523494,-0.98824227,0.6474072,0.76025283,-0.05366181
1356681235338,0.73861897,-0.66561174,-0.10678488,-0.120924234,0.025015585,-0.99234647,0.66318876,0.74587876,-0.062011614
1356681235414,0.730327,-0.6803137,-0.06160891,-0.09486085,-0.0116895735,-0.9954219,0.676479,0.7328278,-0.07307236
1356681235415,0.7231295,-0.6906477,-0.009458363,-0.070341855,-0.06001383,-0.995716,0.68712133,0.7206969,-0.09197922
1356681235455,0.71869975,-0.6933334,0.05253139,-0.047873527,-0.12471242,-0.99103737,0.6936705,0.7097435,-0.122823104
1356681235518,0.71884036,-0.6841996,0.123042285,-0.024927586,-0.20225005,-0.9790166,0.6947281,0.7006895,-0.16244096
1356681235538,0.72396076,-0.66424656,0.18616495,-0.009668797,-0.27961046,-0.9600649,0.68977344,0.69324934,-0.20884949
1356681235634,0.7417831,-0.6413559,0.19601142,-0.048210323,-0.34251523,-0.9382745,0.6689048,0.6865463,-0.284992
1356681235638,0.76089466,-0.61651504,0.20235753,-0.08235714,-0.4010954,-0.9123266,0.6436277,0.67751884,-0.35596576
1356681235672,0.7766099,-0.5977788,0.19884051,-0.11462833,-0.4444449,-0.88844186,0.6194654,0.66718,-0.4136827
1356681235707,0.7879366,-0.5839045,0.1954774,-0.13745598,-0.47624153,-0.8685044,0.60021806,0.6574569,-0.4555093
1356681235735,0.79484683,-0.57505715,0.19372086,-0.15089397,-0.49652666,-0.8548054,0.58774954,0.65020806,-0.4814353
1356681235797,0.7975354,-0.56644046,0.20756306,-0.13994452,-0.5083902,-0.8496793,0.5868158,0.64860207,-0.48472947
1356681235834,0.7954396,-0.5596604,0.23249967,-0.10919148,-0.5097149,-0.85338616,0.596115,0.6534301,-0.46655756
1356681235860,0.78781945,-0.55352587,0.27009183,-0.057104528,-0.5022842,-0.8628149,0.61325324,0.6643189,-0.4273181
1356681235939,0.773778,-0.5484351,0.3169961,0.010582656,-0.48916084,-0.8721294,0.63336843,0.6781892,-0.37269798
1356681235941,0.7508699,-0.5419847,0.37742144,0.096455336,-0.475343,-0.8744973,0.6533688,0.693038,-0.30464345
1356681235984,0.71878517,-0.53616107,0.44258246,0.18874362,-0.46219835,-0.8664574,0.6691216,0.7063313,-0.23102432
1356681236026,0.6810956,-0.5334585,0.50152856,0.27579162,-0.44760653,-0.85063946,0.67826825,0.71768415,-0.15773946
1356681236112,0.6541697,-0.54518527,0.52424717,0.330489,-0.4174206,-0.84648514,0.68032277,0.72700286,-0.09288615
1356681236113,0.6612936,-0.581141,0.47430566,0.32516956,-0.34772068,-0.8794061,0.6759848,0.7357755,-0.040976107
1356681236150,0.70334566,-0.63024247,0.32878453,0.24185726,-0.2227608,-0.9443954,0.66843843,0.74375534,-0.004249096
1356681236166,0.7412056,-0.6550106,0.14688572,0.12324944,-0.08230466,-0.98895675,0.6598666,0.75112385,0.019725032
1356681236205,0.7599122,-0.64971656,-0.020046175,0.0036920905,0.03515271,-0.99937516,0.65001523,0.75936335,0.029111773
1356681236284,0.7635664,-0.62882495,-0.14678414,-0.09926671,0.110304534,-0.98892826,0.6380537,0.7696832,0.021803439
1356681236320,0.7603803,-0.60976064,-0.22363761,-0.16838177,0.14748228,-0.9746264,0.6272714,0.77874327,0.009470046
1356681236349,0.75648457,-0.59611714,-0.26902682,-0.2136548,0.16352504,-0.96312577,0.61812836,0.7860686,-0.0036591142
1356681236367,0.75296545,-0.5874345,-0.29658687,-0.24605007,0.16668883,-0.95481634,0.61032975,0.791919,-0.019027367
1356681236411,0.74830306,-0.58158034,-0.31907186,-0.2732123,0.16810057,-0.9471522,0.6044812,0.7959313,-0.033104748
1356681236445,0.7432567,-0.579237,-0.3347448,-0.29307407,0.16788325,-0.94123477,0.601396,0.797684,-0.04497899
1356681236478,0.7371448,-0.58009845,-0.34655905,-0.30710262,0.16924015,-0.9365072,0.6019181,0.7967707,-0.053395256
1356681236541,0.7293565,-0.58320415,-0.35764784,-0.3174225,0.17461821,-0.9320684,0.606038,0.7933356,-0.05776319
1356681236575,0.7198665,-0.58815134,-0.3686056,-0.32524797,0.18331462,-0.9276904,0.61319315,0.7877015,-0.059332997
1356681236602,0.7088124,-0.59582573,-0.37759334,-0.33031946,0.19261384,-0.92400706,0.6232769,0.77967405,-0.060285777
1356681236641,0.6958326,-0.60523534,-0.3866616,-0.33555636,0.2020314,-0.9201007,0.63499516,0.7699828,-0.06251049
1356681236771,0.6815771,-0.61769867,-0.39230227,-0.33931723,0.20819956,-0.91734225,0.6483182,0.75835437,-0.06769174
1356681236773,0.66573024,-0.6297962,-0.40019995,-0.34636533,0.21422976,-0.91331077,0.6609344,0.746634,-0.07552037
1356681236774,0.6502132,-0.64343154,-0.40400332,-0.35364452,0.21431828,-0.9104962,0.67242724,0.73489016,-0.088193476
1356681236818,0.63485897,-0.6570331,-0.40652388,-0.36377156,0.21000397,-0.9075068,0.68163365,0.7240207,-0.10568702
1356681236853,0.62143296,-0.67227834,-0.40232193,-0.37552077,0.19509977,-0.9060465,0.68760836,0.7141274,-0.13121307
1356681236883,0.61064655,-0.6882623,-0.39167053,-0.38882,0.17028755,-0.90543973,0.6898766,0.70519304,-0.16362461
1356681236917,0.6046608,-0.70543265,-0.3697973,-0.40383208,0.12865746,-0.9057411,0.6865166,0.6970022,-0.20708221
1356681236948,0.6034207,-0.72132117,-0.33996955,-0.4231308,0.071733594,-0.90322447,0.67590225,0.6888759,-0.2619277
1356681236990,0.605712,-0.73338854,-0.3086328,-0.4464579,0.007813867,-0.8947705,0.6586261,0.67976475,-0.32269415
1356681237061,0.60994595,-0.74099314,-0.28088248,-0.4685975,-0.0514242,-0.8819137,0.6390479,0.6695406,-0.37859353
1356681237065,0.6148969,-0.7449292,-0.25880927,-0.4828315,-0.096141934,-0.8704196,0.6235186,0.6601796,-0.4187927
1356681237105,0.619697,-0.74623644,-0.24311887,-0.4856796,-0.12128961,-0.86568135,0.61651516,0.654538,-0.43759465
1356681237149,0.62370527,-0.7453908,-0.23533864,-0.4772844,-0.12473354,-0.86985123,0.6190245,0.6548543,-0.43356037
1356681237192,0.6262168,-0.74205965,-0.23916493,-0.45999306,-0.10397616,-0.8818136,0.62949085,0.6622208,-0.40645397
1356681237230,0.6282145,-0.73633766,-0.2513036,-0.4387199,-0.068500966,-0.8960092,0.64255077,0.6731379,-0.36607927
1356681237271,0.6286366,-0.7267614,-0.27682832,-0.41594392,-0.0134295225,-0.90929115,0.65712,0.68675876,-0.31073427
1356681237310,0.6290355,-0.71256936,-0.31073982,-0.39474022,0.051573608,-0.9173441,0.66969734,0.69970345,-0.24883819
1356681237353,0.62883747,-0.6917699,-0.35498995,-0.3799438,0.12494999,-0.91653156,0.67838496,0.7112256,-0.18426043
1356681237433,0.6287575,-0.66391337,-0.40482482,-0.37369394,0.19856277,-0.9060495,0.6819215,0.720966,-0.12325257
1356681237434,0.62961525,-0.63140064,-0.45267853,-0.37514704,0.26315308,-0.888828,0.68033034,0.7294406,-0.07118291
1356681237468,0.63232726,-0.5991425,-0.49111146,-0.3811545,0.3112965,-0.87052613,0.67445046,0.73764676,-0.03152463
1356681237517,0.6365254,-0.5700794,-0.51946604,-0.39142138,0.34156564,-0.85447186,0.6645485,0.7472231,-0.005726069
1356681237549,0.64229846,-0.5479231,-0.5359412,-0.40006587,0.35676193,-0.8441968,0.65375835,0.75663805,0.009942293
1356681237604,0.6477039,-0.53076094,-0.5466008,-0.41059044,0.36117056,-0.83724034,0.6417906,0.7667129,0.016006202
1356681237679,0.65188575,-0.5170186,-0.55474013,-0.4239291,0.35808358,-0.83190155,0.62875193,0.77747536,0.014250338
1356681237693,0.65456903,-0.5057211,-0.561948,-0.43927035,0.35054317,-0.8271402,0.6152893,0.7882675,0.0073064566
1356681237712,0.6559795,-0.4968946,-0.56814325,-0.45549816,0.33958927,-0.822922,0.60184085,0.7986082,-0.0035710037
1356681237748,0.656105,-0.49118105,-0.57294625,-0.46859017,0.32996598,-0.8194789,0.5915653,0.8061412,-0.0136702955
1356681237790,0.65580827,-0.49112463,-0.57333416,-0.474495,0.32253596,-0.81903905,0.58717114,0.80917674,-0.021514416
1356681237833,0.65447694,-0.4959866,-0.5706638,-0.47370073,0.31928068,-0.8207724,0.5892941,0.8075005,-0.025987357
1356681237871,0.65215284,-0.5071255,-0.5634895,-0.46479625,0.319726,-0.82567525,0.5988832,0.80037427,-0.027199805
1356681237917,0.64825934,-0.5249381,-0.5515431,-0.44865775,0.3219102,-0.8337146,0.6151959,0.7879174,-0.026836246
1356681237951,0.6426421,-0.5461341,-0.5373534,-0.4302495,0.3230819,-0.8429137,0.6339531,0.7728879,-0.027347893
1356681237993,0.63567126,-0.57070404,-0.5198259,-0.41066268,0.32019597,-0.85371584,0.65366524,0.75615567,-0.030827463
1356681238032,0.6277859,-0.59630096,-0.5003098,-0.39303386,0.31195897,-0.864989,0.6718699,0.73966664,-0.03852299
1356681238076,0.619761,-0.6225542,-0.47783118,-0.37902442,0.29570296,-0.87686956,0.6871949,0.7245592,-0.052698046
1356681238111,0.61269957,-0.6468353,-0.4540961,-0.36996913,0.27297986,-0.8880343,0.69837105,0.71209973,-0.072054446
1356681238154,0.6091892,-0.67122865,-0.4223041,-0.36499026,0.23545039,-0.900747,0.7040388,0.7028622,-0.10155806
1356681238192,0.6062633,-0.69156915,-0.3926537,-0.3695647,0.19219005,-0.90911216,0.7041781,0.6962723,-0.13906181
1356681238237,0.6092496,-0.7105783,-0.35198513,-0.3789809,0.12898657,-0.9163711,0.6965548,0.69169426,-0.19071057
1356681238273,0.6175593,-0.72519493,-0.30448774,-0.38945115,0.054397523,-0.9194394,0.68333614,0.6863914,-0.24883434
1356681238314,0.62925935,-0.7340981,-0.2552111,-0.4020284,-0.026425987,-0.9152458,0.665136,0.678529,-0.3117571
1356681238354,0.64252585,-0.7369548,-0.20990044,-0.41144788,-0.10072178,-0.9058508,0.64642954,0.6683957,-0.36793482
1356681238391,0.65533185,-0.7355861,-0.17161931,-0.4131202,-0.15883484,-0.896718,0.6323542,0.6585473,-0.40797502
1356681238432,0.6665838,-0.732104,-0.1403204,-0.40359038,-0.19618559,-0.8936588,0.62672234,0.65233046,-0.42624426
1356681238474,0.6756454,-0.7281323,-0.115440935,-0.38176256,-0.21159953,-0.8997127,0.6306827,0.65195775,-0.42093995
1356681238515,0.6823533,-0.72450256,-0.09741658,-0.34913373,-0.20590276,-0.9141716,0.6422613,0.65779936,-0.39344668
1356681238552,0.6869414,-0.7214508,-0.08729392,-0.3117449,-0.18404236,-0.9321714,0.65645003,0.6675605,-0.3513349
1356681238594,0.6900165,-0.718179,-0.08997914,-0.271084,-0.14116108,-0.9521487,0.6711116,0.68139017,-0.2920903
1356681238632,0.6925286,-0.7136568,-0.105347306,-0.2361453,-0.08627933,-0.9678797,0.6816447,0.69516164,-0.22827762
1356681238673,0.69550294,-0.70490086,-0.1392495,-0.21240999,-0.01656884,-0.9770402,0.68640924,0.7091123,-0.16125165
1356681238711,0.6993032,-0.6901986,-0.18601322,-0.20311724,0.057634592,-0.97745675,0.6853601,0.72132117,-0.09988719
1356681238751,0.7038721,-0.6685718,-0.23994964,-0.20762193,0.12940824,-0.9696116,0.67930645,0.7323013,-0.04772331
1356681238795,0.7087908,-0.6426601,-0.29086706,-0.22077972,0.18951803,-0.95673364,0.6699791,0.7423416,-0.0075576752
1356681238832,0.71381074,-0.6172764,-0.33082342,-0.23626794,0.23243147,-0.9434792,0.6592812,0.7516285,0.020069465
1356681238871,0.7186314,-0.5957388,-0.35869795,-0.25115472,0.2586497,-0.9327495,0.6484522,0.7603917,0.036251187
1356681238911,0.7228428,-0.5790951,-0.37702405,-0.26501554,0.2715665,-0.9252126,0.6381732,0.7687005,0.042830706
1356681238953,0.7261078,-0.5669733,-0.3889842,-0.27844873,0.27479115,-0.92030215,0.6286762,0.77655077,0.041655034
1356681238992,0.72827905,-0.55821145,-0.3975042,-0.2916715,0.27240148,-0.9169106,0.62011075,0.78370744,0.035569906
1356681239036,0.72953427,-0.5518049,-0.40409294,-0.30582136,0.26528975,-0.9143821,0.6117622,0.79065335,0.024784237
1356681239073,0.72982746,-0.5468589,-0.41024044,-0.31973907,0.25735673,-0.9118851,0.6042506,0.7966886,0.012973845
1356681239114,0.7293714,-0.54449093,-0.41418225,-0.33123574,0.24865806,-0.91019344,0.59858185,0.80106103,0.0010092258
1356681239151,0.727809,-0.54557467,-0.4155025,-0.33817247,0.24157208,-0.90955055,0.59660155,0.8024906,-0.008679986
1356681239191,0.72502124,-0.5514541,-0.41260457,-0.33853203,0.23637456,-0.91078156,0.59978354,0.80001587,-0.0153083205
1356681239233,0.72067076,-0.56255466,-0.40517384,-0.33213365,0.2328425,-0.91404134,0.6085399,0.7932947,-0.019040555
1356681239271,0.7147635,-0.5779567,-0.39380088,-0.32067156,0.22956574,-0.9189501,0.6215166,0.78311276,-0.021249026
1356681239311,0.7073554,-0.59737134,-0.3778833,-0.30507302,0.22424164,-0.9255518,0.63763523,0.769976,-0.023623347
1356681239352,0.69892454,-0.6196365,-0.35714865,-0.2867689,0.21467063,-0.9336381,0.6551856,0.7549617,-0.027653903
1356681239391,0.6905903,-0.64270586,-0.33168393,-0.2673326,0.19928962,-0.9427709,0.6720255,0.7397384,-0.034188747
1356681239432,0.68318766,-0.66552067,-0.3005608,-0.24752071,0.17617822,-0.9527301,0.68701386,0.72528845,-0.044367373
1356681239473,0.67747074,-0.68732184,-0.26195806,-0.22801857,0.14235061,-0.96319455,0.6993146,0.71226746,-0.06028375
1356681239513,0.6747089,-0.7062022,-0.21458443,-0.20859094,0.09643594,-0.97323686,0.70799565,0.7014119,-0.08224121
1356681239554,0.67519706,-0.7197325,-0.1615366,-0.19517788,0.036867082,-0.9800747,0.711347,0.69327193,-0.1155833
1356681239592,0.68036395,-0.7254634,-0.103960454,-0.18625855,-0.03396923,-0.9819134,0.70881075,0.687422,-0.15823518
1356681239631,0.6898884,-0.7219417,-0.05342433,-0.18989635,-0.10926217,-0.9757055,0.69856524,0.68327296,-0.21247281
1356681239673,0.70335233,-0.71071327,-0.013496369,-0.20411575,-0.18374199,-0.9615485,0.68090546,0.6790622,-0.27430314
1356681239712,0.71851176,-0.6953331,0.015895724,-0.22195588,-0.2508945,-0.94222474,0.6591483,0.67347145,-0.3346039
1356681239753,0.73267955,-0.6794648,0.03883657,-0.23443452,-0.30554396,-0.92286694,0.63892186,0.6670611,-0.38315582
1356681239793,0.74403185,-0.6654839,0.059563905,-0.23597045,-0.34512904,-0.90840733,0.6250876,0.66182864,-0.41382152
1356681239834,0.7517209,-0.6544334,0.08144045,-0.2228651,-0.36831838,-0.9025922,0.62068254,0.6603472,-0.422723
1356681239872,0.756029,-0.64626974,0.10370901,-0.1979872,-0.37682128,-0.90487945,0.623876,0.6635821,-0.41284096
1356681239911,0.75701654,-0.6411722,0.12579453,-0.16037658,-0.36896908,-0.9155005,0.6334077,0.67287457,-0.3821447
1356681239950,0.7555761,-0.6388798,0.14469779,-0.116871774,-0.34882313,-0.9298728,0.64455086,0.68567854,-0.33822942
1356681239991,0.7527071,-0.6389325,0.15873638,-0.06858128,-0.31589526,-0.9463122,0.6547737,0.7014096,-0.2815954
1356681240037,0.7499052,-0.64076453,0.16450839,-0.023834348,-0.2746806,-0.96124005,0.66111577,0.716918,-0.22125664
1356681240071,0.7488395,-0.642972,0.16070604,0.013836563,-0.22726308,-0.97373515,0.66260695,0.73139495,-0.16128707
1356681240113,0.75049776,-0.64446187,0.14636275,0.04022649,-0.17651065,-0.9834764,0.6596476,0.74398446,-0.1065464
1356681240152,0.75490415,-0.6442133,0.12291819,0.053703368,-0.12607265,-0.9905663,0.65363264,0.75438374,-0.060576312
1356681240191,0.7613312,-0.6416388,0.09313664,0.055049777,-0.079159215,-0.9953409,0.64602196,0.76291126,-0.024944335
1356681240232,0.7686555,-0.6368467,0.059958547,0.046315253,-0.038078606,-0.9982009,0.63798404,0.7700496,2.2637844E-4
1356681240273,0.77588767,-0.6303333,0.026043057,0.029961318,-0.0044175014,-0.99954134,0.63015926,0.77631205,0.015458129
1356681240312,0.7821257,-0.62308466,-0.0066997707,0.008842409,0.021848977,-0.9997222,0.62305796,0.7818492,0.022598214
1356681240352,0.78744483,-0.61528337,-0.0368357,-0.015508443,0.039965004,-0.9990807,0.61618996,0.7872923,0.021928161
1356681240392,0.7917985,-0.60729384,-0.065187484,-0.041527182,0.052953877,-0.9977331,0.60936916,0.79271054,0.016709596
1356681240434,0.7954571,-0.59924185,-0.0903168,-0.067527086,0.06045994,-0.9958839,0.6022359,0.7982817,0.0076282322
1356681240473,0.797322,-0.59319407,-0.111348405,-0.090440094,0.064980246,-0.9937798,0.5967397,0.8024328,-0.0018383563
1356681240511,0.79655737,-0.59136724,-0.12562296,-0.10703385,0.06656188,-0.9920248,0.59501266,0.8036506,-0.010275945
1356681240553,0.79257995,-0.5950506,-0.13316065,-0.116316766,0.066829234,-0.9909612,0.59857106,0.80090487,-0.016246825
1356681240591,0.78542995,-0.6042169,-0.13424516,-0.11852346,0.06605533,-0.9907517,0.6074965,0.7940772,-0.019732028
1356681240631,0.77534366,-0.6182207,-0.12901716,-0.11472151,0.06301728,-0.9913969,0.62103236,0.7834743,-0.022063166
1356681240672,0.76296425,-0.6356352,-0.11770028,-0.10654014,0.05594203,-0.9927334,0.6376007,0.76996,-0.025038883
1356681240730,0.7494166,-0.6544193,-0.10054934,-0.09577468,0.04311911,-0.99446875,0.6551351,0.75490147,-0.030362636
1356681240752,0.73621,-0.6722543,-0.07790387,-0.08397195,0.023482472,-0.9961914,0.6715234,0.7399478,-0.039162472
1356681240791,0.724134,-0.68784904,-0.049936146,-0.072546214,-0.003967412,-0.99735713,0.685833,0.72584283,-0.052773774
1356681240826,0.7140728,-0.6998703,-0.016780257,-0.061880052,-0.03922403,-0.99731266,0.69733125,0.7131922,-0.07131684
1356681240872,0.7067607,-0.707191,0.019239485,-0.0564411,-0.0834738,-0.99491036,0.70519763,0.7020776,-0.09891063
1356681240913,0.7034159,-0.70842314,0.057816237,-0.05474904,-0.13510278,-0.9893177,0.7086667,0.69273645,-0.1338189
1356681240951,0.7055217,-0.7027935,0.09121665,-0.06408206,-0.19144972,-0.9794082,0.70578516,0.6851484,-0.18010837
1356681240993,0.71361727,-0.69072515,0.11682975,-0.08417362,-0.25010836,-0.96455204,0.69546044,0.67848706,-0.2366225
1356681241032,0.7267459,-0.67409825,0.13202992,-0.1128867,-0.30680317,-0.9450547,0.677567,0.6719102,-0.29906467
1356681241072,0.7416951,-0.65600085,0.13982588,-0.14133939,-0.35664308,-0.9234873,0.65567636,0.66518307,-0.3572392
1356681241112,0.7551687,-0.6392058,0.14538313,-0.16114584,-0.3959903,-0.9040043,0.6354151,0.6592478,-0.40204483
1356681241152,0.765122,-0.6252037,0.15397595,-0.1662868,-0.4228872,-0.8907947,0.6220426,0.6559624,-0.42752343
1356681241192,0.7713198,-0.6141348,0.16704547,-0.15612099,-0.43701816,-0.8857998,0.6170024,0.6571557,-0.4329601
1356681241235,0.77395415,-0.606022,0.1836636,-0.1303452,-0.43628764,-0.89031637,0.6196815,0.6651243,-0.41665867
1356681241272,0.77421874,-0.60022473,0.20078738,-0.096079856,-0.42502302,-0.90006894,0.62558293,0.6775586,-0.3867303
1356681241314,0.77199054,-0.5974313,0.21704015,-0.0526641,-0.400398,-0.9148267,0.6334486,0.69480735,-0.34056664
1356681241352,0.76785177,-0.59791934,0.22999153,-0.008273333,-0.36823505,-0.9296959,0.6405741,0.71196586,-0.28769672
1356681241391,0.7620901,-0.6016656,0.23920119,0.035956144,-0.3295418,-0.94345605,0.64647186,0.72759926,-0.22950697
1356681241433,0.7558144,-0.60833585,0.24222332,0.07547346,-0.28652358,-0.9550958,0.6504217,0.7401566,-0.17064542
1356681241472,0.7508946,-0.6163802,0.23713452,0.10590419,-0.24203618,-0.9644702,0.65187544,0.74932903,-0.1164664
1356681241511,0.74914956,-0.62365836,0.22321552,0.12437831,-0.19854608,-0.97216743,0.6506189,0.756062,-0.071171135
1356681241552,0.7517553,-0.62819755,0.2005786,0.1291804,-0.15798442,-0.97895527,0.6466656,0.7618456,-0.03761483
1356681241592,0.75819474,-0.6293156,0.17059481,0.120722115,-0.12162484,-0.9852074,0.64075494,0.76757365,-0.016243018
1356681241632,0.76730263,-0.6265496,0.13668315,0.10188857,-0.09132284,-0.99059516,0.63313925,0.77401274,-0.00623399
1356681241675,0.77729225,-0.62103915,0.10063386,0.07583317,-0.06630416,-0.9949137,0.6245527,0.7809701,-0.004442364
1356681241712,0.78621376,-0.6145079,0.065176785,0.04718098,-0.045471206,-0.9978509,0.6161509,0.7875992,-0.006757021
1356681241754,0.7939353,-0.6071569,0.03205052,0.01808545,-0.029107898,-0.9994127,0.60773325,0.7940487,-0.012129098
1356681241792,0.79995805,-0.60005593,-8.249283E-5,-0.011171997,-0.014756329,-0.9998287,0.5999519,0.799822,-0.018508255
1356681241835,0.804084,-0.59382683,-0.028611124,-0.03847444,-0.003952265,-0.9992518,0.5932694,0.80458313,-0.026025109
1356681241872,0.8052044,-0.5905049,-0.05431333,-0.06330624,0.0054683685,-0.9979792,0.58960855,0.8070156,-0.03297949
1356681241913,0.80241257,-0.5921572,-0.07405332,-0.0826633,0.012604602,-0.9964978,0.59101677,0.80572385,-0.038835585
1356681241953,0.79584455,-0.59891534,-0.089060605,-0.09708282,0.018969245,-0.9950955,0.5976674,0.80058765,-0.04304783
1356681241992,0.78579277,-0.61051834,-0.098980576,-0.10652277,0.024051309,-0.9940194,0.60924757,0.79163694,-0.04613477
1356681242032,0.7728693,-0.6260414,-0.10365963,-0.1117757,0.026492514,-0.9933803,0.6246434,0.7793397,-0.049500972
1356681242072,0.7581566,-0.6439277,-0.10274094,-0.113809615,0.024470031,-0.99320114,0.6420638,0.7646949,-0.054733038
1356681242112,0.74333084,-0.6620184,-0.09586939,-0.11347437,0.016446866,-0.99340487,0.65922904,0.74930716,-0.062896654
1356681242152,0.72965163,-0.67880064,-0.08269349,-0.11174959,9.387806E-4,-0.9937359,0.67462623,0.73432195,-0.07517071
1356681242194,0.71802855,-0.6931733,-0.062816024,-0.110726684,-0.024661064,-0.99354494,0.68714964,0.7203491,-0.09446013
1356681242234,0.7100798,-0.70322156,-0.035582423,-0.11026463,-0.06114462,-0.9920197,0.6954339,0.70833665,-0.120958015
1356681242272,0.70675075,-0.70744884,-0.004410684,-0.11421591,-0.10794601,-0.987574,0.698182,0.6984724,-0.15709282
1356681242314,0.7089149,-0.7047347,0.02808395,-0.1252375,-0.16496661,-0.9783157,0.69408596,0.69002545,-0.20520648
1356681242392,0.71616554,-0.69536656,0.05976844,-0.14159775,-0.22861928,-0.96316326,0.6834157,0.68132126,-0.2621916
1356681242394,0.7270992,-0.680988,0.087075084,-0.16170543,-0.29314214,-0.94229454,0.66721666,0.6710611,-0.32326287
1356681242428,0.73915064,-0.66433066,0.11100075,-0.17756109,-0.35116544,-0.91932315,0.6497141,0.6598088,-0.37752342
1356681242472,0.7497063,-0.64832395,0.13272715,-0.18441887,-0.39729756,-0.89896846,0.63555497,0.649485,-0.41741967
1356681242512,0.7571585,-0.63440233,0.1557069,-0.17756651,-0.42927313,-0.8855477,0.62863433,0.64285165,-0.43767643
1356681242550,0.7609914,-0.62319726,0.18032543,-0.15714197,-0.44673872,-0.8807559,0.629443,0.6419109,-0.43789476
1356681242590,0.7612484,-0.61495495,0.20574555,-0.124448165,-0.4499306,-0.8843501,0.63640666,0.6476055,-0.41903898
1356681242631,0.7579857,-0.60991836,0.23120843,-0.08043501,-0.43916327,-0.89479935,0.64729273,0.6596478,-0.38193828
1356681242670,0.7518114,-0.6081536,0.25481164,-0.030818999,-0.4184294,-0.90772635,0.65865767,0.6745859,-0.33332267
1356681242712,0.74292606,-0.6098957,0.27584052,0.024185568,-0.38736057,-0.921611,0.6689364,0.6913602,-0.2730296
1356681242750,0.73341215,-0.6145958,0.2904802,0.07551491,-0.3510082,-0.9333224,0.6755769,0.7064456,-0.21102253
1356681242790,0.7251327,-0.6208867,0.2977957,0.120940596,-0.31090736,-0.9427141,0.6779055,0.7196084,-0.15035868
1356681242830,0.7202999,-0.62765557,0.29532447,0.15526451,-0.26905936,-0.9505261,0.6760628,0.73051727,-0.09635079
1356681242870,0.7204645,-0.63327503,0.28265458,0.1755248,-0.2277927,-0.95775855,0.6709112,0.73964393,-0.05296108
1356681242913,0.7260065,-0.63634455,0.26073003,0.18090479,-0.18906043,-0.9651578,0.66346663,0.74787813,-0.022141341
1356681242940,0.7343232,-0.63735926,0.2335438,0.17565781,-0.1539097,-0.9723457,0.65567815,0.7550398,-0.0010623597
1356681242982,0.74538493,-0.63452995,0.2043844,0.16108045,-0.12607116,-0.978856,0.6468805,0.76254684,0.008238856
1356681243022,0.75763226,-0.6295982,0.17204456,0.13801174,-0.10309796,-0.98504996,0.6379232,0.7700498,0.008781642
1356681243064,0.76937944,-0.6234021,0.13937365,0.11042437,-0.085104465,-0.99023414,0.6291754,0.777256,0.0033611655
1356681243102,0.7796402,-0.6168536,0.10794771,0.0817132,-0.07069555,-0.9941454,0.6208736,0.78389657,-0.0047120154
1356681243144,0.7883351,-0.61013603,0.07913163,0.053910404,-0.059619725,-0.99676436,0.61287963,0.7900503,-0.014107645
1356681243182,0.7943555,-0.6050987,0.05343032,0.028957456,-0.050137438,-0.9983224,0.60676247,0.79457015,-0.02230481
1356681243224,0.7963897,-0.60382634,0.03401795,0.010006726,-0.043084316,-0.99902135,0.60470104,0.7959507,-0.028269589
1356681243263,0.794545,-0.60686487,0.020328194,-0.002903998,-0.03727573,-0.99930084,0.60719836,0.7939304,-0.031379573
1356681243300,0.7880012,-0.61551094,0.01415807,-0.008208483,-0.033497326,-0.9994051,0.615619,0.78741616,-0.031448357
1356681243342,0.77712095,-0.6291635,0.015372723,-0.0067899823,-0.032806605,-0.99943864,0.62931466,0.77658033,-0.029766701
1356681243372,0.7645345,-0.6441995,0.022227317,-0.0012388825,-0.03595168,-0.9993527,0.6445817,0.7640121,-0.028284363
1356681243412,0.7490959,-0.6615361,0.035003453,0.0073609054,-0.044523284,-0.9989812,0.66242063,0.7485904,-0.028482705
1356681243451,0.7316451,-0.6794441,0.055238545,0.018437922,-0.061278492,-0.99795043,0.6814364,0.731164,-0.03230658
1356681243492,0.71428025,-0.69492877,0.08293152,0.030620873,-0.087352246,-0.99570674,0.69918954,0.71375316,-0.041114658
1356681243524,0.69886255,-0.70570165,0.116517246,0.043434978,-0.12072955,-0.9917347,0.7139359,0.6981471,-0.053721197
1356681243562,0.68658566,-0.71105874,0.15164316,0.051935464,-0.16007431,-0.98573774,0.7251916,0.6846691,-0.07297557
1356681243595,0.6782949,-0.7100464,0.18907732,0.058020264,-0.20476249,-0.97709066,0.7324956,0.6737259,-0.09769228
1356681243632,0.67641246,-0.70200825,0.22282407,0.05629471,-0.2523726,-0.96599126,0.73436844,0.6659523,-0.13118863
1356681243693,0.68334776,-0.6862099,0.24930255,0.043505788,-0.3025874,-0.95212823,0.7287956,0.66148084,-0.17691833
1356681243712,0.6984654,-0.6641922,0.26644826,0.020862669,-0.35326344,-0.9352912,0.7153396,0.6588274,-0.23288545
1356681243743,0.7161446,-0.64074486,0.27673614,-0.0028521419,-0.3991807,-0.9168678,0.6979461,0.65582067,-0.28769863
1356681243777,0.736697,-0.6176659,0.275257,-0.03185785,-0.43830013,-0.89826393,0.67547214,0.65297925,-0.3425719
1356681243815,0.75496525,-0.5968423,0.271674,-0.0542261,-0.46968657,-0.88116634,0.6535189,0.6505182,-0.38696146
1356681243858,0.7671537,-0.580166,0.273647,-0.061725587,-0.49138457,-0.86875266,0.6384866,0.64957577,-0.4127786
1356681243890,0.77366,-0.5672685,0.2822351,-0.05623591,-0.50516623,-0.8611879,0.6311004,0.65039486,-0.4227278
1356681243930,0.7717778,-0.5593933,0.30238748,-0.030055374,-0.50709075,-0.8613685,0.6351816,0.6556967,-0.40817416
1356681243970,0.7621492,-0.5551616,0.33305287,0.014267862,-0.49991715,-0.8659557,0.64724416,0.6647394,-0.3730905
1356681244010,0.74488425,-0.554332,0.37129974,0.07264705,-0.4858144,-0.87103784,0.66322684,0.67579615,-0.3216049
1356681244051,0.7212953,-0.55668163,0.41211483,0.13833788,-0.46722597,-0.8732482,0.67867196,0.68688095,-0.25999773
1356681244090,0.69398177,-0.56204253,0.44999713,0.20488834,-0.44499952,-0.8717776,0.6902246,0.6971969,-0.19366556
1356681244130,0.6675984,-0.5700913,0.47886142,0.2646448,-0.41947013,-0.8683363,0.695899,0.7064282,-0.12916589
1356681244171,0.64740616,-0.5801319,0.49427956,0.31197536,-0.38999432,-0.86635774,0.695368,0.7150884,-0.07149789
1356681244214,0.63784707,-0.59133625,0.49342948,0.3419257,-0.35665026,-0.86941797,0.6901,0.7232719,-0.025295287
1356681244251,0.6408113,-0.6014912,0.47704205,0.35396504,-0.3199068,-0.8788449,0.6812265,0.73203,0.007907003
1356681244292,0.65521085,-0.6093722,0.4465022,0.34855366,-0.2805217,-0.8943253,0.6702306,0.74160165,0.0285981
