1356682026851,0.6791099,-0.5554239,0.47991058,-0.34703678,0.33317,0.87667745,-0.6468194,-0.7619069,0.033506513
1356682027013,-0.6440214,0.51065964,-0.5696168,0.4168168,-0.39013028,-0.8210129,-0.64148283,-0.7661757,0.03840077
1356682027052,-0.65601975,0.5131086,-0.5534958,0.40426287,-0.38039863,-0.8317863,-0.63734573,-0.769426,0.04211837
1356682027091,-0.66535676,0.51314527,-0.54220134,0.39555585,-0.37362945,-0.83900934,-0.63311607,-0.77271146,0.04561925
1356682027131,-0.674695,0.51215464,-0.5314926,0.38771504,-0.36681682,-0.84564924,-0.62806356,-0.7766229,0.04891938
1356682027171,-0.68494374,0.5110311,-0.5193257,0.3795417,-0.3581704,-0.8530311,-0.62193257,-0.78138417,0.05136901
1356682027211,-0.6958197,0.51040596,-0.50529295,0.37090656,-0.34709412,-0.86136764,-0.6150313,-0.7867729,0.052201867
1356682027251,-0.7064671,0.5104971,-0.49020076,0.36241764,-0.33398294,-0.8701199,-0.6079124,-0.79236853,0.05093485
1356682027293,-0.7161824,0.5114613,-0.4748578,0.3542071,-0.3198821,-0.8787562,-0.6013484,-0.7975479,0.047930837
1356682027332,-0.72444665,0.51320535,-0.46021444,0.34597617,-0.3067453,-0.88668364,-0.59621936,-0.8015782,0.044663787
1356682027371,-0.73104125,0.51569253,-0.44681084,0.33670455,-0.29690903,-0.89357436,-0.59347177,-0.8036829,0.04341674
1356682027413,-0.7357051,0.5191791,-0.43496108,0.3252717,-0.2924589,-0.8992587,-0.5940845,-0.80306965,0.046289146
1356682027451,-0.73853195,0.5238159,-0.4244851,0.3108332,-0.29416496,-0.90379745,-0.5982921,-0.79942733,0.054430783
1356682027491,-0.7399821,0.5288337,-0.41564587,0.29372472,-0.30185443,-0.90697837,-0.6051053,-0.79323316,0.068035305
1356682027531,-0.7408151,0.5327913,-0.40905532,0.27481884,-0.3152666,-0.90834,-0.6129172,-0.78532815,0.08713323
1356682027571,-0.74169886,0.53450835,-0.4051958,0.2554883,-0.33342612,-0.90749806,-0.6201681,-0.77661306,0.11074114
1356682027611,-0.7428969,0.5338042,-0.4039274,0.23643245,-0.3552841,-0.9043633,-0.6262619,-0.7673502,0.13773084
1356682027651,-0.7442762,0.5314494,-0.40449297,0.21782672,-0.3793651,-0.8992406,-0.63135135,-0.75739276,0.16658849
1356682027691,-0.74557126,0.52861613,-0.4058184,0.19874245,-0.4048717,-0.89251345,-0.6361014,-0.7460857,0.19680226
1356682027731,-0.74634904,0.5268758,-0.40665105,0.177732,-0.4310285,-0.88466144,-0.64138484,-0.7325411,0.22805494
1356682027770,-0.7461027,0.5278455,-0.40584472,0.15331863,-0.45695305,-0.87617767,-0.64793843,-0.715942,0.26000535
1356682027811,-0.7443216,0.532746,-0.40269962,0.124260426,-0.4819922,-0.8673193,-0.65615904,-0.69560415,0.292558
1356682027850,-0.7406479,0.54195416,-0.39714783,0.09040183,-0.50533235,-0.8581764,-0.66578394,-0.67150944,0.32527974
1356682027891,-0.7347192,0.5554253,-0.3894745,0.051618963,-0.5266929,-0.84848696,-0.6764046,-0.64350396,0.35830092
1356682027930,-0.72733855,0.5708539,-0.38092574,0.011920512,-0.5444672,-0.83869743,-0.6861752,-0.61455786,0.3892071
1356682027971,-0.71917355,0.5864397,-0.3726632,-0.026326507,-0.5589498,-0.82878345,-0.6943316,-0.5862282,0.41742083
1356682028010,-0.7115823,0.6000363,-0.36552298,-0.05966097,-0.5699651,-0.81949997,-0.70006514,-0.56133425,0.44137588
1356682028051,-0.7062489,0.60947627,-0.36021006,-0.08404791,-0.57737964,-0.81213844,-0.70295703,-0.54329693,0.45899883
1356682028091,-0.70459765,0.6132649,-0.3569989,-0.09612468,-0.58094406,-0.80824745,-0.70306623,-0.53517294,0.4682818
1356682028131,-0.70710874,0.6111648,-0.35563302,-0.09406185,-0.5797727,-0.8093306,-0.7008207,-0.53883326,0.46744964
1356682028171,-0.7126545,0.6048843,-0.35530055,-0.078888535,-0.57236534,-0.81619513,-0.69706535,-0.55363595,0.45561725
1356682028212,-0.7198282,0.5961734,-0.35556227,-0.051228374,-0.5564533,-0.8292981,-0.69225925,-0.5787373,0.4310919
1356682028251,-0.72710836,0.58687174,-0.35622314,-0.012606412,-0.5302064,-0.8477748,-0.68640697,-0.6119335,0.3929159
1356682028291,-0.7330554,0.57868385,-0.35742813,0.033780098,-0.49387598,-0.86887604,-0.6793297,-0.6490082,0.34249038
1356682028330,-0.7364793,0.5730286,-0.35949466,0.08532764,-0.44849628,-0.8897023,-0.67105687,-0.68592215,0.28141314
1356682028371,-0.73637915,0.5710238,-0.36287397,0.13835277,-0.3979181,-0.90692866,-0.66227204,-0.718048,0.21401584
1356682028411,-0.73210806,0.5732463,-0.36797625,0.18933737,-0.3476659,-0.91830266,-0.6543464,-0.7419684,0.14599198
1356682028451,-0.7235513,0.5793381,-0.3752879,0.23560923,-0.30375195,-0.92315924,-0.64881575,-0.75637436,0.08328271
1356682028491,-0.71107435,0.5882405,-0.38515764,0.27543846,-0.2709601,-0.92234176,-0.6469211,-0.7619408,0.030648708
1356682028531,-0.69545805,0.598355,-0.3978811,0.3078797,-0.25218558,-0.9173944,-0.6492674,-0.7605088,-0.008836865
1356682028571,-0.6778393,0.6079638,-0.41341737,0.33275914,-0.24772519,-0.9098921,-0.6555954,-0.75432897,-0.034387648
1356682028610,-0.65968484,0.61532587,-0.4314974,0.35096353,-0.25546825,-0.90086657,-0.6645604,-0.74572784,-0.04742843
1356682028651,-0.6425902,0.6187804,-0.45187223,0.36465034,-0.27170575,-0.8906212,-0.6738752,-0.73707986,-0.051042974
1356682028691,-0.627714,0.6175529,-0.47392356,0.37632844,-0.29219866,-0.87920237,-0.6814338,-0.73023856,-0.04898554
1356682028730,-0.61526513,0.61241674,-0.49638158,0.38777304,-0.31310833,-0.8669459,-0.6863534,-0.725885,-0.044834018
1356682028771,-0.60473263,0.60536355,-0.51752615,0.399527,-0.3315454,-0.85466707,-0.6889677,-0.72361076,-0.041362703
1356682028810,-0.5956791,0.5981132,-0.5361221,0.41145778,-0.34601736,-0.843193,-0.68983245,-0.7228641,-0.039982975
1356682028851,-0.5883277,0.590685,-0.55223346,0.4237287,-0.3564579,-0.8327015,-0.68871224,-0.7238985,-0.0405761
1356682028891,-0.5834685,0.5813696,-0.56707484,0.43774465,-0.3630092,-0.82255936,-0.68406445,-0.72817147,-0.042687
1356682028930,-0.5813279,0.5697095,-0.58093816,0.45364758,-0.3657756,-0.81265754,-0.6754716,-0.7359616,-0.045811772
1356682028971,-0.58239496,0.5543678,-0.5945523,0.4726415,-0.36413866,-0.80250424,-0.66138196,-0.74838454,-0.0499447
1356682029010,-0.58688813,0.5353904,-0.6073875,0.4935032,-0.35817724,-0.79256785,-0.64188546,-0.7648963,-0.054006934
1356682029051,-0.59471613,0.5136338,-0.6184603,0.5136338,-0.34904987,-0.7838014,-0.6184603,-0.7838014,-0.05623412
1356682029090,-0.6055187,0.4902426,-0.6269045,0.530054,-0.33914852,-0.77718794,-0.59362435,-0.80289507,-0.05449426
1356682029131,-0.61876774,0.46730214,-0.6314707,0.53910226,-0.3320853,-0.7740078,-0.57139766,-0.81935835,-0.046439946
1356682029171,-0.6338902,0.44602397,-0.631859,0.5384089,-0.3320275,-0.77451503,-0.5552469,-0.831156,-0.029674292
1356682029211,-0.6503351,0.427231,-0.62812245,0.52629405,-0.34286422,-0.7781122,-0.54779446,-0.8366108,-0.0018724799
1356682029251,-0.66756594,0.4114677,-0.620524,0.5012232,-0.36793542,-0.7831978,-0.5505734,-0.83385724,0.039384007
1356682029291,-0.6849758,0.39945456,-0.6092981,0.46127197,-0.40956455,-0.78707373,-0.5639471,-0.8201786,0.09628463
1356682029331,-0.701743,0.39222774,-0.5947386,0.4050072,-0.4671542,-0.7859618,-0.5861107,-0.79241675,0.16896719
1356682029371,-0.71685743,0.39057365,-0.5775531,0.3338103,-0.53499115,-0.77611536,-0.61211604,-0.74915725,0.25313488
1356682029411,-0.7295119,0.39411816,-0.55900216,0.2551312,-0.6015028,-0.75703543,-0.63460267,-0.6948852,0.33825153
1356682029451,-0.739552,0.40112704,-0.5405183,0.18270715,-0.6532469,-0.7347697,-0.64782786,-0.64215696,0.4098213
1356682029491,-0.7473732,0.40951467,-0.52319306,0.1298307,-0.6822649,-0.71948487,-0.6515959,-0.60565025,0.45673898
1356682029531,-0.75299007,0.4186054,-0.50771594,0.10146864,-0.6884753,-0.7181266,-0.6501616,-0.59225947,0.47593975
1356682029571,-0.75572133,0.42912817,-0.49470615,0.09522043,-0.6753713,-0.73130476,-0.64793384,-0.59976876,0.46953073
1356682029611,-0.75518537,0.4412521,-0.4847592,0.10695104,-0.6466636,-0.7552401,-0.64672744,-0.6221918,0.44115862
1356682029651,-0.75155985,0.45425266,-0.4783434,0.13272554,-0.6061736,-0.78417957,-0.6461748,-0.6528462,0.3952847
1356682029691,-0.7445301,0.46809155,-0.47598866,0.16847087,-0.5581793,-0.8124367,-0.6459818,-0.68507385,0.33672157
1356682029738,-0.73036015,0.48725802,-0.47869986,0.21554685,-0.500601,-0.838414,-0.6481616,-0.7155265,0.26059216
1356682029768,-0.7138338,0.50238776,-0.4879014,0.2624637,-0.45399034,-0.85147256,-0.6492719,-0.73586637,0.19221509
1356682029811,-0.6934878,0.5201038,-0.49856442,0.30435213,-0.4157409,-0.8570468,-0.653027,-0.7460907,0.13001668
1356682029851,-0.66945106,0.536695,-0.51360863,0.3428058,-0.39018178,-0.85454226,-0.6590293,-0.7481421,0.07722539
1356682029891,-0.6425862,0.551612,-0.5317961,0.37605596,-0.37766552,-0.84613866,-0.6675813,-0.7437021,0.035245717
1356682029930,-0.6145577,0.5626138,-0.552978,0.40439987,-0.37717855,-0.8331849,-0.6773327,-0.7356644,0.0042769313
1356682029971,-0.58752525,0.56959015,-0.5747879,0.42674744,-0.38541448,-0.8181334,-0.68753237,-0.7259633,-0.016630411
1356682030011,-0.5629545,0.57096845,-0.59755933,0.44513923,-0.39972126,-0.8012951,-0.69637144,-0.71708983,-0.029135525
1356682030051,-0.5420977,0.56577605,-0.6213112,0.4616242,-0.41731548,-0.7827841,-0.7021632,-0.7111577,-0.034950137
1356682030090,-0.5250227,0.5542169,-0.64590615,0.4779636,-0.435939,-0.7625667,-0.70420307,-0.7090844,-0.036017656
1356682030131,-0.5107538,0.53803986,-0.6705547,0.49517888,-0.45348966,-0.7410432,-0.70280045,-0.71053517,-0.034804404
1356682030170,-0.49813634,0.5195762,-0.6941906,0.5141685,-0.46765435,-0.71897846,-0.6982055,-0.7150803,-0.034194052
1356682030210,-0.48706722,0.500107,-0.7160018,0.536112,-0.47598177,-0.6971552,-0.6894559,-0.72341865,-0.036278307
1356682030251,-0.47837192,0.47918254,-0.735897,0.56215745,-0.47668916,-0.6758302,-0.6746401,-0.7369881,-0.041341424
1356682030290,-0.4727589,0.45623222,-0.7538908,0.59182775,-0.46946943,-0.6552393,-0.6528699,-0.7559436,-0.048065066
1356682030330,-0.47028363,0.43178695,-0.76967096,0.6224709,-0.4559363,-0.6361227,-0.62559044,-0.7782558,-0.054355502
1356682030371,-0.4706788,0.40717778,-0.7827308,0.6503564,-0.43939465,-0.6196521,-0.59623635,-0.8007112,-0.05799693
1356682030410,-0.473786,0.38360935,-0.7926984,0.67233413,-0.4237935,-0.60693157,-0.56876504,-0.82051384,-0.057126224
1356682030450,-0.47969526,0.36160624,-0.79945815,0.686555,-0.41268122,-0.598612,-0.54638326,-0.8360234,-0.050301373
1356682030490,-0.48871785,0.3409971,-0.8030416,0.69206333,-0.4089377,-0.59482634,-0.53122807,-0.84645784,-0.03613645
1356682030531,-0.5011622,0.3209476,-0.80363494,0.68815476,-0.41525263,-0.59498596,-0.5246708,-0.85120964,-0.012752712
1356682030571,-0.5171331,0.3006841,-0.8013505,0.67405087,-0.43392366,-0.59780085,-0.52747405,-0.8492935,0.021719873
1356682030610,-0.536165,0.2794968,-0.79649776,0.6489793,-0.46689153,-0.6006981,-0.53977126,-0.8389839,0.06894326
1356682030651,-0.5572649,0.25699714,-0.7895621,0.6124368,-0.51488686,-0.5998439,-0.56069326,-0.81782883,0.12953386
1356682030691,-0.57894236,0.2336658,-0.78116965,0.5651028,-0.5756528,-0.5910014,-0.5877793,-0.783597,0.20122457
1356682030731,-0.5994041,0.21094488,-0.7721509,0.5104419,-0.6423255,-0.5717228,-0.61657417,-0.7368311,0.27733743
1356682030770,-0.6169733,0.19147842,-0.7633348,0.4564808,-0.7030389,-0.5453088,-0.6410689,-0.6848886,0.34634992
1356682030811,-0.6304064,0.1795432,-0.75521654,0.41358054,-0.74562216,-0.52249277,-0.6569162,-0.64172566,0.39578938
1356682030850,-0.639097,0.17974028,-0.7478292,0.3879266,-0.7642462,-0.5152093,-0.6641295,-0.61937153,0.4187014
1356682030894,-0.6430014,0.1943752,-0.74078834,0.37880552,-0.75994,-0.5282021,-0.66562414,-0.62024945,0.41501218
1356682030932,-0.6422777,0.22192594,-0.7336403,0.38285163,-0.7363163,-0.5579093,-0.6640059,-0.63920814,0.38795486
1356682030972,-0.63714516,0.2564497,-0.72682846,0.39813983,-0.69794977,-0.59527373,-0.6599475,-0.66865516,0.34259248
1356682031012,-0.6283273,0.29358992,-0.72042334,0.42343143,-0.64779866,-0.63329524,-0.6526183,-0.7029665,0.2827143
1356682031052,-0.6161407,0.32957307,-0.71536857,0.45663533,-0.5905638,-0.6653711,-0.6417591,-0.7366248,0.21337569
1356682031093,-0.6013628,0.36431223,-0.71108323,0.4931314,-0.53100836,-0.6890947,-0.6286368,-0.76505345,0.13967487
1356682031132,-0.58454365,0.39712885,-0.707529,0.5285523,-0.4752245,-0.703416,-0.6155819,-0.7851435,0.06788617
1356682031172,-0.5664767,0.42715102,-0.7047313,0.55967283,-0.4282816,-0.7094655,-0.6048723,-0.7963146,0.0035466552
1356682031212,-0.5476239,0.4532772,-0.7033121,0.58495754,-0.3936144,-0.70914906,-0.5982749,-0.7997547,-0.049595237
1356682031252,-0.527772,0.47406024,-0.7047862,0.60454506,-0.3732041,-0.7037357,-0.59664226,-0.797487,-0.08962411
1356682031292,-0.50649947,0.48827934,-0.7106628,0.61940384,-0.36732495,-0.69383806,-0.5998309,-0.7916159,-0.116392195
1356682031332,-0.48269254,0.49426708,-0.7229855,0.6313356,-0.37576324,-0.6783932,-0.6069788,-0.7839019,-0.13067031
1356682031372,-0.4543308,0.48963186,-0.7442071,0.6425346,-0.39853048,-0.6544637,-0.61703545,-0.7755218,-0.13354075
1356682031412,-0.418378,0.47123325,-0.7764658,0.6552212,-0.4354396,-0.61731476,-0.62900317,-0.7670278,-0.1265837
1356682031452,-0.3708675,0.43539953,-0.82029545,0.6715951,-0.48432118,-0.5607077,-0.64141834,-0.7588546,-0.11279327
1356682031492,-0.30743408,0.37820333,-0.8731819,0.6934592,-0.53932,-0.47775343,-0.65161234,-0.7523937,-0.09646332
1356682031532,-0.22600102,0.2984127,-0.9272936,0.7202598,-0.5897179,-0.3653199,-0.65585774,-0.75045496,-0.08165783
1356682031572,-0.13486171,0.20664579,-0.9690768,0.74679095,-0.62159646,-0.23647639,-0.6512416,-0.75558937,-0.07049164
1356682031612,-0.05513102,0.12671348,-0.99040604,0.76860404,-0.62776875,-0.12310174,-0.6373447,-0.76801693,-0.06278293
1356682031651,-0.0050445795,0.07608208,-0.9970888,0.78705335,-0.6147819,-0.050892413,-0.6168642,-0.78501886,-0.056779295
1356682031691,0.012735248,0.052849203,-0.99852127,0.80460846,-0.593429,-0.021146685,-0.5936691,-0.80314934,-0.050080344
1356682031731,0.0047825575,0.04572296,-0.99894273,0.8206616,-0.5709829,-0.02220565,-0.57139444,-0.8196877,-0.040253833
1356682031771,-0.02187246,0.045018107,-0.99874663,0.83275354,-0.5519624,-0.04311675,-0.5532117,-0.83265287,-0.02541618
1356682031811,-0.06019163,0.04354912,-0.9972364,0.838641,-0.5396092,-0.0741837,-0.5413486,-0.84078854,-0.0040421486
1356682031850,-0.1039052,0.03611952,-0.9939311,0.8371897,-0.5363416,-0.107010186,-0.5369517,-0.8432278,0.025489748
1356682031891,-0.14663798,0.01689434,-0.98904586,0.82829976,-0.54448825,-0.1321061,-0.54075575,-0.83859825,0.065849066
1356682031931,-0.18725216,-0.014989883,-0.98219746,0.81218517,-0.56477857,-0.1462205,-0.55253226,-0.8251063,0.11793056
1356682031971,-0.22123182,-0.06363177,-0.97314316,0.7896388,-0.59727865,-0.1404596,-0.5722999,-0.79950565,0.1823831
1356682032011,-0.2484163,-0.1282557,-0.9601249,0.7618408,-0.63802856,-0.111884296,-0.59823734,-0.7592562,0.25620717
1356682032051,-0.27224052,-0.19767493,-0.94170576,0.7318982,-0.67788184,-0.06929138,-0.62466806,-0.7080966,0.32922482
1356682032091,-0.29937458,-0.24812005,-0.9213096,0.7032018,-0.71001196,-0.03728661,-0.64488924,-0.65902925,0.387038
1356682032130,-0.3356449,-0.2550405,-0.9068058,0.6758237,-0.7357959,-0.04320553,-0.6562049,-0.6273426,0.41932857
1356682032171,-0.37841833,-0.21282493,-0.9008358,0.64862853,-0.75527346,-0.094037,-0.660364,-0.61989313,0.42385367
1356682032211,-0.41859353,-0.1353472,-0.8980315,0.6239729,-0.76134473,-0.17610203,-0.6598767,-0.63406247,0.40314704
1356682032251,-0.44882828,-0.042617083,-0.8926012,0.6072318,-0.74736667,-0.26965263,-0.6556086,-0.6630436,0.3613178
1356682032291,-0.4670936,0.04949844,-0.8828213,0.6023684,-0.71308756,-0.3586899,-0.64728343,-0.69932544,0.30326235
1356682032331,-0.47505885,0.13270953,-0.86988926,0.60878766,-0.6642245,-0.4338011,-0.6353713,-0.7356588,0.2347539
1356682032371,-0.47546232,0.20487556,-0.85554755,0.6222354,-0.609162,-0.49167562,-0.62189937,-0.7661252,0.16215274
1356682032411,-0.47035313,0.26545066,-0.8416079,0.6379153,-0.556711,-0.5321061,-0.6097803,-0.78715235,0.09251568
1356682032450,-0.4610474,0.31430578,-0.82984763,0.65207213,-0.51427925,-0.5570626,-0.6018614,-0.7979529,0.032157063
1356682032491,-0.44819623,0.35162634,-0.82187533,0.66235954,-0.4868014,-0.56947714,-0.6003332,-0.7996145,-0.0147204995
1356682032531,-0.43195307,0.3777269,-0.8189865,0.6680614,-0.47604126,-0.5719079,-0.6058964,-0.7941706,-0.046717227
1356682032571,-0.41221964,0.3927266,-0.8220954,0.66997665,-0.48081815,-0.56563705,-0.6174191,-0.78395134,-0.06491497
1356682032610,-0.38846397,0.39607617,-0.83199716,0.6702541,-0.49815303,-0.5500934,-0.6323409,-0.7713411,-0.07195714
1356682032669,-0.3599221,0.38697296,-0.84894526,0.6713609,-0.52443284,-0.5236839,-0.64786625,-0.75843406,-0.07104352
1356682032691,-0.3258155,0.36500368,-0.8721333,0.67531574,-0.55573875,-0.4848743,-0.6616592,-0.74694496,-0.06542444
1356682032731,-0.28589565,0.33078104,-0.8993596,0.68346804,-0.5874505,-0.4333284,-0.671666,-0.7385702,-0.058128804
1356682032768,-0.241036,0.28641605,-0.92729044,0.69679415,-0.6140077,-0.37077284,-0.6755587,-0.7355001,-0.051575094
1356682032812,-0.19394928,0.2362669,-0.9521353,0.7159705,-0.6294163,-0.3020287,-0.6706488,-0.7402791,-0.047085285
1356682032850,-0.15001822,0.18836829,-0.97057295,0.7395885,-0.6301006,-0.23660532,-0.6561276,-0.75331974,-0.04478845
1356682032890,-0.1156916,0.15031248,-0.981846,0.76551974,-0.6163732,-0.18456334,-0.63292575,-0.7729749,-0.043757975
1356682032931,-0.09627813,0.12566683,-0.9873897,0.78962445,-0.5943034,-0.15263253,-0.60598993,-0.79436225,-0.04201117
1356682032971,-0.092534006,0.11099085,-0.98950416,0.8093513,-0.5704743,-0.139676,-0.5799895,-0.81378126,-0.03704226
1356682033011,-0.10399747,0.101635486,-0.98937094,0.82284486,-0.54998183,-0.14299127,-0.558669,-0.8289695,-0.026433587
1356682033051,-0.12966233,0.0942193,-0.98707163,0.8289857,-0.53588,-0.16004762,-0.5440315,-0.8390205,-0.008623004
1356682033091,-0.16730326,0.08619514,-0.98213035,0.82715213,-0.52981144,-0.18740124,-0.53649694,-0.8437241,0.017342687
1356682033138,-0.21072906,0.06838623,-0.9751496,0.81653607,-0.5361444,-0.21405202,-0.5374591,-0.8413517,0.057141334
1356682033181,-0.26787233,0.04937288,-0.96218854,0.794237,-0.5540004,-0.2495422,-0.5453734,-0.8310511,0.109187484
1356682033221,-0.3285343,0.027271897,-0.9440983,0.761691,-0.5833978,-0.28191128,-0.55847305,-0.8117287,0.17089331
1356682033261,-0.38522267,-9.0512633E-4,-0.9228232,0.72059417,-0.62500346,-0.30019122,-0.576496,-0.78062147,0.24141777
1356682033300,-0.43806326,-0.029486716,-0.8984603,0.67097723,-0.67585796,-0.30496806,-0.5982391,-0.7364418,0.31585354
1356682033341,-0.48673236,-0.048876286,-0.8721827,0.6147254,-0.72854006,-0.3022285,-0.62064826,-0.6832573,0.38464952
1356682033381,-0.53012615,-0.047822118,-0.8465692,0.5570318,-0.7723845,-0.30518484,-0.63928235,-0.6333524,0.4360996
1356682033421,-0.5657908,-0.020636648,-0.8242905,0.50560963,-0.79836684,-0.32706144,-0.6513368,-0.6018176,0.46214277
1356682033461,-0.5907397,0.027884811,-0.8063802,0.46795374,-0.8023126,-0.37055868,-0.65730196,-0.5962524,0.46090913
1356682033501,-0.603711,0.08780718,-0.7923528,0.44837177,-0.7844145,-0.42855173,-0.659163,-0.61399,0.43418944
1356682033541,-0.60583353,0.15098013,-0.7811342,0.44739693,-0.7472238,-0.49141884,-0.65787655,-0.6471951,0.38514528
1356682033581,-0.59961325,0.2115275,-0.77182907,0.46301112,-0.6949443,-0.55015737,-0.6527516,-0.6872471,0.31875825
1356682033620,-0.5878687,0.26588526,-0.7640127,0.4907256,-0.63361764,-0.5980945,-0.6431165,-0.7265217,0.24200726
1356682033660,-0.5728482,0.31309587,-0.7575064,0.5240616,-0.57069445,-0.6321925,-0.6302415,-0.75913036,0.16283974
1356682033701,-0.55596006,0.35364622,-0.7522252,0.55671734,-0.5135831,-0.65291524,-0.6172312,-0.78177154,0.08865067
1356682033741,-0.5380376,0.387771,-0.7484311,0.58453685,-0.46808088,-0.6627344,-0.60731554,-0.79406166,0.02517873
1356682033781,-0.5196175,0.41517544,-0.7467444,0.60571563,-0.43740278,-0.664671,-0.60258305,-0.7976894,-0.024196148
1356682033821,-0.50100064,0.4353882,-0.7479542,0.619964,-0.42246366,-0.6611876,-0.60385674,-0.7949601,-0.058270454
1356682033890,-0.4823982,0.4482254,-0.7525861,0.6253948,-0.42533815,-0.65419316,-0.61332965,-0.7862451,-0.07513541
1356682033903,-0.46229464,0.45273864,-0.7624379,0.6294987,-0.43800777,-0.6417793,-0.6245119,-0.7766447,-0.082509756
1356682033942,-0.44463438,0.4504556,-0.7742028,0.6287454,-0.4586463,-0.62795126,-0.63794947,-0.76598513,-0.079292
1356682033982,-0.4285726,0.4418207,-0.78811157,0.6250975,-0.48482108,-0.61172014,-0.6523638,-0.75481313,-0.068399966
1356682034022,-0.4143722,0.42962343,-0.80232126,0.62039405,-0.5116665,-0.5943977,-0.665888,-0.74405724,-0.05451542
1356682034062,-0.40268004,0.4158172,-0.8154415,0.6175981,-0.53409684,-0.57733274,-0.6755897,-0.73609555,-0.041737825
1356682034102,-0.39409983,0.40001288,-0.82745093,0.62083185,-0.5479884,-0.5606038,-0.6776822,-0.73464173,-0.032378554
1356682034142,-0.38918048,0.38181478,-0.8383055,0.6324386,-0.5509176,-0.5445285,-0.6697463,-0.74209654,-0.027068049
1356682034182,-0.3885749,0.36262035,-0.8470632,0.65072334,-0.542864,-0.53090286,-0.65235627,-0.75749934,-0.025022179
1356682034222,-0.3929922,0.34400618,-0.8527701,0.6711036,-0.52669436,-0.5217404,-0.6286311,-0.777337,-0.023877054
1356682034262,-0.4029786,0.3261841,-0.8551095,0.6886901,-0.50727403,-0.51805305,-0.6027555,-0.79766977,-0.020219237
1356682034302,-0.41884172,0.30867136,-0.85398686,0.6997106,-0.489711,-0.520181,-0.5787717,-0.81541723,-0.010869324
1356682034342,-0.44083875,0.29191327,-0.84879196,0.7013609,-0.4780972,-0.52869254,-0.5601375,-0.82837766,0.0060272813
1356682034381,-0.46856254,0.27613664,-0.8391649,0.6922014,-0.47545344,-0.5429562,-0.5489139,-0.83528,0.03163752
1356682034422,-0.5013201,0.2611202,-0.8249209,0.67122984,-0.48425233,-0.56120425,-0.54601157,-0.83505446,0.06749377
1356682034462,-0.5383684,0.24738869,-0.80557936,0.6372973,-0.50593567,-0.58127546,-0.55137235,-0.826334,0.11471969
1356682034502,-0.5780913,0.23596987,-0.7811073,0.58946586,-0.5411501,-0.5997387,-0.5642166,-0.8071399,0.17373806
1356682034542,-0.61809707,0.22870657,-0.7520966,0.52771807,-0.58839464,-0.61262167,-0.58264023,-0.77555466,0.24299243
1356682034582,-0.65527433,0.22807625,-0.72013664,0.45479307,-0.64206773,-0.61718094,-0.60314083,-0.731936,0.317003
1356682034622,-0.68636084,0.2362876,-0.687806,0.3781888,-0.69185245,-0.6150719,-0.6211941,-0.68228173,0.38549912
1356682034660,-0.7092015,0.25340116,-0.65789145,0.31010067,-0.7259289,-0.6138932,-0.6331436,-0.6393866,0.4362499
1356682034701,-0.72371525,0.27598357,-0.6325101,0.26156914,-0.7384586,-0.6214984,-0.638606,-0.6152331,0.4622451
1356682034741,-0.73127556,0.3005821,-0.6122797,0.23684382,-0.7299073,-0.6412023,-0.63964134,-0.61391026,0.46257234
1356682034781,-0.73289967,0.32588553,-0.5972074,0.23420113,-0.70330906,-0.6711976,-0.63875496,-0.6317871,0.4391322
1356682034821,-0.72920096,0.35156924,-0.58708185,0.25012344,-0.6616293,-0.70688397,-0.63694924,-0.6623034,0.39452502
1356682034890,-0.7210511,0.37653485,-0.5816415,0.2815406,-0.6078104,-0.7424967,-0.63310367,-0.69913375,0.33225253
1356682034903,-0.70919216,0.3997015,-0.5807627,0.3253781,-0.54521877,-0.77257085,-0.6254404,-0.7368686,0.25661066
1356682034942,-0.69411707,0.42005125,-0.5846011,0.37577888,-0.4812398,-0.79195863,-0.61399657,-0.7693928,0.17619038
1356682034982,-0.6756177,0.43864125,-0.5925662,0.42715555,-0.42219996,-0.7995532,-0.60089844,-0.7933102,0.09787774
1356682035022,-0.6535196,0.45582157,-0.6042671,0.4748453,-0.37479663,-0.79627216,-0.58943534,-0.80731285,0.028492272
1356682035062,-0.6283906,0.471262,-0.61890006,0.51519436,-0.34397924,-0.78501785,-0.5828378,-0.8121517,-0.02663821
1356682035102,-0.6014298,0.48438317,-0.6353386,0.54589385,-0.3314919,-0.7694888,-0.583337,-0.809621,-0.06505269
1356682035140,-0.57410717,0.4945593,-0.6525429,0.5662359,-0.33585238,-0.7527152,-0.59142035,-0.80163234,-0.08722198
1356682035182,-0.5479664,0.50105554,-0.6698329,0.5770716,-0.35326678,-0.7363361,-0.605575,-0.79002905,-0.09556651
1356682035222,-0.52438223,0.50315714,-0.6869179,0.5804727,-0.37897277,-0.7207156,-0.6229564,-0.77666754,-0.09334242
1356682035262,-0.5041628,0.5008418,-0.7035463,0.5795285,-0.40778846,-0.7055886,-0.6402863,-0.7634567,-0.08466035
1356682035302,-0.48764908,0.4950726,-0.7190978,0.57704806,-0.4353209,-0.691022,-0.6551443,-0.7519302,-0.07339686
1356682035342,-0.47501385,0.4866511,-0.7331662,0.5761104,-0.4578055,-0.6771344,-0.6651757,-0.74403286,-0.0629009
1356682035382,-0.46678388,0.47533524,-0.74576753,0.57938206,-0.47273827,-0.663954,-0.6681536,-0.7420074,-0.05473411
1356682035421,-0.46353197,0.46015263,-0.7572302,0.58830714,-0.47922027,-0.6513391,-0.66259545,-0.74740046,-0.04857719
1356682035461,-0.4654854,0.4413715,-0.767147,0.6017776,-0.47775126,-0.64001364,-0.64898926,-0.75956887,-0.043221295
1356682035501,-0.47261697,0.4203597,-0.7745521,0.6166621,-0.4701379,-0.63142556,-0.62957215,-0.7760593,-0.037024736
1356682035541,-0.4849518,0.3986018,-0.7784204,0.6291888,-0.45918423,-0.62711346,-0.6074069,-0.7938932,-0.028113604
1356682035581,-0.50248355,0.3771778,-0.7779764,0.63630724,-0.44786602,-0.62811553,-0.5853404,-0.81064975,-0.014955759
1356682035620,-0.5249589,0.35689673,-0.7726855,0.6361227,-0.43863565,-0.63478076,-0.56547856,-0.8247566,0.0032355785
1356682035679,-0.5517479,0.33821073,-0.76235664,0.627596,-0.4336356,-0.64659363,-0.5492699,-0.8352087,0.026997805
1356682035701,-0.5818245,0.32089832,-0.74733174,0.61000097,-0.4355811,-0.6619426,-0.5379398,-0.8410075,0.05768341
1356682035741,-0.6139212,0.3048967,-0.72810614,0.5823262,-0.44778693,-0.6785153,-0.53291357,-0.8405503,0.09735662
1356682035778,-0.6463232,0.29118186,-0.7053222,0.54327023,-0.47348988,-0.69329995,-0.53583926,-0.83127636,0.14783704
1356682035821,-0.6769584,0.28212357,-0.67980415,0.49114805,-0.51474684,-0.7027157,-0.5481797,-0.80959374,0.20989776
1356682035890,-0.7037498,0.2812506,-0.6524065,0.4268521,-0.5666882,-0.7047423,-0.56792027,-0.7744434,0.27875426
1356682035903,-0.72474456,0.2898947,-0.6250651,0.3564828,-0.6185657,-0.70021176,-0.58963144,-0.7302996,0.34495965
1356682035942,-0.7395444,0.30518278,-0.599948,0.29439566,-0.65488863,-0.69602597,-0.6053142,-0.69136417,0.39447471
1356682035982,-0.7489081,0.32172495,-0.5793354,0.2532515,-0.66892654,-0.6988568,-0.6123726,-0.6700972,0.41948736
1356682036022,-0.7538281,0.337063,-0.5640316,0.23689586,-0.6612546,-0.7117743,-0.6128813,-0.6701723,0.41862345
1356682036062,-0.75443757,0.35252595,-0.553669,0.24190868,-0.6348137,-0.73381984,-0.61016726,-0.68755865,0.39364833
1356682036102,-0.75070655,0.3696875,-0.54751325,0.2632286,-0.59275395,-0.7611527,-0.60592926,-0.7155234,0.34767205
1356682036142,-0.74307775,0.38820288,-0.5450999,0.29681334,-0.5388594,-0.7883732,-0.599781,-0.7476155,0.28519073
1356682036182,-0.7322041,0.40674415,-0.5462933,0.33808544,-0.47923648,-0.8099572,-0.59124905,-0.7777478,0.21338463
1356682036222,-0.7184272,0.42560172,-0.55020505,0.38162386,-0.42015445,-0.8233065,-0.58157176,-0.8014571,0.13943064
1356682036262,-0.7019748,0.44506216,-0.5560134,0.42220777,-0.36866856,-0.8281449,-0.57356066,-0.8160901,0.07088739
1356682036302,-0.6834391,0.46488503,-0.5628435,0.45589992,-0.33036292,-0.82644755,-0.5701458,-0.8214269,0.013841927
1356682036342,-0.6636474,0.4842042,-0.5701915,0.48060217,-0.30811805,-0.8210267,-0.57323086,-0.8189075,-0.028227866
1356682036382,-0.6434459,0.50181013,-0.57806915,0.4962138,-0.30158788,-0.81413543,-0.5828801,-0.81069803,-0.05494964
1356682036422,-0.6237293,0.5168575,-0.58636177,0.5035846,-0.3080088,-0.807176,-0.59779954,-0.79874206,-0.06816739
1356682036462,-0.60497874,0.52822053,-0.5958051,0.5053866,-0.32348877,-0.7999621,-0.6152927,-0.785072,-0.07125175
1356682036502,-0.5875832,0.5346818,-0.6073395,0.5046922,-0.34451723,-0.7915766,-0.6324806,-0.7716367,-0.067417145
1356682036542,-0.57158434,0.5352301,-0.62194866,0.5050779,-0.3678648,-0.7807508,-0.64667434,-0.7603975,-0.060067236
1356682036582,-0.5571495,0.52967906,-0.63955027,0.50891197,-0.39079332,-0.76700014,-0.65619594,-0.7528085,-0.051829696
1356682036622,-0.5441012,0.5176205,-0.6603203,0.51920277,-0.4105023,-0.7496108,-0.6590769,-0.7507043,-0.045395195
1356682036662,-0.5320854,0.4975047,-0.68510884,0.5390527,-0.42493194,-0.7272242,-0.6529221,-0.7562552,-0.042081177
1356682036702,-0.5205414,0.46877685,-0.71364194,0.568937,-0.43279427,-0.6992852,-0.63666886,-0.77002424,-0.04141718
1356682036742,-0.5099001,0.43482023,-0.7422488,0.6041872,-0.43317598,-0.66881716,-0.6123396,-0.7894871,-0.04183632
1356682036782,-0.501298,0.39942586,-0.76756704,0.6392456,-0.4268872,-0.6396345,-0.5831511,-0.8113115,-0.041333556
1356682036821,-0.49696076,0.3663799,-0.78663576,0.6680902,-0.4169675,-0.61627394,-0.5537919,-0.83180755,-0.037558317
1356682036890,-0.4973163,0.3354934,-0.8000754,0.68870395,-0.4081611,-0.5992423,-0.5276015,-0.8490281,-0.02807045
1356682036903,-0.50283295,0.30613434,-0.8083569,0.69990766,-0.40458286,-0.5885932,-0.5072359,-0.8617392,-0.010828197
1356682036942,-0.5143378,0.27917436,-0.810875,0.7006911,-0.4083603,-0.58504164,-0.49445778,-0.869082,0.014420211
1356682036982,-0.5297445,0.2522142,-0.80978924,0.69168365,-0.42409104,-0.5845686,-0.49086088,-0.8697901,0.050207555
1356682037022,-0.5492253,0.22528091,-0.80473614,0.6721237,-0.45315564,-0.58557653,-0.4965899,-0.86249554,0.09746784
1356682037062,-0.5710144,0.19742839,-0.7968467,0.6420672,-0.497447,-0.58334905,-0.5115587,-0.84472984,0.15728715
1356682037102,-0.59423673,0.17045681,-0.7860199,0.60067034,-0.55584985,-0.574653,-0.5348625,-0.8136188,0.227918
1356682037142,-0.61766374,0.14877596,-0.7722417,0.5476434,-0.62337065,-0.55811805,-0.5644274,-0.7676423,0.30355728
1356682037182,-0.6397556,0.13848571,-0.755999,0.48592234,-0.6892155,-0.5374584,-0.59547657,-0.7111988,0.37363607
1356682037222,-0.65853906,0.1444019,-0.73856246,0.42409003,-0.7395274,-0.5227303,-0.62167037,-0.65745527,0.4257682
1356682037262,-0.67193747,0.16624676,-0.7217078,0.3745913,-0.76435333,-0.524829,-0.63889086,-0.6229977,0.45132297
1356682037302,-0.67863697,0.19776994,-0.7073465,0.34739858,-0.7620945,-0.5463756,-0.6471215,-0.6165218,0.44848043
1356682037342,-0.67881644,0.23324439,-0.69627964,0.3449292,-0.7358061,-0.5827634,-0.6482531,-0.63575655,0.41902447
1356682037382,-0.67341083,0.26950452,-0.688393,0.36288688,-0.690767,-0.62542295,-0.6440736,-0.67097545,0.3673705
1356682037422,-0.66373336,0.30638528,-0.6823388,0.39511943,-0.6309597,-0.66766053,-0.6350896,-0.71275383,0.29773018
1356682037462,-0.65075326,0.34190333,-0.67795444,0.43602693,-0.56270456,-0.7023134,-0.62161136,-0.7526392,0.21710274
1356682037502,-0.63539296,0.37452507,-0.6752828,0.47973192,-0.49380565,-0.7252678,-0.60508937,-0.78478473,0.13408893
1356682037542,-0.61833423,0.40353936,-0.6744026,0.520945,-0.4320613,-0.73616534,-0.58845496,-0.8065229,0.056936443
1356682037582,-0.59998596,0.42851985,-0.67556465,0.55599976,-0.38381684,-0.73725766,-0.5752226,-0.81795806,-0.00797224
1356682037622,-0.5805225,0.44910112,-0.6791921,0.5830558,-0.35297334,-0.73174846,-0.56836575,-0.8208033,-0.056942046
1356682037662,-0.56002325,0.4651733,-0.68555653,0.60165805,-0.34051216,-0.72253656,-0.56954503,-0.8171079,-0.08918053
1356682037692,-0.53853244,0.47625646,-0.695099,0.61570865,-0.3407446,-0.71049,-0.57522666,-0.8106004,-0.109733164
1356682037731,-0.5186108,0.48405743,-0.70479167,0.6197816,-0.35501277,-0.69988334,-0.5889938,-0.79978395,-0.115896404
1356682037771,-0.4967476,0.48488334,-0.7198124,0.62030566,-0.3817162,-0.6852107,-0.6070113,-0.7868805,-0.111159265
1356682037811,-0.4721833,0.47555673,-0.74221873,0.62164223,-0.41733134,-0.66286904,-0.62498295,-0.7743903,-0.098569214
1356682037850,-0.4434669,0.45318347,-0.77328,0.62812966,-0.45830506,-0.6288161,-0.6393671,-0.7645792,-0.08141488
1356682037893,-0.40946412,0.41728193,-0.8113045,0.642371,-0.4996041,-0.5811672,-0.64784163,-0.7591256,-0.0634799
1356682037932,-0.37194383,0.3733992,-0.8498416,0.663184,-0.53369594,-0.52474344,-0.64949584,-0.7587764,-0.04912743
1356682037972,-0.33428687,0.32757324,-0.88371265,0.6889604,-0.5548849,-0.46630067,-0.64310646,-0.7647212,-0.040194213
1356682038012,-0.30184865,0.28683394,-0.90918297,0.7164255,-0.5609428,-0.41482246,-0.62898487,-0.77657545,-0.03617531
1356682038053,-0.27965885,0.25581512,-0.9253916,0.74209774,-0.5539497,-0.37740013,-0.609165,-0.79227424,-0.034922928
1356682038092,-0.27040917,0.23493841,-0.9336395,0.7631395,-0.5389132,-0.356638,-0.5869386,-0.80893546,-0.033563763
1356682038137,-0.2713384,0.21712229,-0.9376745,0.77960646,-0.52174187,-0.34640908,-0.56443715,-0.82501113,-0.027701318
1356682038181,-0.28868443,0.2048456,-0.93525374,0.78609693,-0.5069191,-0.35367304,-0.54654634,-0.8373,-0.014688849
1356682038221,-0.3161344,0.19376293,-0.9287168,0.7836201,-0.4984851,-0.37074515,-0.53478813,-0.84496653,0.0057517886
1356682038261,-0.34590465,0.1774464,-0.9213374,0.77451146,-0.5002626,-0.38712952,-0.52960545,-0.8474963,0.035608977
1356682038301,-0.37774336,0.15475684,-0.9128857,0.7585066,-0.5137182,-0.40095073,-0.5310158,-0.8438863,0.076669514
1356682038340,-0.41036594,0.12390396,-0.9034643,0.735692,-0.54043174,-0.40827802,-0.53884804,-0.83221483,0.13061962
1356682038381,-0.442809,0.08442709,-0.89263225,0.7062366,-0.58051884,-0.40525025,-0.5524039,-0.809858,0.19743344
1356682038421,-0.47487807,0.03983876,-0.8791494,0.6709626,-0.630038,-0.3909749,-0.56947345,-0.7755418,0.2724609
1356682038461,-0.50715107,1.6894937E-4,-0.86185706,0.6322459,-0.6795242,-0.37217194,-0.58571565,-0.733653,0.34451467
1356682038501,-0.54051507,-0.019138932,-0.8411166,0.5931579,-0.7176722,-0.3648427,-0.5966633,-0.69611794,0.39926508
1356682038541,-0.5737529,-0.007340908,-0.8189956,0.5561982,-0.73751324,-0.38303778,-0.6012082,-0.67529285,0.42723328
1356682038581,-0.60283047,0.033995688,-0.79714465,0.5238385,-0.73673654,-0.42756566,-0.60182106,-0.67532474,0.42631906
1356682038621,-0.62367105,0.095375046,-0.77584666,0.49887514,-0.71555173,-0.4889881,-0.6017956,-0.69201833,0.39868864
1356682038661,-0.63441205,0.16586545,-0.75499004,0.48428997,-0.67597175,-0.5554507,-0.602482,-0.71801865,0.34851766
1356682038708,-0.6362132,0.25033203,-0.7297716,0.48148683,-0.61025536,-0.62909365,-0.60282934,-0.75161314,0.2677209
1356682038738,-0.6259519,0.30602103,-0.71731114,0.49865472,-0.55013716,-0.6698451,-0.5996063,-0.7769815,0.19176057
1356682038781,-0.61463946,0.3551568,-0.704331,0.5195621,-0.48957437,-0.70026594,-0.59352654,-0.7963547,0.11638558
1356682038821,-0.5992609,0.3927182,-0.69760925,0.5453648,-0.43766373,-0.714862,-0.5860576,-0.8088404,0.048100173
1356682038892,-0.58152664,0.4231601,-0.694811,0.57086957,-0.3962254,-0.7191059,-0.57959867,-0.8148257,-0.011153638
1356682038904,-0.55902743,0.4420278,-0.7014982,0.59767437,-0.37158215,-0.7104309,-0.57469445,-0.8164179,-0.056464076
1356682038942,-0.53818077,0.45447558,-0.7097981,0.61734587,-0.36078095,-0.6990859,-0.57379913,-0.8144255,-0.08640331
1356682038982,-0.51593983,0.45886287,-0.7233609,0.63346434,-0.36407238,-0.68276954,-0.57665336,-0.8104913,-0.10283381
1356682039022,-0.49224406,0.45491725,-0.74212265,0.64692086,-0.37923747,-0.66156805,-0.5823995,-0.8057476,-0.10761809
1356682039062,-0.466568,0.44228527,-0.7659621,0.6590513,-0.40371376,-0.63456005,-0.58988607,-0.8008738,-0.10312873
1356682039102,-0.43899757,0.42225522,-0.7930836,0.6703891,-0.43375725,-0.60202414,-0.5982136,-0.7959618,-0.09265685
1356682039142,-0.41054213,0.39800465,-0.8203947,0.68122935,-0.46418202,-0.5660933,-0.60612017,-0.79128206,-0.08056617
1356682039182,-0.38264662,0.3724982,-0.8454741,0.69303757,-0.48943698,-0.5292922,-0.6109668,-0.7884773,-0.0708738
1356682039222,-0.35617912,0.3461815,-0.86792564,0.70828724,-0.5058196,-0.49241835,-0.6094799,-0.7901297,-0.065033615
1356682039262,-0.33180088,0.31869185,-0.88788724,0.7279781,-0.51209986,-0.4558527,-0.5999634,-0.79761475,-0.0620856
1356682039303,-0.31128252,0.2912629,-0.90458226,0.7501484,-0.50906736,-0.4220518,-0.58342135,-0.8099483,-0.060026586
1356682039342,-0.29711282,0.2656872,-0.91713375,0.771386,-0.49930066,-0.39454067,-0.5627499,-0.82468724,-0.056598753
1356682039382,-0.29110807,0.24232158,-0.92549247,0.7887323,-0.48670542,-0.37552506,-0.54144007,-0.83928424,-0.049442917
1356682039422,-0.29387438,0.2201342,-0.9301499,0.80035275,-0.47533804,-0.3653618,-0.5225643,-0.85181844,-0.036495358
1356682039461,-0.30539685,0.19801295,-0.9314095,0.8051591,-0.4685185,-0.36360577,-0.50838125,-0.86097693,-0.016347826
1356682039501,-0.32500887,0.17475772,-0.92942405,0.80245584,-0.4690876,-0.36881107,-0.5004338,-0.8656886,0.012222171
1356682039541,-0.35139692,0.14870095,-0.92434204,0.7916006,-0.47997123,-0.3781482,-0.49988866,-0.8645898,0.05094871
1356682039581,-0.38293898,0.117940605,-0.9162138,0.77187324,-0.5040436,-0.38749424,-0.507513,-0.8555876,0.10198271
1356682039621,-0.41824722,0.08170888,-0.9046507,0.74251413,-0.5429138,-0.39232305,-0.5232036,-0.835804,0.16640219
1356682039661,-0.45642018,0.042611152,-0.88874346,0.70325065,-0.59463966,-0.38966936,-0.5450863,-0.80286235,0.2414392
1356682039700,-0.49660766,0.008149803,-0.8679369,0.6558196,-0.6515111,-0.38135803,-0.56857854,-0.75859535,0.31820062
1356682039741,-0.5375145,-0.010065556,-0.8431945,0.6049383,-0.70122993,-0.37726152,-0.5874758,-0.71286416,0.3830102
1356682039781,-0.5767784,-0.0016075075,-0.81689906,0.55651355,-0.73282266,-0.391489,-0.5980128,-0.6804178,0.42357087
1356682039821,-0.610373,0.03463924,-0.7913563,0.5153812,-0.7412931,-0.42996132,-0.60152054,-0.670287,0.4346129
1356682039891,-0.63457763,0.09126051,-0.7674521,0.4849292,-0.7261946,-0.48732436,-0.60179305,-0.68140507,0.41657197
1356682039904,-0.6477895,0.16024093,-0.74477637,0.4681195,-0.68756014,-0.55509037,-0.60102665,-0.708226,0.37038222
1356682039942,-0.6505577,0.2247802,-0.7254298,0.46733284,-0.6344504,-0.6156887,-0.5986439,-0.7395582,0.30769956
1356682039982,-0.6460277,0.28287137,-0.7089655,0.48019218,-0.5713786,-0.66553885,-0.59334964,-0.7703962,0.2332938
1356682040022,-0.6359682,0.33229783,-0.6965074,0.5028477,-0.5062016,-0.7006455,-0.5853961,-0.7958254,0.15483293
1356682040062,-0.62185967,0.37349075,-0.6883278,0.5293522,-0.44727015,-0.72092694,-0.57712805,-0.8126833,0.0804311
1356682040102,-0.6047855,0.40742013,-0.68428314,0.554798,-0.40088916,-0.7290317,-0.5713438,-0.8205466,0.016416013
1356682040141,-0.58554614,0.43438894,-0.6844282,0.5765502,-0.3703513,-0.7283061,-0.569847,-0.82106405,-0.033589244
1356682040181,-0.5647554,0.4543075,-0.68895286,0.5937292,-0.3561557,-0.72155297,-0.57318145,-0.8165524,-0.06859481
1356682040221,-0.5429515,0.467198,-0.6978035,0.60642195,-0.35668027,-0.71065575,-0.5809097,-0.809015,-0.089659035
1356682040261,-0.520653,0.47310132,-0.7107007,0.61546916,-0.36893433,-0.6964805,-0.59170777,-0.80003905,-0.099092424
1356682040301,-0.49833816,0.47189492,-0.72730625,0.6223727,-0.38931203,-0.679035,-0.60358214,-0.79104453,-0.09968549
1356682040340,-0.4763744,0.463773,-0.746982,0.6288425,-0.4140638,-0.65810966,-0.6145117,-0.78324056,-0.09439075
1356682040380,-0.45511734,0.45001146,-0.76834756,0.6362977,-0.43926358,-0.634171,-0.62289125,-0.77751994,-0.08642483
1356682040421,-0.43511868,0.43249744,-0.7896946,0.64609367,-0.46087474,-0.6084056,-0.6270842,-0.7749454,-0.07889861
1356682040461,-0.4170695,0.41199803,-0.81013006,0.6599939,-0.47553504,-0.5816138,-0.6248689,-0.7772542,-0.07358509
1356682040501,-0.40175587,0.38831857,-0.82933766,0.67902863,-0.4813152,-0.5543066,-0.61442035,-0.7858399,-0.07030824
1356682040541,-0.3904732,0.36233723,-0.84631115,0.70178306,-0.47783512,-0.52836937,-0.59584504,-0.8002408,-0.067700386
1356682040581,-0.3852474,0.33647263,-0.85928494,0.72449994,-0.46645063,-0.507468,-0.57156307,-0.81805253,-0.0640755
1356682040621,-0.38804495,0.3125944,-0.86700976,0.74314153,-0.45028973,-0.49495444,-0.5451255,-0.8363755,-0.057569265
1356682040661,-0.40005374,0.2912078,-0.86899656,0.75469196,-0.43330204,-0.4926352,-0.5199972,-0.8529052,-0.046428084
1356682040700,-0.4212848,0.27194285,-0.8651972,0.75745225,-0.41916156,-0.5005693,-0.49878362,-0.8662278,-0.02939725
1356682040740,-0.45117724,0.25474596,-0.85530317,0.75020754,-0.41081065,-0.51809573,-0.4833504,-0.87540793,-0.005763948
1356682040781,-0.48811764,0.23906131,-0.8393991,0.73217815,-0.41130036,-0.5429063,-0.47503304,-0.8795918,0.02572751
