1356681056459,-0.19751287,-0.26696795,-0.943248,-0.39032447,-0.8612237,0.32548517,-0.8992416,0.4324603,0.06589863
1356681056632,-0.10605377,-0.3589182,0.92732435,0.4212501,0.8285461,0.36886272,-0.90072256,0.4297547,0.063323855
1356681056671,-0.09875709,-0.3419956,0.9344977,0.42053103,0.8367694,0.35067168,-0.9018873,0.42761663,0.061182857
1356681056709,-0.093244255,-0.3268646,0.94046015,0.41903126,0.84396297,0.33487213,-0.90317136,0.42530704,0.058271766
1356681056751,-0.08794682,-0.30788088,0.94735146,0.4165243,0.85253686,0.31573477,-0.90486073,0.42236277,0.053261995
1356681056779,-0.082105786,-0.28431004,0.95521015,0.41359395,0.8622967,0.292206,-0.9067517,0.41906095,0.046789348
1356681056811,-0.07701415,-0.25754422,0.9631925,0.40979028,0.8725147,0.2660639,-0.90892285,0.41519758,0.03834313
1356681056849,-0.07349977,-0.22371206,0.97188,0.40449193,0.88407445,0.23409086,-0.91158324,0.41032326,0.02551043
1356681056880,-0.07016321,-0.18720639,0.97981167,0.40034455,0.8943734,0.19955051,-0.9136746,0.40626335,0.0121949315
1356681056938,-0.06907654,-0.14684226,0.986745,0.39867693,0.9026278,0.16223353,-0.9144863,0.404599,-0.0038077831
1356681056951,-0.070426136,-0.11014205,0.99141765,0.399509,0.9075781,0.12920728,-0.91402006,0.40517983,-0.019914448
1356681056986,-0.07497912,-0.07463148,0.99438834,0.40367123,0.9095643,0.09870294,-0.9118265,0.40880665,-0.03807175
1356681057016,-0.083921194,-0.0498621,0.9952241,0.40846992,0.9092593,0.07999891,-0.90890574,0.41323268,-0.05593896
1356681057045,-0.09579763,-0.03204426,0.99488485,0.41324735,0.9079981,0.06903739,-0.90556574,0.41774714,-0.07374185
1356681057080,-0.11098832,-0.020713598,0.99360585,0.4172805,0.90641373,0.06550719,-0.9019749,0.42188287,-0.09195793
1356681057109,-0.12976241,-0.016409725,0.9914093,0.41983673,0.9049017,0.069928944,-0.8982755,0.4253042,-0.11053282
1356681057139,-0.15157604,-0.016734213,0.9883039,0.4207147,0.9036741,0.07982619,-0.89444053,0.42789376,-0.12993503
1356681057170,-0.17634535,-0.021105677,0.984102,0.4195982,0.90277207,0.09455101,-0.89041543,0.42960107,-0.15034378
1356681057199,-0.20347431,-0.028100431,0.9786769,0.41632766,0.9022324,0.11246316,-0.8861543,0.4303336,-0.17188215
1356681057229,-0.23226568,-0.036924273,0.97195125,0.41068548,0.9021112,0.13241191,-0.8816973,0.42992103,-0.1943652
1356681057260,-0.2618389,-0.046831593,0.9639748,0.40259314,0.90246844,0.15319759,-0.8771313,0.4282027,-0.21744728
1356681057289,-0.29133457,-0.057149395,0.95491254,0.39225465,0.9033011,0.17373367,-0.8725023,0.42518353,-0.24074572
1356681057319,-0.31999204,-0.06707358,0.94504297,0.3801848,0.9045645,0.19293141,-0.86779296,0.42102748,-0.2639531
1356681057349,-0.34719455,-0.07596536,0.9347112,0.36696982,0.9062284,0.20995992,-0.8630116,0.4159078,-0.28676057
1356681057380,-0.37246317,-0.083392546,0.9242926,0.35311073,0.90831023,0.22424391,-0.8582447,0.40990022,-0.3088653
1356681057409,-0.39547756,-0.0893407,0.9141202,0.33898342,0.9107961,0.23567088,-0.8536321,0.40307415,-0.3299144
1356681057439,-0.4160641,-0.09375303,0.90448946,0.32494628,0.9136665,0.24417919,-0.84929425,0.39550465,-0.34967917
1356681057469,-0.43405262,-0.097151086,0.89563394,0.31137085,0.9167217,0.25033873,-0.8453678,0.38753444,-0.36765546
1356681057500,-0.44905502,-0.100940466,0.8877841,0.29869512,0.9194756,0.2556284,-0.8420991,0.379968,-0.38274467
1356681057529,-0.46044853,-0.107521795,0.8811505,0.2873366,0.9211432,0.2625507,-0.8398957,0.37407786,-0.3932441
1356681057560,-0.46754676,-0.11955847,0.87584573,0.2774642,0.9208877,0.2738238,-0.83929354,0.3710413,-0.39738482
1356681057589,-0.4698245,-0.13910732,0.8717305,0.26890507,0.9180213,0.29142222,-0.8408062,0.37133005,-0.39390224
1356681057619,-0.46692222,-0.16747287,0.8682951,0.2613503,0.9119055,0.31642434,-0.8447956,0.37467477,-0.38201982
1356681057649,-0.45874226,-0.20471443,0.86466616,0.25491685,0.9018749,0.34876803,-0.8512185,0.3804126,-0.36154294
1356681057679,-0.4455426,-0.2494525,0.85980535,0.2504289,0.8873304,0.38720804,-0.8595215,0.38783777,-0.3328734
1356681057710,-0.42785698,-0.29898992,0.85296166,0.24954042,0.8679469,0.42941558,-0.86871636,0.39657682,-0.2967471
1356681057739,-0.40680924,-0.34960753,0.84396744,0.25339395,0.8444309,0.47194055,-0.87766623,0.40584597,-0.2549339
1356681057769,-0.3832138,-0.39870727,0.8331744,0.26257068,0.81779766,0.51211673,-0.8855528,0.4150174,-0.2087025
1356681057799,-0.35805875,-0.44372162,0.8215261,0.276549,0.78998333,0.5472175,-0.89180416,0.42312822,-0.1601497
1356681057830,-0.33206788,-0.4834586,0.8099376,0.29396364,0.76285636,0.5758782,-0.8962792,0.4293228,-0.11120081
1356681057859,-0.30617684,-0.5165931,0.799617,0.31296474,0.7386462,0.59703845,-0.89905995,0.4330513,-0.0644809
1356681057889,-0.28104168,-0.5430969,0.79124033,0.33165854,0.7187086,0.61111426,-0.9005655,0.43417025,-0.021864295
1356681057920,-0.25723964,-0.5625504,0.78572553,0.34849158,0.70437133,0.6183968,-0.90132195,0.432895,0.014851868
1356681057959,-0.23452151,-0.5761738,0.7829581,0.36103472,0.6961894,0.62046295,-0.90258163,0.42818698,0.044747353
1356681057989,-0.21238244,-0.5795604,0.7867678,0.37089327,0.6970784,0.6136122,-0.9040641,0.42212725,0.06690782
1356681058019,-0.19282186,-0.5772114,0.7935028,0.37623113,0.7033813,0.6030795,-0.9062394,0.4148274,0.081537604
1356681058049,-0.17551267,-0.56948656,0.8030445,0.3773565,0.71448743,0.5891602,-0.90928406,0.40643913,0.089497805
1356681058079,-0.16006878,-0.5568977,0.815011,0.37498528,0.72945535,0.5720848,-0.9131068,0.39719006,0.09206545
1356681058109,-0.1461051,-0.5400052,0.8288834,0.36999685,0.74723685,0.55203205,-0.91747236,0.38733894,0.09062511
1356681058139,-0.13329348,-0.519233,0.8441741,0.3633039,0.7668823,0.5290575,-0.9220863,0.37721166,0.08641899
1356681058169,-0.12145598,-0.49480495,0.86047465,0.3556312,0.78764945,0.5031251,-0.9267011,0.36711913,0.08030331
1356681058199,-0.11034931,-0.4669619,0.87736523,0.34769222,0.8088411,0.47422165,-0.9310925,0.35738307,0.073103905
1356681058229,-0.09978317,-0.43628654,0.89425796,0.34001538,0.82968926,0.4427247,-0.9351111,0.34823793,0.065555096
1356681058259,-0.08950712,-0.40323773,0.91070735,0.33337024,0.8495067,0.40890428,-0.9385376,0.34020254,0.058390558
1356681058289,-0.07945034,-0.36822012,0.92633766,0.3286954,0.8676262,0.37307388,-0.94108814,0.3341238,0.05209905
1356681058319,-0.06950754,-0.33171186,0.9408166,0.32696924,0.88342583,0.3356336,-0.9424754,0.3309472,0.047054827
1356681058349,-0.059609003,-0.29479232,0.95370024,0.3290423,0.8962,0.29758486,-0.94243187,0.33154646,0.04357755
1356681058379,-0.049690336,-0.2588091,0.96464956,0.33512038,0.9055302,0.26021028,-0.9408641,0.33620363,0.041736066
1356681058409,-0.04003212,-0.22505249,0.97352386,0.34517086,0.91120994,0.2248409,-0.9376857,0.34503293,0.041203856
1356681058439,-0.031117648,-0.19433632,0.9804412,0.3586721,0.91341305,0.19243416,-0.9329448,0.35764506,0.041279793
1356681058469,-0.023516178,-0.16732067,0.9856221,0.37513733,0.91237575,0.16383675,-0.92667097,0.37359646,0.041312635
1356681058500,-0.017758794,-0.1448569,0.9892932,0.39377633,0.90846837,0.14009082,-0.9190347,0.39204812,0.04090792
1356681058529,-0.014357768,-0.12761292,0.99172014,0.41359475,0.9022385,0.122086406,-0.9103479,0.4119231,0.039825857
1356681058559,-0.013845868,-0.11561549,0.9931975,0.4336248,0.8943355,0.110152245,-0.9009871,0.43220025,0.0377509
1356681058589,-0.016744196,-0.108260274,0.9939816,0.4529813,0.88542527,0.104067504,-0.8913628,0.45199758,0.03421414
1356681058619,-0.023426682,-0.10426165,0.99427396,0.47090894,0.8761518,0.10297045,-0.8818707,0.47062472,0.02857244
1356681058649,-0.03399232,-0.10172959,0.99423116,0.4867456,0.86716545,0.10536985,-0.8728822,0.48751938,0.02003944
1356681058679,-0.04810244,-0.09792405,0.99403065,0.49991554,0.8592087,0.10883403,-0.8647372,0.50216657,0.007623732
1356681058709,-0.06510224,-0.08952916,0.9938542,0.50981,0.85319287,0.11025299,-0.8578202,0.5138545,-0.009901941
1356681058739,-0.08407718,-0.07335135,0.9937559,0.5158646,0.8500384,0.10638818,-0.85253435,0.5215882,-0.033629477
1356681058769,-0.103748836,-0.045480117,0.9935632,0.51780045,0.85043174,0.092997536,-0.84918725,0.52411586,-0.06468165
1356681058799,-0.12274596,-0.002988845,0.99243367,0.51616585,0.85390997,0.06641194,-0.84764755,0.5204122,-0.103271246
1356681058829,-0.13948858,0.056242496,0.98862517,0.5124862,0.8583745,0.02347587,-0.8472903,0.5099314,-0.14855695
1356681058859,-0.15233886,0.13157068,0.9795315,0.5090909,0.85994554,-0.036332965,-0.8471241,0.4931357,-0.19798458
1356681058889,-0.15978962,0.21941742,0.9624569,0.50809157,0.85420054,-0.110382795,-0.8463511,0.47137815,-0.24797654
1356681058919,-0.16090465,0.3111048,0.9366555,0.5104482,0.8384723,-0.19080578,-0.84472024,0.44741255,-0.29371697
1356681058949,-0.15593559,0.39495578,0.9053695,0.51506764,0.8146171,-0.26665395,-0.84284604,0.42474568,-0.33045673
1356681058979,-0.14612657,0.46120194,0.8751799,0.51948255,0.7886585,-0.3288703,-0.8418937,0.40658396,-0.35483032
1356681059009,-0.1331715,0.50516385,0.8526868,0.52110976,0.7675142,-0.37331817,-0.8430361,0.39462814,-0.36545688
1356681059039,-0.11816192,0.5270688,0.84156775,0.5184216,0.7555788,-0.40042445,-0.8469219,0.38897195,-0.36252445
1356681059069,-0.10174018,0.5285179,0.8428035,0.51086646,0.7547147,-0.41160798,-0.8536184,0.38868296,-0.34678692
1356681059099,-0.084024966,0.511647,0.8550773,0.49901918,0.7643608,-0.40832886,-0.86250776,0.3923901,-0.319547
1356681059129,-0.065096855,0.4777643,0.87607294,0.48433065,0.7827184,-0.39086536,-0.87245995,0.39886484,-0.2823484
1356681059159,-0.044888645,0.42893293,0.9022204,0.46897575,0.80647594,-0.36008102,-0.88206965,0.40695596,-0.23736078
1356681059208,-0.02352029,0.3680375,0.92951345,0.4550701,0.83180106,-0.31783357,-0.89014494,0.41551825,-0.18704706
1356681059219,-0.0011053085,0.29975158,0.9540166,0.44415295,0.8548997,-0.26809445,-0.89595026,0.42343298,-0.13408047
1356681059249,0.02232641,0.23047587,0.9728219,0.4368514,0.8730037,-0.21685328,-0.8992565,0.42982018,-0.08119267
1356681059276,0.047033787,0.16790962,0.98467976,0.4328215,0.88499933,-0.17158587,-0.9002518,0.4342609,-0.031050026
1356681059307,0.07340473,0.11855289,0.99023086,0.43084237,0.8917054,-0.1386951,-0.8994369,0.43681425,0.014377773
1356681059336,0.102837026,0.09005965,0.9906129,0.42888713,0.8945489,-0.12584965,-0.8974857,0.4378031,0.053367317
1356681059370,0.13587752,0.08614156,0.98697364,0.4244915,0.89507437,-0.13656086,-0.8951783,0.43751746,0.0850541
1356681059399,0.17363757,0.11045292,0.9785961,0.41478726,0.8930497,-0.17439538,-0.8931974,0.43619072,0.10925251
1356681059430,0.215377,0.1627699,0.96287006,0.39721638,0.8861516,-0.23865122,-0.8920941,0.43386775,0.12620181
1356681059459,0.25988984,0.24193558,0.93483925,0.36947617,0.86952215,-0.3277477,-0.8921573,0.43057913,0.13659054
1356681059489,0.30392867,0.34230688,0.88907444,0.33070144,0.83728623,-0.4354174,-0.8934562,0.42635405,0.14127392
1356681059519,0.3431734,0.4537132,0.822421,0.28236952,0.7852565,-0.55103517,-0.8958233,0.42132723,0.1413644
1356681059549,0.37352574,0.5637642,0.7366468,0.22843578,0.71376574,-0.6620843,-0.8990526,0.415582,0.13782597
1356681059579,0.3930838,0.6622161,0.6379303,0.1738651,0.6277328,-0.7587638,-0.90291536,0.40917158,0.13161534
1356681059610,0.40219826,0.74361247,0.5341133,0.122799575,0.5342924,-0.8363324,-0.90727985,0.4019603,0.123576164
1356681059639,0.4028126,0.8070662,0.4317246,0.07744509,0.4399395,-0.8946818,-0.9120001,0.3938241,0.114709854
1356681059669,0.39738792,0.8540848,0.33559206,0.03866023,0.34980112,-0.936026,-0.916836,0.38493946,0.10598764
1356681059699,0.38875425,0.8868443,0.24975461,0.0068902075,0.2682711,-0.9633188,-0.9213157,0.37621513,0.09818098
1356681059730,0.37980017,0.90780294,0.1778923,-0.017510504,0.19932225,-0.9797775,-0.9249028,0.36900467,0.09159869
1356681059759,0.37305987,0.91970634,0.1223385,-0.034751326,0.14561617,-0.9887307,-0.9271562,0.3646044,0.08628452
1356681059789,0.37030965,0.92503965,0.08469024,-0.04522705,0.109018326,-0.9930104,-0.92780674,0.36389104,0.08220735
1356681059819,0.3721652,0.9259121,0.064651966,-0.049607992,0.08939892,-0.9947597,-0.9268398,0.3670077,0.079203784
1356681059849,0.3784251,0.92356634,0.06180334,-0.047793955,0.08617565,-0.9951329,-0.92439723,0.37362945,0.07675192
1356681059879,0.38813367,0.9184865,0.07572946,-0.039048582,0.09848735,-0.9943719,-0.92077553,0.38299212,0.07409185
1356681059909,0.39999455,0.91026807,0.10684773,-0.022123396,0.12613559,-0.99176633,-0.91625047,0.39433733,0.07059178
1356681059939,0.4121576,0.8976251,0.15618983,0.004404664,0.16946258,-0.98552674,-0.91110194,0.40688032,0.06589159
1356681059969,0.42212403,0.87826484,0.22463769,0.04197693,0.22859485,-0.9726162,-0.9055657,0.41999424,0.059628546
1356681059999,0.42636395,0.849048,0.3119798,0.09143731,0.30267847,-0.9486965,-0.89991844,0.43301654,0.051416487
1356681060041,0.42072743,0.8069004,0.41460848,0.15491721,0.38640958,-0.90922403,-0.8938619,0.44676545,0.037570357
1356681060079,0.3937749,0.74019384,0.5450269,0.23656988,0.49135193,-0.83821714,-0.8882432,0.45900583,0.018374503
1356681060109,0.34303334,0.6517062,0.6764666,0.31918913,0.596437,-0.7364653,-0.8834287,0.4685529,-0.003419757
1356681060149,0.2825941,0.5805651,0.7635998,0.3816022,0.662304,-0.6447738,-0.88006836,0.4736007,-0.034381747
1356681060179,0.20966339,0.5082666,0.8352882,0.43167537,0.71839684,-0.54549277,-0.87732416,0.47494316,-0.068784654
1356681060219,0.14604494,0.48389396,0.86285424,0.4599057,0.7390137,-0.49228606,-0.87587535,0.4687275,-0.114616394
1356681060260,0.085419536,0.48771793,0.86881226,0.47729903,0.74539953,-0.46536562,-0.87457937,0.45443454,-0.1691156
1356681060299,0.032859385,0.517119,0.85528266,0.48766348,0.7386708,-0.46534914,-0.87241316,0.43238115,-0.22790772
1356681060340,-0.009889096,0.56115913,0.82764894,0.49498275,0.72191733,-0.48355722,-0.8688466,0.40489,-0.28490317
1356681060380,-0.043056548,0.6055473,0.79464364,0.5012038,0.7011443,-0.5071405,-0.86425745,0.37644267,-0.33369148
1356681060420,-0.06839037,0.63683164,0.7679637,0.50583065,0.68562275,-0.52350426,-0.85991746,0.35265693,-0.36901897
1356681060449,-0.08731121,0.6525441,0.7527037,0.50843114,0.67895824,-0.52963525,-0.8566647,0.33645493,-0.3910544
1356681060479,-0.102713704,0.6493815,0.75349426,0.5072875,0.68578655,-0.5218775,-0.85563385,0.32863426,-0.39986283
1356681060520,-0.11754793,0.6102161,0.7834659,0.49743336,0.7190055,-0.4853772,-0.8595013,0.332667,-0.3880595
1356681060560,-0.12911052,0.53856087,0.832636,0.4798509,0.7687404,-0.4228254,-0.8677981,0.3449499,-0.35768133
1356681060589,-0.13509664,0.45572624,0.87980825,0.46174362,0.8145926,-0.35104382,-0.8766652,0.35882103,-0.32047743
1356681060619,-0.13847342,0.3533576,0.9251831,0.443219,0.8575214,-0.26117823,-0.88565356,0.37389246,-0.27535868
1356681060649,-0.13844365,0.23403084,0.96232164,0.42666978,0.8909746,-0.15529716,-0.8937484,0.38909364,-0.22320366
1356681060679,-0.134705,0.104050025,0.9854076,0.41454214,0.9091797,-0.039333224,-0.9000052,0.4031946,-0.16560417
1356681060719,-0.12768444,-0.049286842,0.9905895,0.40747312,0.90797615,0.09769866,-0.9042469,0.41611317,-0.09585136
1356681060759,-0.11439192,-0.1858311,0.9759003,0.4106755,0.88563627,0.21678108,-0.9045774,0.42557633,-0.02499336
1356681060799,-0.097584516,-0.2883438,0.95254135,0.42158896,0.8550154,0.30201206,-0.90152085,0.43105265,0.03812629
1356681060839,-0.07860243,-0.35290107,0.93235314,0.4347528,0.82949144,0.35061935,-0.89711285,0.43290272,0.08822471
1356681060879,-0.05743207,-0.38247728,0.92217815,0.44547355,0.81683,0.36652717,-0.8934511,0.43185642,0.12347132
1356681060920,-0.03343241,-0.3802702,0.9242709,0.45107052,0.81950337,0.35348198,-0.89186186,0.42872915,0.1441307
1356681060959,-0.005259618,-0.34749028,0.9376688,0.45093253,0.83610827,0.3123824,-0.8925425,0.4244684,0.15229708
1356681060989,0.026765242,-0.29317644,0.9556837,0.44667408,0.85878456,0.25094083,-0.8942964,0.4201626,0.15393984
1356681061029,0.060518384,-0.21455777,0.9748345,0.43594676,0.8842376,0.16755384,-0.89793533,0.41483593,0.14704841
1356681061069,0.098820776,-0.110056385,0.98900044,0.41852564,0.90628445,0.05903274,-0.9028126,0.40808845,0.13562119
1356681061099,0.13807502,0.0052211285,0.990408,0.39633924,0.9161359,-0.060084134,-0.9076621,0.40083367,0.12442613
1356681061129,0.17323238,0.11768453,0.97782457,0.3707984,0.9119896,-0.1754521,-0.91241384,0.3929698,0.11434889
1356681061159,0.20360777,0.22224058,0.9534952,0.34392074,0.8955947,-0.28218544,-0.91665834,0.38538194,0.10591686
1356681061189,0.22890684,0.3141695,0.92135715,0.3185582,0.87019724,-0.3758689,-0.91984904,0.37954482,0.09911281
1356681061229,0.24922898,0.3872996,0.88762826,0.29926348,0.84089196,-0.4509346,-0.9210463,0.3780207,0.09367001
1356681061269,0.26572412,0.4383647,0.8586192,0.28832754,0.8137351,-0.50468045,-0.9199227,0.38166937,0.08983642
1356681061309,0.27713144,0.4622756,0.8423178,0.28845283,0.7961887,-0.5318632,-0.9165113,0.39036494,0.087304235
1356681061349,0.28170645,0.4591134,0.8425297,0.3011857,0.7913984,-0.5319546,-0.9110041,0.4036129,0.08466363
1356681061389,0.2770061,0.43160644,0.8584775,0.32636163,0.7980633,-0.50654036,-0.9037454,0.4204889,0.0802086
1356681061429,0.26049703,0.38417268,0.88574976,0.36129874,0.811975,-0.45843184,-0.8953237,0.43944043,0.07271594
1356681061459,0.23040369,0.3195136,0.9191437,0.39958224,0.8301836,-0.38875332,-0.88727,0.4568437,0.06360543
1356681061499,0.19580123,0.2664857,0.94374114,0.4340968,0.8393904,-0.3270836,-0.87933034,0.4737184,0.048673093
1356681061540,0.14710611,0.20822124,0.9669559,0.46621287,0.84759164,-0.2534442,-0.8723562,0.48809052,0.02761048
1356681061569,0.08889246,0.14627601,0.9852418,0.4909163,0.8542363,-0.1711184,-0.86665976,0.4988824,0.004125893
1356681061600,0.034621056,0.10468204,0.9939029,0.5047362,0.8565173,-0.10779373,-0.8625791,0.5053907,-0.023183286
1356681061628,-0.016641859,0.08060388,0.99660724,0.50979,0.8581412,-0.06089227,-0.8601379,0.50704706,-0.05537212
1356681061670,-0.010554612,0.17983565,0.98364,0.50994337,0.84713364,-0.14940688,-0.86014324,0.5000237,-0.10064715
1356681061699,-0.10540202,0.11579162,0.98766524,0.49938977,0.86504006,-0.048121244,-0.859942,0.48815784,-0.14900208
1356681061729,-0.17652422,0.094311774,0.97976756,0.48035187,0.87707335,0.0021182895,-0.85912824,0.47100708,-0.20012748
1356681061788,-0.23188138,0.11427078,0.96600884,0.4590592,0.888391,0.0051036477,-0.8576104,0.4446387,-0.25845838
1356681061799,-0.27592632,0.14472146,0.9502212,0.44079882,0.8975637,-0.008701906,-0.8541435,0.41645527,-0.31145453
1356681061829,-0.3102966,0.17907599,0.9336208,0.4265171,0.9039265,-0.031623885,-0.8495877,0.38839245,-0.35686427
1356681061856,-0.3363263,0.2088846,0.91828746,0.41555935,0.90794194,-0.05433108,-0.8451006,0.36332995,-0.3921687
1356681061887,-0.35526115,0.2259025,0.9070599,0.40592778,0.9113726,-0.06798999,-0.8420286,0.3440466,-0.41547537
1356681061930,-0.3678295,0.21172073,0.9054699,0.39206174,0.9182665,-0.055445448,-0.84320164,0.33460563,-0.42077315
1356681061970,-0.3731618,0.16243196,0.9134365,0.37309825,0.92770696,-0.012549579,-0.8494398,0.33611852,-0.40678787
1356681061999,-0.3722194,0.09909333,0.92283976,0.35460556,0.934039,0.042731196,-0.85773396,0.34314945,-0.38280654
1356681062039,-0.36282223,-0.008385405,0.9318207,0.33281517,0.9328424,0.13798255,-0.8703988,0.36018717,-0.33566517
1356681062080,-0.34296593,-0.13302045,0.9298818,0.3200783,0.91413236,0.24882114,-0.8831333,0.38297212,-0.2709393
1356681062109,-0.31832772,-0.23771748,0.9176916,0.3221433,0.88331455,0.34055716,-0.89156663,0.404037,-0.20460439
1356681062139,-0.29232544,-0.32607552,0.89901096,0.3345234,0.8458172,0.4155567,-0.89590174,0.422218,-0.138174
1356681062169,-0.26618332,-0.39684278,0.878443,0.35385287,0.8074665,0.47200212,-0.89662397,0.4364787,-0.07451016
1356681062199,-0.24077718,-0.4512921,0.8592798,0.3763258,0.77265984,0.51124907,-0.89465374,0.44646627,-0.016206026
1356681062240,-0.2154774,-0.49466062,0.8419503,0.39896864,0.7423628,0.53825784,-0.89128757,0.45189416,0.037391663
1356681062279,-0.18947259,-0.5198547,0.83297724,0.41960564,0.7241082,0.5473557,-0.8877111,0.45323092,0.0809353
1356681062319,-0.1642274,-0.52901864,0.8325676,0.43492824,0.7187222,0.542472,-0.8853626,0.45119587,0.11205125
1356681062359,-0.14003927,-0.52358836,0.84038335,0.44394994,0.7254487,0.5259587,-0.88504094,0.446743,0.13085574
1356681062400,-0.1173259,-0.50558335,0.85476315,0.4466068,0.7418995,0.5001275,-0.8870045,0.440421,0.13875294
1356681062439,-0.09593153,-0.47668165,0.8738259,0.44380516,0.7653042,0.46620432,-0.8909737,0.43253216,0.13813698
1356681062470,-0.07553224,-0.44142422,0.89411384,0.43847916,0.7906251,0.42737332,-0.89556175,0.42433074,0.13383764
1356681062509,-0.058165,-0.4008819,0.91428137,0.42780602,0.81746954,0.3856494,-0.9019971,0.41356638,0.123951554
1356681062550,-0.041732475,-0.35449266,0.934127,0.41439968,0.8445904,0.33902785,-0.9091376,0.40125045,0.11165482
1356681062579,-0.026137069,-0.3070582,0.9513318,0.4024842,0.86788243,0.29118145,-0.9150538,0.39050663,0.1009022
1356681062609,-0.012590788,-0.2632275,0.96465164,0.39348045,0.88558924,0.24678925,-0.91924673,0.38267884,0.09242463
1356681062639,-0.0010027587,-0.22483683,0.9743959,0.38869375,0.897689,0.20753711,-0.92136645,0.3789497,0.08649248
1356681062680,0.008529864,-0.19405618,0.98095334,0.3911694,0.9034641,0.17532554,-0.92027915,0.38222346,0.08361524
1356681062709,0.015004694,-0.17307945,0.98479366,0.3968256,0.9050497,0.15301809,-0.91777146,0.3884953,0.08226234
1356681062750,0.018372834,-0.15976614,0.98698384,0.4084645,0.90221447,0.13844062,-0.91258925,0.40060437,0.08183503
1356681062790,0.015605278,-0.15688223,0.98749405,0.4234212,0.89572537,0.13561173,-0.9057985,0.41600966,0.080405295
1356681062830,0.0062556565,-0.16091418,0.98694867,0.43947762,0.88698566,0.14183041,-0.8982318,0.43285456,0.076266825
1356681062870,-0.01001168,-0.16870354,0.985616,0.45477438,0.87706053,0.15474206,-0.89055043,0.44978213,0.06794119
1356681062913,-0.03227243,-0.1812301,0.982911,0.46721956,0.86662304,0.17512926,-0.8835521,0.4648871,0.05670619
1356681062939,-0.058752954,-0.18607067,0.9807782,0.47626454,0.85822886,0.19135128,-0.877337,0.4783523,0.03819537
1356681062979,-0.09325284,-0.18682793,0.97795665,0.48021623,0.8519959,0.20855542,-0.87217903,0.48907906,0.010266781
1356681063009,-0.1331393,-0.18840638,0.97302455,0.4788476,0.8473444,0.22959186,-0.86774343,0.49649823,-0.022596896
1356681063049,-0.1785906,-0.17416741,0.96838576,0.46904433,0.85010976,0.23939666,-0.86492926,0.49696985,-0.070129395
1356681063089,-0.23159534,-0.15082234,0.9610495,0.44904953,0.8597882,0.24314359,-0.86297053,0.48786977,-0.13139623
1356681063119,-0.28455728,-0.128156,0.9500543,0.42394406,0.87203074,0.24460956,-0.85982466,0.4723753,-0.19381171
1356681063159,-0.3362372,-0.09848611,0.93661356,0.39206153,0.88960433,0.2342902,-0.85628986,0.44598728,-0.26050544
1356681063189,-0.37995073,-0.07587728,0.92188936,0.36236107,0.90476644,0.22381273,-0.8510769,0.41909465,-0.31627166
1356681063229,-0.41192883,-0.064511076,0.9089296,0.3365966,0.9161689,0.21757117,-0.84676874,0.39556643,-0.3556822
1356681063269,-0.42872643,-0.07009983,0.9007107,0.31807414,0.921439,0.22311217,-0.8455901,0.38214684,-0.37274832
1356681063310,-0.4293161,-0.09347093,0.89830434,0.30718043,0.9202204,0.24255851,-0.84931016,0.38007584,-0.36635298
1356681063349,-0.41416177,-0.13175344,0.90061694,0.30364218,0.9127873,0.27316815,-0.85806257,0.38660115,-0.33803564
1356681063389,-0.38499588,-0.17943206,0.9053079,0.30800006,0.89970416,0.30930308,-0.8700081,0.39791527,-0.2911173
1356681063429,-0.3450176,-0.2292522,0.91016835,0.3208251,0.88249946,0.3438982,-0.8820625,0.41065577,-0.230928
1356681063459,-0.30302668,-0.26765662,0.9146227,0.33913028,0.8666345,0.36597165,-0.89059836,0.42107543,-0.17184293
1356681063499,-0.25648487,-0.30538645,0.9170357,0.36056486,0.8500548,0.38392684,-0.8967767,0.4291223,-0.10791451
1356681063540,-0.20691234,-0.33166867,0.9204256,0.38350952,0.8379961,0.388179,-0.9000599,0.433311,-0.04619366
1356681063580,-0.15814967,-0.34472808,0.92528445,0.40388456,0.83251774,0.3791985,-0.9010361,0.4336782,0.007567942
1356681063609,-0.113038495,-0.34354317,0.9323092,0.42000055,0.83384836,0.358185,-0.9004565,0.43205905,0.050031364
1356681063639,-0.074638784,-0.3343769,0.9394792,0.4304324,0.8390228,0.33281928,-0.89953154,0.42922348,0.081303
1356681063679,-0.04366122,-0.3153594,0.9479673,0.43446296,0.8484559,0.30226547,-0.8996308,0.425054,0.09996736
1356681063709,-0.014652714,-0.28496665,0.9584254,0.43506444,0.8612196,0.26271605,-0.90028,0.42082632,0.111359656
1356681063739,0.009485416,-0.25088817,0.9679696,0.4324749,0.87382543,0.22224897,-0.9015961,0.4165144,0.11679143
1356681063780,0.028272152,-0.21166839,0.9769326,0.42571855,0.8868078,0.17982124,-0.9044139,0.41081434,0.115183115
1356681063820,0.04565067,-0.16489407,0.9852543,0.41496703,0.900291,0.13144742,-0.90869045,0.40284735,0.10952449
1356681063860,0.06187942,-0.11464797,0.99147695,0.40035188,0.912813,0.08056529,-0.91426975,0.39195442,0.10238391
1356681063900,0.07753122,-0.064052,0.9949303,0.3838864,0.92290896,0.02950053,-0.9201197,0.37965298,0.09614295
1356681063929,0.09283665,-0.0152917355,0.995564,0.36965734,0.9289485,-0.020202145,-0.9245187,0.36989295,0.09189314
1356681063969,0.107470155,0.026252642,0.9938617,0.36104184,0.9303772,-0.06361659,-0.9263363,0.36566252,0.090509474
1356681064000,0.12239006,0.064574555,0.9903791,0.35638446,0.92846817,-0.10457948,-0.9262887,0.36575523,0.09062189
1356681064039,0.13719136,0.09549205,0.9859309,0.3590095,0.922874,-0.13934052,-0.92319584,0.3730749,0.09232777
1356681064080,0.15164545,0.12269352,0.9807905,0.3671082,0.9142997,-0.17113638,-0.9177338,0.38600826,0.093607605
1356681064120,0.16417712,0.1472158,0.97538376,0.379632,0.90321124,-0.20022255,-0.91045344,0.40315878,0.09239882
1356681064160,0.17362767,0.16982877,0.97005755,0.3944754,0.8905504,-0.22651532,-0.90235394,0.42199317,0.08763093
1356681064200,0.17854565,0.19123377,0.96516895,0.41083646,0.87683916,-0.24973282,-0.89405537,0.4411153,0.077989995
1356681064240,0.17744243,0.21251264,0.9609124,0.42754814,0.86280286,-0.26976624,-0.8864067,0.45870426,0.062238455
1356681064281,0.1678415,0.23592587,0.9571668,0.44361758,0.84900135,-0.2870543,-0.8803594,0.4727956,0.03783679
1356681064320,0.14870456,0.26244837,0.953419,0.4578845,0.8362817,-0.30162007,-0.8764866,0.48140806,0.004187882
1356681064362,0.115998864,0.29768357,0.94759107,0.46947107,0.8243019,-0.31642264,-0.8752949,0.48157126,-0.04413575
1356681064400,0.07277608,0.3396482,0.9377327,0.4786141,0.81299543,-0.33161268,-0.87500405,0.47294554,-0.10339379
1356681064439,0.020581305,0.38983235,0.9206558,0.48507026,0.80131525,-0.35014385,-0.87423295,0.45378917,-0.17260396
1356681064469,-0.028877348,0.4395322,0.8977626,0.490828,0.7886392,-0.37031895,-0.8707779,0.42995316,-0.23850846
1356681064510,-0.07595456,0.4894305,0.86872816,0.49531698,0.774667,-0.3931311,-0.8653854,0.40043572,-0.30126274
1356681064568,-0.1090433,0.5331214,0.83898216,0.5004265,0.7587017,-0.4170672,-0.85888463,0.37437055,-0.34951943
1356681064579,-0.12457585,0.56759965,0.81382525,0.506606,0.7416301,-0.43969893,-0.8531302,0.3575129,-0.3799386
1356681064609,-0.12424308,0.5900219,0.7977706,0.5121843,0.72674316,-0.4577244,-0.8498417,0.3517365,-0.39249277
1356681064636,-0.109405756,0.60206825,0.7909136,0.5155478,0.7146692,-0.47271377,-0.84984756,0.35603613,-0.3885839
1356681064667,-0.081853,0.6050774,0.7919478,0.5148976,0.7060287,-0.48621392,-0.85333496,0.36797392,-0.36934346
1356681064697,-0.044433087,0.6014276,0.79769075,0.509201,0.7006058,-0.49986583,-0.85949993,0.38397437,-0.3373776
1356681064729,3.709793E-4,0.5922502,0.80575407,0.49799812,0.6986229,-0.5137353,-0.8671781,0.40145454,-0.2946803
1356681064769,0.056994826,0.57131916,0.8187466,0.47757438,0.70456636,-0.5248895,-0.87674075,0.4209284,-0.23269075
1356681064810,0.12177086,0.55060107,0.8258392,0.45043978,0.7107633,-0.54029584,-0.8844636,0.43778312,-0.16146237
1356681064850,0.18666336,0.53463787,0.8242082,0.41827565,0.7158664,-0.5590893,-0.88893324,0.44910774,-0.089999974
1356681064889,0.24632308,0.52728504,0.8132008,0.38215145,0.71823406,-0.5814638,-0.8906656,0.4539938,-0.024585068
1356681064930,0.29766715,0.5322442,0.7925341,0.34278682,0.7152166,-0.60906684,-0.8910059,0.45296943,0.030450165
1356681064970,0.33895767,0.5517448,0.7620272,0.3005172,0.704045,-0.64343613,-0.891514,0.44709986,0.072832644
1356681064999,0.37128323,0.5827302,0.722893,0.2568894,0.68368715,-0.68306637,-0.89227605,0.43931463,0.104144335
1356681065043,0.3905088,0.62264955,0.6780932,0.21412793,0.65494263,-0.7247065,-0.8953502,0.42820293,0.1224342
1356681065069,0.40280122,0.6696428,0.62396294,0.17124297,0.6145395,-0.77007604,-0.89912575,0.4170369,0.13286561
1356681065110,0.4050096,0.7185972,0.5653188,0.13339087,0.56524444,-0.8140674,-0.9045298,0.40511352,0.13307512
1356681065139,0.40300113,0.76627886,0.5004066,0.09846988,0.50729436,-0.8561286,-0.9098867,0.39429572,0.12898478
1356681065169,0.39675516,0.8067725,0.43783957,0.07025954,0.44889838,-0.89081645,-0.91523165,0.38419846,0.12141931
1356681065199,0.38779086,0.8407026,0.37793842,0.04743868,0.39127725,-0.9190494,-0.9205259,0.3743278,0.11185193
1356681065240,0.3761406,0.8694968,0.3201462,0.029180497,0.33423257,-0.9420388,-0.926103,0.36368105,0.10034606
1356681065280,0.36676133,0.89207006,0.26400226,0.013323009,0.27871162,-0.96028244,-0.9302197,0.35571182,0.09033558
1356681065320,0.36408168,0.90573084,0.21701649,0.0015856922,0.23240535,-0.97261775,-0.9313657,0.35445642,0.08317828
1356681065360,0.37037677,0.9105983,0.18339002,-0.0052213967,0.19946879,-0.9798903,-0.928867,0.36197108,0.07863319
1356681065400,0.3849373,0.9081222,0.16473433,-0.006298691,0.1810689,-0.98345023,-0.9229212,0.37752908,0.07542017
1356681065440,0.4050722,0.8999039,0.16152263,-4.36306E-5,0.17668454,-0.9842676,-0.9142847,0.39869246,0.07160923
1356681065471,0.42458946,0.88906157,0.1711528,0.01241675,0.1833027,-0.9829781,-0.90530086,0.41948727,0.06678912
1356681065510,0.44492522,0.8742702,0.19414732,0.03528914,0.19950339,-0.9792615,-0.8948722,0.44254947,0.057911813
1356681065550,0.461675,0.8547236,0.23728436,0.07234958,0.23032433,-0.97042066,-0.8840937,0.46518642,0.04449609
1356681065592,0.4700774,0.83055043,0.29868603,0.12426022,0.27276075,-0.9540236,-0.8738345,0.48557973,0.025014281
1356681065630,0.46466622,0.80108964,0.3772809,0.1889014,0.3265842,-0.9260989,-0.8651021,0.5015958,4.2569637E-4
1356681065671,0.4420167,0.7725879,0.45577312,0.25883088,0.3766394,-0.88946575,-0.8588526,0.5111268,-0.03348869
1356681065710,0.40058297,0.7467662,0.5309177,0.32862282,0.4237947,-0.84404093,-0.8553013,0.5125801,-0.07563949
1356681065752,0.34534943,0.73965317,0.5776217,0.38621455,0.4489407,-0.80578566,-0.85531986,0.5013635,-0.1306234
1356681065790,0.2826989,0.7477424,0.60080165,0.4312795,0.46038428,-0.77591515,-0.8567843,0.47846377,-0.19233584
1356681065832,0.22164962,0.77473927,0.5921575,0.46251643,0.45107952,-0.7632862,-0.8584579,0.44306463,-0.25834805
1356681065869,0.16733903,0.8011645,0.5745722,0.48591983,0.44006515,-0.75513226,-0.85783434,0.40555912,-0.3156616
1356681065909,0.12428591,0.816957,0.5631467,0.50164056,0.43794098,-0.7460325,-0.8561015,0.3752185,-0.35538882
1356681065950,0.092723966,0.8132366,0.57449853,0.50821245,0.45751143,-0.7296598,-0.8562256,0.35962427,-0.37087464
1356681065990,0.07175058,0.7868939,0.61290276,0.50401706,0.50165623,-0.7030703,-0.86070824,0.35935915,-0.36061382
1356681066019,0.059705317,0.7496191,0.65917104,0.49393383,0.55165595,-0.6720901,-0.8674472,0.36571425,-0.33732545
1356681066060,0.054115146,0.67740035,0.73362136,0.474445,0.6290246,-0.61581653,-0.87862027,0.38138795,-0.2873494
1356681066099,0.057124823,0.57572824,0.81564313,0.4535295,0.71285045,-0.5349349,-0.88940865,0.4004763,-0.2203883
1356681066129,0.066211194,0.4674539,0.8815344,0.439631,0.7794311,-0.44633153,-0.8957347,0.417102,-0.15390015
1356681066160,0.0762912,0.35427696,0.9320233,0.433443,0.83002234,-0.3509844,-0.8979459,0.43075603,-0.09023547
1356681066189,0.08721697,0.24678569,0.9651373,0.43349588,0.8628891,-0.25981474,-0.89692503,0.44104332,-0.03172201
1356681066229,0.098493844,0.14534779,0.9844658,0.43714988,0.88239396,-0.17401376,-0.89397925,0.4474984,0.023371577
1356681066269,0.11543721,0.07574141,0.99042284,0.43976843,0.8901484,-0.11932954,-0.8906615,0.4493318,0.06944758
1356681066309,0.13754117,0.044955015,0.98947537,0.4372452,0.8936101,-0.101378456,-0.8887627,0.4465871,0.103251815
1356681066349,0.16568989,0.05821444,0.9844582,0.42597324,0.89610314,-0.12468341,-0.88943446,0.44001165,0.12367743
1356681066389,0.200302,0.117750585,0.9726325,0.40343225,0.89476603,-0.1914058,-0.89281666,0.43073025,0.13171905
1356681066429,0.2396293,0.22135228,0.94529414,0.36766642,0.88045335,-0.29937142,-0.89855397,0.41929108,0.12959862
1356681066459,0.27796403,0.3446464,0.8966353,0.32278728,0.8456309,-0.42510802,-0.9047344,0.40758723,0.12380749
1356681066500,0.30878106,0.48095384,0.82057154,0.26783058,0.7838522,-0.5602165,-0.9126451,0.3927584,0.113224566
1356681066539,0.32971928,0.61179304,0.7190233,0.20865516,0.69555527,-0.68750703,-0.92073244,0.37671223,0.10168421
1356681066580,0.3398435,0.7107532,0.6159027,0.1589103,0.60206795,-0.78247154,-0.92695946,0.3637912,0.091662884
1356681066620,0.3448173,0.7664498,0.54190016,0.13017526,0.53268206,-0.83624417,-0.92959964,0.35889345,0.08390516
1356681066649,0.3485613,0.7902298,0.5040257,0.119850606,0.49575824,-0.86015093,-0.9295918,0.36022305,0.078092635
1356681066689,0.35526127,0.7822978,0.5116635,0.13282919,0.49956763,-0.85603064,-0.92528147,0.37207836,0.073565066
1356681066731,0.35933325,0.7447264,0.5623719,0.16820782,0.54106426,-0.8239876,-0.9179247,0.3906815,0.06915355
1356681066770,0.35310647,0.6808472,0.6416875,0.22079869,0.6058513,-0.7643246,-0.9091555,0.41157168,0.063599885
1356681066811,0.33082184,0.59354365,0.73366404,0.28550145,0.67805696,-0.6772943,-0.89946973,0.43352586,0.054858506
1356681066850,0.2851779,0.48255822,0.8281371,0.35537145,0.7491998,-0.55893713,-0.8901599,0.45369282,0.042167783
1356681066890,0.22159699,0.37168738,0.90152276,0.41578028,0.8002434,-0.4321311,-0.8820553,0.47059435,0.022791207
1356681066930,0.14439294,0.27341497,0.9509968,0.45997673,0.8323746,-0.3091504,-0.8761119,0.48207557,-0.0055755377
1356681066970,0.062262803,0.20360366,0.9770716,0.4839039,0.8500501,-0.20797098,-0.8729034,0.48575765,-0.04559809
1356681067010,-0.019587874,0.16828233,0.9855442,0.4889573,0.8614233,-0.13737047,-0.8720877,0.47919822,-0.09915632
1356681067040,-0.0997203,0.14538297,0.9843372,0.4812422,0.87291366,-0.08017291,-0.8708972,0.46570975,-0.15701163
1356681067080,-0.16941413,0.16229898,0.97208935,0.4645095,0.88306904,-0.06648226,-0.8692121,0.44028175,-0.22499382
1356681067120,-0.23646742,0.18036589,0.9547519,0.44323412,0.8944492,-0.05919622,-0.864654,0.40918064,-0.2914524
1356681067159,-0.2967019,0.17537932,0.938728,0.4189629,0.90724605,-0.03707689,-0.8581598,0.38229138,-0.34265906
1356681067190,-0.34647936,0.14118846,0.9273715,0.39115334,0.9203058,0.006027773,-0.8526143,0.36483294,-0.3740933
1356681067229,-0.3800835,0.062612385,0.9228306,0.3580953,0.92986274,0.08439815,-0.85282135,0.36253962,-0.37584668
1356681067269,-0.39557564,-0.048841625,0.9171338,0.3229944,0.92739767,0.1887013,-0.8597642,0.37087473,-0.35108036
1356681067309,-0.3921432,-0.17336586,0.90342015,0.2938102,0.9070377,0.30159283,-0.87172204,0.38370162,-0.304752
1356681067350,-0.37289515,-0.29214445,0.88068205,0.27751377,0.8705796,0.4062971,-0.8854012,0.39590758,-0.24356079
1356681067408,-0.3434835,-0.39264023,0.85314286,0.275931,0.82612765,0.4912995,-0.8977089,0.4041618,-0.17541963
1356681067419,-0.31239516,-0.46302024,0.8294707,0.28583464,0.7868903,0.5469024,-0.90592927,0.40794107,-0.113473535
1356681067449,-0.28248507,-0.51474553,0.80946857,0.2997223,0.7542285,0.584214,-0.91124576,0.4076475,-0.05877763
1356681067476,-0.25403863,-0.55127925,0.7947047,0.31456703,0.7298954,0.60687745,-0.91461027,0.4041582,-0.012007356
1356681067507,-0.2271862,-0.57552075,0.7855967,0.32836163,0.7141815,0.6181613,-0.91682327,0.39839756,0.026726782
1356681067550,-0.20155627,-0.5899509,0.7818779,0.33882853,0.70698124,0.62078404,-0.91900504,0.39004543,0.057395697
1356681067590,-0.17645913,-0.589199,0.78848374,0.34680426,0.7124702,0.6100107,-0.92118883,0.38109154,0.07861489
1356681067630,-0.15397066,-0.5741081,0.8041721,0.3511197,0.7289648,0.58764374,-0.9235843,0.3728406,0.08934146
1356681067659,-0.133873,-0.5488959,0.8251008,0.3529374,0.7515954,0.5572609,-0.92602015,0.36581108,0.09310758
1356681067699,-0.11966072,-0.5137895,0.8495303,0.3493005,0.7791831,0.5204448,-0.92933875,0.35901815,0.086229265
1356681067729,-0.107528314,-0.47384807,0.87401694,0.3444048,0.8069276,0.47984695,-0.932643,0.3526128,0.076427996
1356681067759,-0.09810363,-0.43431595,0.89540225,0.33920625,0.83127034,0.44037336,-0.9355826,0.3469283,0.06577206
1356681067800,-0.091834515,-0.39505062,0.9140576,0.33634517,0.85168135,0.40188417,-0.9372504,0.34434572,0.054659665
1356681067840,-0.088248804,-0.35826957,0.929438,0.33982348,0.86627203,0.3661868,-0.93633974,0.34816045,0.04530096
1356681067880,-0.08728561,-0.3265092,0.94115514,0.35108426,0.8740611,0.3357933,-0.93226665,0.35973468,0.038339317
1356681067911,-0.08822054,-0.30313206,0.9488562,0.3649932,0.8764805,0.31394562,-0.92682093,0.3740225,0.033317566
1356681067940,-0.090651415,-0.28534216,0.9541289,0.38144433,0.87506205,0.29793727,-0.9199361,0.39095557,0.029516518
1356681067981,-0.095806,-0.26975048,0.95815235,0.4035144,0.8694165,0.28511602,-0.90994364,0.41394407,0.025552869
1356681068020,-0.10441849,-0.25950706,0.96007967,0.42505187,0.86110365,0.27898285,-0.8991262,0.43721458,0.020388842
1356681068061,-0.11614509,-0.25128624,0.96091914,0.44344774,0.8525689,0.27655095,-0.88874316,0.4582374,0.012410641
1356681068100,-0.13099672,-0.24482673,0.9606767,0.45598257,0.84556514,0.27766797,-0.88029534,0.4744254,8.704066E-4
1356681068140,-0.1494028,-0.23693335,0.95996946,0.4610923,0.842146,0.27961406,-0.8746843,0.48440966,-0.016570807
1356681068180,-0.17241852,-0.22625645,0.95868653,0.4576829,0.8434211,0.2813667,-0.8722375,0.48728728,-0.041867673
1356681068220,-0.20107028,-0.21121219,0.95653546,0.4446738,0.8503909,0.2812479,-0.87283206,0.48189688,-0.07706785
1356681068260,-0.23635578,-0.19037409,0.9528345,0.42090917,0.8637779,0.2769896,-0.875769,0.46652487,-0.12402868
1356681068300,-0.2775375,-0.16432473,0.9465571,0.38736233,0.8824848,0.2667791,-0.8791606,0.44070175,-0.1812694
1356681068340,-0.32196742,-0.13467665,0.9371229,0.34724474,0.9040504,0.24922664,-0.88077134,0.40565383,-0.24430907
1356681068380,-0.3638959,-0.106161535,0.9253699,0.30780715,0.9239622,0.22704327,-0.87911004,0.3674556,-0.30354875
1356681068419,-0.39660376,-0.08423359,0.9141172,0.2770491,0.9383663,0.20667005,-0.8751854,0.3352214,-0.34882277
1356681068449,-0.41727886,-0.06987561,0.90608805,0.25830632,0.9467969,0.19197229,-0.87129563,0.3141543,-0.37702906
1356681068480,-0.4255941,-0.065007076,0.90257615,0.25064194,0.9499252,0.1866032,-0.86951035,0.3056407,-0.38798904
1356681068520,-0.41515005,-0.076316744,0.9065463,0.25649738,0.9462309,0.19711973,-0.8728456,0.314361,-0.37325275
1356681068560,-0.38721794,-0.09601821,0.9169747,0.27287668,0.9380696,0.21345681,-0.8806818,0.33287537,-0.3370362
1356681068600,-0.3443607,-0.12108924,0.9309958,0.29539904,0.9273068,0.22987291,-0.8911538,0.35417446,-0.28355837
1356681068640,-0.29005626,-0.14690685,0.9456669,0.3208002,0.91605103,0.24070242,-0.90164006,0.37318733,-0.21857864
1356681068669,-0.23403245,-0.16207479,0.9586243,0.34565073,0.90771776,0.23785295,-0.9087103,0.3870145,-0.15641415
1356681068710,-0.17413104,-0.17910117,0.9682981,0.36623257,0.9010053,0.23251472,-0.9140854,0.3951103,-0.09130031
1356681068739,-0.114524305,-0.18024257,0.97693235,0.3834072,0.89919025,0.2108455,-0.9164514,0.3987098,-0.033872843
1356681068769,-0.059783153,-0.17475176,0.98279583,0.39433527,0.90034163,0.18407777,-0.91701996,0.39855585,0.015085518
1356681068809,-0.0093277395,-0.16165128,0.9868038,0.39788726,0.90475976,0.15197241,-0.91738683,0.39405423,0.055879653
1356681068850,0.039080232,-0.1291536,0.99085426,0.3947547,0.91294646,0.103429124,-0.91795504,0.38710237,0.08666217
