1356682172493,0.83619595,0.11555447,0.53611887,-0.5381508,-0.015499987,0.8427061,0.10568829,-0.9931803,0.0492247
1356682172531,-0.95840347,-0.11493319,-0.26125327,0.2651322,-0.01959449,-0.964013,0.10567796,-0.99318004,0.049251854
1356682172571,-0.9584194,-0.1149134,-0.26120293,0.2651021,-0.019796908,-0.96401703,0.10560746,-0.9931781,0.049437642
1356682172611,-0.9584927,-0.114885874,-0.26094642,0.26491416,-0.020469308,-0.96405476,0.10541489,-0.9931678,0.05005449
1356682172653,-0.9586714,-0.1149593,-0.26025653,0.26439694,-0.022100568,-0.9641607,0.1050874,-0.99312437,0.051582158
1356682172691,-0.9589574,-0.11538586,-0.25901154,0.26351395,-0.025377393,-0.96432173,0.104696065,-0.9929966,0.05474156
1356682172731,-0.9593083,-0.1163578,-0.25727072,0.26242456,-0.031121194,-0.9644505,0.10421476,-0.99271965,0.060390115
1356682172772,-0.95973694,-0.11775725,-0.2550258,0.26118293,-0.03994757,-0.96446234,0.103384756,-0.9922386,0.06909543
1356682172831,-0.9602819,-0.1192378,-0.25227156,0.25977713,-0.052015662,-0.96426666,0.10185496,-0.9915023,0.08092505
1356682172852,-0.96090215,-0.1204803,-0.24930249,0.25846282,-0.06732714,-0.9636722,0.0993187,-0.99043006,0.095834434
1356682172891,-0.9615347,-0.12112245,-0.24653646,0.2575886,-0.085921764,-0.9624269,0.09538864,-0.98891187,0.11381656
1356682172928,-0.96216166,-0.120706476,-0.24428418,0.2573036,-0.10747498,-0.9603353,0.08966425,-0.98685306,0.13446659
1356682172971,-0.9628819,-0.11865592,-0.2424444,0.25731868,-0.13224071,-0.9572354,0.08152062,-0.98409003,0.15786451
1356682173010,-0.96377724,-0.11456655,-0.24084872,0.2571621,-0.15973157,-0.9530758,0.07071948,-0.9804899,0.18340766
1356682173051,-0.96507305,-0.10790082,-0.23872915,0.2557206,-0.18995774,-0.94790465,0.056931235,-0.97584504,0.2109155
1356682173090,-0.9669104,-0.098248556,-0.23543887,0.25194043,-0.22257322,-0.9418,0.040128097,-0.9699528,0.23996115
1356682173138,-0.9699345,-0.083282374,-0.22867265,0.24267241,-0.26007342,-0.93459725,0.018363804,-0.9619906,0.27246445
1356682173181,-0.97332186,-0.06438741,-0.22022423,0.2293635,-0.29842877,-0.9264624,-0.0060687438,-0.9522575,0.30523545
1356682173220,-0.97655666,-0.043264322,-0.21086794,0.21304289,-0.33450174,-0.91799855,-0.030819118,-0.9414015,0.33587706
1356682173261,-0.9794005,-0.020928584,-0.2008395,0.19436902,-0.36728054,-0.9095744,-0.054728344,-0.92987466,0.3637827
1356682173300,-0.98160714,9.719059E-4,-0.19090931,0.17493296,-0.3959024,-0.9014764,-0.076457605,-0.91829205,0.38845068
1356682173341,-0.98318267,0.021118604,-0.1814,0.15591767,-0.42010993,-0.8939785,-0.0950875,-0.9072275,0.40975195
1356682173381,-0.9842919,0.038717385,-0.17225079,0.13797839,-0.43997866,-0.8873447,-0.110142335,-0.89717317,0.42772537
1356682173425,-0.98512334,0.053378154,-0.16334866,0.12154783,-0.45552665,-0.88188523,-0.12148307,-0.88862044,0.44226193
1356682173462,-0.9857986,0.06438134,-0.15510051,0.1077394,-0.4659884,-0.87820673,-0.12881516,-0.88244545,0.4524343
1356682173502,-0.9863711,0.06971894,-0.14903523,0.09936674,-0.469544,-0.8772998,-0.13114299,-0.8801522,0.4562167
1356682173532,-0.98693126,0.07038575,-0.14495657,0.09575456,-0.46735168,-0.87887055,-0.12960567,-0.8812651,0.4545043
1356682173562,-0.9873209,0.064602084,-0.144997,0.09973932,-0.45813638,-0.8832685,-0.12348938,-0.88653123,0.44588417
1356682173592,-0.98741966,0.052907962,-0.14900723,0.110778555,-0.4409613,-0.8906634,-0.1128296,-0.89596534,0.4295528
1356682173632,-0.98666555,0.0316089,-0.15966207,0.13323227,-0.4066097,-0.903835,-0.09348938,-0.913055,0.39697647
1356682173664,-0.9851857,0.010664523,-0.1711591,0.15543047,-0.36618704,-0.9174685,-0.07246061,-0.9304802,0.35910463
1356682173702,-0.98275846,-0.010765396,-0.18457973,0.178705,-0.3114242,-0.9333163,-0.047435082,-0.9502099,0.30797875
1356682173732,-0.9797682,-0.02794268,-0.19817485,0.1986799,-0.2549932,-0.94631106,-0.024090782,-0.96653897,0.25538594
1356682173772,-0.9767907,-0.039841652,-0.21045732,0.21418443,-0.19159609,-0.95781827,-0.002161771,-0.98066485,0.19568288
1356682173802,-0.97335976,-0.047341906,-0.2243424,0.22872698,-0.13237959,-0.9644478,0.01596044,-0.9900679,0.13968134
1356682173841,-0.9704784,-0.049009345,-0.23615617,0.23937413,-0.07586074,-0.9679593,0.029524066,-0.99591327,0.08535278
1356682173870,-0.966809,-0.04765787,-0.25101644,0.25248837,-0.02779758,-0.9672005,0.039117068,-0.99847686,0.038907945
1356682173911,-0.96360993,-0.042315006,-0.2639418,0.26373544,0.010488331,-0.96453804,0.04358273,-0.99904925,0.0010533929
1356682173950,-0.9597119,-0.034309454,-0.27888334,0.27760133,0.037811995,-0.95995194,0.043480553,-0.9986957,-0.026764274
1356682173991,-0.9553289,-0.024403855,-0.29453543,0.29292482,0.054217517,-0.95459706,0.039264828,-0.9982309,-0.044647098
1356682174031,-0.95077115,-0.013171747,-0.3096139,0.30829757,0.061077416,-0.9493272,0.031414717,-0.9980461,-0.054009795
1356682174070,-0.9462117,-0.0014915168,-0.32354474,0.3228598,0.060844183,-0.94448906,0.021094546,-0.99814624,-0.057089925
1356682174111,-0.94153655,0.009139389,-0.3367868,0.33675203,0.056214094,-0.9399138,0.010341942,-0.9983769,-0.05600536
1356682174151,-0.93645304,0.017100051,-0.35037607,0.35079074,0.049309373,-0.9351548,0.0012856424,-0.9986372,-0.05217451
1356682174191,-0.93075216,0.021440968,-0.3650214,0.36562175,0.042035103,-0.9298138,-0.004592374,-0.99888605,-0.046963573
1356682174231,-0.92430633,0.021694735,-0.38103446,0.38160425,0.036817193,-0.9235923,-0.006008446,-0.9990865,-0.042309225
1356682174270,-0.9165492,0.016727388,-0.3995721,0.39992133,0.036404192,-0.91582626,-7.7328086E-4,-0.9991972,-0.04005593
1356682174311,-0.9062122,0.00462611,-0.422798,0.42259628,0.0426718,-0.90531296,0.01385349,-0.99907845,-0.040624738
1356682174350,-0.89207715,-0.015451357,-0.45161882,0.450189,0.05606991,-0.89117116,0.039092004,-0.9983073,-0.043062687
1356682174428,-0.871251,-0.046109065,-0.4886673,0.48448104,0.07892394,-0.8712343,0.07873936,-0.9958137,-0.046423674
1356682174432,-0.85328704,-0.073652804,-0.5162136,0.50858396,0.10093111,-0.8550762,0.11508076,-0.9921634,-0.04866457
1356682174458,-0.8380364,-0.09738356,-0.53685325,0.5256141,0.11986923,-0.8422358,0.14637214,-0.98800194,-0.049268603
1356682174488,-0.8259334,-0.11759418,-0.55136704,0.5369147,0.1341688,-0.83289933,0.17192039,-0.98395646,-0.047676444
1356682174530,-0.81707895,-0.13489215,-0.56052303,0.5441436,0.14081573,-0.82709044,0.19049847,-0.9808032,-0.04165685
1356682174571,-0.8132289,-0.14870411,-0.56262416,0.54637384,0.13772142,-0.82614076,0.20033592,-0.9792446,-0.03075105
1356682174610,-0.8137393,-0.15867224,-0.5591525,0.5455519,0.12335038,-0.8289498,0.200503,-0.9795958,-0.013811111
1356682174651,-0.81753206,-0.16477928,-0.5518054,0.54345584,0.096244454,-0.8339022,0.190518,-0.9816236,0.010867357
1356682174690,-0.8237372,-0.1670503,-0.54180366,0.5409426,0.054661214,-0.83928144,0.16981786,-0.984432,0.045338154
1356682174730,-0.8320985,-0.1649417,-0.52953416,0.53735423,-0.0033282638,-0.84335005,0.13734119,-0.9862977,0.09140152
1356682174771,-0.8429865,-0.15662105,-0.51462954,0.5300492,-0.078635275,-0.84431297,0.091769144,-0.9845235,0.14930534
1356682174810,-0.85670716,-0.13927074,-0.4966451,0.5147337,-0.16887128,-0.84055436,0.03319554,-0.975749,0.21636063
1356682174851,-0.8722603,-0.111887574,-0.4760707,0.48794198,-0.26437366,-0.831877,-0.032783866,-0.95790803,0.2851972
1356682174891,-0.887112,-0.07877138,-0.45478278,0.45189747,-0.3487332,-0.82108086,-0.09392017,-0.9339059,0.344962
1356682174930,-0.8990749,-0.049475163,-0.43499023,0.41610578,-0.40543103,-0.8139298,-0.13608925,-0.91278577,0.38509977
1356682174971,-0.90800697,-0.031581268,-0.417763,0.3899871,-0.42805827,-0.8152767,-0.15307947,-0.90319914,0.40099627
1356682175010,-0.9151545,-0.025487036,-0.40229654,0.37513638,-0.41909897,-0.8268184,-0.14752895,-0.9075827,0.3931015
1356682175051,-0.9212652,-0.027532756,-0.38795912,0.3680821,-0.3839506,-0.84681606,-0.12564196,-0.922943,0.3638547
1356682175090,-0.9262635,-0.034604147,-0.37528473,0.3652293,-0.32806605,-0.8711948,-0.09297119,-0.9440208,0.3165139
1356682175131,-0.92966264,-0.04487598,-0.3656685,0.3644188,-0.2577529,-0.89485323,-0.05409473,-0.9651681,0.25597697
1356682175171,-0.9309867,-0.056495607,-0.3606549,0.36481124,-0.1799342,-0.9135296,-0.01328373,-0.9820549,0.18812656
1356682175211,-0.9300584,-0.06673664,-0.36129948,0.36657107,-0.102081,-0.9247729,0.024834424,-0.99253494,0.11940515
1356682175251,-0.9270113,-0.07272951,-0.3679134,0.3708346,-0.031379282,-0.92816865,0.055960357,-0.9968579,0.056059718
1356682175291,-0.9221443,-0.07243393,-0.3800041,0.3790849,0.02657944,-0.9249801,0.07710023,-0.997019,0.0029485822
1356682175330,-0.9156641,-0.06515893,-0.39662778,0.39245477,0.06822145,-0.91723776,0.086824745,-0.99554014,-0.03689599
1356682175371,-0.9077212,-0.051499546,-0.4164011,0.41084605,0.092270374,-0.90702355,0.08513278,-0.99440134,-0.062597334
1356682175427,-0.8990019,-0.030038863,-0.43691325,0.4325861,0.09467858,-0.89660764,0.0682994,-0.9950546,-0.07212186
1356682175462,-0.886305,-0.007858902,-0.46303523,0.46070135,0.08671063,-0.8833094,0.0470919,-0.9962025,-0.0732314
1356682175492,-0.8728524,0.011381894,-0.4878515,0.48726204,0.07469869,-0.870055,0.026538983,-0.9971412,-0.07074684
1356682175532,-0.8599571,0.02720359,-0.5096408,0.51032424,0.05865109,-0.8579797,0.0065508485,-0.9979078,-0.06432009
1356682175572,-0.84651035,0.038199008,-0.531,0.5322876,0.042946994,-0.8454735,-0.009491384,-0.9983468,-0.05668795
1356682175602,-0.83296525,0.044511884,-0.55153203,0.5529617,0.030835986,-0.8326359,-0.020055175,-0.9985329,-0.05029869
1356682175642,-0.8193711,0.043584913,-0.57160425,0.5728706,0.025345385,-0.8192538,-0.021219581,-0.99872816,-0.045735776
1356682175673,-0.80616975,0.038385272,-0.5904379,0.5914624,0.024950147,-0.80594647,-0.016204983,-0.99895144,-0.042817473
1356682175731,-0.792053,0.024897486,-0.60994434,0.61045194,0.033358812,-0.7913505,6.44356E-4,-0.9991332,-0.041620612
1356682175751,-0.7774501,0.004881352,-0.6289258,0.62837064,0.0487442,-0.7763855,0.026866704,-0.9987994,-0.04096353
1356682175788,-0.7630482,-0.019273996,-0.6460541,0.6437017,0.0675866,-0.7622861,0.05835688,-0.9975272,-0.03916508
1356682175819,-0.75100785,-0.042401165,-0.65893036,0.65445447,0.08461791,-0.75135154,0.08761543,-0.9955109,-0.035799026
1356682175861,-0.73960364,-0.06717056,-0.6696824,0.6630593,0.09802365,-0.74212104,0.11549339,-0.9929146,-0.027960539
1356682175901,-0.7309885,-0.09135777,-0.67624664,0.6683172,0.10437399,-0.73651755,0.13786918,-0.9903332,-0.015240252
1356682175941,-0.7256578,-0.11378753,-0.6785817,0.6710592,0.10081172,-0.73451793,0.15198797,-0.9883772,0.003203392
1356682175980,-0.7237956,-0.13407359,-0.6768635,0.67208064,0.08520764,-0.7355591,0.15629297,-0.98730135,0.02843535
1356682176021,-0.7253716,-0.15210786,-0.6713415,0.6719829,0.054985106,-0.7385227,0.1492489,-0.9868333,0.062329233
1356682176061,-0.73051524,-0.16747513,-0.6620419,0.6705961,0.007245958,-0.74178725,0.12902799,-0.9858497,0.107014954
1356682176101,-0.7392389,-0.17955312,-0.64906573,0.6668173,-0.060290337,-0.74277836,0.09423578,-0.98189896,0.16429812
1356682176141,-0.7513169,-0.18777935,-0.6326624,0.65831256,-0.14593601,-0.7384627,0.04633981,-0.9713092,0.2332617
1356682176181,-0.7662196,-0.19156677,-0.6133594,0.64252216,-0.24108797,-0.7273527,-0.008536935,-0.9514088,0.30781215
1356682176221,-0.7831985,-0.19028626,-0.5919387,0.61890763,-0.32985908,-0.7128439,-0.059611917,-0.92465353,0.37611467
1356682176261,-0.8012152,-0.18425131,-0.5693029,0.59074485,-0.3950281,-0.7035434,-0.09526184,-0.90000236,0.425348
1356682176301,-0.8191205,-0.17516416,-0.5462226,0.5630449,-0.42753488,-0.7072443,-0.10964535,-0.8868661,0.44882783
1356682176341,-0.8360335,-0.16429326,-0.5235031,0.53850317,-0.4285903,-0.7254823,-0.10517651,-0.88843566,0.44678837
1356682176380,-0.8513306,-0.1513936,-0.50231075,0.5170514,-0.40427148,-0.75446826,-0.08884826,-0.9020224,0.42244703
1356682176424,-0.8644177,-0.13557202,-0.48415112,0.49831206,-0.35903168,-0.78916496,-0.06683694,-0.92342645,0.3779105
1356682176462,-0.87446195,-0.118895784,-0.47029775,0.4829098,-0.30526268,-0.82073915,-0.045981944,-0.9448166,0.32435662
1356682176502,-0.8811396,-0.10068841,-0.4620118,0.4720018,-0.24600118,-0.84658,-0.028414652,-0.9640255,0.26428652
1356682176542,-0.8837321,-0.081607416,-0.46082288,0.46773064,-0.18698686,-0.8638657,-0.015670002,-0.9789669,0.20341665
1356682176582,-0.8820386,-0.06166579,-0.4671244,0.47110277,-0.1330272,-0.8719896,-0.008368298,-0.9891921,0.14638603
1356682176622,-0.87597096,-0.040912002,-0.4806257,0.48232022,-0.08768368,-0.8715955,-0.0064843,-0.9953078,0.09654105
1356682176662,-0.8656338,-0.020039931,-0.50027645,0.50059223,-0.053101957,-0.864053,-0.0092500895,-0.99838805,0.055998683
1356682176702,-0.8517403,-5.7518482E-5,-0.5239644,0.5237318,-0.02988547,-0.8513589,-0.01560992,-0.9995533,0.025484681
1356682176742,-0.83500606,0.01749143,-0.5499626,0.54971814,-0.017028451,-0.8351766,-0.023973465,-0.999702,0.0046035647
1356682176782,-0.8165072,0.031362146,-0.5764828,0.57641363,-0.012110531,-0.81706834,-0.032606512,-0.9994347,-0.008189261
1356682176821,-0.7972797,0.040977836,-0.60221744,0.6023021,-0.011634648,-0.79818344,-0.039714396,-0.99909234,-0.015404999
1356682176861,-0.77838683,0.046448648,-0.6260642,0.6262346,-0.012592614,-0.7795329,-0.04409203,-0.9988413,-0.019285858
1356682176901,-0.76057637,0.048715174,-0.6474184,0.64764637,-0.013084471,-0.7618287,-0.045583755,-0.998727,-0.021598518
1356682176940,-0.74456257,0.048958868,-0.665755,0.6660805,-0.011712432,-0.7457879,-0.04431051,-0.99873215,-0.023889959
1356682176981,-0.73072505,0.047083348,-0.68104625,0.6815697,-0.006349385,-0.73172563,-0.038776338,-0.9988708,-0.02745086
1356682177021,-0.71861064,0.04109937,-0.69419706,0.6949379,0.005560875,-0.71904826,-0.025692105,-0.99913955,-0.032557607
1356682177060,-0.7068594,0.028718531,-0.7067709,0.70735013,0.02535063,-0.7064086,-0.0023699403,-0.999266,-0.0382334
1356682177101,-0.6938789,0.009438127,-0.72002983,0.7194282,0.052002072,-0.6926174,0.030905992,-0.9986024,-0.042873144
1356682177140,-0.6789259,-0.01462999,-0.7340611,0.7308651,0.08181554,-0.6776005,0.069970876,-0.99654007,-0.044854105
1356682177181,-0.66216296,-0.040228546,-0.7482792,0.7414254,0.10975534,-0.66199857,0.10875887,-0.9931442,-0.04284942
1356682177221,-0.6442287,-0.06457636,-0.76210195,0.7515974,0.13111848,-0.6464591,0.1416716,-0.98926127,-0.035934865
1356682177261,-0.62553275,-0.08628589,-0.77541184,0.76252913,0.14270091,-0.6310196,0.16510007,-0.98599756,-0.023468614
1356682177301,-0.60592455,-0.10549563,-0.78849614,0.7754762,0.14277571,-0.61502177,0.17746016,-0.98411673,-0.004701972
1356682177340,-0.584898,-0.12349266,-0.80165076,0.79125535,0.13045084,-0.597409,0.17835164,-0.9837338,0.021413803
1356682177380,-0.5620831,-0.14208844,-0.8147843,0.8098904,0.10525042,-0.5770614,0.16775015,-0.98424244,0.055916607
1356682177426,-0.53731865,-0.16307694,-0.8274627,0.8307337,0.06692481,-0.55263233,0.14549935,-0.9843409,0.09951359
1356682177462,-0.51056886,-0.18764389,-0.8391122,0.85251164,0.016641676,-0.5224433,0.111997545,-0.9820962,0.1514718
1356682177502,-0.48113978,-0.21630207,-0.8495399,0.8740026,-0.043186247,-0.48399854,0.06800148,-0.9753709,0.20982713
1356682177542,-0.4485476,-0.24846262,-0.85852855,0.8936103,-0.10715723,-0.4358646,0.016298532,-0.9626961,0.27009392
1356682177582,-0.41315538,-0.2821422,-0.8658513,0.9098979,-0.16680163,-0.37981972,-0.03726226,-0.9447608,0.32563555
1356682177622,-0.37924403,-0.31264552,-0.8708769,0.9215119,-0.21265668,-0.3249504,-0.08360359,-0.925759,0.36875546
1356682177661,-0.3577453,-0.33179274,-0.872887,0.92683876,-0.24023807,-0.2885402,-0.11396518,-0.91224945,0.39346254
1356682177700,-0.360888,-0.33177972,-0.8715974,0.92419124,-0.25251436,-0.2865433,-0.12502167,-0.90893275,0.3977573
1356682177741,-0.39254546,-0.31017447,-0.8658522,0.9119773,-0.25326484,-0.3227298,-0.119187355,-0.91632354,0.38228992
1356682177781,-0.4449358,-0.2712084,-0.8535093,0.8898133,-0.24169397,-0.3870613,-0.10131377,-0.93168133,0.3488631
1356682177821,-0.5043663,-0.22329503,-0.8341187,0.86017567,-0.21447885,-0.46270573,-0.075580955,-0.9508618,0.3002489
1356682177861,-0.5585968,-0.17519227,-0.8107264,0.8282105,-0.17099905,-0.5336917,-0.045134753,-0.9695706,0.24061555
1356682177901,-0.6019327,-0.13194653,-0.7875704,0.7984346,-0.11598271,-0.59080476,-0.013389885,-0.98444813,0.17516446
1356682177940,-0.63420695,-0.09443885,-0.767374,0.7730122,-0.057829916,-0.6317498,0.015284538,-0.9938496,0.10967851
1356682177981,-0.6574039,-0.061495513,-0.75102496,0.7526498,-0.0051987767,-0.65840054,0.036584258,-0.99809384,0.049702287
1356682178021,-0.67298007,-0.031963438,-0.73896956,0.73813546,0.035101295,-0.6737387,0.04747376,-0.9988725,-2.9087067E-5
1356682178060,-0.68182904,-0.0051264465,-0.7314936,0.73000646,0.059345245,-0.6808588,0.046901017,-0.9982243,-0.03672093
1356682178100,-0.6838746,0.019052088,-0.7293508,0.7287088,0.06721884,-0.68151677,0.036041796,-0.9975563,-0.05985266
1356682178141,-0.67776227,0.03982252,-0.7342019,0.7350608,0.06113583,-0.6752392,0.017996281,-0.9973347,-0.0707075
1356682178181,-0.66090757,0.055943668,-0.7483792,0.75046104,0.045218825,-0.6593659,-0.0030465722,-0.99740934,-0.071868956
1356682178220,-0.63053393,0.066340655,-0.77332133,0.77581275,0.023994386,-0.6305069,-0.023272872,-0.9975085,-0.06659716
1356682178261,-0.58445054,0.070649356,-0.8083478,0.81047165,0.0024399161,-0.5857728,-0.03941217,-0.9974982,-0.058685303
1356682178301,-0.52233315,0.06930375,-0.84992063,0.8513803,-0.013909578,-0.5243645,-0.04816249,-0.99749863,-0.05173838
1356682178341,-0.4467659,0.06341919,-0.8924003,0.8934624,-0.019770443,-0.4487026,-0.046099484,-0.9977912,-0.047829926
1356682178380,-0.3651452,0.054878652,-0.92933166,0.93043005,-0.011864185,-0.3662774,-0.031126589,-0.99842256,-0.04672861
1356682178426,-0.28984314,0.045906246,-0.9559726,0.9570654,0.009617746,-0.28971264,-0.00410527,-0.99889946,-0.04672289
1356682178462,-0.23261237,0.03753653,-0.9718449,0.9720868,0.040455043,-0.23110768,0.03064105,-0.998476,-0.045899093
1356682178502,-0.19641024,0.028378695,-0.980111,0.9781778,0.07474589,-0.19385862,0.067757815,-0.99679875,-0.042440236
1356682178543,-0.17911148,0.016162187,-0.983696,0.97859466,0.10592747,-0.17644224,0.10134876,-0.9942424,-0.034789085
1356682178582,-0.17371821,-0.0010748804,-0.98479486,0.9764861,0.12944186,-0.17239383,0.127659,-0.99158645,-0.02143681
1356682178622,-0.17628771,-0.02432841,-0.984038,0.97364867,0.14262247,-0.17795262,0.14467523,-0.9894781,-0.0014552474
1356682178662,-0.181844,-0.054032564,-0.9818418,0.97159135,0.14393198,-0.18786636,0.15146938,-0.9881114,0.026324391
1356682178720,-0.18632239,-0.09053573,-0.9783083,0.9714227,0.1320517,-0.19723147,0.1470437,-0.9870996,0.0633443
1356682178741,-0.18589085,-0.13429627,-0.97334945,0.9739796,0.10552317,-0.20057058,0.12964681,-0.98530674,0.11118603
1356682178781,-0.17817491,-0.18566027,-0.96632504,0.9791486,0.06393331,-0.19282287,0.097579926,-0.980532,0.17039764
1356682178818,-0.16355121,-0.24350688,-0.95601016,0.98517215,0.01060158,-0.17124048,0.05183345,-0.96984124,0.23816234
1356682178861,-0.1451438,-0.30405322,-0.94153327,0.989408,-0.046758056,-0.13742426,-0.0022400022,-0.95150685,0.3076194
1356682178901,-0.13624185,-0.35724652,-0.92402005,0.989262,-0.09886837,-0.10763678,-0.052903533,-0.92876256,0.36688048
1356682178940,-0.15215951,-0.39002708,-0.9081445,0.9843869,-0.14206749,-0.10391921,-0.08848649,-0.9097778,0.4055545
1356682178981,-0.19968724,-0.39382312,-0.8972337,0.97441804,-0.17618066,-0.13953424,-0.10312343,-0.90214396,0.4189294
1356682179021,-0.26932192,-0.36989468,-0.88918144,0.95800894,-0.19724917,-0.2081143,-0.09840995,-0.90789354,0.40748596
1356682179060,-0.34556842,-0.32599223,-0.8799497,0.93499696,-0.19932526,-0.2933428,-0.07976878,-0.9241203,0.37368235
1356682179100,-0.41675228,-0.27110505,-0.8676517,0.9074913,-0.17941546,-0.3798283,-0.052696794,-0.94568074,0.32079735
1356682179141,-0.47637856,-0.21310472,-0.8530238,0.8789731,-0.13933647,-0.45606077,-0.021668673,-0.9670427,0.25369036
1356682179181,-0.52226114,-0.15736726,-0.83814,0.8527343,-0.08559471,-0.51528406,0.009348482,-0.98382366,0.1788953
1356682179221,-0.55497426,-0.10652545,-0.82501864,0.83106506,-0.027449548,-0.5554973,0.03652817,-0.99393094,0.10376346
1356682179261,-0.5759943,-0.061502308,-0.8151368,0.8154789,0.026038587,-0.5782007,0.056785703,-0.9977672,0.035155773
1356682179301,-0.58650815,-0.022623628,-0.8096273,0.80703723,0.06827927,-0.5865398,0.06855044,-0.99740976,-0.02178824
1356682179341,-0.58736837,0.010056734,-0.8092572,0.8061236,0.09604752,-0.58390033,0.07185501,-0.9953259,-0.06452227
1356682179380,-0.57919014,0.036702484,-0.81436586,0.81236565,0.10911018,-0.57285005,0.06783059,-0.9933519,-0.09301144
1356682179426,-0.56249344,0.05756256,-0.8247955,0.8247583,0.10915643,-0.5548501,0.05809316,-0.99235654,-0.10887498
1356682179462,-0.5374957,0.072747946,-0.8401227,0.842082,0.09909123,-0.53016865,0.04468015,-0.99241555,-0.11452091
1356682179502,-0.504159,0.08203319,-0.8597059,0.8631053,0.081915736,-0.49833617,0.02954331,-0.9932574,-0.11210179
1356682179542,-0.462362,0.08544162,-0.88256514,0.8865682,0.06113243,-0.45854086,0.014774919,-0.994466,-0.10401517
1356682179582,-0.41349983,0.083799124,-0.9066397,0.91049975,0.041154265,-0.41145653,0.002832353,-0.99563247,-0.09331632
1356682179622,-0.3609662,0.07875627,-0.9292474,0.93257433,0.027384758,-0.35993767,-0.0029001534,-0.99651766,-0.08333111
1356682179661,-0.30920577,0.07188997,-0.948274,0.95099425,0.024717629,-0.30821893,0.0012812316,-0.9971062,-0.07600981
1356682179700,-0.26325607,0.06432691,-0.962579,0.96457374,0.03527987,-0.2614439,0.017141819,-0.9973051,-0.07133567
1356682179741,-0.22873986,0.05677268,-0.97183067,0.97252023,0.057818472,-0.22552451,0.04338616,-0.9967115,-0.06843799
1356682179781,-0.21002483,0.04887891,-0.97647345,0.97474134,0.08805728,-0.20524442,0.075953454,-0.9949155,-0.066138506
1356682179821,-0.20704073,0.03864357,-0.97756886,0.9721279,0.12048137,-0.20112571,0.11000657,-0.99196315,-0.06251103
1356682179861,-0.21659458,0.023554027,-0.9759774,0.9660218,0.14958513,-0.21077517,0.1410271,-0.9884683,-0.055153012
1356682179901,-0.23514104,0.0020450354,-0.97195905,0.9577677,0.17075932,-0.23134857,0.16549796,-0.9853106,-0.04211116
1356682179940,-0.25941777,-0.026330918,-0.9654062,0.9486271,0.18053603,-0.25983307,0.18113223,-0.9832158,-0.02185607
1356682179981,-0.28650904,-0.06142515,-0.9561064,0.9397468,0.17626011,-0.2929305,0.18651673,-0.9824252,0.0072239637
1356682180021,-0.3135805,-0.10280493,-0.9439801,0.932227,0.15575588,-0.32663894,0.18061054,-0.9824313,0.04699552
1356682180061,-0.33837414,-0.14976823,-0.92901695,0.92693806,0.11705679,-0.35648787,0.16213834,-0.9817674,0.09921688
1356682180100,-0.36030978,-0.20064372,-0.91099894,0.92379946,0.058831275,-0.37832984,0.1295048,-0.9778962,0.16415703
1356682180141,-0.3813125,-0.25141788,-0.889601,0.920776,-0.017627776,-0.38969317,0.082294196,-0.9677181,0.23822123
1356682180181,-0.40623438,-0.29450494,-0.86500895,0.91342765,-0.105009556,-0.39322126,0.024971426,-0.9498631,0.31166744
1356682180221,-0.4406457,-0.3200848,-0.83867586,0.8971449,-0.18931305,-0.39911348,-0.031022102,-0.92828137,0.37058243
1356682180261,-0.4855737,-0.32190618,-0.8127698,0.8711904,-0.2552153,-0.41939527,-0.072425336,-0.9117245,0.4043674
1356682180301,-0.53517175,-0.3021584,-0.7888546,0.8396137,-0.29302084,-0.45737046,-0.09295252,-0.9071048,0.4105128
1356682180341,-0.58229005,-0.268013,-0.7675333,0.80745816,-0.30051786,-0.50764203,-0.09460279,-0.9153459,0.39139777
1356682180380,-0.62289846,-0.22615254,-0.7489008,0.77792895,-0.28015035,-0.562443,-0.08260694,-0.93293655,0.35043594
1356682180426,-0.65538925,-0.18177742,-0.73309076,0.7527849,-0.23621887,-0.61442304,-0.061481565,-0.95454586,0.29165447
1356682180462,-0.679245,-0.13896263,-0.72063565,0.7330758,-0.17531544,-0.6571639,-0.03501728,-0.9746558,0.22095221
1356682180492,-0.69330335,-0.10329467,-0.7132045,0.7205815,-0.112594604,-0.6841672,-0.00963217,-0.98825735,0.15249443
1356682180532,-0.7037907,-0.0686183,-0.70708555,0.71023923,-0.046316743,-0.70243496,0.015450001,-0.9965672,0.08133274
1356682180572,-0.70751226,-0.036676347,-0.70574856,0.70575875,0.014881432,-0.7082958,0.03648022,-0.9992163,0.015355885
1356682180612,-0.7060142,-0.0074184835,-0.7081588,0.70637965,0.06422645,-0.70491326,0.05071193,-0.99790776,-0.04010451
1356682180652,-0.69999367,0.018848121,-0.7139002,0.71188736,0.097910106,-0.6954351,0.056790352,-0.99501675,-0.08195412
1356682180691,-0.69059855,0.04176438,-0.7220315,0.7211615,0.11536765,-0.68309325,0.054770082,-0.99244446,-0.10979158
1356682180731,-0.67844534,0.060689688,-0.7321397,0.73319167,0.11871523,-0.66957945,0.04627958,-0.9910719,-0.12503892
1356682180770,-0.6640701,0.07488248,-0.7439109,0.7469033,0.111498356,-0.6555178,0.03385806,-0.99093926,-0.1299727
1356682180811,-0.6478378,0.083804965,-0.7571546,0.76150936,0.09765726,-0.64075476,0.020243257,-0.99168533,-0.12708437
1356682180851,-0.6301396,0.087574184,-0.77152765,0.77643836,0.08159089,-0.62488914,0.008225471,-0.9928111,-0.11940968
1356682180891,-0.6115939,0.08677283,-0.786399,0.7911713,0.0682534,-0.60777414,9.3612075E-4,-0.9938873,-0.11039561
1356682180931,-0.5926756,0.081537634,-0.8013034,0.8054391,0.06228155,-0.5893971,0.0018483698,-0.99472237,-0.10258639
1356682180970,-0.5736516,0.071407884,-0.8159809,0.8189931,0.06606072,-0.56998813,0.013202667,-0.99525726,-0.096378446
1356682181011,-0.55526143,0.056407392,-0.8297607,0.83096224,0.078947544,-0.55069864,0.034444064,-0.9952816,-0.09070891
1356682181051,-0.53906256,0.037506253,-0.84143025,0.83993196,0.09825498,-0.533723,0.06265676,-0.99445426,-0.084468246
1356682181090,-0.5266892,0.015690565,-0.8499131,0.8448307,0.120372,-0.52131736,0.09412596,-0.99260485,-0.076654494
1356682181130,-0.51920116,-0.008649886,-0.8546083,0.8454358,0.14125639,-0.5150583,0.12517408,-0.9899353,-0.06602758
1356682181171,-0.51722604,-0.03536591,-0.8551178,0.84218836,0.15677083,-0.5158892,0.15230241,-0.9870016,-0.05130118
1356682181211,-0.52089137,-0.06443074,-0.85118794,0.8359754,0.16320628,-0.5239359,0.1726768,-0.98448586,-0.031150222
1356682181251,-0.5300075,-0.09585884,-0.84255743,0.8277308,0.15742177,-0.5385909,0.18426558,-0.98286796,-0.004089415
1356682181290,-0.54415834,-0.12946165,-0.82893384,0.8182326,0.13648802,-0.55845,0.18543735,-0.9821459,0.03165871
1356682181331,-0.5629444,-0.16440219,-0.8099788,0.8079074,0.09721273,-0.5812361,0.17429674,-0.98159134,0.07809633
1356682181371,-0.5862416,-0.19841298,-0.7854636,0.7964096,0.036575317,-0.60365045,0.14850065,-0.9794358,0.13657606
1356682181425,-0.61307216,-0.22931227,-0.7560149,0.7841463,-0.060082495,-0.61766064,0.09621394,-0.9714968,0.21664923
1356682181462,-0.6502235,-0.24580666,-0.71887994,0.75891423,-0.16596168,-0.6296871,0.035474747,-0.95500565,0.29445845
1356682181502,-0.68790126,-0.24498317,-0.6832095,0.7254547,-0.26128995,-0.63674414,-0.022524178,-0.93365455,0.35746586
1356682181542,-0.7226212,-0.23029712,-0.65175295,0.6881888,-0.3282411,-0.6470348,-0.064921826,-0.9160901,0.39568183
1356682181582,-0.751817,-0.20823279,-0.6256279,0.6537272,-0.35928047,-0.66600174,-0.08609244,-0.9097014,0.40624055
1356682181621,-0.7748946,-0.18329921,-0.60492945,0.6259284,-0.3558262,-0.693975,-0.08804467,-0.9164001,0.39046007
1356682181661,-0.7922047,-0.15789115,-0.5894761,0.60546577,-0.3241436,-0.72687143,-0.07630834,-0.9327386,0.35238576
1356682181719,-0.8043446,-0.13277471,-0.5791379,0.59157926,-0.26976502,-0.75977683,-0.055351973,-0.9537283,0.29553074
1356682181741,-0.81161094,-0.10827765,-0.57407624,0.58342326,-0.20082754,-0.786947,-0.03008157,-0.9736242,0.2261656
1356682181781,-0.8143931,-0.08335921,-0.5742953,0.58028996,-0.12590063,-0.8046195,-0.005231738,-0.9885344,0.15090519
1356682181818,-0.8128079,-0.057273567,-0.5797095,0.58234274,-0.054533064,-0.8111123,0.014841974,-0.996868,0.07767767
1356682181861,-0.8072093,-0.029752463,-0.589515,0.5896269,0.0057922006,-0.8076549,0.027444303,-0.9995405,0.0128673315
1356682181901,-0.79781294,-0.0019603074,-0.6029019,0.60205793,0.050401032,-0.79686004,0.031948984,-0.99872714,-0.039030373
1356682181941,-0.78538793,0.024466276,-0.61852026,0.6183209,0.07793671,-0.7820519,0.02907154,-0.9966581,-0.07633865
1356682181980,-0.7705034,0.04755795,-0.63565934,0.6371023,0.08971506,-0.7655403,0.020620674,-0.9948314,-0.09942502
1356682182021,-0.7539491,0.06561136,-0.65364814,0.6568735,0.08866072,-0.74876994,0.0088250935,-0.9938986,-0.109944046
1356682182061,-0.73649704,0.07757869,-0.6719774,0.6764295,0.07873517,-0.73228675,-0.0039016008,-0.99387234,-0.11046475
1356682182100,-0.7189991,0.0834094,-0.6899878,0.6948465,0.064674616,-0.716244,-0.015116781,-0.99441445,-0.10445768
1356682182141,-0.70244396,0.08384287,-0.70678353,0.7113945,0.051808536,-0.70088077,-0.022146434,-0.99513125,-0.096037924
1356682182181,-0.6876358,0.079259336,-0.72171664,0.72572726,0.045134366,-0.6865003,-0.021837354,-0.9958317,-0.08855659
1356682182221,-0.6747339,0.06908393,-0.7348207,0.73797274,0.047751427,-0.67313886,-0.011414379,-0.99646735,-0.08320153
1356682182261,-0.6635178,0.052939117,-0.7462852,0.74809724,0.059916973,-0.66087854,0.009728849,-0.9967985,-0.07935959
1356682182301,-0.6541271,0.031810492,-0.7557155,0.75537205,0.0791536,-0.6504981,0.039124936,-0.99635476,-0.07580525
1356682182341,-0.64701474,0.007418275,-0.7624414,0.75904506,0.10104084,-0.6431495,0.0722667,-0.99485457,-0.0710057
1356682182381,-0.64266324,-0.018617302,-0.7659226,0.7590555,0.12024897,-0.63982415,0.104013264,-0.9925692,-0.06314808
1356682182427,-0.6413001,-0.045122743,-0.7659622,0.75619495,0.13198268,-0.6408976,0.13001275,-0.9902244,-0.05051887
1356682182462,-0.6429045,-0.071427226,-0.76260865,0.7515938,0.13301057,-0.6460766,0.14758244,-0.9885375,-0.03182882
1356682182502,-0.64677,-0.097592056,-0.75641537,0.746647,0.12130016,-0.65406764,0.15558508,-0.9878067,-0.0055864453
1356682182542,-0.6522356,-0.12395954,-0.7478119,0.7423075,0.09535104,-0.6632404,0.15351954,-0.9876954,0.029824793
1356682182582,-0.65860975,-0.15072739,-0.73723423,0.7392827,0.05310756,-0.67129767,0.14033562,-0.9871478,0.07645303
1356682182622,-0.6656558,-0.17743903,-0.7248572,0.7375054,-0.008079946,-0.67529297,0.113966554,-0.9840987,0.1362406
1356682182662,-0.6743627,-0.2018429,-0.7102777,0.73465085,-0.08658838,-0.6728972,0.07431778,-0.97558284,0.20667595
1356682182702,-0.68561447,-0.22053644,-0.6937554,0.7275567,-0.17567903,-0.66317284,0.024375528,-0.95942724,0.28090078
1356682182742,-0.7004041,-0.22997618,-0.67568123,0.71327084,-0.26008618,-0.6508456,-0.02605638,-0.93779856,0.34620064
1356682182782,-0.7177517,-0.22922556,-0.6574861,0.6932476,-0.32355684,-0.6439865,-0.06511602,-0.91802317,0.39114368
1356682182822,-0.73524654,-0.2205944,-0.64089835,0.6722631,-0.3579476,-0.6480247,-0.0864574,-0.9073101,0.41147718
1356682182862,-0.75157714,-0.20592937,-0.62667763,0.6533319,-0.36350626,-0.66409385,-0.09104484,-0.9085462,0.40774325
1356682182902,-0.7665375,-0.1858628,-0.6147156,0.63675094,-0.34438932,-0.68988705,-0.08347711,-0.92024505,0.38233572
1356682182942,-0.77970964,-0.16167556,-0.6049081,0.62246996,-0.30461085,-0.72093225,-0.06770447,-0.938655,0.33814627
1356682182982,-0.7900431,-0.13589682,-0.59779924,0.6113045,-0.24819136,-0.7514705,-0.04624617,-0.9591314,0.2791562
1356682183021,-0.7967394,-0.110494286,-0.594136,0.6039357,-0.1807819,-0.77626,-0.021636695,-0.9772968,0.21076739
1356682183061,-0.79977536,-0.0857631,-0.5941415,0.600294,-0.110052705,-0.7921714,0.0025521815,-0.9902187,0.1395005
1356682183100,-0.7995539,-0.06112513,-0.5974758,0.6001872,-0.044689834,-0.7986102,0.022114098,-0.9971292,0.07241839
1356682183141,-0.79677474,-0.035901427,-0.603209,0.6033454,0.008126497,-0.7974386,0.03353116,-0.9993223,0.015185952
1356682183181,-0.79180235,-0.010232955,-0.6106918,0.60976803,0.0442186,-0.79134554,0.03510174,-0.9989695,-0.028772712
1356682183221,-0.7848713,0.014984041,-0.61947775,0.61906016,0.06289762,-0.7828208,0.027233839,-0.9979075,-0.058642626
1356682183261,-0.7758579,0.038353175,-0.62974083,0.63079286,0.06619936,-0.77312225,0.012036741,-0.99706906,-0.07555419
1356682183301,-0.76449907,0.058387846,-0.64197505,0.64458156,0.05771053,-0.76235425,-0.007463485,-0.99662447,-0.0817554
1356682183341,-0.7505614,0.07380411,-0.65666616,0.6602099,0.041743577,-0.74992025,-0.027935624,-0.9963987,-0.08005726
1356682183380,-0.73393035,0.083728105,-0.6740444,0.67767644,0.02330017,-0.73499095,-0.045834094,-0.9962162,-0.073841214
1356682183428,-0.71438193,0.087595314,-0.6942518,0.6974181,0.0080938935,-0.7166188,-0.057153255,-0.9961233,-0.06687266
1356682183462,-0.6908448,0.084676,-0.7180274,0.72069,0.0012742877,-0.69325626,-0.05778724,-0.99640775,-0.061905444
1356682183502,-0.6610816,0.074150145,-0.74664104,0.7489665,0.005603671,-0.6625841,-0.04494682,-0.9972313,-0.0592404
1356682183542,-0.6236924,0.05656001,-0.779621,0.7814424,0.021054745,-0.62362206,-0.01885733,-0.9981772,-0.05733013
1356682183582,-0.5807696,0.034532458,-0.8133352,0.81389165,0.04542625,-0.5792382,0.01694426,-0.99837065,-0.054487884
1356682183622,-0.537485,0.011117965,-0.8432,0.8413465,0.07462704,-0.5353195,0.056973875,-0.9971495,-0.04946494
1356682183662,-0.49986136,-0.011856824,-0.86602426,0.8608732,0.10294092,-0.49829763,0.09505752,-0.9946168,-0.041248918
1356682183702,-0.4704398,-0.034832954,-0.88174427,0.87324256,0.12545294,-0.4708598,0.12701881,-0.99148786,-0.028600395
1356682183741,-0.45126396,-0.058639675,-0.8904618,0.8796699,0.13864982,-0.4549254,0.150139,-0.98860383,-0.010984123
1356682183781,-0.44078058,-0.08433393,-0.89364445,0.8826945,0.14004385,-0.4485957,0.1629813,-0.9865473,0.012712419
1356682183821,-0.4365906,-0.112944275,-0.89254254,0.8844874,0.12754917,-0.4487908,0.16453141,-0.98538053,0.04421109
1356682183861,-0.43460172,-0.14549312,-0.88879305,0.8874415,0.09904122,-0.45015368,0.15352136,-0.9843894,0.08607322
1356682183901,-0.43120706,-0.18276575,-0.88354814,0.8930973,0.05269265,-0.4467671,0.12821022,-0.98174345,0.14050615
1356682183941,-0.42502677,-0.22439015,-0.87692726,0.9009447,-0.01125294,-0.4337881,0.08746979,-0.9744345,0.20694584
1356682183980,-0.41777503,-0.26753727,-0.8682672,0.9079169,-0.08724904,-0.409969,0.033926517,-0.95958924,0.27935207
1356682184021,-0.41540146,-0.3053426,-0.856859,0.90935165,-0.16303462,-0.38275206,-0.022827208,-0.938182,0.34538874
1356682184061,-0.42698598,-0.32735366,-0.842925,0.90165573,-0.22480237,-0.3694332,-0.06855619,-0.917771,0.3911477
1356682184101,-0.45663,-0.32595634,-0.8277932,0.88469076,-0.26454282,-0.38384822,-0.09386897,-0.90761757,0.4091687
1356682184140,-0.49888504,-0.30180484,-0.81242085,0.8610169,-0.27947277,-0.4249057,-0.09881091,-0.9114872,0.39928383
1356682184181,-0.5448572,-0.2609825,-0.7968806,0.8338256,-0.26914144,-0.4819727,-0.08868718,-0.92706573,0.36425763
1356682184221,-0.5869622,-0.2114932,-0.78150237,0.8066488,-0.23531175,-0.5421679,-0.06923184,-0.9486301,0.30871987
1356682184261,-0.6210534,-0.16037354,-0.76718515,0.7824981,-0.1825782,-0.5952831,-0.044603586,-0.97002345,0.23888272
1356682184301,-0.6458283,-0.11231479,-0.7551762,0.76326215,-0.11875063,-0.635082,-0.018348545,-0.9865514,0.16241813
1356682184341,-0.6619232,-0.06929883,-0.7463614,0.74954903,-0.053466618,-0.659786,0.0058169663,-0.9961622,0.08733368
1356682184380,-0.6705243,-0.031707972,-0.7412096,0.7414807,0.0044395328,-0.6709595,0.024565369,-0.9994873,0.020534039
1356682184428,-0.6726131,6.759465E-4,-0.73999405,0.73912895,0.048963547,-0.67178196,0.03577864,-0.99880034,-0.03343314
1356682184462,-0.6688592,0.028279066,-0.74285114,0.7423787,0.07749438,-0.6654837,0.03874755,-0.9965917,-0.07282668
1356682184502,-0.6599938,0.051530957,-0.74950165,0.7505053,0.09025508,-0.65467227,0.033910453,-0.9945847,-0.098242044
1356682184542,-0.64614064,0.07029757,-0.759974,0.76287425,0.08938378,-0.64033854,0.022915125,-0.99351335,-0.11138272
1356682184582,-0.62661636,0.08373639,-0.77481616,0.77928185,0.07811773,-0.6217856,0.00846076,-0.99342126,-0.11420405
1356682184622,-0.600604,0.09104025,-0.7943466,0.7995206,0.060364783,-0.59759766,-0.006454855,-0.994016,-0.10904384
1356682184661,-0.56878823,0.09264025,-0.81725013,0.8222723,0.04150617,-0.5675787,-0.01865974,-0.9948342,-0.09978372
1356682184719,-0.533187,0.08966777,-0.84123194,0.8456379,0.027504265,-0.5330478,-0.024659723,-0.9955919,-0.090491414
1356682184741,-0.4952584,0.082882494,-0.86478305,0.868497,0.023414254,-0.49514124,-0.020790279,-0.99628425,-0.08357936
1356682184781,-0.45531726,0.0723978,-0.8873808,0.8903148,0.03134805,-0.45426515,-0.00507015,-0.99688303,-0.078730166
1356682184818,-0.41595948,0.059074014,-0.90746236,0.90914357,0.049915016,-0.41348076,0.02087003,-0.99700487,-0.07446939
1356682184861,-0.38173616,0.04400876,-0.923223,0.9227283,0.07583994,-0.3779164,0.053385586,-0.9961484,-0.06955904
1356682184901,-0.35753876,0.027651042,-0.93348885,0.9298152,0.10390675,-0.35305387,0.087233454,-0.99420255,-0.062861025
1356682184941,-0.34344947,0.009041667,-0.9391277,0.93170905,0.12908268,-0.33949366,0.11815551,-0.99159265,-0.05275762
1356682184980,-0.33891994,-0.01284647,-0.9407275,0.92995316,0.14692885,-0.33704466,0.14254984,-0.9890637,-0.0378505
1356682185021,-0.34198976,-0.03866908,-0.9389077,0.92631245,0.15420473,-0.343753,0.15807658,-0.9872819,-0.016916752
1356682185061,-0.34999162,-0.068974435,-0.93421006,0.92239416,0.14856821,-0.356534,0.16338566,-0.9864938,0.011623979
1356682185101,-0.35939026,-0.1045073,-0.9273171,0.9198564,0.1276918,-0.37088943,0.15717143,-0.9862926,0.050240457
1356682185140,-0.36759186,-0.14584383,-0.91848016,0.91977036,0.088979125,-0.38223705,0.13747248,-0.98529804,0.10143483
1356682185181,-0.373778,-0.19244355,-0.9073343,0.9219194,0.030238986,-0.38619986,0.10175857,-0.9808421,0.16611469
1356682185221,-0.38043118,-0.24091914,-0.89287746,0.92345667,-0.046761453,-0.3808428,0.05000007,-0.96941805,0.24026781
1356682185261,-0.39278042,-0.28394365,-0.8746996,0.9195671,-0.13258702,-0.36988777,-0.010946542,-0.9496297,0.3131829
1356682185301,-0.4176743,-0.31124732,-0.85362357,0.90615475,-0.2115274,-0.36625075,-0.06657022,-0.92648864,0.37038785
1356682185341,-0.45757234,-0.3153475,-0.83137447,0.88318294,-0.2695272,-0.38385272,-0.10303104,-0.90989614,0.40183774
1356682185380,-0.50659585,-0.2972104,-0.80933714,0.8544015,-0.2988944,-0.42504138,-0.115579635,-0.9068231,0.40535566
1356682185427,-0.55610365,-0.26358074,-0.78820926,0.8241113,-0.29772067,-0.4818744,-0.10765338,-0.9175443,0.38278347
1356682185462,-0.59993386,-0.22205725,-0.76861566,0.79542994,-0.26864582,-0.5432502,-0.08585274,-0.937294,0.33780068
1356682185502,-0.63558793,-0.17821679,-0.75117695,0.77003765,-0.21617365,-0.6002592,-0.05540842,-0.959952,0.27463102
1356682185542,-0.661762,-0.13644123,-0.73719394,0.7494258,-0.14765096,-0.64541477,-0.020786196,-0.9795831,0.19996238
1356682185582,-0.6790305,-0.09832981,-0.72749496,0.7339847,-0.07261515,-0.675273,0.013572305,-0.9925011,0.121480405
1356682185622,-0.6887038,-0.063531905,-0.7222538,0.72376215,-0.0010619164,-0.69004864,0.043073088,-0.9979792,0.04671347
1356682185662,-0.6917658,-0.031487644,-0.7214352,0.7192833,0.058452368,-0.69225353,0.06396705,-0.9977935,-0.01778686
1356682185702,-0.6896655,-0.0015489161,-0.72412646,0.7203089,0.10110313,-0.68624586,0.07427439,-0.9948748,-0.06861162
1356682185742,-0.6828055,0.026208788,-0.73012996,0.7268505,0.12548769,-0.6752341,0.07392526,-0.9917489,-0.10473353
1356682185782,-0.6713759,0.05110851,-0.7393526,0.73830736,0.13290888,-0.66123927,0.06447157,-0.98980963,-0.12696558
1356682185822,-0.65488386,0.071940124,-0.7522977,0.7541578,0.12637967,-0.64441776,0.04871565,-0.98936987,-0.13701826
1356682185862,-0.63243496,0.08729324,-0.76967907,0.77404225,0.10936898,-0.62361604,0.029741555,-0.99016076,-0.1367374
1356682185902,-0.60317355,0.096167326,-0.7917913,0.79754347,0.085537076,-0.59716654,0.010299623,-0.991683,-0.12829131
1356682185942,-0.56705105,0.09851843,-0.81776965,0.8236549,0.059666812,-0.5639437,-0.006765157,-0.99334484,-0.11497933
1356682185982,-0.52487755,0.09502065,-0.8458573,0.85100037,0.0382964,-0.5237669,-0.01737541,-0.99473834,-0.10096353
