1356681490648,-0.3496911,0.063121855,-0.93473613,0.9368548,0.018892825,-0.34920788,-0.004382819,-0.99782693,-0.06574261
1356681490669,0.33212054,-0.06344572,0.9411007,-0.9432268,-0.017707586,0.33167705,-0.0043788254,-0.9978281,-0.0657247
1356681490698,0.3323114,-0.06335387,0.94103956,-0.9431596,-0.017703474,0.33186817,-0.0043654144,-0.9978341,-0.06563589
1356681490736,0.33293158,-0.06302366,0.9408425,-0.94294083,-0.017622292,0.3324937,-0.0043751597,-0.9978565,-0.06529462
1356681490778,0.33341637,-0.062476397,0.94070727,-0.9427686,-0.017264515,0.33300027,-0.004563749,-0.997897,-0.06465706
1356681490823,0.33245537,-0.062097073,0.94107246,-0.9431044,-0.016342074,0.3320948,-0.0052429736,-0.99793625,-0.06399703
1356681490863,0.32765725,-0.06276193,0.9427098,-0.9447727,-0.014654249,0.32739866,-0.006733507,-0.997921,-0.064097315
1356681490895,0.3189343,-0.064750284,0.9455625,-0.947736,-0.012531072,0.3188094,-0.008794099,-0.9978229,-0.06536278
1356681491067,0.3044268,-0.069191545,0.95001936,-0.9524659,-0.010038614,0.30447963,-0.011530489,-0.9975529,-0.06895864
1356681491069,0.2841941,-0.07666385,0.9556968,-0.95866346,-0.008088291,0.28442755,-0.014075398,-0.9970243,-0.075793535
1356681491070,0.260535,-0.0873535,0.96150446,-0.96535075,-0.008287907,0.26082426,-0.014815062,-0.9961429,-0.08648607
1356681491073,0.24064112,-0.099983335,0.96545076,-0.9705311,-0.011774182,0.24068809,-0.012697399,-0.9949194,-0.099870294
1356681491087,0.2238226,-0.11497226,0.9678248,-0.9746095,-0.019977272,0.22301841,-0.0063064396,-0.99316776,-0.11652443
1356681491115,0.22081831,-0.1296221,0.966663,-0.97531235,-0.03162834,0.21855298,0.0022446513,-0.99105895,-0.13340619
1356681491159,0.21477222,-0.14711809,0.96552014,-0.97651947,-0.049362957,0.2096974,0.016810656,-0.9878864,-0.15426543
1356681491191,0.22513047,-0.16374207,0.96047115,-0.97374785,-0.07184371,0.21599448,0.03363642,-0.9838836,-0.1756177
1356681491233,0.23054892,-0.18346652,0.95560825,-0.9714062,-0.100639105,0.21503857,0.056719154,-0.9778608,-0.20142278
1356681491265,0.25043225,-0.20162246,0.94690657,-0.9646983,-0.1342969,0.22654215,0.081490666,-0.9702127,-0.22813714
1356681491303,0.26656032,-0.22153854,0.9380119,-0.95764947,-0.17081279,0.23179856,0.108872056,-0.9600749,-0.25768822
1356681491344,0.2806688,-0.24404356,0.9282607,-0.9498137,-0.20980233,0.23202774,0.1381264,-0.9467976,-0.29068086
1356681491383,0.29921362,-0.2655881,0.91647923,-0.93969375,-0.24878249,0.23469758,0.16567111,-0.9314345,-0.32401055
1356681491424,0.3159866,-0.28635558,0.9045181,-0.92969716,-0.28362235,0.2349925,0.18925014,-0.91518235,-0.35584483
1356681491464,0.3314996,-0.30474082,0.89288354,-0.9205712,-0.31165788,0.23541042,0.20653501,-0.9000013,-0.38385007
1356681491503,0.35372707,-0.3147212,0.88081086,-0.910079,-0.33321694,0.24641973,0.21594763,-0.8887728,-0.404289
1356681491542,0.38781938,-0.31117272,0.8676218,-0.8959291,-0.34843567,0.27550596,0.21658042,-0.88417417,-0.41391882
1356681491583,0.43579888,-0.29147422,0.8515409,-0.8752594,-0.35774314,0.32548544,0.2097623,-0.8871654,-0.41101965
1356681491625,0.49734086,-0.25427106,0.8294566,-0.84519565,-0.35767293,0.39713278,0.19569474,-0.8985635,-0.3927942
1356681491663,0.55873203,-0.20939484,0.80247885,-0.81027603,-0.34414116,0.47436237,0.17683697,-0.9152708,-0.36195028
1356681491704,0.61936474,-0.15770224,0.7691017,-0.7702943,-0.31143573,0.5564661,0.15176982,-0.93709004,-0.31436944
1356681491743,0.6666463,-0.11153528,0.7369821,-0.73496675,-0.26301187,0.62501895,0.124123394,-0.95832384,-0.25731063
1356681491782,0.7036922,-0.07030156,0.7070183,-0.70417714,-0.20151798,0.68082666,0.09461373,-0.97695863,-0.1913114
1356681491824,0.7294173,-0.03576094,0.6831336,-0.6809174,-0.13370478,0.72005177,0.065588534,-0.99037576,-0.121876836
1356681491863,0.745189,-0.0074259937,0.6668119,-0.6656984,-0.0671054,0.7431973,0.039227724,-0.9977182,-0.05494967
1356681491904,0.75241935,0.01580891,0.6584946,-0.65845823,-0.008138999,0.7525732,0.017256886,-0.99984187,0.0042855665
1356681491942,0.75216764,0.034908712,0.6580465,-0.65897155,0.0390141,0.75115526,5.4883957E-4,-0.9986286,0.052349024
1356681491983,0.7457533,0.05060762,0.6642972,-0.66612774,0.07342443,0.7422146,-0.011213869,-0.99601585,0.08846769
1356681492023,0.7340927,0.06323099,0.67609894,-0.6787837,0.09617421,0.72801316,-0.018990308,-0.9933541,0.11352096
1356681492064,0.71757805,0.072918,0.69265044,-0.69607836,0.108771995,0.7096785,-0.023592621,-0.99138874,0.12880905
1356681492103,0.6970114,0.08037615,0.7125411,-0.7166007,0.11364107,0.68816364,-0.025662005,-0.99026537,0.13680673
1356681492144,0.6743709,0.08565208,0.7334083,-0.7379701,0.11178301,0.66551083,-0.024980247,-0.9900345,0.13859187
1356681492181,0.65059733,0.08947903,0.754133,-0.7590932,0.10587965,0.6423137,-0.022373766,-0.9903449,0.13680793
1356681492225,0.62717116,0.09198773,0.7734304,-0.77865267,0.09811571,0.61973655,-0.018877566,-0.9909146,0.1331618
1356681492263,0.60395896,0.09296626,0.79157484,-0.79683006,0.091849044,0.5971813,-0.017187685,-0.9914237,0.12955137
1356681492294,0.5809541,0.09220338,0.80869704,-0.81371015,0.08921543,0.5743836,-0.019188166,-0.99173546,0.1268569
1356681492333,0.5546999,0.088375,0.8273438,-0.8315636,0.092890695,0.54760677,-0.028457731,-0.9917465,0.12501594
1356681492371,0.5249558,0.080966204,0.8472696,-0.8498814,0.10375334,0.5166592,-0.046075046,-0.99130195,0.123277634
1356681492643,0.4948416,0.07061416,0.8661094,-0.8662112,0.11962989,0.48514625,-0.069354355,-0.9903041,0.120364636
1356681492681,0.47175148,0.05923152,0.8797398,-0.8769011,0.13581201,0.46108526,-0.09216845,-0.9889625,0.11600968
1356681492742,0.4493816,0.045746505,0.8921678,-0.8860239,0.15037453,0.43857637,-0.114096016,-0.98757017,0.10810804
1356681492767,0.43765843,0.03086999,0.8986113,-0.88947475,0.16101854,0.4276771,-0.13149074,-0.9864685,0.09792918
1356681492768,0.42903602,0.014107943,0.90317726,-0.8920659,0.163734,0.42120022,-0.1419386,-0.98640364,0.08283299
1356681492774,0.42840385,-0.0054717064,0.9035708,-0.89218944,0.1557675,0.4239509,-0.14306664,-0.98777854,0.061849654
1356681492774,0.43889362,-0.026099473,0.89815986,-0.8879194,0.14062713,0.43797594,-0.13773656,-0.9897185,0.038546145
1356681492775,0.44646454,-0.04866171,0.8934772,-0.88698596,0.10761617,0.449082,-0.11800566,-0.99300086,0.0048846006
1356681492777,0.4609313,-0.07405624,0.8843404,-0.8833238,0.057532504,0.46521932,-0.085330695,-0.99559313,-0.038897127
1356681492778,0.48011786,-0.099101394,0.8715881,-0.87600565,-0.0022471398,0.48229584,-0.04583764,-0.99507487,-0.087892294
1356681492779,0.49689972,-0.12342262,0.8589864,-0.86780787,-0.07021052,0.49191454,-4.0349364E-4,-0.9898673,-0.14199468
1356681492795,0.50733817,-0.15185499,0.8482618,-0.8598596,-0.15432052,0.48664838,0.057004213,-0.97628134,-0.20886666
1356681492838,0.52534217,-0.17722511,0.83223003,-0.8431175,-0.24032527,0.481037,0.11475408,-0.9543767,-0.2756746
1356681492881,0.552455,-0.19136909,0.8112776,-0.81777513,-0.31284976,0.48308274,0.16136089,-0.9303241,-0.3293323
1356681493019,0.59050137,-0.18736371,0.78498596,-0.78472245,-0.3604476,0.50426996,0.1884644,-0.9137682,-0.3598733
1356681493021,0.6328344,-0.16684696,0.7560971,-0.74946153,-0.37728405,0.54402584,0.1944943,-0.9109439,-0.36380368
1356681493049,0.67166454,-0.14041871,0.72742647,-0.7162681,-0.37393624,0.5891788,0.18927938,-0.91676295,-0.35173714
1356681493050,0.707525,-0.10527104,0.6988035,-0.6866664,-0.33612227,0.64460146,0.16702557,-0.93591654,-0.31010103
1356681493066,0.7365243,-0.071792245,0.6725904,-0.6625336,-0.27695435,0.69594944,0.13631308,-0.95819736,-0.25154838
1356681493110,0.7585291,-0.04174605,0.6503005,-0.6441481,-0.19891639,0.7385833,0.098522514,-0.97912693,-0.17777452
1356681493153,0.7730471,-0.017501444,0.63410723,-0.63156676,-0.11474971,0.76678294,0.059343785,-0.9932403,-0.099760264
1356681493181,0.78087276,8.479953E-4,0.6246895,-0.62420595,-0.038303316,0.7803203,0.02458942,-0.9992658,-0.02938068
1356681493223,0.7852938,0.01698172,0.6188903,-0.6190956,0.030969165,0.7847047,-0.0058408678,-0.99937606,0.034833215
1356681493264,0.7843152,0.03137082,0.6195687,-0.6196356,0.08794632,0.77994686,-0.03002119,-0.99563104,0.08841613
1356681493303,0.7784599,0.044326246,0.62612724,-0.6259246,0.12966952,0.76902807,-0.047101468,-0.990566,0.12868741
1356681493342,0.768831,0.055912495,0.6370028,-0.6369078,0.15573111,0.7550472,-0.056984603,-0.98621583,0.15534201
1356681493383,0.7557576,0.06616658,0.6515002,-0.6520633,0.16774637,0.73937446,-0.06036493,-0.98360723,0.16992038
1356681493421,0.74033046,0.07478297,0.6680706,-0.66974705,0.16761199,0.723426,-0.057876706,-0.98301256,0.17417392
1356681493465,0.7231443,0.08138585,0.6858853,-0.68887615,0.15704267,0.7076632,-0.05011946,-0.98423266,0.16962928
1356681493524,0.704751,0.0859575,0.70422816,-0.7083355,0.14098644,0.6916528,-0.039833903,-0.9862728,0.16024709
1356681493543,0.68647295,0.08793861,0.7218183,-0.72657526,0.122595534,0.6760613,-0.02903983,-0.98855305,0.14805253
1356681493578,0.6685,0.086844265,0.73862433,-0.7433892,0.10729326,0.6601975,-0.021915048,-0.9904274,0.13628465
1356681493615,0.6508344,0.081540674,0.75482833,-0.7588874,0.09928174,0.64360934,-0.022460312,-0.99171275,0.12649618
1356681493647,0.6352442,0.07361224,0.76879525,-0.771772,0.0977,0.6283492,-0.028857142,-0.9924898,0.118875206
1356681493689,0.6182701,0.059667617,0.78369755,-0.7845813,0.10601069,0.6108961,-0.046629608,-0.99257326,0.11235733
1356681493733,0.60450995,0.042185277,0.79547983,-0.7935474,0.11919381,0.59672046,-0.06964344,-0.99197435,0.105529875
1356681493854,0.5940223,0.02194345,0.80414927,-0.7989513,0.13275634,0.58656,-0.093884826,-0.9909059,0.09639193
1356681493855,0.5885527,2.9432774E-4,0.8084588,-0.8002833,0.14206667,0.58254933,-0.1146836,-0.9898571,0.083849266
1356681493856,0.5878201,-0.02222249,0.80868644,-0.79865146,0.14337252,0.58446574,-0.12893176,-0.98941934,0.0665292
1356681493885,0.59240144,-0.044742256,0.8043996,-0.7942878,0.13460918,0.5924418,-0.13478675,-0.9898881,0.044204444
1356681493919,0.6018741,-0.065785706,0.7958768,-0.78726935,0.11834082,0.6051467,-0.13399476,-0.9907915,0.019435182
1356681493962,0.61266196,-0.0858241,0.78567135,-0.7811607,0.08535263,0.61846817,-0.120138556,-0.9926475,-0.014750093
1356681494001,0.6279895,-0.104382575,0.7711896,-0.7729348,0.031655565,0.63369524,-0.090559155,-0.9940332,-0.06080155
1356681494043,0.648051,-0.11904141,0.752236,-0.7602527,-0.04245679,0.64823854,-0.045229733,-0.99198115,-0.11801572
1356681494083,0.6715661,-0.12678126,0.7300174,-0.74078476,-0.13535519,0.65796435,0.015394062,-0.9826523,-0.1848176
1356681494125,0.6978164,-0.1245358,0.7053674,-0.7113098,-0.23625536,0.6619832,0.08420622,-0.96367747,-0.2534464
1356681494299,0.7251427,-0.11220428,0.67939544,-0.6735308,-0.32084307,0.66589487,0.14326307,-0.9404626,-0.30823004
1356681494300,0.7503499,-0.09341678,0.65440685,-0.6361996,-0.3708896,0.67652863,0.17951357,-0.9239666,-0.33772868
1356681494301,0.77436507,-0.07279593,0.6285376,-0.6020043,-0.3905962,0.6964377,0.19480656,-0.9176793,-0.34628755
1356681494303,0.79411095,-0.05467531,0.60530853,-0.57835567,-0.37407833,0.72496206,0.18679526,-0.92578393,-0.32868147
1356681494315,0.8113499,-0.03928089,0.58323956,-0.56185246,-0.32779437,0.75952137,0.16134796,-0.9439322,-0.288026
1356681494356,0.8261609,-0.026964754,0.5627886,-0.5495305,-0.25909156,0.79428446,0.124396116,-0.9654763,-0.22886926
1356681494404,0.8382891,-0.017430544,0.5449473,-0.5391827,-0.17490268,0.823827,0.08095305,-0.9844314,-0.15601724
1356681494443,0.84739393,-0.009803474,0.5308742,-0.52954096,-0.088773094,0.84362644,0.03885688,-0.99600357,-0.08041713
1356681494481,0.8533783,-0.0016830862,0.5212894,-0.5212834,-0.008540541,0.8533409,0.0030158162,-0.99996215,-0.008165695
1356681494523,0.85603976,0.008154184,0.51684564,-0.51640594,0.057634003,0.8544023,-0.022820935,-0.9983045,0.05354786
1356681494562,0.8558111,0.020777762,0.516871,-0.51595116,0.106087446,0.85002345,-0.03717199,-0.99413973,0.10151111
1356681494602,0.85257137,0.03495021,0.5214409,-0.52093416,0.1366956,0.8425805,-0.0418303,-0.9899964,0.1347495
1356681494642,0.84719664,0.049308956,0.5289863,-0.5298592,0.15117562,0.83450294,-0.03882134,-0.9872763,0.15420228
1356681494683,0.84000254,0.06251857,0.5389687,-0.54174054,0.15195587,0.82669616,-0.030215591,-0.986408,0.16151217
1356681494722,0.8313425,0.07366794,0.5508563,-0.5554279,0.1444112,0.8189293,-0.019220948,-0.9867717,0.16097242
1356681494764,0.8226307,0.08247438,0.5625626,-0.56853807,0.13073811,0.812202,-0.006562501,-0.9879806,0.154439
1356681494802,0.81441253,0.088675156,0.57347095,-0.58026797,0.11658066,0.80603856,0.004619926,-0.9892147,0.1464001
1356681494843,0.8071498,0.09061554,0.58335066,-0.5902481,0.10582303,0.8002553,0.010783613,-0.9902476,0.1389007
1356681494882,0.80047226,0.08610213,0.5931531,-0.59931743,0.10190276,0.79399896,0.00792107,-0.9910611,0.13317284
1356681494926,0.7934591,0.073844105,0.6041273,-0.60859525,0.10585616,0.78638816,-0.005880475,-0.9916358,0.1289337
1356681494974,0.78563976,0.054693103,0.61626196,-0.6180103,0.11585772,0.7775862,-0.028870106,-0.9917588,0.12482333
1356681495067,0.7775089,0.031358212,0.62808955,-0.62637687,0.12749588,0.7690233,-0.055963606,-0.99134326,0.11877126
1356681495068,0.769847,0.0063279867,0.6381972,-0.63296354,0.13574564,0.76218784,-0.08180937,-0.9907235,0.108508766
1356681495069,0.765165,-0.01630944,0.64362764,-0.6357236,0.13903871,0.7592916,-0.10187277,-0.99015266,0.09601925
1356681495105,0.76131463,-0.03745103,0.64730006,-0.6384235,0.1310058,0.75845426,-0.113204956,-0.99067396,0.07582702
1356681495139,0.76210535,-0.055864513,0.64503837,-0.6366359,0.1166931,0.7622843,-0.117856145,-0.9915955,0.053367093
1356681495179,0.7653346,-0.071000814,0.63970447,-0.6340113,0.088044055,0.7682954,-0.11087179,-0.99358296,0.022367835
1356681495209,0.7730949,-0.083218575,0.62880754,-0.62683594,0.051302224,0.77746046,-0.09695837,-0.99520993,-0.012502894
1356681495254,0.7831315,-0.09104872,0.6151546,-0.61820966,-0.0070189834,0.78598183,-0.06724489,-0.99582165,-0.061783984
1356681495295,0.79760045,-0.09387982,0.5958356,-0.60267967,-0.08356291,0.7935959,-0.02471286,-0.99207044,-0.12322927
1356681495337,0.8144773,-0.09036347,0.5731154,-0.579378,-0.17909232,0.79513973,0.030788958,-0.9796737,-0.19822124
1356681495376,0.8331162,-0.07980648,0.5473101,-0.5461186,-0.27539745,0.79114515,0.08758929,-0.95801204,-0.27302188
1356681495520,0.8505605,-0.063950434,0.5219744,-0.50751466,-0.35982695,0.78291345,0.13775276,-0.9308249,-0.33851036
1356681495520,0.86600214,-0.046641454,0.49786028,-0.4699664,-0.41599727,0.77851,0.17079768,-0.9081689,-0.38217443
1356681495559,0.87744796,-0.03388031,0.47847378,-0.44305617,-0.4394887,0.7813776,0.18381052,-0.89760894,-0.40063936
1356681495560,0.8858466,-0.026463166,0.46322298,-0.42824054,-0.43086535,0.79433316,0.17856611,-0.90202814,-0.3930132
1356681495567,0.89249223,-0.020940065,0.45057642,-0.42079294,-0.39841974,0.8149816,0.1624528,-0.91696405,-0.36439794
1356681495605,0.8976731,-0.015587613,0.4403863,-0.41785622,-0.34744692,0.83945036,0.13992585,-0.9375701,-0.31840712
1356681495649,0.90117705,-0.01068683,0.43331942,-0.4184935,-0.2818066,0.8633934,0.112885326,-0.95941174,-0.25843
1356681495693,0.9027272,-0.0065302253,0.43016392,-0.422097,-0.20675153,0.8826596,0.08317305,-0.9783717,-0.18939662
1356681495733,0.90244323,-0.0019625872,0.43080428,-0.4274451,-0.12879512,0.89481986,0.053729326,-0.9916693,-0.117069185
1356681495772,0.900623,0.00433971,0.4345795,-0.43368495,-0.05592096,0.8993277,0.028204918,-0.9984258,-0.04848164
1356681495812,0.8977941,0.013141423,0.4402194,-0.44032717,0.0067659356,0.897812,0.008820012,-0.9998908,0.011860941
1356681495853,0.8938906,0.023793131,0.44765326,-0.44826913,0.055880193,0.89215034,-0.0037879348,-0.998154,0.060616497
1356681495893,0.88935876,0.035816863,0.4558049,-0.4571103,0.090473175,0.88479644,-0.009547472,-0.9952546,0.096835375
1356681495932,0.8839136,0.0480296,0.46517733,-0.4675449,0.11187667,0.8768611,-0.009927243,-0.99256074,0.12134528
1356681495974,0.87853557,0.059880465,0.47390884,-0.4776514,0.12038112,0.87026286,-0.004937902,-0.99092007,0.13436109
1356681496012,0.8728627,0.070264354,0.48288047,-0.48795742,0.1198869,0.8645951,0.0028591752,-0.990298,0.13893083
1356681496050,0.8672046,0.07800782,0.49180377,-0.49781787,0.11289817,0.85990196,0.011555314,-0.9905396,0.13673949
1356681496092,0.8602928,0.08109833,0.50330853,-0.50952345,0.10424242,0.8541191,0.016801521,-0.99123996,0.13100049
1356681496131,0.8494906,0.07683827,0.5219786,-0.5274285,0.09817487,0.8439081,0.013599247,-0.99219835,0.12392533
1356681496174,0.83228064,0.06436902,0.5506048,-0.5543546,0.09685388,0.8266258,-1.19149685E-4,-0.99321496,0.116292864
1356681496213,0.80805326,0.045766085,0.58732903,-0.5886959,0.10008332,0.80213505,-0.022071302,-0.993926,0.107814945
1356681496367,0.7771388,0.023410589,0.6288936,-0.62742627,0.106473595,0.7713622,-0.04890251,-0.9940399,0.09743319
1356681496369,0.7447233,0.0016688108,0.6673713,-0.6632542,0.112784,0.73984706,-0.074034154,-0.99361813,0.08509971
1356681496371,0.7125437,-0.018843383,0.70137465,-0.69527555,0.11524519,0.7094438,-0.094198406,-0.99315834,0.069015875
1356681496372,0.68441534,-0.03723982,0.7281407,-0.72123444,0.111649424,0.6836339,-0.10675493,-0.9930496,0.049555928
1356681496405,0.66149735,-0.05421737,0.7479851,-0.7419225,0.098207355,0.6632544,-0.10941756,-0.993688,0.024738804
1356681496470,0.6451942,-0.07042828,0.7607657,-0.7573123,0.07269044,0.64899486,-0.10100803,-0.9948649,-0.006436765
1356681496493,0.6351621,-0.08664659,0.7675034,-0.7682811,0.03134711,0.63934463,-0.07945603,-0.99574584,-0.046658456
1356681496527,0.63079923,-0.10346714,0.76901686,-0.774691,-0.027628556,0.63173616,-0.044117153,-0.9942491,-0.097583145
1356681496556,0.63205105,-0.1198369,0.76560473,-0.774925,-0.09563641,0.62477595,-0.0016515553,-0.9881765,-0.15331171
1356681496600,0.6336496,-0.13681847,0.7614256,-0.7717795,-0.17965397,0.6099844,0.053335994,-0.974169,-0.21943136
1356681496643,0.6407633,-0.1511915,0.75270414,-0.7592968,-0.26978874,0.5921844,0.11353785,-0.9509759,-0.2876699
1356681496822,0.6549253,-0.1580129,0.738989,-0.73698556,-0.3497963,0.5783552,0.16710797,-0.92340374,-0.34554368
1356681496823,0.6766564,-0.15326649,0.7201705,-0.70835924,-0.4023893,0.5799225,0.20090625,-0.90254766,-0.38084704
1356681496823,0.70225483,-0.13835052,0.69835323,-0.68036425,-0.41925544,0.60110676,0.20962499,-0.8972647,-0.3885529
1356681496824,0.726099,-0.12024149,0.6769949,-0.6566038,-0.41349512,0.63078773,0.20408723,-0.90253186,-0.37918943
1356681496825,0.7469283,-0.10096294,0.6571945,-0.6379707,-0.3872924,0.665581,0.18732737,-0.9164121,-0.35369104
1356681496855,0.7671879,-0.077429116,0.6367319,-0.62279725,-0.32740355,0.7105847,0.15344834,-0.94170684,-0.29940268
1356681496900,0.7829161,-0.05640626,0.6195649,-0.6124579,-0.24478024,0.7516501,0.10925946,-0.9679364,-0.22618887
1356681496943,0.79293936,-0.040511668,0.60795224,-0.60620004,-0.15298328,0.7804599,0.06138882,-0.987398,-0.14586464
1356681496983,0.7980109,-0.02831158,0.6019777,-0.6024684,-0.06152924,0.7957676,0.014509767,-0.99770373,-0.06615784
1356681497022,0.798805,-0.01761958,0.60133195,-0.6010164,0.020267077,0.79897964,-0.026264876,-0.9996393,0.005599797
1356681497062,0.7963285,-0.0065483153,0.60482895,-0.6021372,0.086265504,0.79371846,-0.057373405,-0.9962506,0.06475269
1356681497102,0.7922481,0.006544888,0.610164,-0.6053409,0.1343585,0.7845446,-0.076845944,-0.9909111,0.110407144
1356681497143,0.786697,0.022263974,0.61693776,-0.6115767,0.16433483,0.7739303,-0.08415359,-0.98615336,0.14289784
1356681497182,0.78014106,0.03989941,0.62433004,-0.62036455,0.17822254,0.7637962,-0.08079469,-0.983181,0.16379088
1356681497224,0.7738325,0.058761626,0.6306586,-0.6298562,0.17642513,0.7564094,-0.06681615,-0.9825585,0.1735349
1356681497262,0.766017,0.07687998,0.63820636,-0.64110714,0.16380468,0.7497663,-0.04689914,-0.98349243,0.1747655
1356681497304,0.7577754,0.09284654,0.64587617,-0.6521268,0.14191946,0.74470764,-0.022518873,-0.9855142,0.16809079
1356681497342,0.74698716,0.104979455,0.65649796,-0.6648379,0.11925618,0.73740673,-8.789003E-4,-0.987298,0.15887713
1356681497380,0.73164964,0.1110979,0.6725668,-0.6815649,0.10102238,0.7247509,0.012573957,-0.98866165,0.14963341
1356681497423,0.7067293,0.10927701,0.6989937,-0.70736957,0.09137133,0.7009133,0.0127258,-0.98980284,0.14187405
1356681497463,0.668463,0.099428475,0.73706937,-0.7437445,0.090900555,0.66225463,-0.0011530817,-0.990884,0.13471304
1356681497603,0.6178173,0.08358604,0.78186643,-0.78591347,0.09767553,0.6105731,-0.025333852,-0.991702,0.12603703
1356681497604,0.5582852,0.0630717,0.8272482,-0.82784045,0.1081541,0.5504389,-0.054753184,-0.99213135,0.11259413
1356681497605,0.51299286,0.043420345,0.85729396,-0.8547826,0.11734153,0.5055469,-0.07864517,-0.99214196,0.097310334
1356681497615,0.47382367,0.022666752,0.880328,-0.87551993,0.11955522,0.46815747,-0.0946362,-0.9925688,0.07649326
1356681497661,0.4474405,-6.0909986E-4,0.89431345,-0.8886343,0.112216964,0.4446756,-0.10062799,-0.9936836,0.049669147
1356681497702,0.43536866,-0.026205063,0.89987075,-0.89512545,0.09392451,0.43580794,-0.09594026,-0.9952344,0.017434955
1356681497744,0.43046367,-0.0550929,0.9009249,-0.8993114,0.05904998,0.43330368,-0.07707152,-0.99673355,-0.024126798
1356681497782,0.4350047,-0.086761266,0.8962384,-0.8992193,0.00970073,0.43739057,-0.04664266,-0.99618185,-0.073797494
1356681497821,0.43751323,-0.12322605,0.8907286,-0.8992082,-0.057109877,0.43377754,-0.0025832355,-0.99073386,-0.13579217
1356681497863,0.44059032,-0.16443503,0.88251984,-0.89629924,-0.13563728,0.42219707,0.050278574,-0.97701776,-0.20714346
1356681497914,0.45091027,-0.2027137,0.8692452,-0.8870127,-0.21026798,0.4110911,0.099440575,-0.9563967,-0.27462164
1356681498039,0.46685344,-0.23251662,0.85321975,-0.8738344,-0.26952928,0.4046818,0.13587242,-0.93449986,-0.3290117
1356681498042,0.49637747,-0.24425206,0.83303684,-0.85474825,-0.30520815,0.41982543,0.1517064,-0.92042863,-0.36027247
1356681498043,0.5358963,-0.2389763,0.8097564,-0.8300825,-0.32430804,0.4536379,0.15420184,-0.9152675,-0.37216553
1356681498044,0.5842549,-0.21207511,0.7833712,-0.7996434,-0.31530547,0.51103127,0.13862422,-0.92499006,-0.35380322
1356681498075,0.6321596,-0.17476317,0.7548722,-0.76642394,-0.2842186,0.57603306,0.11387941,-0.942697,-0.3136142
1356681498109,0.6702305,-0.14021447,0.72878736,-0.73688066,-0.24257062,0.63100433,0.08830649,-0.9599476,-0.26589957
1356681498152,0.704684,-0.101925164,0.70216215,-0.70702505,-0.18381299,0.6828823,0.05946362,-0.97766256,-0.20159374
1356681498192,0.73190624,-0.06504202,0.678294,-0.68070364,-0.11495291,0.7234834,0.030915082,-0.99123925,-0.12840907
1356681498232,0.7514657,-0.032255948,0.65898323,-0.65973896,-0.0467614,0.75003856,0.006621778,-0.99838513,-0.056420088
1356681498271,0.7649951,-0.0028133392,0.64403,-0.64394087,0.013858408,0.7649497,-0.011077255,-0.9999,0.008789994
1356681498313,0.7722717,0.02289784,0.63487965,-0.63492763,0.06168226,0.77010524,-0.021527052,-0.99783313,0.06217394
1356681498355,0.7744074,0.04521987,0.6310692,-0.632185,0.09504256,0.76896626,-0.02520588,-0.9944456,0.102188975
1356681498392,0.7709312,0.06380743,0.63371426,-0.6364608,0.11489006,0.76270443,-0.024141252,-0.99132687,0.12918326
1356681498432,0.7627412,0.078576565,0.64191246,-0.64641386,0.12235533,0.7531123,-0.019364417,-0.98937094,0.14411843
1356681498476,0.75054604,0.09020591,0.65463233,-0.6607219,0.11934751,0.74108213,-0.011278719,-0.9887462,0.14917684
1356681498512,0.73621774,0.09942466,0.66940135,-0.67674434,0.10919228,0.72807574,-7.048249E-4,-0.98903584,0.14767435
1356681498553,0.72095114,0.10584861,0.6848544,-0.6929044,0.094956115,0.7147494,0.0106241405,-0.98983806,0.14180171
1356681498592,0.7037684,0.10812515,0.70215315,-0.7102243,0.08332382,0.69902694,0.017076313,-0.9906392,0.1354338
1356681498632,0.6811822,0.10369027,0.7247338,-0.7320012,0.07909155,0.676697,0.0128465295,-0.99145997,0.12977715
1356681498672,0.65152216,0.09214249,0.75301296,-0.7586198,0.08417478,0.6460732,-0.0038538575,-0.99218154,0.12474288
1356681498714,0.61640227,0.07520026,0.7838324,-0.7868369,0.09749663,0.6094113,-0.030593157,-0.9923907,0.11926746
1356681498846,0.5811684,0.055287153,0.811903,-0.81142616,0.115250364,0.572979,-0.06189373,-0.9917966,0.111841336
1356681498849,0.5556761,0.035937965,0.8306217,-0.82653606,0.13177656,0.54724133,-0.08978972,-0.99062777,0.10292913
1356681498850,0.5324074,0.01494509,0.8463564,-0.8388257,0.14354162,0.5251356,-0.113639206,-0.98953146,0.08895892
1356681498854,0.5224564,-0.006425321,0.8526418,-0.8425575,0.14962979,0.51740485,-0.13090512,-0.9887212,0.07276136
1356681498885,0.51715934,-0.028787196,0.8554049,-0.84462154,0.14447252,0.5155019,-0.13842237,-0.98909,0.050401032
1356681498930,0.52087116,-0.053200006,0.8519759,-0.84307945,0.124411,0.52320075,-0.1338295,-0.9908036,0.01995024
1356681498972,0.5330988,-0.07864767,0.8423896,-0.8379681,0.0882356,0.53853863,-0.11668357,-0.99298996,-0.018865943
1356681499012,0.54876584,-0.10435733,0.8294369,-0.8318459,0.030339226,0.5541768,-0.082996875,-0.99407697,-0.07016006
1356681499051,0.56901217,-0.12839645,0.8122435,-0.82160896,-0.047437623,0.5680742,-0.034407854,-0.9905877,-0.13248426
1356681499092,0.5913972,-0.1488095,0.7925308,-0.8059416,-0.1414957,0.5748366,0.026598573,-0.97869027,-0.20361191
1356681499268,0.6172412,-0.16224504,0.76986355,-0.7814608,-0.23995127,0.5759708,0.091281354,-0.9571311,-0.27489597
1356681499269,0.64975387,-0.16243121,0.7425873,-0.7470094,-0.3172661,0.5842253,0.14070138,-0.93432236,-0.32748252
1356681499275,0.6823714,-0.15041953,0.7153623,-0.7114341,-0.3615821,0.6025943,0.16802028,-0.92012626,-0.35374683
1356681499278,0.7127439,-0.13175625,0.6889387,-0.67795914,-0.3813302,0.6284574,0.17990994,-0.9150014,-0.3611161
1356681499279,0.7401969,-0.10627124,0.66393906,-0.6498972,-0.36633748,0.6659057,0.17245914,-0.92439353,-0.34022725
1356681499315,0.7641587,-0.07898128,0.6401745,-0.62704796,-0.3236599,0.70855856,0.15123597,-0.94287133,-0.2968526
1356681499378,0.7835456,-0.05376467,0.6190038,-0.6097566,-0.25796285,0.74943453,0.11938687,-0.9646577,-0.23490903
1356681499407,0.7974874,-0.033847153,0.60238546,-0.5974027,-0.18397316,0.7805536,0.08440322,-0.9823483,-0.16693667
1356681499435,0.80712336,-0.01701349,0.5901376,-0.58831304,-0.10680508,0.8015488,0.04939258,-0.99413437,-0.096214116
1356681499465,0.8121821,-0.003215611,0.5833951,-0.5830653,-0.03854084,0.8115105,0.01987508,-0.9992518,-0.033177078
1356681499509,0.8157668,0.011948317,0.5782575,-0.5783762,0.020920992,0.8155019,-0.002353847,-0.9997097,0.02397728
1356681499552,0.8154857,0.027763695,0.57811093,-0.57855296,0.066905715,0.8128961,-0.016109914,-0.9973729,0.07062342
1356681499593,0.8128935,0.04423225,0.5807303,-0.58202124,0.09823185,0.8072186,-0.021341175,-0.99418014,0.10559613
1356681499632,0.8080622,0.060382634,0.58599436,-0.58877265,0.11579606,0.79996127,-0.019552082,-0.99143595,0.12912205
1356681499661,0.80128574,0.074730694,0.5935961,-0.5980987,0.124599904,0.79167724,-0.014799446,-0.9893888,0.14453647
1356681499702,0.79441726,0.08685532,0.60113,-0.6073481,0.12243518,0.78494453,-0.00542289,-0.9886687,0.15001604
1356681499734,0.78651386,0.09664196,0.60996413,-0.6175516,0.114932775,0.7780877,0.005091071,-0.9886611,0.15007764
1356681499772,0.778638,0.10348588,0.61888087,-0.62727284,0.103441566,0.7718994,0.015862644,-0.98923737,0.14545742
1356681499814,0.77018267,0.1059542,0.6289613,-0.63742125,0.09284957,0.7649007,0.022645652,-0.9900266,0.13904858
1356681499853,0.7603359,0.10206416,0.641461,-0.64921033,0.08843516,0.75545025,0.020376682,-0.9908391,0.13350153
1356681499883,0.7499044,0.09284741,0.6549983,-0.66147226,0.0904329,0.74449736,0.009891272,-0.99156505,0.12923202
1356681499924,0.7360215,0.07634923,0.6726389,-0.6768583,0.10005969,0.72928107,-0.011623949,-0.9920478,0.12532371
1356681500060,0.71997,0.05338928,0.69194853,-0.69274116,0.11543389,0.7118881,-0.041867137,-0.99187934,0.12009388
1356681500061,0.7052767,0.027137846,0.7084125,-0.7050549,0.13121633,0.6969074,-0.07404274,-0.9909823,0.11167748
1356681500063,0.69506246,4.9093366E-4,0.7189492,-0.71172976,0.14183044,0.6879861,-0.101631105,-0.9898909,0.09893043
1356681500075,0.68989545,-0.025636703,0.72345495,-0.71371245,0.14305687,0.6856743,-0.121073574,-0.9893824,0.080397055
1356681500105,0.6919904,-0.049470365,0.7202097,-0.7095168,0.13743487,0.6911566,-0.13317367,-0.9892746,0.060003564
1356681500150,0.6965724,-0.071241945,0.71394074,-0.70498097,0.11701259,0.6995069,-0.13337427,-0.99057186,0.031283543
1356681500179,0.7079575,-0.09060639,0.70041895,-0.69480705,0.08848685,0.713732,-0.12664658,-0.9919479,-3.0903518E-4
1356681500222,0.7212831,-0.106184065,0.6844528,-0.6846493,0.040372998,0.7277536,-0.10490921,-0.9935265,-0.04357849
1356681500254,0.7400769,-0.11685103,0.66229296,-0.6685158,-0.02048891,0.7434156,-0.0732992,-0.99293804,-0.09328014
1356681500292,0.7609537,-0.1198802,0.63763475,-0.6482276,-0.09898162,0.7549858,-0.027393728,-0.9878417,-0.1530301
1356681500324,0.7843033,-0.11383155,0.6098448,-0.619848,-0.1843954,0.7627495,0.025627583,-0.9762381,-0.21518019
1356681500360,0.80788636,-0.096799046,0.5813343,-0.583231,-0.27296206,0.7650708,0.0846241,-0.9571425,-0.27697852
1356681500422,0.83082336,-0.07046293,0.5520575,-0.5392101,-0.3475014,0.7671345,0.13778624,-0.93502825,-0.3267066
1356681500542,0.85028225,-0.042794257,0.52458435,-0.49742702,-0.39106274,0.77436185,0.17200719,-0.9193686,-0.3538007
1356681500544,0.8650356,-0.021218583,0.5012616,-0.4669543,-0.39944386,0.78892225,0.18348607,-0.9165121,-0.35544127
1356681500549,0.87614566,-0.0062621087,0.48200577,-0.4466893,-0.38643563,0.8069301,0.18121111,-0.92229515,-0.34137112
1356681500550,0.88398427,0.0013356507,0.46751475,-0.4386916,-0.34333092,0.83046585,0.16162147,-0.9392136,-0.3029132
1356681500585,0.8893088,0.0030013174,0.45729738,-0.43882227,-0.2758337,0.85519046,0.12870474,-0.96120065,-0.24398428
1356681500619,0.8922195,0.0012912154,0.4516002,-0.44187176,-0.20396867,0.87358236,0.093240276,-0.9789766,-0.18141428
1356681500662,0.89317566,-0.0020215362,0.44970345,-0.4466226,-0.12092531,0.886513,0.052588403,-0.99265957,-0.10891041
1356681500701,0.89137983,-0.003881678,0.45324048,-0.4530664,-0.03663543,0.8907237,0.0131471455,-0.9993212,-0.034414742
1356681500743,0.8870186,-0.0015842468,0.46173084,-0.46134502,0.037974324,0.88640773,-0.018938214,-0.9992775,0.03295305
1356681500781,0.8806325,0.0061484277,0.47376,-0.47205612,0.09709525,0.8762052,-0.040612563,-0.99525607,0.088407636
1356681500822,0.87204814,0.018748865,0.48906088,-0.48671257,0.13818577,0.86256343,-0.0514092,-0.99022895,0.12962994
1356681500862,0.861719,0.03515163,0.5061667,-0.50473785,0.16117346,0.8480936,-0.05176875,-0.9862999,0.15662861
1356681500904,0.84966123,0.054063946,0.52455014,-0.5256264,0.16669789,0.83422333,-0.04233998,-0.98452467,0.17005417
1356681500942,0.835494,0.07304107,0.5446236,-0.5488468,0.15922159,0.8206191,-0.02677694,-0.98453724,0.17311704
1356681500983,0.82063836,0.09023121,0.5642792,-0.5714114,0.14073113,0.80850714,-0.006459087,-0.9859275,0.16704848
1356681501022,0.8044339,0.10318941,0.5850111,-0.59391224,0.11910629,0.7956645,0.012425631,-0.9875048,0.15709859
1356681501063,0.78696007,0.1084519,0.6073978,-0.6165484,0.10040085,0.78088903,0.023705691,-0.98901856,0.14587733
1356681501103,0.7676785,0.10510802,0.6321566,-0.64040136,0.08953577,0.76280373,0.02357611,-0.99042195,0.13604599
1356681501143,0.7458285,0.09169561,0.6597968,-0.6660662,0.08811222,0.74066997,0.00977999,-0.99188113,0.12679195
1356681501204,0.7216257,0.069330096,0.6888031,-0.6921127,0.09434897,0.71559644,-0.015375435,-0.9931221,0.1160689
1356681501284,0.70039344,0.04548046,0.7123065,-0.71256447,0.102219746,0.6941203,-0.041242868,-0.9937216,0.104001805
1356681501288,0.6843562,0.023773134,0.72876024,-0.7264336,0.10838899,0.67863554,-0.06285635,-0.9938243,0.091446266
1356681501289,0.67124045,0.0023421645,0.741236,-0.73704475,0.10834709,0.6671027,-0.078748286,-0.99411035,0.074453205
1356681501317,0.6660205,-0.017194986,0.7457352,-0.7406755,0.10324739,0.6638824,-0.088410676,-0.9945071,0.056028977
1356681501359,0.66533023,-0.035312265,0.7457136,-0.741187,0.088262185,0.665471,-0.08931762,-0.9954712,0.0325505
1356681501405,0.67103916,-0.052975953,0.73952687,-0.73721606,0.058416188,0.67312694,-0.078859836,-0.99688566,1.4483929E-4
1356681501442,0.6848176,-0.06920785,0.72542065,-0.7262874,0.016357794,0.6871965,-0.05942571,-0.9974681,-0.039062694
1356681501470,0.70261395,-0.08247754,0.7067751,-0.710788,-0.03475804,0.7025471,-0.033378243,-0.9959866,-0.08304554
1356681501510,0.7214762,-0.092382014,0.686249,-0.69239646,-0.107270606,0.71349853,0.0076999366,-0.98992854,-0.14135815
1356681501540,0.7454606,-0.095977485,0.6596036,-0.6644385,-0.18569985,0.7239041,0.05300978,-0.97790796,-0.20220305
1356681501572,0.76868826,-0.09315121,0.6328042,-0.63186365,-0.26422942,0.7286501,0.09933084,-0.9599508,-0.2619689
1356681501742,0.79086936,-0.084076256,0.6061821,-0.59534264,-0.33512235,0.73024654,0.14174882,-0.93841577,-0.31509218
1356681501743,0.8132001,-0.06949866,0.5778196,-0.55717885,-0.3797416,0.73847675,0.16809902,-0.9224783,-0.3475291
1356681501744,0.8329591,-0.053509012,0.55074126,-0.52499974,-0.39084417,0.756053,0.17479835,-0.91890025,-0.3536494
1356681501745,0.84935373,-0.038865924,0.5263912,-0.49970502,-0.38037437,0.7782097,0.16997987,-0.92401564,-0.3424939
1356681501757,0.8621055,-0.02633883,0.50604385,-0.48461723,-0.33463806,0.8081853,0.1480549,-0.9419785,-0.30125755
1356681501797,0.8717891,-0.017248303,0.48957765,-0.47592074,-0.26670456,0.8380741,0.116117194,-0.963624,-0.24071896
1356681501844,0.8784727,-0.011541128,0.47765306,-0.47156775,-0.18178853,0.8628885,0.07687315,-0.9832699,-0.16513869
1356681501882,0.8820653,-0.0079200715,0.47106063,-0.46967614,-0.09319547,0.87790596,0.036947623,-0.9956163,-0.08592436
1356681501922,0.88282835,-0.0038532019,0.46968007,-0.46969202,-0.0112888515,0.8827582,0.0019006878,-0.9999289,-0.011775937
1356681501962,0.8810234,0.00268735,0.47306505,-0.47244,0.056697335,0.87953734,-0.024457932,-0.9983878,0.051221285
1356681502002,0.87704265,0.012974083,0.4802373,-0.47871882,0.107467294,0.8713662,-0.040304616,-0.994124,0.100464344
1356681502042,0.8706219,0.026108101,0.4912594,-0.4897238,0.14094383,0.86041003,-0.046776295,-0.9896733,0.13549456
1356681502082,0.8627905,0.041189834,0.5038808,-0.5035701,0.15839446,0.8493106,-0.04482901,-0.9865164,0.1574032
1356681502123,0.8538447,0.057374492,0.5173562,-0.5193315,0.16124511,0.8392228,-0.035271168,-0.9852452,0.16747466
1356681502162,0.8440161,0.07304381,0.5313206,-0.5358991,0.1540071,0.83011687,-0.021192282,-0.9853661,0.16912857
1356681502222,0.83473516,0.08723676,0.54369754,-0.5506398,0.13871217,0.8231372,-0.0036096573,-0.98648304,0.16382396
1356681502247,0.8260435,0.09789844,0.55503875,-0.56347543,0.12222129,0.8170419,0.012149572,-0.9876628,0.15612346
1356681502279,0.8179742,0.10257104,0.5660366,-0.5748515,0.10890276,0.8109785,0.021539897,-0.98874646,0.14804274
1356681502315,0.80993426,0.09925552,0.5780612,-0.5861461,0.10175789,0.80378985,0.020958275,-0.9898453,0.14059544
1356681502442,0.8011736,0.087456375,0.5920069,-0.59835565,0.101273954,0.79480445,0.009555817,-0.9910071,0.13346803
1356681502443,0.7918264,0.06906259,0.6068289,-0.61066526,0.10570637,0.7848019,-0.009945214,-0.9919962,0.1258752
1356681502444,0.7830106,0.047527313,0.62018985,-0.62116957,0.1115106,0.77570206,-0.032290697,-0.992626,0.11683652
1356681502479,0.7759963,0.02595234,0.63020325,-0.6285676,0.11462543,0.76926184,-0.052273184,-0.99306977,0.10526171
1356681502523,0.77229404,0.006952971,0.6352272,-0.63186336,0.111751676,0.76698124,-0.0656549,-0.9937118,0.09069848
1356681502565,0.7724974,-0.0082060695,0.6349649,-0.6310892,0.10113432,0.76908934,-0.07052797,-0.99483895,0.072947234
1356681502603,0.7761703,-0.019653022,0.63021696,-0.6269942,0.08154596,0.77474415,-0.0666177,-0.9964758,0.050971225
1356681502643,0.7827947,-0.027717829,0.6216624,-0.62016654,0.04751718,0.78302974,-0.051243514,-0.99848574,0.020006537
1356681502682,0.79255366,-0.03304544,0.60890627,-0.6092831,-0.001719147,0.7929509,-0.025156647,-0.9994524,-0.021496557
1356681502723,0.80423033,-0.03573084,0.59324265,-0.5941634,-0.07108414,0.8011971,0.013542682,-0.99683017,-0.07839799
1356681502764,0.8178258,-0.035698354,0.57435757,-0.57218176,-0.15692061,0.8049745,0.061392248,-0.98696584,-0.14875966
1356681502801,0.8324801,-0.03279102,0.5530838,-0.54312944,-0.24556118,0.80293846,0.109486744,-0.9688263,-0.22223455
1356681502903,0.8473459,-0.02751179,0.5303283,-0.5107389,-0.3157163,0.7996681,0.14543296,-0.94845474,-0.28157225
1356681502903,0.86135143,-0.02134873,0.5075608,-0.48134035,-0.35376322,0.80197453,0.16243519,-0.9350914,-0.31499046
1356681502947,0.8740033,-0.0150188655,0.48568797,-0.45821595,-0.35814658,0.81349206,0.16172971,-0.93354464,-0.31990317
1356681502948,0.8849686,-0.008593082,0.46557146,-0.43974403,-0.3442673,0.82952106,0.1531529,-0.9388323,-0.3084445
1356681502985,0.89365244,-0.0023503453,0.44875365,-0.428685,-0.30021504,0.8521151,0.13271981,-0.9538687,-0.26929545
1356681503019,0.8999585,0.0020805448,0.43597063,-0.42197758,-0.24720392,0.8722529,0.109588414,-0.9689612,-0.22159532
1356681503062,0.90423274,0.0061881244,0.4269951,-0.41925457,-0.17719379,0.89040893,0.08117086,-0.98415655,-0.15763003
1356681503090,0.90547997,0.00941059,0.42428467,-0.4208445,-0.10903168,0.9005565,0.054735243,-0.9939937,-0.0947656
1356681503132,0.90536964,0.015332326,0.4243474,-0.42349815,-0.04013139,0.90500766,0.03090553,-0.9990768,-0.029840529
1356681503171,0.9024095,0.024318159,0.43019268,-0.43069187,0.021449625,0.9022441,0.012713432,-0.99947417,0.029829979
1356681503213,0.89697653,0.03625764,0.4405888,-0.44207603,0.07047528,0.89420474,0.0013711154,-0.9968544,0.0792433
1356681503252,0.8895376,0.050271615,0.45408773,-0.45685065,0.104885876,0.8833382,-0.0032205582,-0.9932128,0.11626655
1356681503292,0.88028306,0.064812645,0.4700011,-0.47444326,0.12506294,0.87135684,-0.0023047775,-0.9900296,0.14084071
1356681503332,0.8701636,0.07870935,0.48643613,-0.49275088,0.1321021,0.86008465,0.0034374446,-0.98810625,0.15373453
1356681503374,0.8596469,0.09093468,0.5027306,-0.5107287,0.12834588,0.850108,0.012780845,-0.9875517,0.15677509
1356681503416,0.8491576,0.10012196,0.51856244,-0.52767843,0.1198163,0.84095156,0.02206549,-0.9877347,0.15457511
1356681503453,0.8388842,0.10400893,0.5342803,-0.54363585,0.111261785,0.83191395,0.02708152,-0.98833334,0.14987874
1356681503495,0.82845896,0.10107383,0.5508537,-0.55952656,0.10687048,0.8218934,0.0242019,-0.9891222,0.1450913
1356681503535,0.8153819,0.08811377,0.5721786,-0.57885134,0.10848851,0.80818397,0.009137303,-0.99018496,0.13946432
1356681503664,0.802294,0.06975794,0.59283906,-0.5968143,0.11321694,0.79435176,-0.011707127,-0.9911185,0.13246578
1356681503665,0.7860352,0.044347644,0.616589,-0.6169806,0.11842769,0.7780166,-0.03851801,-0.9919719,0.12044997
1356681503666,0.7724179,0.016753376,0.6348936,-0.63199884,0.11917287,0.7657514,-0.06283313,-0.9927321,0.102639385
1356681503685,0.7660768,-0.0074172914,0.6427063,-0.6377144,0.11613938,0.7614671,-0.0802916,-0.9932053,0.084241554
1356681503725,0.76281095,-0.028473675,0.64599437,-0.64062935,0.102413006,0.7609899,-0.08782643,-0.99433434,0.059880674
1356681503775,0.76619613,-0.046613067,0.64091396,-0.6370343,0.0759666,0.7670831,-0.084444165,-0.99602026,0.028511181
1356681503814,0.77673644,-0.061071962,0.62685776,-0.6257982,0.03754004,0.77908105,-0.071112275,-0.99742717,-0.009059995
1356681503853,0.7928315,-0.07030153,0.60537255,-0.60772157,-0.016636312,0.79397595,-0.045746595,-0.99738705,-0.055913568
1356681503892,0.8149375,-0.07182431,0.575081,-0.57951725,-0.090623885,0.8099056,-0.006054789,-0.9932918,-0.11547622
1356681504071,0.84276557,-0.062262565,0.53466773,-0.5364274,-0.17950338,0.82463586,0.044630706,-0.98178506,-0.18467861
1356681504079,0.87276024,-0.03947331,0.48655054,-0.47801793,-0.27112275,0.8354588,0.09893659,-0.96173507,-0.25549412
1356681504080,0.9010902,-0.007489279,0.43356696,-0.4095624,-0.34317896,0.8452732,0.14246061,-0.93924016,-0.31230253
