1356682328679,-0.430704,0.38396585,0.81674004,0.61423206,-0.53832996,0.57699203,0.6612209,0.7501807,-0.003983259
1356682328838,0.7431132,-0.6480093,-0.16693345,-0.112295836,0.12516463,-0.98576033,0.65967596,0.75127745,0.020242736
1356682328880,0.7466292,-0.64548284,-0.1609248,-0.09607357,0.13474357,-0.98621196,0.6582665,0.75179523,0.03858964
1356682328918,0.7496939,-0.6429537,-0.15674695,-0.081282735,0.14560163,-0.98599863,0.65677404,0.751938,0.056895614
1356682328958,0.75257915,-0.6405899,-0.15254259,-0.06530428,0.1579051,-0.9852925,0.6552557,0.7514723,0.07700281
1356682329000,0.7550656,-0.63884115,-0.14750552,-0.047733635,0.17081702,-0.9841459,0.6539093,0.75013566,0.098483846
1356682329038,0.7569972,-0.6379014,-0.14155176,-0.029401869,0.18315968,-0.98264337,0.6527562,0.7480202,0.11989589
1356682329078,0.758526,-0.6374787,-0.13512659,-0.01158151,0.19414213,-0.980905,0.6515398,0.74560696,0.13987888
1356682329118,0.75990677,-0.6371346,-0.1288456,0.0048392415,0.20375368,-0.9790102,0.65001404,0.743333,0.15791704
1356682329159,0.7611599,-0.63677883,-0.123078555,0.019757062,0.21244842,-0.9769725,0.6482632,0.7412006,0.1742881
1356682329198,0.76200736,-0.6367549,-0.11784732,0.033648133,0.22067186,-0.97476757,0.6466935,0.7388147,0.1895792
1356682329238,0.7621061,-0.63751674,-0.11298972,0.04727918,0.22884613,-0.97231376,0.6457236,0.7356641,0.20454632
1356682329279,0.76123625,-0.6393777,-0.10823804,0.061504126,0.2373454,-0.96947634,0.6455514,0.7313435,0.22000028
1356682329318,0.7593392,-0.64245164,-0.10324636,0.07706186,0.24634355,-0.96611404,0.64611566,0.725652,0.23656684
1356682329358,0.7564126,-0.64677024,-0.09761256,0.09461436,0.25585294,-0.9620745,0.6472156,0.71848977,0.25472414
1356682329398,0.7523559,-0.6524544,-0.09090635,0.114833385,0.26577866,-0.9571703,0.6486709,0.7096936,0.2748837
1356682329438,0.7469723,-0.6596805,-0.08278951,0.13787434,0.2755134,-0.9513585,0.6504022,0.69922394,0.29675388
1356682329478,0.7399792,-0.6686174,-0.07335889,0.16350496,0.28459495,-0.9446015,0.65245456,0.6869909,0.3199166
1356682329518,0.7314627,-0.6789814,-0.062821746,0.19077426,0.2922263,-0.93712807,0.6546507,0.67348945,0.34328482
1356682329558,0.72204715,-0.68991625,-0.051609367,0.21814281,0.2978233,-0.9293628,0.6565529,0.6597855,0.3655427
1356682329598,0.7126123,-0.70041037,-0.040114015,0.24407366,0.30112034,-0.9218214,0.65773237,0.6471105,0.38553375
1356682329638,0.7039204,-0.70970285,-0.028600842,0.26741952,0.30211467,-0.9149938,0.6580144,0.6364344,0.40245304
1356682329678,0.69648904,-0.71736175,-0.017182052,0.2873723,0.3007915,-0.9093634,0.65751064,0.62842405,0.4156478
1356682329720,0.6906976,-0.7231189,-0.0059900284,0.30309296,0.29700446,-0.905496,0.6565603,0.62360835,0.42431253
1356682329757,0.6862316,-0.727365,0.005136788,0.31460336,0.29043007,-0.9037008,0.6558284,0.62176406,0.42813373
1356682329798,0.6833962,-0.72988415,0.015452832,0.32068157,0.28110668,-0.9045122,0.65584517,0.6230957,0.42616764
1356682329838,0.6821246,-0.7308081,0.025009692,0.32101196,0.26854697,-0.9082037,0.65700626,0.62753654,0.41778067
1356682329878,0.6824271,-0.7301843,0.033526838,0.31480643,0.25220233,-0.91503596,0.6596894,0.6349999,0.40197647
1356682329918,0.6843416,-0.7280328,0.040556073,0.30085158,0.23125677,-0.9252073,0.66420245,0.6453592,0.37728846
1356682329958,0.68781745,-0.72445595,0.045505166,0.27820075,0.20519061,-0.93835026,0.6704562,0.65807325,0.3426779
1356682330017,0.6926185,-0.7197277,0.047661066,0.24672,0.17429973,-0.9532832,0.677797,0.67202055,0.29829445
1356682330043,0.69827557,-0.7143325,0.046262622,0.20716882,0.13980398,-0.96826434,0.685195,0.6856996,0.24560913
1356682330078,0.70389384,-0.7091472,0.040543467,0.16159222,0.10429023,-0.9813316,0.6916802,0.6973047,0.1880019
1356682330116,0.7081465,-0.7054292,0.029969126,0.11291978,0.071251616,-0.9910461,0.6969775,0.7051898,0.13011351
1356682330145,0.7103659,-0.70368576,0.014377087,0.06584814,0.0461082,-0.9967638,0.7007456,0.7090138,0.07909007
1356682330186,0.7087602,-0.705444,-0.0027914941,0.021926612,0.02598451,-0.99942183,0.70510864,0.70828915,0.03388481
1356682330228,0.7036224,-0.71011454,-0.025552332,-0.01972127,0.016430512,-0.99967057,0.7103004,0.70389456,-0.0024435073
1356682330268,0.69552284,-0.7165685,-0.05270201,-0.05681795,0.018267468,-0.9982174,0.71625394,0.69727737,-0.02800849
1356682330308,0.68546486,-0.7233992,-0.0826529,-0.08772892,0.030633397,-0.9956733,0.7228012,0.6897501,-0.042464912
1356682330348,0.67469525,-0.7292017,-0.114242256,-0.11235821,0.05150655,-0.992332,0.72949433,0.68235767,-0.047180578
1356682330392,0.66436744,-0.73299265,-0.14607418,-0.13059527,0.07858774,-0.9883162,0.73590815,0.6756817,-0.043514237
1356682330428,0.6553323,-0.7340642,-0.17801481,-0.14633909,0.10782231,-0.98334086,0.7410293,0.6704656,-0.03676285
1356682330468,0.6483512,-0.7327811,-0.20657334,-0.15834266,0.1356104,-0.9780273,0.7446934,0.6668145,-0.028107315
1356682330508,0.6432044,-0.729761,-0.23181248,-0.16840324,0.16051048,-0.97256196,0.7469461,0.66459405,-0.019653082
1356682330548,0.6400846,-0.7252543,-0.25357035,-0.17785737,0.18120119,-0.9672295,0.7474346,0.66420805,-0.01300773
1356682330588,0.63982755,-0.71859837,-0.27246463,-0.18827698,0.19716096,-0.96212226,0.74509895,0.66689116,-0.009146512
1356682330628,0.6431284,-0.7089771,-0.28937396,-0.20113811,0.20822167,-0.9571766,0.73887026,0.6737916,-0.008689046
1356682330668,0.649732,-0.69643617,-0.30467206,-0.21684809,0.21433675,-0.95238477,0.72857755,0.68486243,-0.0117594
1356682330723,0.6589212,-0.6816188,-0.3181489,-0.23428847,0.21594131,-0.947881,0.71479493,0.69911754,-0.01740712
1356682330749,0.66985774,-0.66559243,-0.32905513,-0.2509333,0.21416101,-0.94401675,0.6988011,0.71492785,-0.023561865
1356682330790,0.6819046,-0.6494405,-0.3365013,-0.26425293,0.21024194,-0.94125915,0.6820385,0.73077047,-0.028251588
1356682330829,0.6946118,-0.6342075,-0.33955163,-0.27199715,0.20542982,-0.940115,0.66598195,0.74537206,-0.02980864
1356682330869,0.7078717,-0.62047964,-0.33752418,-0.27218133,0.20133314,-0.94094753,0.6517936,0.7579379,-0.026364952
1356682330899,0.7211517,-0.60926855,-0.32974553,-0.26485544,0.1973489,-0.94387764,0.6401499,0.7680139,-0.0190496
1356682330929,0.73386055,-0.59987617,-0.31874335,-0.25105268,0.19649637,-0.9478195,0.6312062,0.77558875,-0.006399587
1356682330959,0.7459828,-0.592388,-0.30427969,-0.22980501,0.19985914,-0.9524946,0.6250594,0.78046966,0.012957767
1356682330989,0.75728667,-0.5869954,-0.28627485,-0.20022933,0.20855123,-0.9572954,0.621631,0.7822677,0.040399358
1356682331029,0.7674367,-0.5838412,-0.26489717,-0.15592696,0.23079923,-0.9604263,0.62187445,0.7783709,0.08608721
1356682331070,0.77585167,-0.58483005,-0.23670228,-0.09529622,0.26224047,-0.9602856,0.62367684,0.76759607,0.14772762
1356682331099,0.78068906,-0.5906174,-0.20419528,-0.028466403,0.29280522,-0.95574826,0.62427104,0.75195485,0.21177708
1356682331140,0.7805461,-0.60073626,-0.17281108,0.04293576,0.32732487,-0.9439359,0.6236219,0.7293657,0.28128523
1356682331169,0.77617115,-0.6145316,-0.14110048,0.10988623,0.35219783,-0.9294524,0.6208731,0.70590913,0.34089434
1356682331210,0.7693158,-0.6289098,-0.112364054,0.16587597,0.36647952,-0.9155206,0.616959,0.68568593,0.3862595
1356682331239,0.76192224,-0.6420882,-0.08483705,0.20894451,0.36767066,-0.90617913,0.6130389,0.6727118,0.41429722
1356682331279,0.757092,-0.65057945,-0.05964914,0.23127857,0.3522902,-0.9068637,0.6110008,0.67278373,0.4171812
1356682331319,0.7539696,-0.65593624,-0.035742134,0.2352111,0.3203665,-0.91762793,0.613356,0.68345666,0.3958301
1356682331359,0.75126636,-0.6598605,-0.0135239065,0.22357014,0.27371228,-0.9354667,0.6209792,0.6997611,0.35315597
1356682331400,0.7489441,-0.6626035,0.0062725246,0.19857872,0.21540345,-0.95612127,0.6321782,0.71732694,0.29290408
1356682331429,0.7478041,-0.6635469,0.022238225,0.16948034,0.15840101,-0.97272074,0.6419233,0.7311735,0.23091108
1356682331459,0.74747777,-0.66341084,0.03410232,0.13708591,0.103818566,-0.9851036,0.649988,0.74101806,0.16854635
1356682331489,0.74741125,-0.6630929,0.04104075,0.102216065,0.05373487,-0.99330986,0.65645134,0.746606,0.10794076
1356682331529,0.746087,-0.6644186,0.043613613,0.06303081,0.005267963,-0.99799776,0.6628585,0.7473421,0.04580918
1356682331557,0.7441266,-0.666964,0.037876636,0.023071468,-0.03100653,-0.9992529,0.6676401,0.7444445,-0.007684946
1356682331598,0.73973036,-0.6721966,0.030833572,-0.01182124,-0.058796242,-0.9982,0.6727996,0.7380343,-0.05143957
1356682331638,0.73329306,-0.6796541,0.018754065,-0.04261011,-0.07346687,-0.9963871,0.6785763,0.72984457,-0.08283289
1356682331677,0.7255219,-0.68819237,0.0030497015,-0.06766048,-0.07573917,-0.99482954,0.684865,0.7215643,-0.10151385
1356682331724,0.7175087,-0.6963705,-0.015796423,-0.08699337,-0.06708742,-0.9939474,0.6910958,0.7145401,-0.108715415
1356682331759,0.7101634,-0.7030486,-0.037290066,-0.10142586,-0.04975128,-0.99359834,0.6966927,0.70939934,-0.106638834
1356682331801,0.7038333,-0.7079273,-0.05880207,-0.11043322,-0.02727139,-0.9935093,0.70172876,0.7057586,-0.0973732
1356682331839,0.6985413,-0.71168643,-0.07444781,-0.111561775,-0.0055482388,-0.993742,0.70681965,0.7024753,-0.083272696
1356682331879,0.6946025,-0.7154538,-0.07518804,-0.10064989,0.006838709,-0.99489844,0.71231806,0.69862664,-0.067260176
1356682331909,0.6929036,-0.71910703,-0.052628845,-0.074979395,7.330626E-4,-0.9971849,0.7171211,0.6948991,-0.053410277
1356682331949,0.69268316,-0.7211653,-0.010519087,-0.038015902,-0.021942362,-0.99903625,0.72023946,0.69241554,-0.042614877
1356682331979,0.69284046,-0.71755534,0.07131913,0.023827374,-0.07606882,-0.9968178,0.72069716,0.692335,-0.0356061
1356682332018,0.69516987,-0.7053082,0.13884974,0.07322267,-0.122674346,-0.98974216,0.7151065,0.6982058,-0.03363496
1356682332060,0.7044768,-0.69022536,0.16523156,0.09315461,-0.14087117,-0.98563564,0.70358706,0.70974946,-0.034942806
1356682332098,0.72579116,-0.6840817,0.07252231,0.027172357,-0.07683237,-0.9966737,0.6873783,0.7253475,-0.037176132
1356682332138,0.7238783,-0.66178054,-0.19505556,-0.17028569,0.102595925,-0.98003924,0.6685828,0.7426443,-0.03842479
1356682332178,0.6497506,-0.5796614,-0.49174875,-0.39505285,0.29518452,-0.8699422,0.64942855,0.7595122,-0.0372006
1356682332218,0.57387334,-0.4953053,-0.65218246,-0.5208818,0.39376366,-0.75738513,0.63194263,0.77435315,-0.03202501
1356682332258,0.53905326,-0.442386,-0.71674013,-0.5728358,0.43129253,-0.69702655,0.61747944,0.7863088,-0.020924896
1356682332298,0.5341003,-0.4096049,-0.73956794,-0.58834386,0.4481238,-0.67307985,0.60711485,0.7946124,-0.0016454756
1356682332338,0.5446189,-0.38387364,-0.7456751,-0.5841788,0.46431202,-0.6656948,0.6017686,0.7981575,0.02862227
1356682332378,0.5622365,-0.35732067,-0.7457963,-0.56706595,0.48984244,-0.6621862,0.6019355,0.7952209,0.072782874
1356682332421,0.5822962,-0.3251435,-0.74512607,-0.541145,0.5289782,-0.6537156,0.6067069,0.7838774,0.13207224
1356682332458,0.6016899,-0.2837345,-0.7466351,-0.5121772,0.58023494,-0.63324714,0.6128979,0.76342785,0.20379916
1356682332498,0.61847293,-0.23220398,-0.7507148,-0.48786056,0.6354655,-0.59847784,0.6160222,0.7363864,0.27973506
1356682332538,0.6326308,-0.17852159,-0.75359684,-0.4726479,0.68183804,-0.55830175,0.61349994,0.70938486,0.3469739
1356682332578,0.6464471,-0.14132924,-0.7497547,-0.4625103,0.7089525,-0.53241956,0.6067869,0.6909504,0.39293408
1356682332618,0.6621176,-0.13800882,-0.7365825,-0.44894463,0.7139524,-0.53732723,0.6000408,0.68645865,0.41076216
1356682332658,0.67827153,-0.17163561,-0.7144851,-0.42791104,0.6981969,-0.5739453,0.5973608,0.6950269,0.40012228
1356682332718,0.69094265,-0.23297572,-0.6843395,-0.40207553,0.66286576,-0.63162035,0.6007774,0.7115696,0.36432838
1356682332739,0.6966481,-0.3062436,-0.64876515,-0.379111,0.6105855,-0.695313,0.6090618,0.7303425,0.30926293
1356682332780,0.6948799,-0.3782729,-0.6115976,-0.36584443,0.5462402,-0.7535114,0.6191122,0.7473495,0.2411823
1356682332819,0.6871036,-0.43891174,-0.5790035,-0.36577868,0.47958982,-0.79762125,0.62776953,0.7598356,0.16898334
1356682332859,0.6757504,-0.48712805,-0.55323386,-0.37578967,0.41801053,-0.82707274,0.6341479,0.7667943,0.0994131
1356682332898,0.6621719,-0.5243894,-0.53529817,-0.39126775,0.36728737,-0.8438066,0.63909155,0.7681899,0.038030714
1356682332938,0.6470118,-0.5528524,-0.5251,-0.40775263,0.3310498,-0.85096645,0.64429307,0.76469624,-0.011233866
1356682332976,0.6305906,-0.57423854,-0.52211636,-0.42225787,0.31060648,-0.8515996,0.65119404,0.7574785,-0.04661122
1356682333018,0.6130829,-0.5892294,-0.526249,-0.4336893,0.30575743,-0.8476001,0.6603355,0.7478777,-0.068087846
1356682333058,0.59417987,-0.59697175,-0.5390501,-0.44383383,0.315571,-0.83870524,0.670792,0.7375905,-0.077450335
1356682333098,0.57351416,-0.59626365,-0.56173956,-0.45479098,0.33859077,-0.8237242,0.68135655,0.7278915,-0.07698873
1356682333138,0.5498965,-0.5856396,-0.59551674,-0.4691006,0.37336665,-0.8003387,0.6910561,0.71946067,-0.06941086
1356682333178,0.52196836,-0.56412244,-0.6397772,-0.48790047,0.41777557,-0.76643115,0.6996443,0.71220046,-0.057169944
1356682333218,0.48842937,-0.5314388,-0.69210523,-0.51133776,0.46839046,-0.72051656,0.7070859,0.7058209,-0.042969048
1356682333258,0.4484243,-0.48779377,-0.74898124,-0.53986937,0.52002233,-0.6619047,0.71236,0.70116615,-0.030154228
1356682333298,0.4020064,-0.43403512,-0.8062285,-0.57419854,0.5663608,-0.59121203,0.713223,0.7006062,-0.021541655
1356682333338,0.35230386,-0.3749445,-0.85749555,-0.6123012,0.60059094,-0.5141768,0.7077918,0.70619196,-0.017988443
1356682333378,0.30782273,-0.32164615,-0.8954267,-0.64881206,0.6173972,-0.44481874,0.6959081,0.71788895,-0.018639028
1356682333418,0.27909964,-0.28543028,-0.9168604,-0.6792331,0.616242,-0.3986079,0.67878264,0.73401314,-0.021880746
1356682333458,0.27219775,-0.26977023,-0.9236517,-0.70198834,0.6008426,-0.38236183,0.6581191,0.7524708,-0.025827587
1356682333498,0.28662175,-0.27019304,-0.9191538,-0.7167607,0.5761181,-0.39286387,0.6356902,0.77141666,-0.028535783
1356682333538,0.3175854,-0.27885306,-0.9063004,-0.7232952,0.5468183,-0.4217034,0.61317503,0.78944963,-0.028031588
1356682333578,0.35877034,-0.28807104,-0.887862,-0.72157466,0.51780015,-0.45957905,0.59212655,0.80554205,-0.022093415
1356682333618,0.40474364,-0.29250818,-0.86638427,-0.71156806,0.4943253,-0.49931297,0.5743288,0.81858504,-0.008064449
1356682333658,0.45188117,-0.28961006,-0.84375906,-0.69277406,0.48196244,-0.5364478,0.5620209,0.8269451,0.017155409
1356682333721,0.4979503,-0.27875274,-0.8211835,-0.664247,0.4861677,-0.5678177,0.55751365,0.8282137,0.056926668
1356682333739,0.54172355,-0.26134408,-0.79889596,-0.62520105,0.5100021,-0.59078044,0.5618355,0.8195103,0.11288753
1356682333780,0.58192563,-0.23995216,-0.77703637,-0.5766115,0.5520447,-0.60230047,0.5734821,0.7985422,0.18288976
1356682333820,0.6179122,-0.2197988,-0.7548994,-0.5226881,0.60241175,-0.603239,0.58735144,0.7673256,0.2573513
1356682333859,0.64880526,-0.20708716,-0.73223406,-0.47080195,0.6467346,-0.60006654,0.59782714,0.7340635,0.32210776
1356682333900,0.67401624,-0.20813976,-0.7087877,-0.42662692,0.67362064,-0.6035104,0.6030685,0.70916367,0.36523324
1356682333938,0.6932405,-0.22764088,-0.6838108,-0.39089525,0.67836297,-0.622113,0.60549027,0.6985723,0.38128495
1356682333978,0.7059336,-0.26625293,-0.6563286,-0.36211097,0.66072035,-0.6575137,0.60871464,0.7018247,0.37001154
1356682334018,0.7117046,-0.3186227,-0.626064,-0.34060508,0.62293696,-0.7042284,0.6143816,0.7144432,0.33482257
1356682334058,0.7110917,-0.37569878,-0.59430546,-0.3290229,0.56919175,-0.7535016,0.62136334,0.7313488,0.28113404
1356682334098,0.7056515,-0.42936152,-0.56365293,-0.32900178,0.50599384,-0.79732555,0.6275458,0.74807686,0.2157946
1356682334138,0.69707245,-0.47536525,-0.5367662,-0.33896968,0.44119567,-0.83093077,0.6318145,0.7611664,0.14641094
1356682334178,0.68644965,-0.51286495,-0.5155157,-0.35522667,0.3820809,-0.85312843,0.6345084,0.7687546,0.08009601
1356682334218,0.6743731,-0.5418863,-0.5015778,-0.37405494,0.33496448,-0.8648015,0.6366349,0.77081645,0.023195773
1356682334258,0.6611515,-0.56351644,-0.49530578,-0.39233053,0.30304164,-0.86847144,0.6394962,0.7685148,-0.02072826
1356682334298,0.64678293,-0.5785589,-0.49693197,-0.4085468,0.28736985,-0.86631876,0.64401966,0.7633402,-0.05050245
1356682334338,0.63141525,-0.5876694,-0.50592446,-0.42222044,0.2866922,-0.85996366,0.6504189,0.75660574,-0.06710419
1356682334378,0.61532086,-0.59112173,-0.5214933,-0.4339288,0.29830092,-0.8501308,0.65809274,0.7493942,-0.07295397
1356682334418,0.5988676,-0.58895445,-0.5426696,-0.44473076,0.31895685,-0.8369475,0.6660121,0.7425626,-0.070913225
1356682334458,0.58240116,-0.58143747,-0.5681016,-0.45541024,0.34551594,-0.8205,0.67335755,0.7365794,-0.063563675
1356682334498,0.5662544,-0.5697096,-0.59563994,-0.4661339,0.37464574,-0.80147356,0.6797612,0.7314859,-0.053416163
1356682334538,0.550954,-0.5553368,-0.6229373,-0.47737107,0.4025469,-0.78107166,0.6845193,0.7277068,-0.0433169
1356682334578,0.5372053,-0.5386103,-0.6490836,-0.49117842,0.4258338,-0.75987464,0.685678,0.7270245,-0.035793602
1356682334618,0.5256947,-0.51858544,-0.674325,-0.51005244,0.44225082,-0.7377403,0.6808021,0.7317673,-0.032016873
1356682334658,0.5174107,-0.49602273,-0.69731456,-0.5336884,0.4499368,-0.71605414,0.66892666,0.7426428,-0.03191948
1356682334722,0.5140471,-0.4741939,-0.7147697,-0.5583214,0.44763106,-0.698501,0.651178,0.75813365,-0.034649163
1356682334740,0.51751953,-0.45628735,-0.72386146,-0.57881814,0.4363606,-0.68888247,0.630193,0.7754942,-0.038282245
1356682334779,0.52861696,-0.44263655,-0.7243184,-0.5918396,0.41949993,-0.6882919,0.60851467,0.792523,-0.040215045
1356682334819,0.5473407,-0.43262687,-0.71641624,-0.5951165,0.40067977,-0.6966291,0.588434,0.80764455,-0.03815508
1356682334859,0.5721543,-0.42405906,-0.70200664,-0.5885873,0.38377023,-0.71153736,0.5711431,0.8203013,-0.030019969
1356682334904,0.60213464,-0.41439083,-0.6824324,-0.5715838,0.37303597,-0.7308461,0.55742776,0.83013517,-0.0122412145
1356682334938,0.63763815,-0.407318,-0.65384215,-0.54178566,0.36625573,-0.7565216,0.5476183,0.8366294,0.012859583
1356682334978,0.67233473,-0.39765903,-0.62436634,-0.50271463,0.3738411,-0.7794363,0.54336363,0.8379201,0.051437378
1356682335018,0.70752114,-0.38906538,-0.58995074,-0.4491946,0.39687347,-0.8004471,0.5455621,0.831336,0.106030315
1356682335058,0.74058443,-0.38476184,-0.55090207,-0.38052544,0.4355802,-0.81576365,0.55383676,0.81377405,0.17617226
1356682335098,0.7684226,-0.38807076,-0.50884944,-0.3005262,0.4831819,-0.8223256,0.56498736,0.78481615,0.25466245
1356682335138,0.78877926,-0.40010604,-0.46662882,-0.21956357,0.52566314,-0.8218699,0.5741247,0.75072867,0.32678345
1356682335178,0.8013079,-0.41877663,-0.4272374,-0.1507764,0.5497235,-0.8216268,0.5789405,0.72279334,0.37735617
1356682335218,0.80717456,-0.4411115,-0.39228803,-0.1024528,0.5497745,-0.8290063,0.5813542,0.7093438,0.3985709
1356682335258,0.8076127,-0.4655968,-0.36191344,-0.0755232,0.52699673,-0.846505,0.5848572,0.7109811,0.3904459
1356682335298,0.80366653,-0.4913522,-0.335698,-0.06739147,0.48534447,-0.87172186,0.5912516,0.72319686,0.35694218
1356682335338,0.7967719,-0.5166305,-0.31344467,-0.07532829,0.4297443,-0.8998031,0.5995667,0.740549,0.3034913
1356682335378,0.7885136,-0.5394272,-0.29540575,-0.09620799,0.36621982,-0.9255416,0.6074457,0.7582225,0.2368721
1356682335418,0.7797564,-0.5588927,-0.28216812,-0.1262022,0.30112633,-0.9451962,0.61323154,0.772633,0.1642717
1356682335458,0.7707316,-0.5750215,-0.2744505,-0.16094598,0.24107248,-0.9570686,0.6164975,0.78181475,0.09325479
1356682335498,0.761338,-0.58819366,-0.27275026,-0.19644524,0.19163263,-0.9616061,0.61787844,0.78568774,0.030349374
1356682335538,0.7512707,-0.5989571,-0.2772051,-0.22954583,0.15666237,-0.96060693,0.61879,0.78530717,-0.019792274
1356682335578,0.74012923,-0.60801643,-0.28727123,-0.25822824,0.13746649,-0.9562537,0.62090814,0.7819329,-0.055264056
1356682335617,0.72772455,-0.6157602,-0.30208683,-0.28178072,0.13314119,-0.9501963,0.6253133,0.7766034,-0.07661924
1356682335659,0.71429133,-0.6220854,-0.32062066,-0.30045903,0.14117458,-0.943289,0.6320698,0.7701165,-0.0860714
1356682335720,0.70046556,-0.6265,-0.3418271,-0.31489396,0.15851283,-0.93579674,0.6404606,0.7631327,-0.08624828
1356682335740,0.6871428,-0.6283515,-0.36470425,-0.32576036,0.18222511,-0.92772526,0.6493958,0.75628597,-0.07947737
1356682335779,0.67523897,-0.6272775,-0.38804036,-0.3334456,0.20966142,-0.9191606,0.6579258,0.7500434,-0.06759134
1356682335820,0.6653925,-0.62339187,-0.41065246,-0.3391533,0.23760104,-0.9102312,0.66500217,0.7449351,-0.05332747
1356682335878,0.65837014,-0.61677355,-0.43143842,-0.34469044,0.26250577,-0.90126526,0.66913164,0.7420789,-0.039770007
1356682335898,0.6550879,-0.6069969,-0.44990504,-0.35227427,0.28140157,-0.89258945,0.668403,0.7432145,-0.029486656
1356682335938,0.6562137,-0.5936662,-0.46577263,-0.3632829,0.29246154,-0.8845857,0.6613692,0.7496844,-0.023751527
1356682335976,0.661596,-0.57773954,-0.47802475,-0.37672433,0.29510757,-0.8780606,0.64835906,0.7610049,-0.022406578
1356682336018,0.67085755,-0.56040514,-0.48569155,-0.39020428,0.29019403,-0.87380093,0.6306273,0.7757148,-0.023993611
1356682336058,0.68354684,-0.54334325,-0.48738253,-0.3999982,0.2796914,-0.8727968,0.6105449,0.7915497,-0.02615413
1356682336098,0.6992414,-0.5273713,-0.48263955,-0.40362287,0.2659913,-0.87540686,0.59004235,0.80692506,-0.026867002
1356682336138,0.7176749,-0.5131744,-0.47073847,-0.39875507,0.25135005,-0.8819396,0.57090896,0.8206553,-0.024243295
1356682336178,0.73846906,-0.5005315,-0.45180926,-0.38376763,0.23895246,-0.89197767,0.5544238,0.83208776,-0.015628815
1356682336218,0.76106477,-0.48924068,-0.42593908,-0.35680762,0.23263404,-0.90474844,0.54172766,0.8405504,0.0024847686
1356682336258,0.7844486,-0.4792055,-0.39370358,-0.3160529,0.23731318,-0.9185821,0.5336206,0.8450116,0.034705713
1356682336298,0.80738115,-0.4708897,-0.35552573,-0.26020163,0.25664085,-0.9308225,0.52955717,0.84403694,0.084680736
1356682336338,0.82826895,-0.46503735,-0.31258735,-0.19082423,0.2904142,-0.937681,0.5268365,0.83630127,0.15180068
1356682336378,0.8453074,-0.46296751,-0.26667666,-0.1144945,0.33056885,-0.9368112,0.52186817,0.82242644,0.22642507
1356682336418,0.8568941,-0.46602774,-0.2203423,-0.041537166,0.36362946,-0.9306171,0.51381636,0.8065926,0.29223445
1356682336458,0.86226153,-0.47487637,-0.176061,0.019292802,0.37817377,-0.9255336,0.50609565,0.79465526,0.33524638
1356682336498,0.86155224,-0.48919693,-0.1356988,0.06413427,0.3700366,-0.9268008,0.5036016,0.7897844,0.35018012
1356682336538,0.8556487,-0.5077661,-0.1001941,0.09268536,0.3407938,-0.9355581,0.50919026,0.79122245,0.33866227
1356682336578,0.84621525,-0.5282367,-0.0698985,0.105841175,0.29520255,-0.9495542,0.52222353,0.7961291,0.30571407
1356682336618,0.83540905,-0.5477714,-0.045146868,0.105039775,0.23974252,-0.9651374,0.53949827,0.80154234,0.25782084
1356682336658,0.8251224,-0.5643295,-0.02655524,0.09251252,0.18133625,-0.97905993,0.55732787,0.8053876,0.20183218
1356682336722,0.8163563,-0.5773574,-0.014860094,0.071222365,0.12617156,-0.9894484,0.57314026,0.80668414,0.14412168
1356682336739,0.8091573,-0.5874966,-0.010592192,0.044502556,0.079248,-0.99586105,0.58590436,0.80533683,0.09026921
1356682336780,0.80284816,-0.59602916,-0.0135680735,0.01529631,0.04334408,-0.9989431,0.5959873,0.80179214,0.04391575
1356682336819,0.79665804,-0.6039787,-0.0233621,-0.014187038,0.019955784,-0.9997002,0.60426384,0.79675055,0.007329263
1356682336860,0.79000175,-0.6118866,-0.03862676,-0.04207039,0.008752234,-0.99907637,0.6116595,0.79089713,-0.018828034
1356682336899,0.7826474,-0.6197701,-0.057863384,-0.0672586,0.008213796,-0.9977017,0.618821,0.7847404,-0.035256356
1356682336939,0.7746641,-0.62744176,-0.078817725,-0.08852062,0.015817665,-0.99594873,0.6261466,0.77850276,-0.043288156
1356682336979,0.76657593,-0.63440084,-0.099482924,-0.10501081,0.028991252,-0.9940485,0.6335093,0.77246046,-0.044394955
1356682337019,0.7592764,-0.64001644,-0.117806494,-0.11592409,0.045113027,-0.99223304,0.64036006,0.7670357,-0.039940074
1356682337059,0.75375843,-0.64373624,-0.13210544,-0.12143996,0.061115883,-0.9907155,0.64583325,0.7628031,-0.032108694
1356682337100,0.7511356,-0.644687,-0.14203534,-0.12363404,0.07397013,-0.9895671,0.6484674,0.76085943,-0.024143651
1356682337139,0.7524379,-0.64153945,-0.1492123,-0.1260719,0.082072906,-0.9886202,0.6464852,0.7626868,-0.019125342
1356682337179,0.75794375,-0.6330627,-0.15733054,-0.13268384,0.08652738,-0.98737425,0.6386832,0.7692494,-0.018414304
1356682337219,0.7666642,-0.6194565,-0.16881837,-0.14505222,0.08902818,-0.98541045,0.6254485,0.77996635,-0.021598816
1356682337259,0.7769232,-0.6016933,-0.18535224,-0.16331515,0.09172174,-0.98230094,0.60804474,0.79344326,-0.027004883
1356682337300,0.78715277,-0.5806531,-0.20792423,-0.18689921,0.09670177,-0.977608,0.5877577,0.8083878,-0.032404512
1356682337339,0.79610246,-0.5577517,-0.23480612,-0.21326132,0.104543716,-0.9713857,0.56633955,0.82339764,-0.035719365
1356682337380,0.803498,-0.5336991,-0.26373506,-0.23975067,0.11539948,-0.9639515,0.544895,0.83776385,-0.03523147
1356682337419,0.80986667,-0.509398,-0.29091159,-0.26224926,0.12920198,-0.95631176,0.52472967,0.8507764,-0.028952882
1356682337460,0.81620723,-0.48601925,-0.31239563,-0.27586538,0.14724904,-0.9498505,0.50764555,0.86145395,-0.013890132
1356682337499,0.8233645,-0.46532318,-0.32487726,-0.2759752,0.17191684,-0.945665,0.49589175,0.86828506,0.013132572
1356682337539,0.83135855,-0.4490949,-0.32734805,-0.25917816,0.20773506,-0.9432247,0.49159902,0.8689994,0.056306735
1356682337579,0.8393794,-0.43960267,-0.31967443,-0.22360958,0.25677663,-0.94024706,0.49542004,0.8607062,0.11723365
1356682337619,0.8457904,-0.43902642,-0.30314094,-0.17058887,0.31582612,-0.93335587,0.5055077,0.8411359,0.19222969
1356682337659,0.8489773,-0.44785774,-0.28046548,-0.10692768,0.37417656,-0.9211722,0.5174978,0.81204385,0.26977903
1356682337722,0.8484768,-0.4632642,-0.25587767,-0.04533246,0.4180925,-0.9072727,0.5272874,0.78139937,0.3337409
1356682337739,0.84549266,-0.48006177,-0.23384365,0.0010161698,0.4393658,-0.8983077,0.5339861,0.75927496,0.3719684
1356682337779,0.84142655,-0.49514857,-0.21640064,0.026137322,0.4372908,-0.89894027,0.539739,0.75073606,0.38088995
1356682337819,0.83652866,-0.5089912,-0.20284906,0.03149663,0.41427222,-0.90960795,0.5470171,0.75452405,0.3625821
1356682337859,0.83073485,-0.5223748,-0.19236472,0.02048701,0.37402016,-0.92719424,0.5562912,0.76631165,0.32141346
1356682337899,0.82457715,-0.53444755,-0.18557587,-0.0043452084,0.32202533,-0.9467211,0.56573284,0.78145087,0.26321244
1356682337938,0.8185519,-0.5443675,-0.1834035,-0.040114522,0.26432782,-0.9635983,0.57303023,0.79611236,0.194529
1356682337978,0.81257784,-0.55233157,-0.1861374,-0.081711695,0.20824966,-0.9746566,0.57709664,0.8071939,0.12408708
1356682338018,0.80610335,-0.55961233,-0.19243543,-0.12370813,0.1586448,-0.979555,0.57869995,0.8134284,0.058655515
1356682338058,0.798675,-0.56707126,-0.20136619,-0.16199102,0.11967072,-0.979509,0.579549,0.8149289,0.0037175715
1356682338097,0.79013395,-0.57511556,-0.21196792,-0.19402128,0.09336099,-0.9765446,0.58141553,0.81272733,-0.03781697
1356682338138,0.78060454,-0.5836609,-0.223599,-0.21891928,0.07976475,-0.9724772,0.58543223,0.8080702,-0.065509886
1356682338178,0.77046037,-0.59231496,-0.2356985,-0.23671916,0.07747167,-0.9684844,0.5919078,0.8019732,-0.08052343
1356682338218,0.76030344,-0.60028297,-0.2481914,-0.24839838,0.08436182,-0.9649773,0.6001973,0.79532593,-0.08496873
1356682338258,0.7508859,-0.6066222,-0.2611128,-0.25489742,0.09853661,-0.9619345,0.60925996,0.78886,-0.080636695
1356682338298,0.7427734,-0.6102802,-0.27540103,-0.25844872,0.11810893,-0.95877755,0.6176503,0.7833315,-0.06999798
1356682338338,0.73625916,-0.6102242,-0.29248738,-0.26252878,0.14079791,-0.9545965,0.62369955,0.7796167,-0.056537643
1356682338378,0.73107016,-0.6045155,-0.31638172,-0.27338344,0.1653198,-0.94759214,0.6251383,0.7792498,-0.04440415
1356682338418,0.7256594,-0.590134,-0.35377988,-0.2988607,0.1928001,-0.9346177,0.6197586,0.783945,-0.036460698
1356682338458,0.7171953,-0.5654474,-0.4073085,-0.342208,0.22338751,-0.91268384,0.60706234,0.79395676,-0.03328818
1356682338498,0.7041677,-0.5328764,-0.46924466,-0.39699396,0.2524438,-0.8824217,0.5886795,0.80766016,-0.03378591
1356682338538,0.68919003,-0.49799934,-0.526321,-0.4509478,0.27376682,-0.849528,0.56715363,0.82282954,-0.035894334
1356682338578,0.67733634,-0.46564445,-0.569553,-0.49448797,0.28505206,-0.82111317,0.5446991,0.8378069,-0.03717947
1356682338618,0.67256844,-0.43784833,-0.59660757,-0.5235581,0.2882348,-0.80175287,0.5230092,0.85159236,-0.035381377
1356682338658,0.6759273,-0.4140048,-0.60969037,-0.5382827,0.28771394,-0.7921316,0.5033627,0.86360914,-0.02837792
1356682338722,0.68615687,-0.39203393,-0.612779,-0.54046565,0.28909808,-0.7901387,0.4869144,0.87334514,-0.013514221
1356682338739,0.70136714,-0.3699192,-0.6092979,-0.5314857,0.29820156,-0.7928422,0.47498116,0.8799066,0.012542009
1356682338779,0.71945965,-0.3459767,-0.6022275,-0.5122257,0.321263,-0.7965017,0.46904442,0.88152725,0.053917587
1356682338819,0.73898894,-0.31997505,-0.5928838,-0.48256084,0.36270976,-0.7972306,0.47013864,0.8752471,0.11363107
1356682338878,0.75864315,-0.29337907,-0.58171237,-0.44314486,0.42214462,-0.7908328,0.47758055,0.8577427,0.19024771
1356682338898,0.7774383,-0.2707116,-0.56771904,-0.39744365,0.48813236,-0.7770234,0.48747128,0.829724,0.27190018
1356682338938,0.79412156,-0.25828648,-0.55014455,-0.3517372,0.5428812,-0.7626014,0.49563277,0.7991046,0.34026468
1356682338976,0.8075711,-0.26243,-0.52816606,-0.31127614,0.5709931,-0.75965387,0.5009352,0.77788,0.37942934
1356682339018,0.8163073,-0.28508407,-0.50236386,-0.2786752,0.56742597,-0.7748341,0.5059472,0.772499,0.3837481
1356682339058,0.8191013,-0.32113215,-0.47533908,-0.25628188,0.53647727,-0.80405957,0.513218,0.78042704,0.35712886
1356682339098,0.81600225,-0.36393484,-0.44910103,-0.2462327,0.48407042,-0.83966976,0.5229816,0.7957558,0.30538988
1356682339138,0.80809534,-0.4061003,-0.42669025,-0.2501448,0.4192284,-0.87274003,0.53330064,0.81199145,0.2371926
1356682339178,0.79687434,-0.44400465,-0.40969643,-0.26602954,0.35097304,-0.89780074,0.54242015,0.82442576,0.16156305
1356682339218,0.78336036,-0.47684675,-0.39870244,-0.28984034,0.2872039,-0.9129658,0.5498537,0.8307413,0.08677472
1356682339258,0.7681143,-0.50472426,-0.39402267,-0.31754395,0.23409733,-0.918893,0.5560273,0.8309343,0.019541353
1356682339298,0.75147295,-0.52763647,-0.3960911,-0.3461489,0.19578177,-0.91752404,0.56166655,0.82660097,-0.035516083
1356682339338,0.73363537,-0.54546195,-0.4052782,-0.3737651,0.17418236,-0.9110215,0.56751984,0.8198364,-0.07608831
1356682339378,0.7146881,-0.5579629,-0.42178,-0.39948198,0.16936913,-0.9009596,0.5741385,0.8123987,-0.10185
1356682339418,0.694663,-0.564452,-0.4459117,-0.4233446,0.18037415,-0.88783133,0.58156914,0.8055179,-0.11365849
1356682339458,0.673372,-0.5634016,-0.4786949,-0.44656673,0.20605901,-0.87069964,0.58919287,0.800074,-0.11284202
1356682339498,0.6500707,-0.55265474,-0.52151775,-0.47123256,0.24520797,-0.84723836,0.5961106,0.796521,-0.101026386
1356682339538,0.6232686,-0.53061163,-0.5744454,-0.49946773,0.29511765,-0.8145168,0.6017211,0.7945796,-0.08108586
1356682339578,0.59141517,-0.49750385,-0.63460064,-0.53239,0.3501664,-0.7706778,0.605631,0.7936456,-0.05777231
1356682339618,0.5539091,-0.4553997,-0.6969906,-0.5700652,0.4026882,-0.71614796,0.6068034,0.79401094,-0.036554813
1356682339658,0.5122116,-0.4082285,-0.755638,-0.6109777,0.4451443,-0.6546394,0.6036104,0.7969919,-0.021410435
1356682339724,0.4716288,-0.3632329,-0.8035099,-0.6506005,0.47173995,-0.5951307,0.5952187,0.8034446,-0.013833344
1356682339740,0.44126344,-0.3297177,-0.8346094,-0.6827577,0.4801975,-0.5506835,0.5823474,0.8128325,-0.013223708
1356682339779,0.42883214,-0.31275183,-0.8475195,-0.703924,0.47232428,-0.5304723,0.56621027,0.82407284,-0.017605722
1356682339819,0.436547,-0.31056607,-0.84437877,-0.71340764,0.45233348,-0.53520465,0.54815716,0.8360282,-0.024095356
1356682339859,0.46115816,-0.31717643,-0.8286931,-0.7120005,0.42506015,-0.5589088,0.5295171,0.84777534,-0.029809833
1356682339904,0.4961587,-0.3245601,-0.8052871,-0.7022807,0.3953466,-0.5920328,0.5105177,0.8592799,-0.03177762
1356682339938,0.54320556,-0.3341652,-0.7702347,-0.67936647,0.36411142,-0.6370904,0.4933447,0.8693426,-0.029233277
1356682339978,0.584491,-0.33290347,-0.7399632,-0.65594983,0.34292397,-0.6724083,0.4775982,0.8783954,-0.017931998
1356682340018,0.6260853,-0.32333985,-0.70955515,-0.6267282,0.332735,-0.70462704,0.46392784,0.88585484,0.0056743324
1356682340058,0.6667453,-0.3052352,-0.67991334,-0.59111947,0.33902907,-0.7318723,0.45390362,0.88988245,0.045615554
1356682340098,0.7059987,-0.28151956,-0.64985585,-0.5473236,0.36544344,-0.7529197,0.44944718,0.8872417,0.10392031
1356682340138,0.7431313,-0.2584496,-0.6172193,-0.4947335,0.40885723,-0.76686025,0.45054927,0.87523687,0.17597093
1356682340178,0.776631,-0.2436508,-0.580929,-0.43663478,0.456524,-0.7752004,0.4540862,0.8556985,0.24816428
1356682340218,0.8046937,-0.24328658,-0.5415531,-0.3792852,0.49109554,-0.78419894,0.45673937,0.836443,0.3029065
1356682340258,0.825567,-0.25913158,-0.50128824,-0.32845405,0.5016886,-0.80026644,0.45886493,0.82532376,0.32906473
1356682340298,0.83829945,-0.28888074,-0.4623872,-0.28750417,0.48636454,-0.8251005,0.46324438,0.8246195,0.3246647
1356682340338,0.84299105,-0.32693893,-0.42717335,-0.2591461,0.44906175,-0.8550947,0.47139093,0.8315375,0.2938301
1356682340378,0.840936,-0.36668307,-0.39795753,-0.24556775,0.39673707,-0.8844752,0.48220655,0.8415125,0.24358495
1356682340418,0.83394057,-0.40358406,-0.37638146,-0.24640186,0.33795995,-0.9083332,0.49379063,0.850237,0.18239465
1356682340458,0.82334566,-0.43651554,-0.36270666,-0.25820348,0.28101087,-0.9243181,0.5054037,0.8546854,0.11865924
1356682340498,0.8098488,-0.4660327,-0.3563123,-0.27638975,0.23263335,-0.93246466,0.51744914,0.85363644,0.059591174
1356682340537,0.79390985,-0.49267894,-0.35633504,-0.2970243,0.19711497,-0.93430316,0.5305504,0.8475926,0.010153905
1356682340578,0.7760248,-0.5163317,-0.3621977,-0.31761268,0.17621496,-0.931703,0.5448924,0.83806324,-0.027246282
1356682340618,0.75681055,-0.5363799,-0.37354302,-0.33692992,0.16957799,-0.92613256,0.56010354,0.8267647,-0.052384034
1356682340658,0.73694944,-0.5519209,-0.39024204,-0.35474718,0.17563295,-0.9183178,0.5753781,0.81519103,-0.06635976
1356682340725,0.7171115,-0.5620478,-0.41213274,-0.3713184,0.1923188,-0.9083701,0.5898082,0.8044351,-0.07078466
1356682340739,0.69782543,-0.5659042,-0.43908095,-0.3874012,0.21741742,-0.89590734,0.6024616,0.79528743,-0.06751257
1356682340779,0.6795078,-0.56268483,-0.47080243,-0.4041349,0.24850851,-0.88029456,0.61232686,0.78843474,-0.058537126
1356682340819,0.6622977,-0.55144304,-0.5072202,-0.4236999,0.28267732,-0.86056495,0.61793214,0.7848593,-0.046429813
1356682340859,0.6460659,-0.5315725,-0.54774946,-0.44871956,0.3160082,-0.83593625,0.6174541,0.7858558,-0.03436488
1356682340898,0.63066673,-0.50315106,-0.59084547,-0.48071232,0.34441563,-0.8064077,0.60924137,0.7926012,-0.024659455
1356682340938,0.61701953,-0.46973032,-0.63137966,-0.5167738,0.36322463,-0.7752501,0.59349114,0.8046249,-0.018627673
1356682340978,0.6078043,-0.43737018,-0.662783,-0.55080134,0.36901915,-0.7486273,0.5720068,0.82008064,-0.016612679
1356682341018,0.60669804,-0.41149887,-0.6801369,-0.57634246,0.3615694,-0.73286897,0.54749143,0.83662194,-0.017800838
1356682341058,0.61583716,-0.39363843,-0.6824906,-0.58989865,0.34384787,-0.7306081,0.5222683,0.85253584,-0.02045247
1356682341098,0.63505965,-0.38235185,-0.6711977,-0.59045756,0.31996173,-0.74093485,0.4980554,0.86685157,-0.022567749
1356682341138,0.6624401,-0.3750298,-0.6484795,-0.5783806,0.29409134,-0.7609114,0.47607666,0.87912625,-0.022092044
1356682341178,0.6949574,-0.36880982,-0.61726296,-0.5550102,0.27065268,-0.78658164,0.45716295,0.889228,-0.016601145
1356682341218,0.7298063,-0.36187303,-0.5800264,-0.52125937,0.25441697,-0.8145923,0.44234753,0.89683884,-0.0029545724
1356682341258,0.76470184,-0.35405493,-0.53840154,-0.47698212,0.25077537,-0.8423774,0.43326575,0.90097547,0.022890493
1356682341298,0.7977231,-0.34711978,-0.49309805,-0.42106816,0.2647134,-0.86754155,0.43167052,0.89968586,0.06500693
1356682341338,0.82692784,-0.34429747,-0.44457784,-0.35303086,0.29750922,-0.88704985,0.43767503,0.8904759,0.12447104
1356682341378,0.8503929,-0.34845388,-0.39422315,-0.27577025,0.3429143,-0.89797574,0.44808793,0.8723472,0.19551867
1356682341418,0.8669941,-0.35999954,-0.34456,-0.19740354,0.38676012,-0.90080434,0.4575512,0.84900934,0.26425356
1356682341458,0.8770214,-0.37665313,-0.2982716,-0.12873715,0.41388535,-0.90118015,0.46288252,0.8287529,0.31449705
1356682341498,0.88170904,-0.3958203,-0.25674006,-0.07702485,0.4161101,-0.90604615,0.46546355,0.8186444,0.33640003
1356682341538,0.88216555,-0.41647398,-0.21984863,-0.04346861,0.3928286,-0.91858375,0.46892905,0.81989944,0.32843632
1356682341578,0.8793769,-0.43778294,-0.18719625,-0.026182666,0.34810668,-0.93708915,0.47540593,0.8289558,0.29465464
1356682341618,0.8746806,-0.45781294,-0.15918918,-0.023234397,0.28844833,-0.95721346,0.4841426,0.8409547,0.24166316
1356682341658,0.86934865,-0.4748832,-0.13681693,-0.032109573,0.22198427,-0.97452146,0.49315506,0.851592,0.17773342
1356682341725,0.8637214,-0.4892576,-0.1208819,-0.0491682,0.15690893,-0.9863884,0.50156546,0.8579083,0.11146968
1356682341739,0.85723144,-0.5026902,-0.111610025,-0.0703803,0.100332975,-0.9924616,0.51009893,0.8586245,0.05062908
1356682341780,0.84902865,-0.51707053,-0.10857405,-0.092362106,0.0570794,-0.9940881,0.52021104,0.85403746,7.043183E-4
1356682341820,0.83874685,-0.53300166,-0.11141297,-0.113064244,0.029675212,-0.9931444,0.5326538,0.8455936,-0.035373427
1356682341878,0.826681,-0.5498297,-0.119523376,-0.13136044,0.017960101,-0.991172,0.5471225,0.83508366,-0.057378612
1356682341898,0.8135587,-0.5662067,-0.13240919,-0.14683613,0.020286977,-0.98895276,0.5626379,0.8240136,-0.06663497
1356682341938,0.8003905,-0.5803586,-0.15019652,-0.16036823,0.034128364,-0.98646706,0.57763064,0.81364554,-0.065755084
1356682341976,0.7882757,-0.59062636,-0.17257449,-0.17316583,0.056191295,-0.98328847,0.59045327,0.8049864,-0.057982057
1356682342018,0.77812755,-0.59589124,-0.19857249,-0.18610612,0.08321658,-0.9789992,0.59990156,0.7987419,-0.046145886
1356682342058,0.7704118,-0.59578645,-0.2269452,-0.20054677,0.11142951,-0.97332644,0.6051831,0.79537535,-0.033636436
1356682342098,0.7656143,-0.5899377,-0.25653142,-0.21811606,0.13709822,-0.96624506,0.60519433,0.79572463,-0.02371052
1356682342138,0.76418024,-0.5774968,-0.28727347,-0.24069838,0.1578832,-0.9576728,0.5984087,0.80098087,-0.018351346
1356682342178,0.7659656,-0.5583504,-0.31865573,-0.26850402,0.17251971,-0.9477038,0.58412516,0.8114689,-0.017775148
1356682342218,0.7701668,-0.5348554,-0.34752372,-0.29828948,0.17957509,-0.93743056,0.56379646,0.8256406,-0.021238983
1356682342258,0.7763591,-0.50981975,-0.37060812,-0.32597408,0.17847803,-0.92837846,0.5394511,0.8415637,-0.027624995
1356682342298,0.78480947,-0.48553386,-0.38513777,-0.34717622,0.17034188,-0.9221997,0.5133643,0.8574617,-0.034879893
1356682342338,0.7959096,-0.46288297,-0.39021444,-0.35915735,0.15786615,-0.9198284,0.48737454,0.87224865,-0.040600643
1356682342378,0.8097783,-0.44169155,-0.38622236,-0.36077037,0.14428902,-0.9214258,0.4627136,0.88548815,-0.042507097
1356682342418,0.82613754,-0.4213192,-0.37414813,-0.3516965,0.13322571,-0.9265853,0.44023436,0.8970735,-0.03811373
1356682342458,0.84433514,-0.40147543,-0.354846,-0.3314649,0.12896389,-0.93461186,0.420986,0.90674466,-0.024186254
1356682342498,0.8632884,-0.38301584,-0.3286822,-0.2989454,0.13665915,-0.9444342,0.4066507,0.91357714,0.0034754276
1356682342538,0.8812737,-0.36874723,-0.29560474,-0.2524212,0.16153651,-0.95403856,0.39955005,0.915386,0.04927825
1356682342578,0.8958243,-0.36329767,-0.25595623,-0.19086179,0.2056129,-0.9598412,0.401336,0.90870136,0.11485338
1356682342618,0.9043787,-0.37032253,-0.21203859,-0.116798386,0.26310396,-0.95767134,0.4104355,0.89086336,0.19469255
