1356681285903,0.015233338,0.7673321,-0.64106905,-0.04454723,-0.6399859,-0.7670942,-0.9988911,0.04024321,0.02443342
1356681285956,-0.026492834,-0.9089178,0.41613284,0.038775086,0.4150313,0.9089804,-0.9988967,0.040217042,0.024248004
1356681286004,-0.026681334,-0.90873015,0.4165305,0.03799361,0.4154559,0.90881956,-0.99892175,0.04007402,0.023441076
1356681286035,-0.027133733,-0.90830195,0.41743428,0.0356054,0.41644493,0.9084635,-0.9989975,0.039512932,0.021040738
1356681286072,-0.02771908,-0.9078562,0.41836438,0.031713992,0.4175158,0.9081161,-0.9991125,0.038440138,0.01721859
1356681286100,-0.028499514,-0.90735745,0.41939273,0.024066776,0.41881874,0.90775084,-0.99930406,0.035963923,0.009901106
1356681286143,-0.029504389,-0.90698195,0.42013484,0.012710363,0.41994342,0.90746135,-0.9994839,0.03211415,-8.62062E-4
1356681286204,-0.031234443,-0.9062022,0.42168927,-0.0011884868,0.42192852,0.9066283,-0.99951136,0.027816892,-0.0142557025
1356681286226,-0.03518933,-0.9034111,0.42732894,-0.016656041,0.42806458,0.9035946,-0.9992418,0.024679333,-0.030110538
1356681286260,-0.04124859,-0.89872694,0.4365644,-0.030841619,0.43787333,0.8985075,-0.9986728,0.023597807,-0.045779824
1356681286287,-0.049196124,-0.89217377,0.44900522,-0.043513656,0.45103723,0.8914437,-0.99784076,0.024317712,-0.061011016
1356681286320,-0.05962959,-0.88314116,0.4653022,-0.055634737,0.46834728,0.8817912,-0.99666905,0.026693821,-0.0770607
1356681286360,-0.073415294,-0.8710085,0.4857513,-0.06907746,0.490337,0.8687911,-0.9949063,0.030228108,-0.0961653
1356681286403,-0.08999881,-0.8572123,0.50703776,-0.08523512,0.51386535,0.853626,-0.9922879,0.0336079,-0.11931187
1356681286443,-0.1085646,-0.8434228,0.52616704,-0.104887486,0.5360597,0.83763874,-0.98854053,0.035749555,-0.14666158
1356681286480,-0.12896143,-0.8303002,0.5421903,-0.12885377,0.55615115,0.8210314,-0.9832424,0.036018133,-0.17870939
1356681286535,-0.14979623,-0.82005596,0.55233085,-0.15609351,0.57124305,0.80580163,-0.9763175,0.034490794,-0.21357548
1356681286572,-0.17050733,-0.8127248,0.5571405,-0.18603334,0.5818033,0.79176795,-0.9676357,0.03135556,-0.25039566
1356681286601,-0.1888728,-0.81021667,0.55486584,-0.21660852,0.5854916,0.7812044,-0.9578141,0.027359605,-0.28608328
1356681286634,-0.2047419,-0.8105478,0.5487195,-0.2467562,0.5852307,0.77240956,-0.9472023,0.022744626,-0.31982893
1356681286670,-0.21804555,-0.81299376,0.5399049,-0.27702966,0.5820203,0.76453054,-0.9357942,0.01713276,-0.35213035
1356681286711,-0.22625689,-0.8198475,0.5259828,-0.30696875,0.57248455,0.7602839,-0.9244339,0.010559201,-0.38119614
1356681286754,-0.22843644,-0.8303507,0.50826615,-0.33516532,0.557232,0.7597083,-0.91404647,0.0031918585,-0.40559685
1356681286801,-0.2239966,-0.8436603,0.48791683,-0.3612867,0.5368492,0.7624073,-0.90515053,-0.0055012405,-0.42505562
1356681286834,-0.21613397,-0.8565666,0.46859354,-0.3825788,0.51585716,0.7665018,-0.8982871,-0.013606876,-0.43919843
1356681286868,-0.20643076,-0.8679652,0.45168868,-0.398628,0.4961876,0.77129346,-0.8935783,-0.020837069,-0.44842362
1356681286901,-0.19300427,-0.8796752,0.43465024,-0.4077391,0.47482514,0.7799294,-0.89246744,-0.026694238,-0.45032132
1356681286935,-0.17996593,-0.8890039,0.4210516,-0.40901855,0.45691174,0.7898959,-0.89460385,-0.03006354,-0.44584763
1356681286969,-0.16709529,-0.8970857,0.4090432,-0.40269452,0.44079053,0.80221,-0.8999535,-0.03067395,-0.43490553
1356681287002,-0.15003069,-0.906878,0.3937805,-0.3807051,0.42056793,0.82352066,-0.91244423,-0.02636087,-0.40835118
1356681287042,-0.13254003,-0.91605484,0.37851897,-0.34693357,0.40060627,0.8480282,-0.9284774,-0.018923253,-0.37090653
1356681287081,-0.114198685,-0.92510986,0.36211926,-0.29957628,0.3796038,0.8753028,-0.9472131,-0.008523911,-0.32049125
1356681287134,-0.09714608,-0.93288076,0.3468374,-0.24384704,0.36017376,0.9004518,-0.9649359,0.0029000938,-0.26246965
1356681287168,-0.08099538,-0.93957615,0.3326205,-0.18162158,0.34204268,0.9219655,-0.9800272,0.014263898,-0.1983512
1356681287200,-0.06695643,-0.94447595,0.32168624,-0.120099604,0.32769474,0.9371191,-0.9905013,0.024111748,-0.1353724
1356681287234,-0.054736584,-0.9478169,0.31408125,-0.06334144,0.31721535,0.9462359,-0.9964897,0.031899363,-0.07739937
1356681287267,-0.0439806,-0.94977903,0.30981526,-0.013643473,0.31065744,0.950424,-0.99893916,0.037573278,-0.026621163
1356681287302,-0.03351605,-0.9509957,0.3073822,0.02950707,0.30647933,0.95141983,-0.99900246,0.040957868,0.017789125
1356681287333,-0.023437023,-0.95080894,0.30888993,0.06533605,0.30685753,0.9495102,-0.997588,0.042435378,0.05493027
1356681287369,-0.013769239,-0.94927263,0.3141526,0.093238235,0.31159458,0.94562966,-0.9955486,0.04231167,0.084218085
1356681287412,-0.0050515532,-0.9455759,0.3253627,0.11234695,0.32277024,0.93978596,-0.9936563,0.041300833,0.10460204
1356681287462,0.0023469925,-0.9398287,0.34163797,0.12264377,0.33933038,0.9326379,-0.992448,0.03971088,0.116060555
1356681287499,0.008570582,-0.93232006,0.3615329,0.1253137,0.3596973,0.92461586,-0.9920802,0.037380427,0.11991519
1356681287532,0.014252573,-0.92373383,0.38276958,0.12331185,0.3815101,0.9161027,-0.9922656,0.03414327,0.11934489
1356681287567,0.020027518,-0.915436,0.4019649,0.1182878,0.40139133,0.90823615,-0.99277735,0.02935788,0.11632377
1356681287603,0.0264903,-0.9083383,0.4173965,0.11184049,0.41761455,0.9017149,-0.9933731,0.022795081,0.112651706
1356681287634,0.03497958,-0.9041662,0.42574614,0.10374847,0.42699045,0.8982847,-0.9939882,0.012748897,0.10874182
1356681287669,0.04373187,-0.90177524,0.4299871,0.095683545,0.43220103,0.8966866,-0.9944507,0.0019289255,0.105186045
1356681287701,0.052766204,-0.9016223,0.42929345,0.08745152,0.43241292,0.8974248,-0.9947702,-0.009811252,0.10166508
1356681287736,0.059655458,-0.90144444,0.42876458,0.08090243,0.43248275,0.89800525,-0.99493515,-0.018882781,0.098729014
1356681287772,0.06332505,-0.8997958,0.43169147,0.076762825,0.4356696,0.89682746,-0.9950364,-0.023653835,0.0966596
1356681287838,0.061321706,-0.89324605,0.44536638,0.076048374,0.44909033,0.89024407,-0.9952167,-0.020721912,0.09546888
1356681287862,0.05503723,-0.8827097,0.46668455,0.0774855,0.46975937,0.8793874,-0.99547315,-0.012237728,0.094251454
1356681287864,0.04483071,-0.8676829,0.49509248,0.080654204,0.49711666,0.863927,-0.9957334,0.0012008548,0.09226841
1356681287906,0.025815606,-0.8408127,0.5407104,0.08728126,0.5407208,0.8366618,-0.9958492,0.02559492,0.087346196
1356681287935,0.0047090054,-0.815171,0.57920134,0.09547016,0.5769285,0.811196,-0.9954212,0.05147648,0.08054125
1356681287978,-0.019139558,-0.79021746,0.6125276,0.10291189,0.60782874,0.78737116,-0.99450636,0.078106314,0.069689155
1356681288034,-0.04572043,-0.7702974,0.6360436,0.1064595,0.6293262,0.7698148,-0.99326533,0.10290921,0.05323243
1356681288068,-0.0759988,-0.7549796,0.6513294,0.10259217,0.6438311,0.7582588,-0.99181604,0.12444803,0.028524578
1356681288101,-0.109406665,-0.7450672,0.65795517,0.08977628,0.65181655,0.75304407,-0.98993456,0.14145684,-0.0044237375
1356681288134,-0.14574595,-0.7369472,0.6600507,0.065644264,0.6585008,0.74971163,-0.9871418,0.152596,-0.047597468
1356681288168,-0.18332095,-0.73107934,0.65720356,0.031398684,0.66383755,0.7472174,-0.9825516,0.15761593,-0.0987404
1356681288201,-0.22326626,-0.7231067,0.65365803,-0.01849705,0.6736075,0.73885775,-0.97458196,0.15287122,-0.16376919
1356681288236,-0.26234895,-0.71774685,0.6449902,-0.07917413,0.6821591,0.72690463,-0.9617195,0.13963613,-0.23579073
1356681288271,-0.29642242,-0.7156121,0.6324817,-0.142394,0.6879578,0.7116446,-0.9443822,0.12088579,-0.305825
1356681288305,-0.32241964,-0.7172254,0.61776483,-0.20501405,0.69003576,0.69413245,-0.92412925,0.09715146,-0.3695224
1356681288336,-0.33578485,-0.7262705,0.5998163,-0.26107526,0.6836003,0.6815646,-0.9050349,0.07226187,-0.41915387
1356681288369,-0.3363518,-0.74200356,0.5799121,-0.3021791,0.6682649,0.67978656,-0.891939,0.053410113,-0.4489901
1356681288403,-0.32279378,-0.7644019,0.55811644,-0.32125401,0.6431628,0.69508094,-0.89028084,0.04507065,-0.45317614
1356681288442,-0.30052733,-0.788396,0.53676355,-0.31864238,0.6134362,0.7226085,-0.8989718,0.046127915,-0.43557072
1356681288481,-0.27025306,-0.8134873,0.5149774,-0.29414392,0.579069,0.76036733,-0.9167566,0.054014146,-0.39577746
1356681288525,-0.23475096,-0.8376459,0.49319506,-0.25048783,0.5423664,0.80193174,-0.9392272,0.06471488,-0.33714116
1356681288569,-0.19710523,-0.85921454,0.47212264,-0.19149384,0.50603557,0.8409864,-0.9614986,0.07535422,-0.26427656
1356681288601,-0.16279604,-0.8755506,0.45487204,-0.12719035,0.47579837,0.8703095,-0.9784274,0.083827585,-0.18881965
1356681288636,-0.13106963,-0.88830197,0.44015956,-0.062178552,0.45048162,0.89061785,-0.98942137,0.08936444,-0.11427778
1356681288669,-0.10319477,-0.8969523,0.4299155,-0.002309978,0.43243808,0.9016607,-0.9946584,0.09205362,-0.04669726
1356681288701,-0.07547629,-0.9042182,0.4203485,0.053195536,0.4172994,0.9072108,-0.99572766,0.090833545,0.016604185
1356681288741,-0.04998699,-0.90695333,0.4182546,0.09986314,0.41214076,0.90563095,-0.99374473,0.08703795,0.069969475
1356681288781,-0.026576549,-0.9065931,0.42116833,0.13577858,0.41413888,0.90002954,-0.9903827,0.08110535,0.112089515
1356681288835,-0.005614102,-0.90232086,0.4310285,0.16084078,0.4246084,0.89097583,-0.98696434,0.07432902,0.14274621
1356681288869,0.012658536,-0.8951638,0.4455577,0.17567357,0.44065356,0.8803201,-0.98436713,0.067129105,0.16283458
1356681288901,0.0285936,-0.885,0.4647122,0.18342626,0.46165347,0.86788875,-0.98261756,0.060424387,0.17553264
1356681288936,0.04164949,-0.8733856,0.4852453,0.18442601,0.48404148,0.85538936,-0.9819636,0.053865284,0.18123507
1356681288969,0.05269468,-0.860059,0.50746584,0.18104216,0.50797874,0.842129,-0.9820626,0.047497064,0.18247479
1356681289002,0.061987728,-0.8464128,0.52890736,0.17302239,0.531016,0.829509,-0.9829653,0.040093392,0.1793648
1356681289041,0.07053712,-0.8328835,0.54893494,0.16230881,0.5525551,0.81751984,-0.9842156,0.031431496,0.17416
1356681289080,0.0782325,-0.8204707,0.5663105,0.15066385,0.57125735,0.8068243,-0.9854847,0.022202611,0.16830611
1356681289134,0.08373219,-0.808486,0.58252835,0.14060512,0.5883183,0.7963114,-0.9865186,0.015229613,0.16293848
1356681289166,0.08658491,-0.79714227,0.59755105,0.1334737,0.60367805,0.7859756,-0.9872628,0.0117037,0.15866691
1356681289181,0.08652769,-0.78577435,0.612431,0.12971354,0.61838955,0.77509284,-0.98776895,0.012373537,0.15543336
1356681289235,0.08136049,-0.77162814,0.63084894,0.13045591,0.6357466,0.7607939,-0.9881101,0.020399451,0.1523881
1356681289269,0.07069342,-0.75635004,0.65033615,0.13442549,0.6532437,0.7451191,-0.9883988,0.034746766,0.14785278
1356681289304,0.05693473,-0.74393064,0.6658269,0.13972425,0.66628265,0.73249197,-0.9885522,0.051327944,0.1418798
1356681289336,0.03939499,-0.73149586,0.6807069,0.14561525,0.67816603,0.72033817,-0.9885567,0.07074356,0.13323331
1356681289369,0.020297915,-0.72570527,0.68770623,0.15089574,0.6821923,0.7154329,-0.98834133,0.08925015,0.123352945
1356681289400,-0.0015925765,-0.7209052,0.6930319,0.15346918,0.6846465,0.7125352,-0.98815215,0.10749376,0.10954636
1356681289437,-0.025811613,-0.72292405,0.6904452,0.1525445,0.6797383,0.7174162,-0.9879595,0.123841345,0.092732966
1356681289470,-0.05301158,-0.72638345,0.68524224,0.1454359,0.6732744,0.7249483,-0.98794645,0.13808945,0.06995088
1356681289503,-0.082586065,-0.73428136,0.6738029,0.13141531,0.6621846,0.7377274,-0.98788136,0.149474,0.041808605
1356681289539,-0.11590545,-0.74148023,0.660888,0.10476056,0.6525353,0.7504817,-0.9877202,0.15621987,0.0020454526
1356681289583,-0.15223546,-0.75194186,0.64141077,0.062158704,0.6404061,0.76551706,-0.98638767,0.15640813,-0.05075276
1356681289634,-0.18869825,-0.76453424,0.6163443,0.0024193823,0.6272556,0.77880967,-0.9820321,0.14845124,-0.1165123
1356681289672,-0.22229953,-0.7784982,0.58696127,-0.07469344,0.61385405,0.78587794,-0.972113,0.13085815,-0.19460815
1356681289706,-0.24543732,-0.79779875,0.5507065,-0.15289417,0.59282994,0.79068077,-0.95727944,0.109862715,-0.2674814
1356681289739,-0.2563479,-0.818593,0.5139954,-0.22339252,0.5675427,0.7924589,-0.9404156,0.08832243,-0.3283559
1356681289774,-0.25560254,-0.8405448,0.4776522,-0.27864584,0.5371484,0.79613316,-0.92575574,0.070397854,-0.37151086
1356681289808,-0.24682133,-0.86159587,0.4435445,-0.316185,0.50425875,0.80358577,-0.9160274,0.058099926,-0.39688557
1356681289838,-0.23294182,-0.88077486,0.41227865,-0.33535075,0.47068888,0.8160832,-0.9128406,0.051841944,-0.40501165
1356681289874,-0.21556295,-0.8980518,0.38345218,-0.33613235,0.43692797,0.83433145,-0.91681385,0.050960302,-0.39604968
1356681289906,-0.1937734,-0.9142842,0.35571918,-0.3131821,0.40126872,0.8607557,-0.9297143,0.055386692,-0.3640927
1356681289940,-0.17118306,-0.9284041,0.32979125,-0.2709868,0.36618906,0.89020884,-0.94723946,0.06301957,-0.31427062
1356681289974,-0.15217146,-0.9391039,0.30810332,-0.22001165,0.33609805,0.9157691,-0.9635552,0.071567565,-0.25775832
1356681290006,-0.13662809,-0.9469074,0.29103115,-0.16439676,0.3113857,0.93595546,-0.97688615,0.08003324,-0.1982125
1356681290039,-0.12191105,-0.95294267,0.27755705,-0.10169786,0.2901641,0.9515579,-0.9873172,0.08777848,-0.13228643
1356681290072,-0.10763273,-0.95702595,0.26928878,-0.037986398,0.27462325,0.96080124,-0.9934647,0.09318444,-0.065912426
1356681290109,-0.092819095,-0.9596449,0.2654546,0.022280097,0.26453698,0.9641181,-0.9954336,0.095402986,-0.0031731129
1356681290151,-0.07715738,-0.96081966,0.26621833,0.075246274,0.26064104,0.9624989,-0.99417543,0.09429583,0.05218774
1356681290205,-0.06120038,-0.96025276,0.2723403,0.117598444,0.26401436,0.95732284,-0.9911736,0.0906153,0.09676647
1356681290238,-0.04542139,-0.95808244,0.2828687,0.14825854,0.27356002,0.95036006,-0.9879049,0.085104465,0.12961853
1356681290270,-0.030463636,-0.95432556,0.29721147,0.16820928,0.2882139,0.9426762,-0.98528045,0.07871106,0.15174639
1356681290306,-0.01689884,-0.9493728,0.3136965,0.18014544,0.30571607,0.9349252,-0.98349476,0.07231018,0.16585898
1356681290340,-0.005057335,-0.943923,0.33012706,0.18539146,0.32352316,0.9278808,-0.98265177,0.06589532,0.17335904
1356681290372,0.005423814,-0.9382537,0.34590542,0.18344277,0.34097388,0.9220008,-0.9830154,0.058453083,0.17396522
1356681290411,0.01555267,-0.9324326,0.36100918,0.17581409,0.35797772,0.91702855,-0.98430055,0.049208224,0.16950232
1356681290465,0.02576673,-0.9270983,0.37393165,0.1644179,0.37289208,0.9131912,-0.9860542,0.037951082,0.1620397
1356681290495,0.0347479,-0.9222455,0.38504007,0.15241864,0.38565612,0.9099659,-0.987705,0.02706787,0.15396816
1356681290539,0.04035169,-0.91744673,0.39580688,0.14184186,0.3973775,0.9066267,-0.9890665,0.019558102,0.14616722
1356681290607,0.04102841,-0.9120977,0.40791485,0.13440207,0.40958622,0.9023166,-0.99007714,0.017803997,0.1393925
1356681290637,0.037637413,-0.90649384,0.4205382,0.13014334,0.42169863,0.89734775,-0.9907806,0.020956397,0.1338458
1356681290649,0.030840129,-0.90052116,0.4337171,0.12839198,0.43389782,0.8917669,-0.99124384,0.02818361,0.12900114
1356681290659,0.020168513,-0.89363027,0.44835058,0.12843513,0.44704196,0.88524455,-0.9915129,0.039729893,0.12378967
1356681290697,0.004437387,-0.8851828,0.46522233,0.1293034,0.46182913,0.87749326,-0.99159515,0.056261033,0.11650646
1356681290730,-0.01280728,-0.877946,0.4785881,0.12989411,0.47311094,0.8713744,-0.99144506,0.07332575,0.10798079
1356681290768,-0.033753633,-0.8696406,0.4925303,0.12829414,0.48496372,0.8650727,-0.99116164,0.092388034,0.09520048
1356681290799,-0.055229843,-0.8641935,0.50011927,0.12460214,0.49100292,0.862201,-0.9906685,0.109935135,0.08056229
1356681290838,-0.0769254,-0.8600613,0.50435793,0.117795855,0.49447417,0.8611733,-0.9900538,0.12565741,0.063274026
1356681290870,-0.10049546,-0.8562784,0.5066439,0.10451308,0.49731922,0.86124945,-0.98943305,0.13950253,0.039513946
1356681290904,-0.12566626,-0.8542779,0.50439787,0.083052754,0.49758452,0.8634303,-0.98859,0.15039569,0.008420527
1356681290937,-0.1504581,-0.8546051,0.49700353,0.054495633,0.49479252,0.86730075,-0.98711324,0.15757692,-0.027873337
1356681290972,-0.1743645,-0.8559164,0.4868307,0.01383245,0.49222654,0.8703572,-0.984584,0.15849346,-0.073987365
1356681291003,-0.19544923,-0.8596841,0.47195637,-0.04033208,0.48787642,0.8719804,-0.97988415,0.1513929,-0.13002789
1356681291039,-0.21126089,-0.8661366,0.45296383,-0.1107198,0.48164663,0.86934316,-0.9711385,0.13350615,-0.19765157
1356681291081,-0.2190563,-0.876078,0.42953667,-0.18903089,0.4699936,0.862191,-0.95722604,0.10767269,-0.26856083
1356681291125,-0.21798514,-0.88834834,0.40412843,-0.26304698,0.45224136,0.85222304,-0.9398345,0.07946715,-0.33225924
1356681291172,-0.2095562,-0.90143466,0.37881625,-0.3209575,0.4293663,0.8441746,-0.9236193,0.055318087,-0.37929863
1356681291201,-0.19769602,-0.9136467,0.3551986,-0.35731956,0.40458542,0.84180367,-0.91281927,0.039501786,-0.40644872
1356681291235,-0.18538988,-0.9239826,0.3344946,-0.37003347,0.38098115,0.84730667,-0.9103328,0.03330791,-0.41253453
1356681291273,-0.1737338,-0.932621,0.31628278,-0.3656651,0.35929796,0.8586001,-0.9143882,0.03351426,-0.40344912
1356681291296,-0.16203947,-0.93997705,0.30031046,-0.34241793,0.33898348,0.8762649,-0.92546916,0.039157838,-0.37679374
1356681291326,-0.14965129,-0.94641066,0.2862017,-0.2981882,0.31918424,0.89955837,-0.94270265,0.04927808,-0.32997483
1356681291360,-0.13905403,-0.9512824,0.27518308,-0.24539807,0.30231676,0.9210777,-0.95939755,0.060550183,-0.27548128
1356681291401,-0.12816036,-0.9552436,0.26661703,-0.17334875,0.286272,0.9423368,-0.9764861,0.07455245,-0.20227903
1356681291440,-0.11765516,-0.9575136,0.26329634,-0.09420684,0.27470416,0.9569026,-0.9885758,0.08778024,-0.12252468
1356681291481,-0.10577929,-0.9586215,0.26430207,-0.015184104,0.26731938,0.96348834,-0.9942737,0.09790394,-0.042832673
1356681291524,-0.09187591,-0.9585335,0.2697634,0.0561969,0.26548624,0.9624754,-0.9941835,0.10358819,0.029474854
1356681291573,-0.07607269,-0.9572422,0.27910638,0.114959896,0.26963073,0.9560771,-0.990453,0.10481736,0.08953291
1356681291601,-0.06016761,-0.95438874,0.29244143,0.15989861,0.27997357,0.9465977,-0.9852981,0.10371551,0.13576007
1356681291637,-0.044457555,-0.9511416,0.30553743,0.1893107,0.29227746,0.9374088,-0.9809102,0.09951651,0.16706741
1356681291670,-0.029589385,-0.946089,0.32255223,0.2071228,0.30988643,0.9279388,-0.97786736,0.09426507,0.1867873
1356681291703,-0.016675413,-0.9401504,0.34035134,0.21339521,0.32920933,0.91982806,-0.97682357,0.0879679,0.19513398
1356681291741,-0.0055172443,-0.93307424,0.3596416,0.20895302,0.35063213,0.9129051,-0.9779101,0.08018491,0.19303411
1356681291780,0.0047464073,-0.9250469,0.3798232,0.1962736,0.37330118,0.9067099,-0.98053765,0.07024565,0.18333417
1356681291820,0.014998257,-0.916872,0.39889932,0.17830288,0.39500237,0.9012109,-0.9838613,0.057608336,0.16940528
1356681291850,0.02457133,-0.9089486,0.41618344,0.16039485,0.41450033,0.895803,-0.986747,0.044742644,0.15597552
1356681291879,0.03330365,-0.90208185,0.4302781,0.14336678,0.43037644,0.89119136,-0.98910916,0.032007605,0.14366162
1356681291919,0.04076782,-0.8961252,0.44192487,0.1270951,0.44335076,0.8872919,-0.9910523,0.019993573,0.1319676
1356681291949,0.04522288,-0.8901838,0.4533517,0.11445463,0.45544457,0.8828762,-0.9923986,0.011961997,0.12248218
1356681291979,0.045882523,-0.8840432,0.46514755,0.106034726,0.46731746,0.87770784,-0.99330324,0.009050399,0.11518103
1356681292019,0.040112346,-0.8763756,0.47995493,0.10327381,0.4814053,0.8703927,-0.9938438,0.014653295,0.10981697
1356681292049,0.03159982,-0.8695571,0.4928203,0.1032244,0.4932692,0.8637304,-0.994156,0.023577392,0.10534674
1356681292079,0.020254523,-0.8628634,0.5050312,0.10490337,0.50418067,0.85720307,-0.99427617,0.035617232,0.10072923
1356681292119,0.0029394627,-0.85495853,0.518688,0.10808572,0.51592314,0.84978867,-0.9941372,0.053564847,0.09392536
1356681292149,-0.015799433,-0.8506474,0.5254992,0.11096066,0.5208268,0.84642017,-0.9936992,0.07168269,0.08615965
1356681292190,-0.038893133,-0.84621644,0.5314181,0.111483425,0.52482545,0.8438778,-0.9930049,0.092065334,0.073926985
1356681292229,-0.06601611,-0.8452723,0.530242,0.106913626,0.52234995,0.84600234,-0.9920743,0.11253986,0.05588764
1356681292270,-0.09682593,-0.8474108,0.5220342,0.093767434,0.5143993,0.852409,-0.9908746,0.13148507,0.029652297
1356681292309,-0.13057,-0.85235834,0.50639594,0.067774385,0.50190014,0.8622662,-0.9891199,0.14690673,-0.0077650547
1356681292352,-0.16507882,-0.85993946,0.48296297,0.024285108,0.48598868,0.8736276,-0.98598135,0.1559462,-0.059342742
1356681292392,-0.19634542,-0.8702413,0.4518059,-0.03951493,0.46742317,0.8831501,-0.9797383,0.1555494,-0.1261639
1356681292429,-0.21938589,-0.88341635,0.41405964,-0.12016839,0.44563457,0.887113,-0.9682094,0.14486316,-0.20392466
1356681292459,-0.23124987,-0.89861834,0.3728384,-0.20143947,0.41914672,0.8852899,-0.9518118,0.12961876,-0.2779448
1356681292499,-0.23111208,-0.9138868,0.33376345,-0.28001353,0.39101493,0.87675524,-0.9317615,0.10917044,-0.34626895
1356681292539,-0.21992597,-0.92987204,0.29490763,-0.3406094,0.35647896,0.87000453,-0.9141213,0.09088829,-0.39512217
1356681292569,-0.2038537,-0.94411635,0.25901362,-0.37926534,0.32006833,0.86816704,-0.9025527,0.07874417,-0.42331773
1356681292609,-0.18680824,-0.95549583,0.22832084,-0.38590065,0.28510207,0.877381,-0.9034287,0.07579291,-0.4219858
1356681292650,-0.17057252,-0.9645767,0.20123819,-0.36555386,0.25160348,0.89613956,-0.9150276,0.07929337,-0.3955214
1356681292690,-0.15574235,-0.9716228,0.17802626,-0.32275558,0.22038788,0.9204662,-0.9335808,0.08589664,-0.34792042
1356681292729,-0.142919,-0.97685075,0.15917549,-0.26201418,0.19243121,0.9456843,-0.9544227,0.09345004,-0.28345078
1356681292769,-0.1324935,-0.9804692,0.14534652,-0.18914357,0.16895449,0.96730506,-0.9729698,0.10067034,-0.20783484
1356681292809,-0.123673886,-0.98283213,0.13691562,-0.11115664,0.1508275,0.98229086,-0.9860776,0.10626462,-0.12790173
1356681292839,-0.116212815,-0.9841162,0.13420072,-0.040730357,0.13972458,0.98935235,-0.99238884,0.10950938,-0.056321204
1356681292869,-0.10841414,-0.9850101,0.13416937,0.02044636,0.13272694,0.9909417,-0.99389553,0.11017543,0.0057504177
1356681292900,-0.09962374,-0.9855757,0.13680479,0.07168317,0.13002264,0.9889164,-0.9924396,0.10832623,0.057695925
1356681292939,-0.08847195,-0.98598754,0.14142555,0.11304495,0.1311261,0.9848994,-0.98964316,0.10312343,0.09985995
1356681292979,-0.07539016,-0.9857402,0.15044156,0.14391387,0.1385352,0.9798453,-0.98671436,0.0955213,0.13141751
1356681293019,-0.061309755,-0.9847758,0.16265908,0.16421595,0.15079272,0.9748306,-0.98451734,0.08647779,0.15247077
1356681293059,-0.047117352,-0.9831088,0.17685339,0.17461973,0.16621703,0.970505,-0.983508,0.07660973,0.16383845
1356681293089,-0.033865094,-0.98074335,0.1923427,0.17933923,0.183366,0.9665477,-0.9832043,0.0672268,0.169676
1356681293129,-0.020926535,-0.9784582,0.2053814,0.1762057,0.19860119,0.9641105,-0.98413086,0.056364894,0.1682539
1356681293159,-0.00865522,-0.97589815,0.21805474,0.17030203,0.2134386,0.96199846,-0.9853538,0.045461506,0.16435003
1356681293199,0.004073471,-0.97387105,0.22706518,0.16051382,0.22475949,0.9611027,-0.98702514,0.032532096,0.15723532
1356681293239,0.015439719,-0.97192407,0.23478761,0.15001988,0.2344093,0.96049273,-0.98856246,0.020393044,0.14942718
1356681293279,0.022799224,-0.9697258,0.24312982,0.1411913,0.24387875,0.9594729,-0.98971975,0.012452573,0.1424771
1356681293338,0.024387449,-0.9669081,0.25395665,0.1353817,0.25488636,0.95744705,-0.9904933,0.011031419,0.13711774
1356681293349,0.022306949,-0.9638587,0.26547858,0.13209596,0.26605812,0.9548632,-0.9909859,0.013768584,0.1332568
1356681293379,0.016578794,-0.96030307,0.27846563,0.13089105,0.2781917,0.9515655,-0.99125814,0.020672858,0.1303072
1356681293406,0.007448107,-0.95618916,0.29265487,0.13084888,0.29107854,0.9477087,-0.9913744,0.03123489,0.12728423
1356681293437,-0.004884541,-0.9514796,0.30767304,0.13095468,0.30441839,0.9434937,-0.99137634,0.044899732,0.12311375
1356681293480,-0.023098946,-0.9451314,0.3258728,0.12941644,0.32039016,0.9384038,-0.9913213,0.06384939,0.114914834
1356681293520,-0.04490009,-0.9388312,0.34143826,0.12453416,0.33385667,0.93436134,-0.9911989,0.08447364,0.10192633
1356681293559,-0.06889099,-0.9333497,0.3522959,0.11425114,0.34343016,0.93220305,-0.9910605,0.10447052,0.082977
1356681293589,-0.09255695,-0.9299885,0.3557454,0.10011998,0.34677577,0.9325892,-0.990661,0.12193474,0.061013818
1356681293630,-0.11766437,-0.92663586,0.357073,0.074020356,0.3503866,0.93367565,-0.99029094,0.136291,0.02736187
1356681293669,-0.14298168,-0.92542005,0.35093287,0.03211412,0.35005137,0.9361798,-0.98920417,0.14512652,-0.02033186
1356681293710,-0.16500124,-0.9267626,0.3374696,-0.02933991,0.34662017,0.9375466,-0.9858569,0.14479506,-0.084383905
1356681293739,-0.18068898,-0.9307231,0.31797177,-0.09912431,0.33887947,0.9355934,-0.9785325,0.13753265,-0.15348911
1356681293769,-0.18826076,-0.936123,0.297038,-0.17383,0.32943156,0.92803985,-0.9666132,0.12307936,-0.22474527
1356681293800,-0.18776867,-0.9427605,0.27558205,-0.2461943,0.31679007,0.91598713,-0.9508581,0.10414699,-0.2915855
1356681293829,-0.18089029,-0.9499064,0.25486547,-0.30798465,0.30081746,0.902582,-0.93403643,0.08477366,-0.34697157
1356681293859,-0.17061782,-0.9566584,0.23599628,-0.3530001,0.28295594,0.891811,-0.9199351,0.06885216,-0.3859778
1356681293889,-0.16021663,-0.9623143,0.21973124,-0.37866503,0.26549566,0.88663685,-0.911561,0.058849394,-0.40693158
1356681293919,-0.15178587,-0.9666517,0.20626613,-0.38546124,0.25005132,0.88819706,-0.9101542,0.055308104,-0.41056103
1356681293960,-0.1456419,-0.9698545,0.19537327,-0.3633196,0.23611227,0.90124905,-0.9202105,0.060276687,-0.386755
1356681293989,-0.1403293,-0.9723754,0.18653128,-0.33044258,0.223589,0.91696,-0.93333566,0.06703845,-0.35269034
1356681294029,-0.13305151,-0.97481215,0.17899317,-0.27396727,0.20973587,0.9385909,-0.9524911,0.07584265,-0.2949723
1356681294059,-0.12639347,-0.9763588,0.17535135,-0.21299788,0.19935784,0.9564979,-0.96884286,0.083545655,-0.2331599
1356681294089,-0.11912942,-0.9775402,0.17384869,-0.1491589,0.19072866,0.9702444,-0.98161083,0.08965358,-0.16853023
1356681294123,-0.11084312,-0.9783492,0.17477605,-0.084682494,0.18451768,0.97917426,-0.9902235,0.093734294,-0.103301525
1356681294172,-0.09889001,-0.9792383,0.17695534,-0.014895916,0.17926383,0.9836883,-0.9949869,0.09464103,-0.032314003
1356681294201,-0.086097986,-0.97891676,0.18522742,0.047489762,0.18167397,0.9822115,-0.99515426,0.09336281,0.030846715
1356681294238,-0.07039228,-0.9786478,0.19311485,0.102674365,0.18545845,0.9772733,-0.9922211,0.088620484,0.0874272
1356681294271,-0.05387011,-0.9771094,0.20580408,0.14674371,0.1961191,0.96953785,-0.98770654,0.08242956,0.13281971
1356681294305,-0.03778392,-0.9747685,0.21999732,0.17869511,0.21001506,0.96122926,-0.98317873,0.07563144,0.16625112
1356681294338,-0.023042679,-0.97143114,0.23620069,0.20051828,0.22697145,0.95303535,-0.979419,0.06932303,0.18955964
1356681294370,-0.010594368,-0.96745944,0.25280425,0.21106434,0.2449587,0.94628066,-0.9774147,0.06338316,0.20160097
1356681294405,1.4138222E-4,-0.9625006,0.2712798,0.21387431,0.2650318,0.9402213,-0.97686124,0.05788681,0.20589161
1356681294439,0.008860439,-0.95715976,0.28942487,0.20908657,0.2848117,0.9355025,-0.977857,0.052225918,0.20265281
1356681294472,0.0159598,-0.9516379,0.306807,0.1980055,0.30377734,0.93194056,-0.98007095,0.045875907,0.19327778
1356681294512,0.021900445,-0.9464071,0.32223317,0.1828717,0.32066473,0.92937195,-0.9828929,0.038573593,0.1800937
1356681294550,0.02676016,-0.94186866,0.334914,0.16654956,0.334552,0.92754316,-0.98567,0.030958503,0.16582048
1356681294601,0.029454857,-0.937936,0.3455554,0.15306431,0.34586045,0.925717,-0.98777723,0.025625259,0.15375179
1356681294638,0.028666943,-0.93412477,0.35579368,0.1439429,0.3560879,0.92329943,-0.9891707,0.024745792,0.14466858
1356681294671,0.024435073,-0.9304209,0.36567745,0.13901222,0.36539528,0.920414,-0.98998916,0.02834323,0.13826829
1356681294705,0.016840816,-0.9264624,0.3760104,0.13729528,0.37464416,0.91694695,-0.99038696,0.036182284,0.1335082
1356681294738,0.006718755,-0.9225487,0.38582224,0.13718086,0.38303345,0.91349155,-0.9905233,0.046789885,0.12912959
1356681294771,-0.00959608,-0.91629,0.4004006,0.13773185,0.39539132,0.90812755,-0.9904231,0.06386235,0.12240809
1356681294811,-0.029951215,-0.9110267,0.41125804,0.1369972,0.4038183,0.9045234,-0.99011856,0.083432764,0.11271328
1356681294866,-0.05520016,-0.9057491,0.42020428,0.13224697,0.41050595,0.90221703,-0.9896786,0.10537323,0.09712255
1356681294904,-0.0830667,-0.90345937,0.42054853,0.12240487,0.4095615,0.9040334,-0.98899794,0.12657228,0.076566935
1356681294919,-0.111183584,-0.9034486,0.4140279,0.107497126,0.4032334,0.9087614,-0.9879689,0.14554608,0.052285135
1356681294973,-0.14231047,-0.90237117,0.40678483,0.0778923,0.39948377,0.91342515,-0.98675245,0.1616754,0.013437092
1356681295006,-0.17299896,-0.9055811,0.3872909,0.032558054,0.38774687,0.92119074,-0.98438376,0.17197445,-0.037595868
1356681295039,-0.19828272,-0.91188276,0.3593797,-0.02838996,0.37184924,0.92785895,-0.97973365,0.17377558,-0.09961957
1356681295072,-0.21356699,-0.92144,0.32455745,-0.10357252,0.35170594,0.9303632,-0.9714227,0.1650796,-0.17054868
1356681295111,-0.21475223,-0.93455046,0.2837198,-0.18934375,0.32482412,0.92662734,-0.95813906,0.1452747,-0.24670798
1356681295151,-0.19967139,-0.95054936,0.23788077,-0.27647445,0.28755844,0.91699076,-0.9400496,0.11732888,-0.32021976
1356681295194,-0.17202413,-0.9666468,0.18974122,-0.34774768,0.23980117,0.9064033,-0.921672,0.089941144,-0.37740076
1356681295242,-0.14121014,-0.9794703,0.14386702,-0.3888194,0.18851769,0.9018207,-0.91042805,0.071407914,-0.40745765
1356681295271,-0.11618137,-0.9878906,0.10283139,-0.39675298,0.1410737,0.90702003,-0.9105433,0.06458014,-0.40833867
1356681295306,-0.09918201,-0.9928193,0.06687868,-0.38178316,0.100034,0.91882247,-0.91891485,0.065597534,-0.38896322
1356681295339,-0.09203589,-0.9950515,0.03744015,-0.340898,0.066814005,0.9377229,-0.9355842,0.073540926,-0.34536034
1356681295372,-0.09248766,-0.99564064,0.012074143,-0.2799555,0.037638932,0.9592749,-0.95554745,0.08534089,-0.2822162
1356681295409,-0.098597765,-0.9950831,-0.009393781,-0.20619956,0.011194527,0.978446,-0.9735298,0.09840956,-0.20628947
1356681295451,-0.10833031,-0.9937601,-0.02655816,-0.12370622,-0.013032079,0.9922333,-0.98638797,0.11077437,-0.121522605
1356681295501,-0.11784369,-0.9922254,-0.040020257,-0.04558143,-0.034853816,0.99835247,-0.99198556,0.119473755,-0.041119754
1356681295538,-0.12419474,-0.9910043,-0.04986009,0.022611678,-0.053062618,0.9983351,-0.9920001,0.12286058,0.028998435
1356681295570,-0.12595546,-0.9904279,-0.05645892,0.076577485,-0.066449344,0.9948468,-0.9890758,0.120982975,0.08421418
1356681295605,-0.12347937,-0.9904995,-0.06052801,0.116529614,-0.075045824,0.99034786,-0.9854814,0.115234256,0.1246891
1356681295638,-0.117351174,-0.9910607,-0.06346318,0.14431494,-0.0802449,0.9862728,-0.9825487,0.10658154,0.15244162
1356681295672,-0.10418987,-0.9921651,-0.06894177,0.15650561,-0.08481145,0.98402894,-0.98216623,0.09173605,0.1641159
1356681295711,-0.08748335,-0.99349797,-0.07285863,0.15832353,-0.08607614,0.9836283,-0.9835041,0.07451582,0.16482434
1356681295751,-0.06893289,-0.99463165,-0.077175796,0.15094283,-0.08686769,0.9847183,-0.98613614,0.056230307,0.15612054
1356681295803,-0.051940262,-0.99544024,-0.08000529,0.13889232,-0.086535394,0.98651934,-0.9889444,0.040127963,0.14275375
1356681295840,-0.038531303,-0.9959597,-0.0811142,0.12335652,-0.085294425,0.98868996,-0.9916141,0.028089583,0.12614474
1356681295873,-0.028985202,-0.99635005,-0.080289304,0.10906711,-0.08299589,0.9905634,-0.99361163,0.01995477,0.111074746
1356681295911,-0.022505403,-0.99663734,-0.078787744,0.098109454,-0.08062899,0.991904,-0.99492115,0.014593363,0.099594146
1356681295951,-0.017732501,-0.9968178,-0.07771695,0.09258321,-0.07903218,0.9925635,-0.99554706,0.010405332,0.09369004
1356681296003,-0.014525473,-0.9969248,-0.077005506,0.09232074,-0.078021824,0.99266785,-0.99562335,0.0073097944,0.093170136
1356681296041,-0.013967574,-0.99708235,-0.07504526,0.09585431,-0.076042175,0.9924866,-0.99529743,0.006669253,0.09663671
1356681296113,-0.016831577,-0.9973992,-0.070082426,0.10091892,-0.071429074,0.9923272,-0.9947523,0.009629756,0.101858765
1356681296140,-0.021912754,-0.9978181,-0.062280297,0.1055775,-0.06425649,0.9923329,-0.9941696,0.0151693225,0.10675517
1356681296145,-0.030130386,-0.9982827,-0.05023873,0.109071404,-0.053245127,0.9926069,-0.9935771,0.02442801,0.110488355
1356681296166,-0.04251665,-0.9985742,-0.032278925,0.1103968,-0.03680581,0.9932059,-0.99297786,0.03866425,0.11180425
1356681296196,-0.055770338,-0.9983712,-0.012021095,0.11017305,-0.018119812,0.9937472,-0.9923465,0.054097235,0.111004174
1356681296231,-0.070646584,-0.997455,0.009620756,0.10756484,0.0019708276,0.99419606,-0.9916848,0.07127142,0.107151836
1356681296268,-0.08751881,-0.9956465,0.032070726,0.10140088,0.023123026,0.9945769,-0.9909885,0.09029621,0.09893572
1356681296300,-0.10478264,-0.99314576,0.051787883,0.09238678,0.042128444,0.99483156,-0.99019456,0.10902563,0.08733922
1356681296339,-0.1236037,-0.9899538,0.06865606,0.076230586,0.059509695,0.9953128,-0.9893993,0.12825802,0.068109095
1356681296381,-0.1429956,-0.986548,0.07921687,0.049342453,0.07283378,0.9961227,-0.9884926,0.14634988,0.038263798
1356681296423,-0.16028607,-0.9837839,0.080483615,0.0078027844,0.080272496,0.99674237,-0.98703974,0.1603919,-0.005190313
1356681296472,-0.1713813,-0.9826515,0.07088408,-0.051735282,0.08082563,0.9953847,-0.9838455,0.16692314,-0.064689755
1356681296505,-0.17475724,-0.9832254,0.052226245,-0.11887723,0.07372415,0.9901681,-0.9774088,0.16683054,-0.12976694
1356681296537,-0.16348514,-0.9861951,0.026302308,-0.19979033,0.059204966,0.97804844,-0.9661038,0.15464142,-0.20671141
1356681296572,-0.14092597,-0.99000347,-0.005739808,-0.27619633,0.033747464,0.9605086,-0.95071316,0.13694596,-0.2781912
1356681296604,-0.111895114,-0.9929776,-0.03840539,-0.33735862,0.0016061962,0.9413748,-0.9347024,0.11829159,-0.33516932
1356681296638,-0.08509293,-0.9940047,-0.06865835,-0.375366,-0.03185025,0.9263293,-0.9229624,0.10459608,-0.37040532
1356681296672,-0.06789374,-0.9932432,-0.09411827,-0.38775623,-0.06065023,0.9197644,-0.9192581,0.09894118,-0.38101852
1356681296709,-0.061962932,-0.9914336,-0.114978224,-0.3760586,-0.083518416,0.92282426,-0.9245218,0.10041943,-0.36766213
1356681296751,-0.06560022,-0.9891125,-0.13173115,-0.3395171,-0.10201377,0.93505156,-0.93830955,0.10606456,-0.3291285
1356681296801,-0.07328689,-0.986552,-0.14609629,-0.2876669,-0.11935288,0.95026445,-0.9549224,0.111669034,-0.2750513
1356681296838,-0.083554864,-0.98409724,-0.15675151,-0.2238195,-0.1347493,0.96527064,-0.9710424,0.11573711,-0.20900118
1356681296870,-0.09423357,-0.9820343,-0.16348886,-0.1572361,-0.14747739,0.9764872,-0.9830549,0.11772424,-0.14051396
1356681296905,-0.10359484,-0.98058224,-0.16651335,-0.094965845,-0.15689772,0.9830385,-0.9900756,0.11765081,-0.07686806
1356681296939,-0.110649765,-0.97976005,-0.1668135,-0.039460182,-0.16338086,0.98577356,-0.9930757,0.115658164,-0.02058345
1356681296972,-0.11395502,-0.979501,-0.16610801,0.011066347,-0.1684382,0.98565006,-0.9934242,0.11048165,0.030033946
1356681297011,-0.11387336,-0.980023,-0.16305688,0.052737713,-0.16985577,0.9840567,-0.9920945,0.10345861,0.071026295
1356681297061,-0.11012596,-0.98088276,-0.16044116,0.0843803,-0.17006695,0.9818132,-0.9903294,0.09458503,0.10149592
1356681297104,-0.10394603,-0.981874,-0.15848887,0.10655165,-0.16942865,0.97976565,-0.98885894,0.08495557,0.12223169
1356681297137,-0.095914245,-0.9825971,-0.15907031,0.120137215,-0.17006636,0.97808206,-0.9881131,0.0747017,0.13435829
1356681297171,-0.08712119,-0.98286813,-0.16241992,0.12709314,-0.17267358,0.97674525,-0.9880574,0.06445268,0.13995928
1356681297212,-0.078109205,-0.9825014,-0.16908592,0.12873197,-0.17812407,0.97555107,-0.9885985,0.05443269,0.1403924
1356681297251,-0.06933224,-0.9813194,-0.17945838,0.12688866,-0.187105,0.97411036,-0.989491,0.04476604,0.13749069
1356681297303,-0.061187744,-0.9791248,-0.19383168,0.123897344,-0.20014423,0.97190106,-0.99040675,0.0354532,0.13355738
1356681297337,-0.05401522,-0.9758115,-0.21183556,0.12119949,-0.21698374,0.9686221,-0.9911575,0.026646018,0.12998828
1356681297370,-0.049504697,-0.9716924,-0.2310049,0.119057,-0.23538053,0.96458364,-0.99165255,0.020248622,0.12733918
1356681297405,-0.04849547,-0.96773905,-0.2472435,0.11682576,-0.25133145,0.96082485,-0.9919677,0.017711192,0.12524527
1356681297442,-0.05062896,-0.964744,-0.25827467,0.11410558,-0.26250058,0.9581615,-0.9921777,0.019040138,0.12337279
1356681297472,-0.05812061,-0.9648743,-0.256202,0.10958475,-0.2612512,0.9590302,-0.9922768,0.027663589,0.120919585
1356681297509,-0.06797576,-0.9677824,-0.24243864,0.103648305,-0.24853611,0.96306115,-0.99228835,0.04033643,0.117203444
1356681297551,-0.07951814,-0.9734069,-0.21483934,0.09525409,-0.22195554,0.97039294,-0.9922719,0.056699514,0.11037046
1356681297594,-0.09177172,-0.98071325,-0.17256746,0.08424902,-0.18032438,0.9799925,-0.9922097,0.075396925,0.09917277
1356681297640,-0.10589689,-0.9876054,-0.11585134,0.06771129,-0.12339789,0.99004453,-0.99206907,0.096998155,0.079939485
1356681297674,-0.1195842,-0.99144244,-0.05235949,0.051394433,-0.058848977,0.996943,-0.991493,0.11652765,0.05799198
1356681297709,-0.13391823,-0.99098694,0.0032894313,0.029177904,-6.250739E-4,0.99957407,-0.9905628,0.13395718,0.028998613
1356681297751,-0.14797789,-0.9877573,0.049377024,-0.0017404258,0.050186694,0.99873835,-0.9889892,0.14770526,-0.0091456175
1356681297804,-0.15936661,-0.9839133,0.080728054,-0.04484418,0.088903725,0.9950302,-0.98620045,0.15495437,-0.058291018
1356681297840,-0.16069701,-0.98299694,0.08884528,-0.11253452,0.10767582,0.9877964,-0.98056746,0.14873776,-0.12792426
1356681297879,-0.14868897,-0.98605055,0.07480636,-0.19348174,0.10319376,0.97566175,-0.9697714,0.13059649,-0.20612651
1356681297921,-0.12187627,-0.9916008,0.043290406,-0.2757613,0.07572737,0.9582385,-0.9534683,0.10484871,-0.2826745
1356681297972,-0.0842472,-0.9964436,0.0015608668,-0.3458246,0.030707747,0.93779653,-0.93450934,0.07846695,-0.3471818
1356681298007,-0.04704821,-0.99811924,-0.03929916,-0.39284658,-0.017683506,0.91943395,-0.9183997,0.05869624,-0.39127576
1356681298045,-0.019702107,-0.9972003,-0.07213396,-0.41699392,-0.057377428,0.9070964,-0.9086957,0.047951132,-0.41469604
1356681298075,-0.009722233,-0.9959285,-0.08962077,-0.41921416,-0.07730907,0.90458983,-0.9078353,0.046364903,-0.41675574
1356681298106,-0.00969094,-0.99492913,-0.10011107,-0.4072991,-0.08750695,0.909093,-0.9132435,0.049585134,-0.4043857
1356681298143,-0.018097341,-0.9945274,-0.10289669,-0.38175994,-0.08824307,0.9200394,-0.9240843,0.055932105,-0.3780738
1356681298174,-0.03467074,-0.99465656,-0.09724301,-0.33791018,-0.07990393,0.9377804,-0.94053954,0.065372944,-0.33333427
1356681298208,-0.05507824,-0.99469566,-0.08687368,-0.2776002,-0.06832066,0.9582643,-0.9591166,0.076895654,-0.27236468
1356681298240,-0.0764913,-0.9943938,-0.0730077,-0.20050016,-0.056386232,0.97806966,-0.97670305,0.08945188,-0.19506305
1356681298281,-0.09365636,-0.9937923,-0.060044676,-0.11734584,-0.048870802,0.99188787,-0.988665,0.099942625,-0.11204034
1356681298336,-0.10437131,-0.99328613,-0.049892247,-0.03615126,-0.046343923,0.99827117,-0.99388117,0.10599452,-0.031071544
1356681298371,-0.10750848,-0.9932158,-0.04431945,0.03742814,-0.048589528,0.99811727,-0.99349934,0.105647266,0.042397976
1356681298406,-0.106663644,-0.9935543,-0.038376123,0.094804466,-0.04858315,0.9943098,-0.98976517,0.10241845,0.09937543
1356681298441,-0.10265118,-0.99406767,-0.035948545,0.13600683,-0.049826324,0.98945415,-0.9853755,0.09667942,0.14031467
1356681298473,-0.09621364,-0.9946841,-0.036694735,0.16234574,-0.052054167,0.98535997,-0.98203194,0.088847816,0.16649097
1356681298506,-0.0891037,-0.9952845,-0.03832984,0.17879874,-0.053841174,0.9824113,-0.97984254,0.08068317,0.18275315
1356681298539,-0.08158368,-0.9957669,-0.042337596,0.18630362,-0.0569669,0.9808393,-0.9790991,0.072132766,0.19016248
