1356680987324,0.08717233,0.023847014,0.9959078,0.9659687,-0.24641114,-0.07865143,0.24352717,0.96887195,-0.0445157
1356680987362,-0.11608854,-0.016451657,-0.99310267,-0.96292573,0.246999,0.10846928,0.24351087,0.9688761,-0.04451549
1356680987402,-0.11601961,-0.016499221,-0.9931099,-0.96295714,0.24690914,0.10839495,0.24341947,0.9688982,-0.044534326
1356680987448,-0.11545983,-0.016995698,-0.9931668,-0.96313477,0.24649808,0.10775018,0.24298242,0.96899426,-0.044829845
1356680987484,-0.11381397,-0.018396914,-0.9933317,-0.9635248,0.24579754,0.105846465,0.2422112,0.96914655,-0.045701027
1356680987521,-0.11075196,-0.021279186,-0.9936203,-0.9641293,0.24496129,0.10221878,0.24122337,0.9692993,-0.047645807
1356680987562,-0.105758816,-0.026516914,-0.9940382,-0.9648382,0.24463674,0.0961262,0.24062932,0.9692522,-0.051457047
1356680987602,-0.09944284,-0.03426215,-0.9944532,-0.96525896,0.24601352,0.088047564,0.24163222,0.96866065,-0.057536125
1356680987641,-0.09392017,-0.04379019,-0.99461615,-0.9650141,0.2496522,0.08013344,0.24479905,0.9673449,-0.06570554
1356680987680,-0.089624494,-0.05611962,-0.9943933,-0.96397775,0.25592825,0.07243961,0.25042802,0.9650654,-0.07703549
1356680987723,-0.08942002,-0.07090542,-0.99346685,-0.9621253,0.26405376,0.06775305,0.25752458,0.9618981,-0.091831565
1356680987760,-0.093156815,-0.089253455,-0.9916429,-0.9596369,0.2735002,0.06553358,0.26536542,0.957722,-0.111129284
1356680987801,-0.10411528,-0.10948059,-0.9885211,-0.9563663,0.2838343,0.06929335,0.27298996,0.95260274,-0.13425505
1356680987842,-0.12011802,-0.13250726,-0.9838768,-0.952442,0.2949462,0.07655725,0.28004634,0.94628143,-0.16163385
1356680987881,-0.14439848,-0.15498114,-0.97730756,-0.9472358,0.30728164,0.0912267,0.28617024,0.9389137,-0.19117469
1356680987932,-0.16472694,-0.18482134,-0.9688685,-0.94215894,0.32017812,0.09910864,0.29189312,0.929154,-0.22687298
1356680988009,-0.19516835,-0.21114543,-0.95777184,-0.9347656,0.33562383,0.116490304,0.29685467,0.91802734,-0.26287466
1356680988010,-0.22421703,-0.2343288,-0.94594747,-0.92688423,0.3510978,0.132725,0.30101877,0.906543,-0.2959178
1356680988050,-0.24346715,-0.25875315,-0.934757,-0.92074883,0.36459577,0.13889363,0.30486932,0.8944925,-0.3270138
1356680988091,-0.2553718,-0.28220424,-0.92474097,-0.9162786,0.3758998,0.13832119,0.3085751,0.8826438,-0.35457194
1356680988133,-0.25900447,-0.30528834,-0.91636,-0.91386247,0.38459206,0.1301704,0.31268525,0.87114173,-0.37860262
1356680988171,-0.25436902,-0.32747945,-0.90997446,-0.91369724,0.3897403,0.1151509,0.31694412,0.8607321,-0.39835495
1356680988211,-0.24290004,-0.34853262,-0.90527594,-0.91521364,0.3916653,0.09477472,0.32153308,0.8515417,-0.41411734
1356680988250,-0.22465657,-0.36747232,-0.902493,-0.9182675,0.38974404,0.06988937,0.32605886,0.844431,-0.42499638
1356680988281,-0.20345676,-0.38220793,-0.9014002,-0.9217369,0.3852306,0.044703186,0.33016106,0.8399491,-0.43067294
1356680988320,-0.18986386,-0.38451722,-0.90338147,-0.9232993,0.38281953,0.031105876,0.33387133,0.8399974,-0.4277081
1356680988361,-0.18358731,-0.37225693,-0.90979147,-0.92380506,0.38166624,0.030249774,0.33597603,0.84602344,-0.41396195
1356680988401,-0.186319,-0.34421334,-0.9202187,-0.92361677,0.38071376,0.04459873,0.33498845,0.85823905,-0.3888554
1356680988432,-0.19187635,-0.30952278,-0.931332,-0.92376125,0.37743342,0.06487876,0.3314344,0.872777,-0.3583457
1356680988472,-0.21132278,-0.2588873,-0.9425074,-0.92222023,0.37227094,0.10451895,0.3238095,0.89128655,-0.31742048
1356680988510,-0.24055678,-0.19595122,-0.9506501,-0.9192374,0.3604746,0.15830567,0.31166497,0.91195464,-0.26684028
1356680988541,-0.2690368,-0.13545698,-0.9535569,-0.9160934,0.34161142,0.20993939,0.29730812,0.93002856,-0.21599728
1356680988580,-0.29991516,-0.075919956,-0.9509401,-0.91216373,0.314671,0.26256326,0.27929944,0.94615984,-0.16362602
1356680988622,-0.3298597,-0.022331536,-0.9437659,-0.90801233,0.28101704,0.3107138,0.25827563,0.959443,-0.11297351
1356680988660,-0.35582638,0.020757467,-0.9343215,-0.90416586,0.24521643,0.3497898,0.23637176,0.9692461,-0.06848627
1356680988693,-0.37668103,0.052275836,-0.9248668,-0.90064424,0.21287167,0.37884772,0.21668255,0.9756807,-0.03310281
1356680988731,-0.3910545,0.07219258,-0.9175318,-0.89839864,0.18657488,0.39757985,0.19989067,0.97978467,-0.008103192
1356680988762,-0.400752,0.083556116,-0.9123684,-0.89697576,0.16707641,0.40929198,0.18663406,0.98239696,0.007991552
1356680988801,-0.40399772,0.08583379,-0.91072404,-0.897455,0.15554535,0.41277137,0.17708859,0.9840926,0.014192045
1356680988841,-0.40106523,0.0807865,-0.91248024,-0.89998996,0.15095139,0.40893984,0.17077696,0.9852346,0.012165666
1356680988882,-0.39241207,0.07112482,-0.9170355,-0.9045398,0.15095615,0.39877307,0.16679484,0.9859785,0.0050982237
1356680988912,-0.3794257,0.060354114,-0.9232516,-0.91056126,0.15257901,0.38418466,0.16405594,0.9864467,-0.002936244
1356680988947,-0.3629884,0.048866004,-0.9305115,-0.91759896,0.15489775,0.3660858,0.1620233,0.9867213,-0.011386633
1356680988976,-0.34298712,0.03790483,-0.938575,-0.92560863,0.1565836,0.34457248,0.16002634,0.9869371,-0.018621087
1356680989016,-0.3232814,0.028741717,-0.9458662,-0.93316454,0.1562978,0.32368955,0.15714023,0.9872917,-0.02370739
1356680989060,-0.3053872,0.023663044,-0.95193416,-0.93967724,0.15428698,0.30529034,0.15409511,0.98774266,-0.024881661
1356680989102,-0.29335123,0.025186032,-0.95567286,-0.94368875,0.15231377,0.29368678,0.1529589,0.98801124,-0.0209136
1356680989133,-0.28675693,0.031916678,-0.9574715,-0.945433,0.15194583,0.28821653,0.15468273,0.9878734,-0.013396442
1356680989170,-0.28835112,0.045798093,-0.95642877,-0.9438096,0.15485978,0.29196197,0.16148365,0.9868743,-0.0014292598
1356680989200,-0.29281956,0.061814785,-0.9541675,-0.940624,0.16057962,0.29906625,0.17170656,0.9850853,0.011123657
1356680989241,-0.30206764,0.081364095,-0.94980776,-0.9343526,0.17232168,0.31191418,0.18905103,0.98167455,0.023970008
1356680989330,-0.31791246,0.10558385,-0.9422228,-0.92224544,0.19614625,0.33315176,0.21998888,0.9748737,0.035016894
1356680989334,-0.33724403,0.1258628,-0.9329657,-0.908653,0.21565765,0.3575492,0.24620336,0.96832347,0.041636407
1356680989368,-0.35142732,0.13740557,-0.926077,-0.89674443,0.2347871,0.37513247,0.26897624,0.96228623,0.04070711
1356680989416,-0.36579466,0.14038149,-0.9200475,-0.8849547,0.25363714,0.3905425,0.2881832,0.95705867,0.03145212
1356680989452,-0.37631541,0.13087606,-0.91720116,-0.8751354,0.27480853,0.39826903,0.30417857,0.95255005,0.011119664
1356680989489,-0.38426292,0.11174548,-0.91643596,-0.867106,0.2971205,0.3998081,0.31696865,0.9482786,-0.017277181
1356680989523,-0.38351107,0.080114365,-0.9200548,-0.86387897,0.32112986,0.38805753,0.32654604,0.9436404,-0.053947747
1356680989566,-0.36739087,0.026982486,-0.92967516,-0.86873657,0.34701437,0.3533806,0.33214575,0.9374716,-0.104049265
1356680989589,-0.33808845,-0.041128248,-0.94021523,-0.87978244,0.3685671,0.30023527,0.3341842,0.9286909,-0.16079217
1356680989647,-0.29446977,-0.124939114,-0.9474586,-0.89613795,0.3805225,0.22834074,0.33200064,0.916293,-0.22401506
1356680989666,-0.23362961,-0.22331414,-0.94633394,-0.9164188,0.37583944,0.13755435,0.32495183,0.899375,-0.2924565
1356680989702,-0.16244383,-0.31651998,-0.9345733,-0.9347969,0.35256076,0.043077916,0.31585884,0.88063395,-0.35315317
1356680989741,-0.09439881,-0.38217735,-0.9192548,-0.94618785,0.32155073,-0.03651914,0.30954385,0.8663404,-0.39196557
1356680989779,-0.040362567,-0.41190088,-0.9103343,-0.9504913,0.29677674,-0.09214014,0.30811864,0.8615458,-0.4034869
1356680989809,0.010659009,-0.42214486,-0.90646577,-0.95110357,0.27556685,-0.13951659,0.30868807,0.86362994,-0.39856625
1356680989853,0.039809942,-0.39858747,-0.91626585,-0.9500512,0.2689762,-0.15828589,0.30954447,0.8768009,-0.3679706
1356680989893,0.06537223,-0.35463867,-0.9327154,-0.94926035,0.26605338,-0.16769111,0.30762187,0.89635205,-0.31925195
1356680989933,0.08835949,-0.29784134,-0.9505173,-0.9492898,0.2638781,-0.17093071,0.30173096,0.9174197,-0.2594216
1356680989973,0.109788716,-0.23668393,-0.96536374,-0.9500253,0.26056212,-0.17192793,0.29222986,0.9359958,-0.19624901
1356680990012,0.1270297,-0.17503184,-0.9763337,-0.9518042,0.2555173,-0.16964597,0.27916366,0.9508285,-0.13413775
1356680990105,0.13866547,-0.115234494,-0.9836122,-0.9549886,0.24743822,-0.16361871,0.2622377,0.9620267,-0.07573652
1356680990106,0.148061,-0.06562927,-0.9867982,-0.95816934,0.23759183,-0.15956706,0.24492747,0.9691455,-0.027705908
1356680990164,0.15394124,-0.027743638,-0.98769045,-0.96133196,0.22680673,-0.15620396,0.2283485,0.9735446,0.008244038
1356680990206,0.15860802,-0.0039213,-0.9873339,-0.9635813,0.21744472,-0.15565598,0.21530095,0.9760648,0.030709982
1356680990245,0.16308218,0.007869691,-0.9865811,-0.9647707,0.21051675,-0.15779766,0.20644999,0.9775585,0.041924
1356680990278,0.1672832,0.012928009,-0.9858241,-0.9653141,0.20545724,-0.16110852,0.20046186,0.9785807,0.04684916
1356680990311,0.17582193,0.0077415705,-0.98439157,-0.9644197,0.20190957,-0.1706669,0.1974369,0.9793736,0.042966217
1356680990343,0.18623677,-0.0014851987,-0.9825038,-0.9629159,0.19841501,-0.18282375,0.19521508,0.98011696,0.035522014
1356680990415,0.200023,-0.016411304,-0.9796538,-0.9608464,0.19238389,-0.19940585,0.19174212,0.9811825,0.02271241
1356680990417,0.21561068,-0.031073779,-0.97598493,-0.95842266,0.18458837,-0.21760789,0.18691745,0.9823246,0.010017365
1356680990460,0.230809,-0.044028074,-0.9720024,-0.9563979,0.17348239,-0.23496163,0.17897019,0.98385227,-0.0020670295
1356680990488,0.24715266,-0.052963972,-0.967528,-0.95361996,0.16376814,-0.25256482,0.17182711,0.98507607,-0.010031819
1356680990546,0.2618973,-0.056396484,-0.9634465,-0.95022297,0.15951493,-0.26764005,0.16877806,0.98558325,-0.0118127465
1356680990555,0.2756483,-0.057145566,-0.9595584,-0.9462241,0.15972835,-0.28133026,0.16934544,0.9855056,-0.010043621
1356680990595,0.2850082,-0.05421987,-0.95699036,-0.9419794,0.16886097,-0.29010484,0.17732775,0.9841474,-0.002947241
1356680990638,0.29024565,-0.050940305,-0.9555954,-0.9376184,0.1845752,-0.29462466,0.19138744,0.9814973,0.0058095753
1356680990702,0.28985357,-0.04925722,-0.95580256,-0.9336217,0.2051602,-0.29369998,0.21055949,0.97748804,0.013478845
1356680990716,0.27978134,-0.048443556,-0.9588407,-0.9319726,0.22612149,-0.28336576,0.23054168,0.97289383,0.018116504
1356680990787,0.2620826,-0.050331295,-0.9637321,-0.93186957,0.2463961,-0.26628587,0.2508624,0.9678614,0.01767394
1356680990826,0.23361802,-0.05540654,-0.97074854,-0.9339714,0.26486367,-0.23988464,0.2704072,0.96269274,0.010128796
1356680990847,0.19681686,-0.06592679,-0.9782213,-0.9370687,0.28082263,-0.207463,0.2883841,0.9574927,-0.006507337
1356680990882,0.1587941,-0.086842954,-0.983485,-0.93936294,0.29336733,-0.17757487,0.3039435,0.9520472,-0.0349921
1356680990939,0.13664533,-0.13141403,-0.9818648,-0.9389434,0.2987653,-0.1706591,0.3157741,0.94523525,-0.08256543
1356680991012,0.13042903,-0.19297415,-0.9724964,-0.93729824,0.2957539,-0.18439531,0.32320318,0.93556964,-0.14229947
1356680991013,0.16674712,-0.2825412,-0.9446511,-0.9309298,0.27058938,-0.24525717,0.32490778,0.9202999,-0.217906
1356680991026,0.21845597,-0.36923188,-0.9032966,-0.92080325,0.22849333,-0.31608877,0.32310727,0.9008099,-0.29007417
1356680991056,0.27579468,-0.4420086,-0.85356057,-0.90663135,0.17536479,-0.38375345,0.31930682,0.879702,-0.3523742
1356680991100,0.32333276,-0.49202907,-0.80830884,-0.89226556,0.12595466,-0.43358666,0.3151475,0.861419,-0.39829534
1356680991143,0.35012728,-0.5150622,-0.78238213,-0.8832351,0.09662068,-0.45886827,0.31193998,0.8516897,-0.4210915
1356680991183,0.35239774,-0.513121,-0.7826384,-0.8833027,0.093918085,-0.4592994,0.30918008,0.8531626,-0.42014462
1356680991215,0.34214276,-0.49609637,-0.7980143,-0.88844776,0.10571819,-0.44663662,0.30593944,0.8618074,-0.404585
1356680991253,0.30052096,-0.4547373,-0.838392,-0.9051534,0.14110088,-0.40098357,0.30064002,0.87937737,-0.36920327
1356680991291,0.23147179,-0.38696408,-0.8925691,-0.92781675,0.18807955,-0.32215258,0.29253548,0.9027097,-0.31549662
1356680991333,0.14955413,-0.3007541,-0.9419026,-0.94787407,0.22747529,-0.22313619,0.28136867,0.92617595,-0.25105715
1356680991373,0.0677754,-0.20775029,-0.97583103,-0.96141505,0.24777946,-0.11952534,0.26662228,0.94627964,-0.1829409
1356680991478,-8.7314844E-4,-0.12152699,-0.9925878,-0.96861386,0.24682945,-0.0293684,0.24856904,0.96140856,-0.11792827
1356680991479,-0.047929287,-0.052572846,-0.99746627,-0.97214866,0.23181283,0.034494728,0.22941202,0.97133875,-0.062219262
1356680991503,-0.075448245,-0.0021887422,-0.9971473,-0.97459304,0.21165743,0.073277175,0.21089327,0.9773415,-0.018102288
1356680991539,-0.08559337,0.03066811,-0.99585795,-0.9770924,0.19288477,0.08992055,0.1948435,0.980742,0.013455987
1356680991577,-0.08145213,0.048645437,-0.99548936,-0.97986585,0.17876804,0.08890951,0.18228671,0.98268795,0.033105016
1356680991640,-0.06708339,0.055296123,-0.9962139,-0.9826974,0.16910496,0.075559616,0.17264283,0.9840456,0.042995274
1356680991677,-0.044609874,0.052731276,-0.99761176,-0.9853215,0.16238865,0.052643776,0.16477677,0.9853169,0.04471308
1356680991726,-0.010008752,0.03800878,-0.9992273,-0.9875591,0.15644783,0.015842915,0.15692914,0.98695457,0.03597009
1356680991756,0.031873524,0.01780197,-0.9993334,-0.98829055,0.14983058,-0.028852195,0.14921704,0.9885514,0.022369206
1356680991820,0.07435197,-0.003050983,-0.99722743,-0.9868869,0.14344096,-0.07401988,0.14326909,0.9896542,0.0076541305
1356680991852,0.112140715,-0.018363535,-0.99352264,-0.9835164,0.14066994,-0.11361128,0.1418451,0.9898862,-0.002286017
1356680991900,0.14026237,-0.026295364,-0.98976517,-0.9789651,0.14591163,-0.14260831,0.14816824,0.9889481,-0.005276382
1356680991929,0.16313508,-0.030305713,-0.98613816,-0.9737463,0.15589467,-0.16587594,0.1587606,0.9873086,-0.00407815
1356680991967,0.17909819,-0.03135237,-0.9833315,-0.9679214,0.17340589,-0.18182027,0.17621595,0.9843513,7.1007013E-4
1356680992067,0.18898946,-0.032419205,-0.9814439,-0.96238804,0.19253081,-0.19167969,0.19517234,0.9807552,0.0051864088
1356680992068,0.19308054,-0.034287184,-0.98058355,-0.95753276,0.21151716,-0.19593763,0.21412835,0.97677267,0.008008778
1356680992069,0.19384676,-0.039811343,-0.98022366,-0.95249856,0.23158914,-0.19776982,0.2348826,0.97199875,0.0069725513
1356680992108,0.18337235,-0.045416266,-0.98199385,-0.9496082,0.25012717,-0.18889299,0.2542022,0.96714723,0.0027387142
1356680992137,0.1759783,-0.06013921,-0.98255527,-0.9456426,0.26696974,-0.18570751,0.27348086,0.9618266,-0.009889305
1356680992181,0.16513395,-0.08318132,-0.9827571,-0.9422386,0.28110343,-0.18211839,0.2914053,0.95606565,-0.03195697
1356680992220,0.16069953,-0.11921123,-0.9797777,-0.9381335,0.29004222,-0.18915918,0.3067268,0.94956005,-0.065226436
1356680992260,0.17462957,-0.17366472,-0.96919817,-0.93190444,0.28864598,-0.21963066,0.31789726,0.941554,-0.11143279
1356680992301,0.22081238,-0.2520987,-0.94217205,-0.9204024,0.26570922,-0.28680664,0.32264736,0.93050784,-0.17336035
1356680992341,0.29256284,-0.3399301,-0.8937866,-0.90103996,0.21499133,-0.3767038,0.32020932,0.91554695,-0.24339211
1356680992382,0.37604803,-0.42034608,-0.8257706,-0.87300414,0.13797158,-0.4677901,0.31056657,0.8968127,-0.31507993
1356680992424,0.4473713,-0.47371075,-0.7585889,-0.8427969,0.06051129,-0.5348194,0.29925287,0.8785992,-0.37217093
1356680992465,0.49652922,-0.49965334,-0.7097925,-0.81804335,0.0041009225,-0.57514197,0.2902824,0.86621577,-0.40670183
1356680992503,0.52823687,-0.50511914,-0.6825104,-0.79980046,-0.026100367,-0.5996983,0.28510535,0.8626549,-0.4177817
1356680992537,0.549997,-0.49939778,-0.6694066,-0.7861661,-0.03907326,-0.61677897,0.28186214,0.8654913,-0.41409978
1356680992560,0.5589998,-0.4841647,-0.67312986,-0.7807827,-0.034101907,-0.6238714,0.2791015,0.8743121,-0.39709035
1356680992601,0.5425148,-0.44920468,-0.70985407,-0.7937547,0.002521839,-0.60823286,0.27501118,0.89342535,-0.3551902
1356680992640,0.5179371,-0.40130132,-0.75544584,-0.81180185,0.047810197,-0.5819724,0.2696643,0.91469747,-0.30101445
1356680992680,0.48233616,-0.34123057,-0.8067921,-0.8356752,0.096934676,-0.540602,0.26267606,0.93496805,-0.23840281
1356680992720,0.44163522,-0.27395716,-0.8543453,-0.86066604,0.13958654,-0.48966292,0.2534018,0.95155835,-0.17413929
1356680992760,0.4021511,-0.2065404,-0.8919728,-0.88314646,0.16947325,-0.437414,0.24150911,0.9636492,-0.114251524
1356680992799,0.3699394,-0.14588493,-0.91753054,-0.9008123,0.18533708,-0.39266688,0.22733662,0.97178584,-0.06285146
1356680992840,0.34978265,-0.09724519,-0.9317701,-0.91248703,0.18989648,-0.36236262,0.2121779,0.9769763,-0.022312462
1356680992880,0.34175587,-0.06194523,-0.93774503,-0.9188838,0.18726529,-0.3472523,0.19711775,0.98035425,0.0070785284
1356680992920,0.34441763,-0.03935331,-0.9379913,-0.92071533,0.18109173,-0.3456718,0.18346578,0.98267853,0.026137978
1356680992961,0.35550267,-0.02823919,-0.93424857,-0.9187178,0.1733532,-0.35483268,0.17197517,0.98445475,0.03568369
1356680993000,0.37124667,-0.025687307,-0.92817885,-0.9141829,0.16495809,-0.37021378,0.16262037,0.98596597,0.037757277
1356680993039,0.38944098,-0.030002117,-0.9205626,-0.9080343,0.1549339,-0.38919044,0.15430292,0.9874692,0.033094645
1356680993084,0.40761438,-0.038593054,-0.91233826,-0.9013621,0.14304045,-0.40876126,0.14627662,0.9889641,0.02351904
1356680993110,0.42248103,-0.04729861,-0.9051368,-0.8955599,0.13200352,-0.42490894,0.13957891,0.99012023,0.013410211
1356680993149,0.43651184,-0.05755651,-0.8978556,-0.8894185,0.122822315,-0.44028345,0.13561791,0.9907583,0.002421558
1356680993190,0.44900763,-0.06779617,-0.8909522,-0.8830394,0.118661925,-0.45404935,0.13650498,0.9906175,-0.0065866113
1356680993229,0.45984235,-0.0773201,-0.88462794,-0.8763297,0.1214681,-0.4661456,0.14349648,0.9895792,-0.011901706
1356680993270,0.46971112,-0.08701208,-0.8785217,-0.86875284,0.13138288,-0.4775008,0.15697107,0.9875057,-0.013880014
1356680993309,0.47930962,-0.0986819,-0.8720804,-0.8597617,0.14677839,-0.48914802,0.17627257,0.9842347,-0.014490634
1356680993349,0.48837757,-0.11346206,-0.86522466,-0.8494692,0.16511738,-0.50113714,0.19972366,0.97972584,-0.015742898
1356680993390,0.4958681,-0.1313611,-0.85840505,-0.8388206,0.18333274,-0.5126102,0.22471088,0.9742348,-0.01927957
1356680993430,0.5008221,-0.15197778,-0.85210323,-0.8291059,0.19842498,-0.5226958,0.24851668,0.9682615,-0.026630014
1356680993472,0.5041574,-0.17664456,-0.8453531,-0.82043934,0.207654,-0.53269047,0.26963782,0.96212083,-0.040235847
1356680993510,0.50454235,-0.20407075,-0.8389232,-0.81436545,0.21026883,-0.54092145,0.2867856,0.95610785,-0.06009862
1356680993550,0.5080646,-0.23817834,-0.8277326,-0.8074722,0.20274806,-0.55396897,0.29976457,0.9498232,-0.08931327
1356680993590,0.5181126,-0.28106448,-0.80781317,-0.79769754,0.18198532,-0.5749433,0.3086063,0.942276,-0.1299156
1356680993631,0.5400728,-0.33337244,-0.77277696,-0.78120387,0.1430381,-0.60766816,0.31311634,0.9318814,-0.18318087
1356680993671,0.57680124,-0.391413,-0.717005,-0.75467503,0.08063668,-0.6511247,0.31267557,0.9166753,-0.24887824
1356680993710,0.6213019,-0.44249833,-0.64666784,-0.7205312,0.0016842782,-0.69342047,0.30792657,0.8967678,-0.3177874
1356680993753,0.6662375,-0.47854722,-0.57194424,-0.68253267,-0.08228731,-0.7262079,0.30046102,0.87419754,-0.381447
1356680993803,0.7055279,-0.49479616,-0.50735307,-0.64468193,-0.15080106,-0.7494293,0.29430532,0.85582465,-0.42538047
1356680993845,0.73949564,-0.49327236,-0.45807055,-0.60669154,-0.19353342,-0.77101886,0.29167035,0.84807265,-0.4423813
1356680993882,0.76514065,-0.4799678,-0.42917436,-0.5741923,-0.20707321,-0.79210085,0.2913124,0.85249716,-0.434034
1356680993923,0.7824847,-0.4582879,-0.42153275,-0.55055195,-0.19296259,-0.81219333,0.29087836,0.86760455,-0.4033016
1356680993963,0.7917918,-0.42967325,-0.43410432,-0.5384655,-0.1555683,-0.8281626,0.28830647,0.88948256,-0.35454196
1356680994005,0.7904729,-0.39302367,-0.46977118,-0.5439286,-0.09782916,-0.83340937,0.28159228,0.91430956,-0.29110813
1356680994043,0.77990955,-0.34955713,-0.51918286,-0.56440055,-0.03422591,-0.8247912,0.27054214,0.93628967,-0.22398336
1356680994085,0.75336933,-0.29686612,-0.5867752,-0.60641485,0.0315046,-0.79452395,0.25435334,0.9543992,-0.15628941
1356680994123,0.71909523,-0.24089456,-0.651822,-0.65356463,0.084276825,-0.75216395,0.23612566,0.96688527,-0.09683709
1356680994164,0.6819526,-0.18691832,-0.7071083,-0.6985125,0.12018638,-0.7054328,0.21684307,0.97499573,-0.048603356
1356680994203,0.6549171,-0.14290643,-0.7420656,-0.7291187,0.13865933,-0.6701937,0.19866931,0.9799752,-0.013385385
1356680994306,0.64383686,-0.11283171,-0.7567979,-0.74302036,0.14402395,-0.6535885,0.18274257,0.9831206,0.008891657
1356680994307,0.6529062,-0.099187195,-0.7509164,-0.7381692,0.13887554,-0.66016656,0.16976404,0.98533016,0.017455757
1356680994339,0.6736861,-0.0953739,-0.73283756,-0.72146535,0.12996113,-0.68014544,0.16010848,0.9869215,0.018744066
1356680994386,0.6955321,-0.09636152,-0.71200395,-0.7020834,0.119441755,-0.7020062,0.1526894,0.98815393,0.015421748
1356680994419,0.7210609,-0.10426748,-0.68498135,-0.6773851,0.101766914,-0.7285554,0.14567307,0.9893289,0.0027509183
1356680994468,0.743384,-0.11185652,-0.65944546,-0.6541154,0.084328234,-0.75167936,0.1396901,0.9901398,-0.010478795
1356680994500,0.76002216,-0.1180135,-0.6390924,-0.63563883,0.06987364,-0.76881784,0.13538659,0.9905506,-0.021908447
1356680994535,0.77227145,-0.12296082,-0.6232796,-0.6211814,0.059481263,-0.78140616,0.1331558,0.9906274,-0.030445293
1356680994564,0.7820091,-0.12772524,-0.6100393,-0.60860085,0.05459556,-0.79159606,0.13441224,0.9903058,-0.03503947
1356680994601,0.7899914,-0.13306956,-0.5985033,-0.5970219,0.05525026,-0.8003202,0.13956575,0.98956555,-0.035798207
1356680994653,0.8008144,-0.14397696,-0.58134925,-0.5787462,0.063735485,-0.8130133,0.15410775,0.9875264,-0.032285824
1356680994690,0.81231177,-0.16027221,-0.56076944,-0.55651915,0.07460719,-0.82747823,0.1744592,0.9842493,-0.028590247
1356680994749,0.82712203,-0.18280312,-0.5314623,-0.52549636,0.08379474,-0.84665936,0.19930571,0.9795721,-0.026753888
1356680994781,0.84532905,-0.21007535,-0.4912099,-0.4842808,0.08693251,-0.87058306,0.22559014,0.9738127,-0.028248876
1356680994814,0.87199557,-0.24341366,-0.42470405,-0.41935238,0.07610756,-0.9046276,0.2525219,0.9669319,-0.035710633
1356680994849,0.90948606,-0.28053796,-0.30681175,-0.3087138,0.038550466,-0.95037335,0.27844352,0.95906836,-0.051544823
1356680994890,0.94836706,-0.3077637,-0.07669047,-0.09692039,-0.050970376,-0.9939861,0.30200392,0.9500966,-0.0781672
1356680994930,0.9099429,-0.27228236,0.31283572,0.2614233,-0.20901674,-0.9423215,0.32196543,0.93924135,-0.119012356
1356680994971,0.7502233,-0.15137185,0.6436238,0.5690809,-0.347762,-0.7451232,0.33661857,0.9252828,-0.17475632
1356680995016,0.6650723,-0.05267304,0.74491894,0.6627721,-0.418012,-0.6212883,0.34411022,0.90691316,-0.24309799
1356680995050,0.68594867,-0.0077455044,0.7276087,0.64130205,-0.4660334,-0.6095446,0.34381115,0.88473326,-0.3147078
1356680995116,0.73981863,0.0051294267,0.67278683,0.5821558,-0.50618047,-0.6362986,0.3372877,0.8624123,-0.37746787
1356680995133,0.7728527,0.01343891,0.6344431,0.5424026,-0.532937,-0.649444,0.32939035,0.84604824,-0.4191711
1356680995169,0.7700696,0.034395784,0.6370319,0.55074584,-0.5398127,-0.636617,0.32198098,0.84108216,-0.43463668
1356680995206,0.71964014,0.07844001,0.6899023,0.6188907,-0.52292055,-0.586113,0.31478938,0.84876454,-0.42486042
1356680995251,0.5357065,0.18252999,0.82444,0.786741,-0.4625052,-0.40881234,0.30668724,0.8676242,-0.3913709
1356680995290,-0.07094097,0.3755431,0.92408586,0.9521276,-0.2506777,0.17496762,0.29735562,0.8922601,-0.33978164
1356680995330,-0.75571865,0.39320958,0.52371335,0.58904904,0.05864525,0.80596656,0.2862004,0.91757673,-0.27593905
1356680995370,-0.9300131,0.3117633,0.1946261,0.24704683,0.1382199,0.959095,0.2721094,0.9400526,-0.2055664
1356680995410,-0.96462005,0.26167554,0.03215862,0.06654228,0.123618245,0.99009633,0.2551086,0.9572066,-0.13665718
1356680995450,-0.97049874,0.23129913,-0.0680659,-0.048377216,0.089758635,0.994788,0.23620309,0.96873325,-0.07592112
1356680995490,-0.96634334,0.21055178,-0.14781213,-0.13833313,0.059142053,0.9886183,0.21689728,0.9757921,-0.02802527
1356680995531,-0.9543664,0.19451533,-0.22660215,-0.22311465,0.03995198,0.97397316,0.19850592,0.9800855,0.005270362
1356680995570,-0.93235576,0.18152624,-0.3126673,-0.3119163,0.0334242,0.9495214,0.1828137,0.9828179,0.0254578
1356680995611,-0.8952109,0.16912138,-0.41230503,-0.411682,0.04040444,0.9104315,0.17063239,0.9847667,0.033453643
1356680995649,-0.8301881,0.15393381,-0.53580964,-0.5334655,0.059713602,0.84371126,0.1618708,0.9862751,0.03254491
1356680995690,-0.7147148,0.12902328,-0.68741226,-0.68192506,0.08987695,0.7258791,0.15543786,0.98756015,0.023747802
1356680995730,-0.5166327,0.08662334,-0.85181403,-0.8430213,0.12246418,0.5237535,0.14968598,0.9886855,0.009756327
1356680995770,-0.25931674,0.0325453,-0.96524376,-0.9549831,0.14046866,0.26129636,0.14409047,0.98955,-0.005345702
1356680995809,-0.03576094,-0.0127877,-0.99927855,-0.9894489,0.14093083,0.033605725,0.14039946,0.9899368,-0.017692566
1356680995850,0.105939895,-0.04004675,-0.9935658,-0.98421437,0.13823399,-0.11051446,0.14177027,0.98958963,-0.024770081
1356680995892,0.17577982,-0.052519172,-0.9830276,-0.9728434,0.14348578,-0.18162465,0.15058926,0.9882579,-0.025871038
1356680995930,0.19285521,-0.055168957,-0.97967505,-0.9672258,0.15737513,-0.19926685,0.16516984,0.98599666,-0.023010194
1356680995972,0.17067468,-0.05039701,-0.98403776,-0.96763,0.17985773,-0.17704028,0.18590915,0.98240083,-0.018068552
1356680996010,0.10493761,-0.036759347,-0.9937992,-0.9723048,0.2060569,-0.11028981,0.20883334,0.97784936,-0.014118195
1356680996041,0.009095609,-0.014783561,-0.9998493,-0.9728406,0.23115063,-0.012267619,0.23129714,0.9728056,-0.01227957
1356680996080,-0.09301424,0.009269983,-0.9956217,-0.96249557,0.25511557,0.09229478,0.2548541,0.96686614,-0.014807045
1356680996120,-0.21338058,0.03736949,-0.97625417,-0.93664044,0.27631676,0.21529913,0.27780098,0.9603398,-0.023958802
1356680996160,-0.33089757,0.062274903,-0.9416096,-0.8954179,0.29425597,0.33412609,0.29788196,0.95369554,-0.041606545
1356680996190,-0.43284088,0.082636684,-0.89767474,-0.8450197,0.30965042,0.43595693,0.31399137,0.94725275,-0.064199746
1356680996231,-0.46695626,0.06453624,-0.8819223,-0.8228141,0.33363003,0.4600739,0.32392722,0.94049245,-0.102689326
1356680996270,-0.45906663,0.013471603,-0.8882997,-0.825978,0.3617158,0.43234485,0.32713643,0.9321911,-0.1549244
1356680996311,-0.38917106,-0.08600396,-0.9171418,-0.8630295,0.3821422,0.3303746,0.3220651,0.9200927,-0.22294265
1356680996351,-0.2772227,-0.21051624,-0.93745965,-0.9090514,0.37337554,0.18497655,0.31108397,0.9034786,-0.2948783
1356680996392,-0.15368734,-0.3274031,-0.93230224,-0.9422345,0.3327369,0.038475126,0.29761449,0.88436043,-0.3596279
1356680996433,-0.057842746,-0.40649882,-0.91181844,-0.9564024,0.284463,-0.06614578,0.28626674,0.86823934,-0.40523058
1356680996471,-0.0010197163,-0.4443028,-0.8958761,-0.9602015,0.25065923,-0.12321958,0.27930647,0.86009586,-0.42687583
1356680996513,0.012166768,-0.44350615,-0.89618874,-0.96114683,0.2419909,-0.13280514,0.27576935,0.8629848,-0.42333025
1356680996553,-0.0027157366,-0.41275197,-0.91083944,-0.96206695,0.24955711,-0.11021972,0.27279988,0.8759892,-0.3977728
1356680996592,-0.034381583,-0.3581877,-0.9330163,-0.9627737,0.26232088,-0.06522763,0.26811337,0.8960409,-0.35387272
1356680996633,-0.06862289,-0.2898261,-0.95461607,-0.9629578,0.26935977,-0.012556404,0.26077428,0.91839325,-0.29757452
1356680996675,-0.10057354,-0.2144041,-0.9715533,-0.9630053,0.26635963,0.04090792,0.25001177,0.9397252,-0.23326105
1356680996713,-0.11825785,-0.1460225,-0.98218757,-0.9643704,0.2526239,0.07855487,0.23665327,0.9564824,-0.17069453
1356680996792,-0.12879351,-0.08600801,-0.9879346,-0.9668347,0.232456,0.105805546,0.22055122,0.9687966,-0.11309439
1356680996793,-0.12968308,-0.03920749,-0.99078,-0.9703667,0.21048301,0.11868188,0.20388922,0.97681093,-0.06534171
1356680996825,-0.12501737,-0.005320072,-0.9921403,-0.97411555,0.19047853,0.121724695,0.18833384,0.98167694,-0.028995454
1356680996873,-0.11624077,0.016386092,-0.99308586,-0.97772706,0.17403182,0.11731458,0.1747509,0.98460364,-0.0042084455
1356680996923,-0.10145816,0.024787277,-0.99453104,-0.98136103,0.16150942,0.10413998,0.16320744,0.9865598,0.007938862
1356680996958,-0.08216244,0.023423553,-0.9963436,-0.9846606,0.1524958,0.08478418,0.15392411,0.9880265,0.010534883
1356680997008,-0.061967254,0.017394304,-0.9979266,-0.98730206,0.14546025,0.06384292,0.14626917,0.9892112,0.008159637
1356680997033,-0.037287474,0.0037833154,-0.9992974,-0.9895793,0.13903284,0.037451237,0.13907683,0.9902805,-0.0014402866
1356680997065,-0.012208581,-0.011018097,-0.99986476,-0.9910713,0.13290805,0.010636628,0.13277286,0.9910671,-0.012542307
1356680997099,0.0103569925,-0.024486572,-0.99964654,-0.9916401,0.12833527,-0.013417691,0.12861848,0.9914285,-0.022952735
1356680997135,0.028734326,-0.034460813,-0.9989928,-0.9911531,0.12856972,-0.032943934,0.12957546,0.9911015,-0.03046155
1356680997166,0.0419572,-0.040762484,-0.99828756,-0.99004906,0.1326325,-0.047026664,0.13432232,0.99032676,-0.034792006
1356680997202,0.04909876,-0.043539494,-0.99784446,-0.9884776,0.14110103,-0.05479461,0.1431826,0.98903733,-0.036109924
1356680997270,0.049325466,-0.042685837,-0.9978702,-0.9858358,0.1582638,-0.055500627,0.16029584,0.9864738,-0.034274817
1356680997271,0.040778607,-0.040447384,-0.9983492,-0.98283005,0.1783292,-0.04736963,0.17995083,0.9831393,-0.032480955
1356680997340,0.028910577,-0.039352268,-0.9988071,-0.9780437,0.20519716,-0.03639409,0.20638454,0.9779291,-0.03255582
1356680997341,0.006828338,-0.037124813,-0.99928725,-0.97245127,0.23260441,-0.015286475,0.23300609,0.97186255,-0.034513712
1356680997375,-0.015687764,-0.038311064,-0.9991427,-0.9649572,0.26235813,0.0050911605,0.26193815,0.9642098,-0.04108429
1356680997420,-0.042827785,-0.04355651,-0.9981326,-0.95590097,0.29232657,0.028259158,0.29054978,0.95532614,-0.05415541
1356680997459,-0.068748,-0.05716014,-0.99599516,-0.9462019,0.3201542,0.046937466,0.31618905,0.94563943,-0.076094985
1356680997499,-0.08585423,-0.08543646,-0.9926377,-0.9377353,0.34350556,0.051540107,0.33657318,0.93525636,-0.10960817
1356680997540,-0.08669558,-0.13531077,-0.98700297,-0.9328438,0.35878947,0.032750994,0.3496947,0.92355895,-0.15732926
1356680997580,-0.06681107,-0.20982921,-0.97545266,-0.9329356,0.3597902,-0.013495326,0.35379004,0.9091329,-0.21979511
1356680997620,-0.028710216,-0.30150887,-0.953031,-0.9369254,0.3403776,-0.07945964,0.3483482,0.89063764,-0.29226363
1356680997660,0.017370641,-0.39218566,-0.9197221,-0.94185853,0.302297,-0.14669347,0.33556032,0.8687962,-0.36413234
1356680997700,0.058839545,-0.46292362,-0.88444316,-0.9455023,0.25838822,-0.19814375,0.32025507,0.8479017,-0.42249185
1356680997758,0.08838895,-0.50443536,-0.8589134,-0.9475326,0.22335258,-0.22868231,0.307196,0.8340615,-0.45822704
1356680997782,0.10476583,-0.5160549,-0.85012436,-0.9487826,0.20432895,-0.24095875,0.29805294,0.83182746,-0.46821725
1356680997820,0.112282544,-0.5030768,-0.8569168,-0.94992113,0.198742,-0.24114597,0.29162028,0.84107983,-0.45556802
1356680997866,0.10849944,-0.463568,-0.87939334,-0.9520458,0.20611057,-0.22611353,0.2860712,0.86175585,-0.41897506
1356680997914,0.10536547,-0.41060394,-0.90570545,-0.9540897,0.21504857,-0.20848706,0.2803762,0.8860917,-0.3690943
1356680997947,0.096149206,-0.3416071,-0.93491167,-0.95720637,0.2258488,-0.18096486,0.27296752,0.9123031,-0.3052733
1356680997997,0.09170914,-0.27164048,-0.95801926,-0.9602975,0.23042762,-0.15726358,0.26347318,0.934406,-0.23972332
1356680998043,0.085015476,-0.20051777,-0.97599435,-0.9643134,0.22994703,-0.13124052,0.25074303,0.9523219,-0.17381287
1356680998070,0.08032116,-0.13510019,-0.987571,-0.9686033,0.22328433,-0.10932392,0.23527884,0.96534556,-0.1129241
1356680998101,0.07897201,-0.08067593,-0.9936069,-0.9726436,0.21219674,-0.0945352,0.21846685,0.97389114,-0.06171131
1356680998137,0.08112645,-0.039482296,-0.9959215,-0.97599596,0.19947714,-0.08741143,0.20211479,0.9791068,-0.022351682
1356680998165,0.085161895,-0.009633124,-0.99632055,-0.97858137,0.18728527,-0.08545643,0.18741935,0.9822584,0.0065227747
1356680998209,0.09391415,0.006123036,-0.99556154,-0.98033035,0.17492336,-0.09140161,0.17358738,0.9845631,0.02243036
1356680998253,0.10901585,0.00791204,-0.99400866,-0.9809023,0.16289541,-0.10628191,0.1610786,0.9866117,0.025519073
1356680998296,0.12896764,-6.287992E-4,-0.9916486,-0.9801675,0.15164858,-0.1275706,0.15046233,0.9884342,0.018941462
1356680998322,0.14953128,-0.0129341185,-0.9886724,-0.97850215,0.14170173,-0.14984688,0.14203474,0.9898249,0.0085327625
1356680998364,0.16982734,-0.02784726,-0.98508024,-0.9759251,0.13406247,-0.1720388,0.13685307,0.9905815,-0.004409373
1356680998404,0.18735754,-0.04081458,-0.9814435,-0.9726339,0.13205445,-0.19116744,0.13740644,0.99040186,-0.014956266
1356680998447,0.19997883,-0.049306065,-0.9785589,-0.96878123,0.13941264,-0.2050052,0.14653149,0.98900616,-0.019887239
1356680998483,0.20661303,-0.05363244,-0.9769517,-0.96496814,0.15384999,-0.21252465,0.16170225,0.9866376,-0.019966215
1356680998544,0.20687973,-0.05507782,-0.9768148,-0.9611443,0.17506665,-0.21343207,0.18276304,0.9830148,-0.016719967
1356680998563,0.19904447,-0.054746926,-0.9784601,-0.9580514,0.19921207,-0.20603913,0.20620108,0.9784259,-0.012798309
1356680998604,0.18336949,-0.05354771,-0.9815846,-0.95529425,0.22586706,-0.1907798,0.23192352,0.97268534,-0.009736717
1356680998643,0.15486324,-0.050512046,-0.9866438,-0.9541073,0.2514574,-0.16262993,0.2563136,0.9665494,-0.009252369
1356680998681,0.118463695,-0.0490053,-0.99174833,-0.95298946,0.2749104,-0.1274181,0.27888605,0.96022016,-0.014134645
1356680998723,0.074631095,-0.05191496,-0.99585897,-0.95136595,0.29560924,-0.086707145,0.29888648,0.95389736,-0.027328491
1356680998755,0.02754268,-0.060106307,-0.9978119,-0.9484681,0.31365052,-0.045074403,0.31567347,0.9476342,-0.048370183
1356680998793,-0.002755791,-0.0888046,-0.99604523,-0.94471145,0.32682815,-0.026525378,0.3278912,0.9409023,-0.084795415
1356680998831,-0.008087993,-0.14754048,-0.98902285,-0.94284785,0.33061534,-0.04161012,0.33312532,0.93216157,-0.14178222
1356680998874,0.012353495,-0.23087847,-0.9729042,-0.94377184,0.31877184,-0.0876309,0.33036652,0.9192822,-0.21395868
1356680998915,0.050814584,-0.32100734,-0.94571257,-0.9455464,0.28936648,-0.14902657,0.32149616,0.9017878,-0.2888233
1356680998957,0.08747348,-0.39261147,-0.9155351,-0.94630563,0.2543744,-0.19949749,0.3112137,0.88382685,-0.34927946
1356680998993,0.10561231,-0.43054718,-0.8963677,-0.9469221,0.23168084,-0.22285068,0.30361897,0.87232625,-0.38322634
1356680999036,0.09505342,-0.42923158,-0.8981787,-0.9494142,0.23218225,-0.21143341,0.29929504,0.8728411,-0.3854488
1356680999073,0.06784955,-0.40139735,-0.9133874,-0.95282626,0.24539205,-0.17861924,0.29583535,0.88241875,-0.36581224
1356680999116,0.016508162,-0.3421464,-0.93950164,-0.95674574,0.2675534,-0.114248425,0.29045653,0.9007503,-0.32293034
1356680999154,-0.03488162,-0.273227,-0.96131694,-0.95860696,0.28113493,-0.045121342,0.28258812,0.9199512,-0.27172375
1356680999195,-0.11248359,-0.18920222,-0.97547424,-0.9561206,0.28787568,0.054415733,0.27051973,0.9387919,-0.2132814
1356680999233,-0.13491198,-0.12445757,-0.98301023,-0.9573903,0.27203628,0.09695363,0.2553479,0.9542047,-0.15585548
1356680999271,-0.15865922,-0.06567928,-0.9851464,-0.95823884,0.25068092,0.13761291,0.23791906,0.96583915,-0.10270929
1356680999314,-0.179517,-0.016987652,-0.9836081,-0.9588345,0.22664401,0.17108133,0.22002265,0.9738295,-0.05697483
1356680999367,-0.19547105,0.020309985,-0.98049915,-0.95975363,0.20161402,0.19551149,0.20165324,0.9792545,-0.01991713
1356680999407,-0.20359284,0.044548213,-0.97804165,-0.96133345,0.18011498,0.20831874,0.18544018,0.98263633,0.0061555505
1356680999435,-0.20291936,0.055984944,-0.97759366,-0.96412945,0.16303456,0.20946133,0.17110825,0.98503065,0.020893812
1356680999476,-0.1921838,0.05473414,-0.9798314,-0.9685652,0.1501165,0.19835964,0.15794593,0.9871521,0.024163604
1356680999519,-0.17213887,0.043050766,-0.98413146,-0.9742441,0.14028472,0.17654616,0.14565906,0.9891748,0.017793536
1356680999571,-0.14524776,0.024362624,-0.9890954,-0.9801802,0.13258123,0.14720416,0.13472182,0.99087274,0.004622638
1356680999603,-0.11724457,0.005949676,-0.99308515,-0.98487073,0.12779334,0.117040396,0.127606,0.9917829,-0.009123445
1356680999642,-0.09277764,-0.008153528,-0.9956535,-0.987478,0.12889323,0.090960264,0.12759137,0.99162495,-0.020009875
1356680999685,-0.07380468,-0.016246676,-0.99714035,-0.9880409,0.13692439,0.07090017,0.13538092,0.99044824,-0.026158035
1356680999720,-0.06200251,-0.018452317,-0.99790543,-0.9866251,0.15215185,0.05848819,0.15075392,0.98818487,-0.02763927
1356680999763,-0.05780393,-0.016477406,-0.99819195,-0.98344827,0.17292535,0.054095626,0.17172134,0.9847971,-0.026200473
1356680999803,-0.06218618,-0.0116377175,-0.9979967,-0.9783704,0.198372,0.058650047,0.19729209,0.9800577,-0.023721993
1356680999846,-0.07719022,-0.0046152472,-0.9970057,-0.9713128,0.2259478,0.07415509,0.22492898,0.9741285,-0.02192378
1356680999884,-0.10248965,0.0037828386,-0.9947269,-0.9622357,0.25314343,0.1001046,0.25218725,0.9674214,-0.022304595
1356680999926,-0.13221046,0.008462578,-0.99118555,-0.95091844,0.28116044,0.12923989,0.27977586,0.95962346,-0.029125154
1356680999963,-0.16924039,0.008426875,-0.98553884,-0.93737936,0.30749825,0.16359952,0.30443013,0.9515114,-0.04414195
1356681000036,-0.19416824,-0.0126161575,-0.98088723,-0.9254462,0.3339835,0.17889783,0.3253432,0.9424945,-0.076524615
1356681000046,-0.19590989,-0.07215962,-0.9779633,-0.91899633,0.3614733,0.15742582,0.34214783,0.929586,-0.13713062
1356681000079,-0.19324082,-0.14064443,-0.97101855,-0.91457057,0.38417876,0.12636194,0.35527262,0.91248333,-0.20286828
1356681000123,-0.16465737,-0.23173457,-0.95874244,-0.91638035,0.39551204,0.06178403,0.3648767,0.8887459,-0.27748102
1356681000155,-0.13073333,-0.31605607,-0.93969,-0.9193453,0.39342678,-0.0044225156,0.37109694,0.8633214,-0.34199864
1356681000193,-0.10549201,-0.37602964,-0.92058307,-0.9212024,0.38560086,-0.051943004,0.37450975,0.84256375,-0.38707727
1356681000236,-0.10261266,-0.39669207,-0.9121984,-0.9215348,0.3831572,-0.06296247,0.37449214,0.8341618,-0.4048823
1356681000278,-0.11843793,-0.3822256,-0.9164475,-0.9213233,0.38650745,-0.04213378,0.3703184,0.8393543,-0.3979305
1356681000310,-0.14975144,-0.33655965,-0.92967856,-0.9205184,0.39063913,0.0068578124,0.36086074,0.85681313,-0.36830813
1356681000350,-0.18522063,-0.27165458,-0.94440305,-0.91966593,0.3865606,0.06917614,0.34627703,0.8813482,-0.3214305
1356681000390,-0.2158525,-0.20054516,-0.95560944,-0.91985476,0.37004948,0.13011733,0.3275284,0.90710807,-0.2643485
1356681000431,-0.2383827,-0.13178742,-0.962188,-0.9220042,0.3419546,0.18159083,0.30509317,0.9304296,-0.20302463
1356681000470,-0.24952129,-0.074569166,-0.9654939,-0.9266775,0.30778983,0.21571776,0.28108332,0.9485277,-0.14590162
1356681000510,-0.2526622,-0.029526412,-0.96710384,-0.9329538,0.2723455,0.23542535,0.25643513,0.96174634,-0.09635818
1356681000550,-0.24872759,0.0027895868,-0.96856946,-0.93988717,0.24087599,0.24205574,0.23398036,0.97055185,-0.057290614
1356681000590,-0.2405439,0.024062544,-0.97034,-0.9465233,0.21563798,0.23998722,0.21501687,0.97617686,-0.029094696
1356681000631,-0.2293517,0.035752118,-0.9726869,-0.952596,0.19698787,0.23185492,0.19989681,0.97975385,-0.011122167
1356681000671,-0.21602225,0.03909582,-0.97560537,-0.9581343,0.18381965,0.21952003,0.1879178,0.9821822,-0.0022500753
1356681000710,-0.20056051,0.034481436,-0.97907436,-0.96340704,0.174461,0.20349535,0.17782709,0.98406017,-0.0017703176
1356681000752,-0.18354678,0.023662418,-0.9827261,-0.96852446,0.16664314,0.18490678,0.1681399,0.98573333,-0.0076692104
1356681000797,-0.1651505,0.007555425,-0.98623943,-0.9737868,0.15733585,0.16427052,0.15641198,0.9875163,-0.01862675
1356681000831,-0.14876899,-0.007125944,-0.9888463,-0.978289,0.14696625,0.14612159,0.1442858,0.98911583,-0.028835297
