1356680813307,0.9334778,0.12660095,-0.33554652,-0.33457273,-0.029522385,-0.94190747,-0.1291525,0.9915144,0.014798731
1356680813353,-0.6041388,-0.06673294,-0.79408,-0.7863431,-0.1115827,0.6076297,-0.1291545,0.991512,0.014936447
1356680813391,-0.6050844,-0.06647122,-0.7933816,-0.7856145,-0.11181402,0.60852885,-0.12916091,0.9915035,0.015436292
1356680813434,-0.60750663,-0.06580275,-0.7915843,-0.78374183,-0.11239982,0.61083144,-0.12916833,0.99148184,0.016711235
1356680813489,-0.6116729,-0.064704925,-0.78846025,-0.7804947,-0.11336911,0.614797,-0.12916744,0.99144375,0.018842936
1356680813527,-0.618594,-0.063034564,-0.78317827,-0.7750257,-0.11487639,0.62140054,-0.12913841,0.9913779,0.022208393
1356680813556,-0.6263367,-0.061620384,-0.77711344,-0.7687912,-0.11624223,0.6288464,-0.12908313,0.9913076,0.02543348
1356680813596,-0.63369566,-0.06050065,-0.77121294,-0.76275253,-0.11736572,0.6359511,-0.12898943,0.99124414,0.02822715
1356680813638,-0.64011383,-0.05985275,-0.7659451,-0.75738907,-0.11811054,0.6421929,-0.12890318,0.991195,0.030272365
1356680813684,-0.6449822,-0.059673905,-0.76186407,-0.7532454,-0.11853546,0.6469703,-0.12891516,0.991155,0.031504214
1356680813733,-0.6475444,-0.059971064,-0.7596643,-0.75101054,-0.11868042,0.6495369,-0.1291107,0.9911198,0.031811893
1356680813772,-0.64765507,-0.060545385,-0.7595242,-0.75087374,-0.11851138,0.6497258,-0.12935016,0.9911051,0.031292558
1356680813812,-0.6451602,-0.06141278,-0.7615751,-0.7529999,-0.11778122,0.6473937,-0.1294575,0.9911387,0.02974397
1356680813852,-0.6403808,-0.062443256,-0.7655149,-0.7571092,-0.1163649,0.6428411,-0.12922025,0.9912416,0.027241588
1356680813893,-0.6339211,-0.0635241,-0.7707845,-0.76265216,-0.11421126,0.6366455,-0.12847456,0.9914234,0.023954153
1356680813932,-0.6265729,-0.06445128,-0.7766933,-0.76890016,-0.11162716,0.629549,-0.12727529,0.991658,0.02038598
1356680813974,-0.6192941,-0.06503528,-0.7824609,-0.7750367,-0.10887098,0.622467,-0.12566963,0.99192613,0.017018497
1356680814012,-0.6126058,-0.065001756,-0.7877112,-0.7805761,-0.106796384,0.61586964,-0.12415731,0.9921539,0.014685273
1356680814054,-0.6072698,-0.06438589,-0.79188234,-0.78487283,-0.106039345,0.6105163,-0.12327939,0.9922751,0.013859868
1356680814092,-0.60083276,-0.06381562,-0.79682344,-0.7897533,-0.10680395,0.6040553,-0.12365204,0.99223006,0.013772726
1356680814131,-0.59049696,-0.06454542,-0.80445457,-0.79705167,-0.109696865,0.59386456,-0.1265774,0.9918672,0.013329685
1356680814173,-0.5722463,-0.06776711,-0.81727713,-0.809186,-0.11525434,0.57613766,-0.1332379,0.99102175,0.011117637
1356680814237,-0.54445577,-0.073883235,-0.8355292,-0.8263501,-0.12366921,0.54941005,-0.14392146,0.9895691,0.0062790513
1356680814249,-0.5062383,-0.08308369,-0.8583821,-0.8477126,-0.1349361,0.5130064,-0.15844917,0.9873648,-0.0021212697
1356680814289,-0.46603072,-0.09336358,-0.8798287,-0.86768806,-0.14622414,0.4751167,-0.1730108,0.98483586,-0.012865543
1356680814332,-0.42545426,-0.10517201,-0.8988478,-0.8856778,-0.15565109,0.4374328,-0.18591234,0.9821973,-0.02692604
1356680814371,-0.38980353,-0.1189273,-0.91318643,-0.8998615,-0.16155082,0.40515494,-0.19571003,0.9796722,-0.04404503
1356680814413,-0.3587665,-0.13582262,-0.9234927,-0.91129434,-0.16320342,0.3780307,-0.20206231,0.9771985,-0.0652225
1356680814452,-0.3385389,-0.1559884,-0.92793274,-0.91825,-0.16055018,0.36199534,-0.20544684,0.9746237,-0.08888382
1356680814493,-0.32251334,-0.17970333,-0.92935014,-0.92387927,-0.15390033,0.3503737,-0.20599064,0.9716076,-0.116389215
1356680814533,-0.31775928,-0.20629191,-0.9254581,-0.92584324,-0.1430636,0.34978154,-0.20455647,0.9679755,-0.14553422
1356680814570,-0.31438202,-0.23504907,-0.91973686,-0.9276555,-0.12962824,0.3502167,-0.20154202,0.96330076,-0.17729175
1356680814612,-0.23181516,-0.25524,-0.9386769,-0.9524481,-0.1366077,0.27236173,-0.19774812,0.9571786,-0.21143508
1356680814651,-0.2893029,-0.29692575,-0.9100213,-0.9374188,-0.10456765,0.3321316,-0.19377717,0.94915783,-0.24809211
1356680814693,-0.30864477,-0.33446562,-0.8904332,-0.93200946,-0.080644906,0.35334793,-0.18999162,0.93895113,-0.28683454
1356680814732,-0.29996204,-0.3694076,-0.87952316,-0.9355076,-0.066509664,0.34699017,-0.18667758,0.92688435,-0.32563323
1356680814771,-0.26954663,-0.40190703,-0.87510884,-0.9452223,-0.063326,0.32022595,-0.18411815,0.91348815,-0.36282218
1356680814811,-0.22560805,-0.4303441,-0.8740165,-0.95698595,-0.07009739,0.281539,-0.1824249,0.89993906,-0.39601874
1356680814851,-0.18050158,-0.45202616,-0.87355113,-0.9667412,-0.082077265,0.2422289,-0.18119243,0.88822055,-0.4221773
1356680814892,-0.14946142,-0.46449554,-0.87287176,-0.9723166,-0.09131864,0.21508422,-0.17961511,0.8808546,-0.43798816
1356680814937,-0.14876801,-0.46566468,-0.87236714,-0.97283345,-0.08932209,0.21358049,-0.17737854,0.8804419,-0.43972594
1356680814972,-0.17335883,-0.4565605,-0.8726392,-0.9690784,-0.07890102,0.23379815,-0.17559513,0.88618684,-0.42876476
1356680815014,-0.24187177,-0.43320057,-0.8682369,-0.9543811,-0.05524808,0.29343536,-0.17508483,0.89960265,-0.40007544
1356680815052,-0.32490796,-0.39916056,-0.857383,-0.9293763,-0.03318405,0.36763912,-0.17519855,0.9162803,-0.36018854
1356680815092,-0.42356664,-0.35402665,-0.83382034,-0.8887346,-0.01575452,0.45815122,-0.17533419,0.9351026,-0.30796266
1356680815132,-0.5193882,-0.3029381,-0.79903966,-0.8362918,-0.012002766,0.5481533,-0.1756472,0.9529346,-0.24711055
1356680815171,-0.59989625,-0.25301132,-0.7590189,-0.7802222,-0.025039673,0.6250011,-0.17713794,0.96713924,-0.18238384
1356680815239,-0.66061705,-0.2097286,-0.72083217,-0.72862655,-0.052121103,0.68292516,-0.18079948,0.97636944,-0.11838174
1356680815247,-0.70251083,-0.17569709,-0.6896442,-0.6866131,-0.087562084,0.7217308,-0.18719268,0.9805424,-0.05912268
1356680815291,-0.72810775,-0.15152505,-0.6685053,-0.65692127,-0.12424278,0.743652,-0.19573885,0.98061407,-0.009077966
1356680815332,-0.74141866,-0.13580713,-0.6571565,-0.6388898,-0.15664375,0.7531816,-0.20522691,0.9782735,0.02937287
1356680815373,-0.74483114,-0.12718615,-0.65501916,-0.63159883,-0.18221009,0.7535797,-0.21519601,0.974999,0.055385172
1356680815412,-0.74165446,-0.12292129,-0.65942335,-0.63230777,-0.20003843,0.7484461,-0.22390994,0.97204685,0.07063526
1356680815453,-0.73302394,-0.1218358,-0.6692025,-0.63992465,-0.20999956,0.7391865,-0.23059158,0.9700805,0.07596892
1356680815493,-0.7204537,-0.12184155,-0.682716,-0.6524196,-0.21472251,0.72680324,-0.2351493,0.96904534,0.07520574
1356680815531,-0.7042618,-0.122632444,-0.6992686,-0.668852,-0.21561372,0.7114407,-0.23801759,0.9687476,0.06982553
1356680815573,-0.6843279,-0.12324923,-0.7186829,-0.6886178,-0.21488881,0.692552,-0.23979339,0.96883047,0.062182724
1356680815611,-0.66227996,-0.12267554,-0.73914546,-0.70973176,-0.2134614,0.6713531,-0.24013764,0.96921873,0.05430448
1356680815651,-0.64127225,-0.11951703,-0.75794834,-0.7296742,-0.21059406,0.650558,-0.23737216,0.9702401,0.047839582
1356680815691,-0.625283,-0.1124399,-0.77225554,-0.7459465,-0.20466298,0.6337798,-0.22931424,0.97235304,0.04409808
1356680815732,-0.61761546,-0.100935966,-0.7799765,-0.75665605,-0.19425797,0.6242881,-0.21452972,0.9757438,0.043602824
1356680815772,-0.61933887,-0.08586207,-0.78041464,-0.7609457,-0.17913365,0.62359667,-0.19334185,0.9800708,0.045608044
1356680815813,-0.6308446,-0.068519324,-0.77287793,-0.75777125,-0.15971082,0.63267314,-0.1667873,0.98478305,0.048830688
1356680815853,-0.64938956,-0.05228126,-0.75865656,-0.74746495,-0.13973129,0.6494392,-0.1399616,0.9888083,0.05166167
1356680815893,-0.6739015,-0.03829512,-0.737828,-0.72994435,-0.11983085,0.67292035,-0.11418414,0.9920554,0.052800953
1356680815932,-0.70415837,-0.02886179,-0.7094561,-0.7040585,-0.10107046,0.70291275,-0.09199238,0.9944605,0.0508492
1356680815972,-0.73495775,-0.025059164,-0.67764974,-0.67406636,-0.08201116,0.73410404,-0.073970884,0.9963163,0.04338324
1356680816012,-0.7644542,-0.028496414,-0.644048,-0.6417855,-0.060892165,0.7644629,-0.061001927,0.99773747,0.028260708
1356680816051,-0.787028,-0.041570067,-0.6155152,-0.61448735,-0.035644412,0.78812104,-0.054701924,0.9984996,0.002508819
1356680816092,-0.79582477,-0.06861138,-0.60162735,-0.6027966,-0.004479468,0.79788226,-0.05743879,0.9976334,-0.037793815
1356680816131,-0.78370345,-0.114221215,-0.6105428,-0.61708564,0.031116843,0.7862805,-0.07081172,0.99296796,-0.09487069
1356680816171,-0.74356425,-0.17981058,-0.6440344,-0.6620595,0.06293398,0.74680424,-0.09375167,0.981686,-0.1658408
1356680816238,-0.6715532,-0.2596162,-0.69398534,-0.7308251,0.077727616,0.67812467,-0.12211034,0.9625788,-0.24193227
1356680816255,-0.5808928,-0.33567926,-0.7415409,-0.80028355,0.069107175,0.59562606,-0.14869347,0.9394379,-0.30878246
1356680816292,-0.5062292,-0.38619593,-0.77109313,-0.84623134,0.05012685,0.53045243,-0.16620606,0.9210537,-0.3521868
1356680816333,-0.48003703,-0.4021408,-0.7796456,-0.85997385,0.040219486,0.5087508,-0.1732325,0.9146941,-0.36513734
1356680816372,-0.49546117,-0.39082068,-0.7757431,-0.8509293,0.0390082,0.5238297,-0.17446318,0.9196398,-0.35188782
1356680816414,-0.55216295,-0.35326666,-0.7551945,-0.815579,0.040856004,0.57720155,-0.17305183,0.9346301,-0.31067604
1356680816452,-0.6137756,-0.30596897,-0.72777915,-0.77079964,0.03289467,0.6362277,-0.17072591,0.951473,-0.25603074
1356680816491,-0.6756751,-0.25345874,-0.6922585,-0.7179401,0.012994885,0.69598365,-0.1674073,0.96725893,-0.19074851
1356680816532,-0.72767496,-0.20335498,-0.65508467,-0.666083,-0.018539548,0.7456472,-0.16377605,0.9789295,-0.12196052
1356680816572,-0.76670605,-0.16085906,-0.6215193,-0.62152624,-0.056547225,0.78134984,-0.16083236,0.98535615,-0.0566231
1356680816614,-0.79447067,-0.127545,-0.5937581,-0.58610624,-0.09501946,0.8046433,-0.15904683,0.9872707,7.352829E-4
1356680816651,-0.81348383,-0.103252575,-0.5723487,-0.55961263,-0.12899786,0.81865335,-0.15835981,0.9862548,0.047156155
1356680816691,-0.8258873,-0.087115794,-0.5570646,-0.54099786,-0.15590179,0.8264478,-0.15884404,0.9839235,0.081627846
1356680816732,-0.83260155,-0.07836817,-0.54830015,-0.52993137,-0.17518866,0.829748,-0.1610818,0.9814109,0.104332566
1356680816773,-0.8329121,-0.076768026,-0.54805475,-0.527858,-0.18721575,0.828442,-0.16620237,0.97931445,0.1154117
1356680816812,-0.82702374,-0.08042061,-0.55638504,-0.5346254,-0.19347304,0.8226445,-0.17380302,0.97780406,0.117011845
1356680816853,-0.8131209,-0.08879681,-0.57528204,-0.5522484,-0.19472086,0.81062037,-0.18399996,0.976831,0.10929376
1356680816892,-0.7925675,-0.09830542,-0.6018081,-0.57785636,-0.19407934,0.7927265,-0.19472781,0.97604775,0.09701449
1356680816932,-0.76794624,-0.10656226,-0.63158774,-0.6071098,-0.19318283,0.7707776,-0.20414771,0.97535884,0.08365905
1356680816972,-0.7445478,-0.10983464,-0.6584715,-0.6341411,-0.19185108,0.7490381,-0.20859885,0.9752586,0.07319176
1356680817012,-0.72871935,-0.105941206,-0.6765683,-0.65354824,-0.18751985,0.7332878,-0.20455535,0.976531,0.0674116
1356680817051,-0.724115,-0.09489903,-0.683119,-0.6627511,-0.17832369,0.72729754,-0.19083615,0.9793849,0.0662325
1356680817092,-0.7304625,-0.07888466,-0.6783818,-0.6615322,-0.16509783,0.73151755,-0.16970485,0.98311746,0.06841296
1356680817132,-0.7460488,-0.0605689,-0.6631308,-0.6500361,-0.14977568,0.74499685,-0.14444453,0.98686296,0.072368085
1356680817172,-0.767059,-0.043791443,-0.64008033,-0.6302674,-0.13506293,0.76453984,-0.11993137,0.9898689,0.07600087
1356680817234,-0.79090536,-0.030801296,-0.6111629,-0.60395026,-0.121558964,0.7876977,-0.0985544,0.9921062,0.077539146
1356680817269,-0.8163177,-0.023134023,-0.57713974,-0.5718417,-0.10840917,0.8131695,-0.08137913,0.9938371,0.075267315
1356680817296,-0.84028745,-0.021784127,-0.5417032,-0.53778297,-0.09294683,0.83794415,-0.0686035,0.99543273,0.066387
1356680817328,-0.8609983,-0.027921692,-0.50784075,-0.50495386,-0.072544515,0.8600924,-0.060856283,0.99697423,0.0483616
1356680817365,-0.8728977,-0.04490228,-0.48583275,-0.48414165,-0.04369694,0.87389785,-0.060469404,0.99803525,0.016403913
1356680817409,-0.87035936,-0.07878755,-0.48607326,-0.48727685,-0.0044523478,0.8732362,-0.07096429,0.9968815,-0.034516275
1356680817450,-0.8458405,-0.13556309,-0.51592296,-0.52504146,0.040666223,0.8501046,-0.09426217,0.98993385,-0.105573356
1356680817492,-0.79337734,-0.21322617,-0.5701639,-0.5954299,0.07710791,0.7996985,-0.12655254,0.9739553,-0.18813688
1356680817532,-0.71648926,-0.2973746,-0.6310399,-0.6790826,0.090292335,0.72848755,-0.15965569,0.9504817,-0.26663536
1356680817571,-0.6412412,-0.36302626,-0.6760338,-0.7448834,0.08291483,0.66202265,-0.18427837,0.9280825,-0.32358062
1356680817611,-0.5978969,-0.39484876,-0.6975771,-0.7770582,0.07193166,0.62530506,-0.19672304,0.915926,-0.34982812
1356680817651,-0.5954811,-0.39281678,-0.70078325,-0.77827597,0.06575775,0.6244697,-0.19922024,0.91726273,-0.3448773
1356680817691,-0.6231395,-0.3641045,-0.6921885,-0.7572752,0.05962801,0.6503681,-0.19552812,0.9294473,-0.31288385
1356680817733,-0.6678158,-0.3149208,-0.67442334,-0.720422,0.045689583,0.69202924,-0.18712035,0.9480175,-0.25738811
1356680817772,-0.7051925,-0.260678,-0.6593561,-0.68678045,0.020072103,0.7265878,-0.17617075,0.9652171,-0.19318324
1356680817813,-0.73877734,-0.20332974,-0.6425458,-0.6538288,-0.014991462,0.75649405,-0.1634504,0.97899556,-0.12186754
1356680817852,-0.7590275,-0.15175857,-0.6331244,-0.6330352,-0.055201888,0.77215225,-0.15213042,0.9868749,-0.0541687
1356680817899,-0.7699755,-0.107955426,-0.62887466,-0.62163424,-0.09536308,0.777481,-0.14390472,0.9895714,0.00631845
1356680817929,-0.7726201,-0.07314712,-0.6306407,-0.61938405,-0.13120264,0.77404726,-0.1393611,0.9886533,0.05606371
1356680817971,-0.7686568,-0.04763487,-0.63788545,-0.62446165,-0.16022044,0.76444566,-0.13861652,0.9859313,0.09340823
1356680818011,-0.7588192,-0.031446666,-0.65054166,-0.6356807,-0.18168426,0.7502672,-0.14178655,0.98285395,0.11787546
1356680818052,-0.7426671,-0.024488896,-0.66921294,-0.6528926,-0.19575286,0.73171866,-0.14891934,0.9803475,0.1293906
1356680818090,-0.7189968,-0.026241183,-0.6945179,-0.6763924,-0.20334512,0.7079154,-0.15980327,0.9787555,0.12845504
1356680818132,-0.68714005,-0.03499651,-0.7256818,-0.7054525,-0.20668155,0.6779525,-0.17371097,0.97778225,0.11733067
1356680818173,-0.6476066,-0.04824996,-0.7604457,-0.7380424,-0.20843828,0.64175296,-0.18947056,0.97684467,0.09937549
1356680818239,-0.60558206,-0.059585124,-0.79354906,-0.7695091,-0.21027684,0.6030253,-0.20279631,0.9758245,0.08148855
1356680818250,-0.56751204,-0.064813614,-0.8208101,-0.79643875,-0.20964605,0.5672159,-0.20884296,0.9756268,0.067356646
1356680818289,-0.5334154,-0.061893016,-0.8435861,-0.8202617,-0.20561796,0.53375286,-0.20649195,0.9766733,0.058911204
1356680818331,-0.5078042,-0.051140785,-0.8599533,-0.83931625,-0.19556981,0.50724834,-0.19412193,0.9793555,0.056387782
1356680818372,-0.48656976,-0.034486085,-0.8729608,-0.8561164,-0.18031615,0.48430443,-0.17411068,0.983004,0.05821234
1356680818411,-0.4668525,-0.015500218,-0.8841994,-0.8714758,-0.161825,0.46297136,-0.15026176,0.9866978,0.06204033
1356680818452,-0.44771993,0.002307862,-0.89417076,-0.8852755,-0.14186943,0.44289982,-0.12583339,0.9898826,0.06556094
1356680818491,-0.42935556,0.015792102,-0.90299743,-0.8971944,-0.1219551,0.42446348,-0.103421986,0.99240994,0.066530704
1356680818531,-0.41217828,0.022265047,-0.9108311,-0.907213,-0.10231286,0.40804002,-0.08410475,0.994503,0.06237036
1356680818571,-0.39415783,0.018651843,-0.91885346,-0.9164399,-0.08317,0.39143416,-0.06912005,0.9963608,0.04987538
1356680818612,-0.3680492,3.8653612E-5,-0.92980623,-0.92780924,-0.065520406,0.36725602,-0.060907096,0.99785113,0.02415067
1356680818651,-0.32260448,-0.037806034,-0.9457786,-0.9444566,-0.053305507,0.32428434,-0.06267515,0.99786234,-0.018509567
1356680818692,-0.238392,-0.09996608,-0.96601033,-0.9679347,-0.05665517,0.24472979,-0.07919416,0.9933766,-0.08325446
1356680818732,-0.114181936,-0.17433828,-0.97804326,-0.98752433,-0.08753759,0.13089257,-0.108435094,0.9807871,-0.16216815
1356680818772,0.027112871,-0.23890692,-0.9706639,-0.98934025,-0.1453943,0.008150965,-0.1430763,0.9600959,-0.24030232
1356680818812,0.14692134,-0.27473882,-0.9502277,-0.9742676,-0.20619887,-0.09102008,-0.17092913,0.9391488,-0.2979641
1356680818851,0.22548702,-0.28147417,-0.93269926,-0.95632845,-0.24671182,-0.15674576,-0.18598801,0.92731094,-0.32481208
1356680818892,0.2623849,-0.26665246,-0.92738914,-0.9459975,-0.26068676,-0.1926944,-0.1903756,0.9278679,-0.32065287
1356680818931,0.26136214,-0.23670182,-0.9357682,-0.94660664,-0.252429,-0.20053762,-0.18874747,0.93821734,-0.29003888
1356680818971,0.22723886,-0.19620702,-0.9538685,-0.9563104,-0.22996435,-0.18051776,-0.18393692,0.9532151,-0.23989159
1356680819011,0.16517314,-0.14870486,-0.97498953,-0.97023857,-0.20198599,-0.13356149,-0.17707297,0.9680333,-0.17764187
1356680819053,0.079880655,-0.096680254,-0.9921048,-0.9823023,-0.1767909,-0.061863214,-0.16941422,0.9794886,-0.10909137
1356680819091,-0.012509704,-0.04604426,-0.9988611,-0.986557,-0.16220987,0.019832939,-0.16293824,0.9856814,-0.043396115
1356680819132,-0.101165354,-4.5606494E-4,-0.9948696,-0.98213184,-0.15946317,0.09994316,-0.1586906,0.98720384,0.015684217
1356680819171,-0.17355984,0.03612542,-0.9841605,-0.97233486,-0.16492718,0.16542038,-0.15633887,0.98564386,0.063750744
1356680819238,-0.2249909,0.06262529,-0.97234625,-0.9618825,-0.17347485,0.21139675,-0.15543884,0.9828451,0.09926844
1356680819248,-0.25513113,0.079321116,-0.96364737,-0.954293,-0.18111122,0.23774663,-0.155669,0.9802586,0.121902704
1356680819289,-0.2661004,0.087364465,-0.95997816,-0.95103943,-0.1862123,0.24667612,-0.15720898,0.97861767,0.13263819
1356680819332,-0.25840825,0.08705723,-0.96210504,-0.9524952,-0.1891253,0.23871395,-0.16117668,0.9780861,0.13179323
1356680819371,-0.23498952,0.07954651,-0.9687375,-0.9572175,-0.19208324,0.21642241,-0.16886261,0.9781494,0.12128091
1356680819413,-0.2030595,0.0676336,-0.9768278,-0.9625143,-0.19698876,0.18644491,-0.17981416,0.97807014,0.105098724
1356680819451,-0.17276257,0.055357784,-0.98340666,-0.9664048,-0.2024284,0.15838066,-0.1903018,0.9777312,0.0884701
1356680819491,-0.15090382,0.04538706,-0.98750603,-0.9690521,-0.20420814,0.1386981,-0.19536164,0.97787476,0.07479823
1356680819532,-0.14179927,0.039058268,-0.98912454,-0.9709925,-0.19982868,0.13130915,-0.19252679,0.97905207,0.066260844
1356680819573,-0.14677441,0.036854565,-0.9884832,-0.97267026,-0.18713713,0.13744918,-0.17991626,0.98164225,0.06331429
1356680819612,-0.16552097,0.03672868,-0.98552215,-0.9728859,-0.16976929,0.15707165,-0.1615423,0.9847992,0.06383318
1356680819653,-0.19711494,0.038098007,-0.9796399,-0.9705677,-0.14860785,0.1895102,-0.1383622,0.98816204,0.06626949
1356680819692,-0.24340111,0.038547546,-0.9691594,-0.9630617,-0.12827045,0.23676786,-0.115187705,0.9909898,0.06834483
1356680819732,-0.29942834,0.037047535,-0.95339936,-0.9495356,-0.109396815,0.29396388,-0.09340817,0.9933076,0.067934394
1356680819772,-0.3641044,0.031089157,-0.9308391,-0.9283501,-0.092375755,0.36004555,-0.07479352,0.9952388,0.062496066
1356680819811,-0.42694938,0.01756671,-0.9041049,-0.9022088,-0.07583314,0.42458054,-0.06110263,0.99696577,0.0482257
1356680819851,-0.47494745,-0.0077240765,-0.8799803,-0.8783021,-0.058185756,0.47455236,-0.054867804,0.9982759,0.020851076
1356680819893,-0.48671752,-0.050800264,-0.87208104,-0.8715422,-0.039565623,0.48872158,-0.059331626,0.9979248,-0.025017262
1356680819932,-0.4408939,-0.115858465,-0.8900503,-0.8943093,-0.02760595,0.44659707,-0.07631275,0.992882,-0.09144193
1356680819971,-0.32796204,-0.19642249,-0.9240449,-0.93901193,-0.039310634,0.3416303,-0.10342866,0.97973096,-0.17155069
1356680820043,-0.16570038,-0.27280384,-0.9476927,-0.97685593,-0.08640182,0.19567114,-0.13526219,0.95818204,-0.25217324
1356680820055,-0.0355016,-0.31350353,-0.94892323,-0.98694134,-0.13828427,0.08261004,-0.15711963,0.93946433,-0.30450028
1356680820098,0.030592293,-0.32211006,-0.9462079,-0.98547554,-0.16792187,0.02530244,-0.16703919,0.9316906,-0.3225687
1356680820142,0.040271014,-0.30781943,-0.95059216,-0.9847942,-0.17313185,0.014343321,-0.16899288,0.93556005,-0.31011105
1356680820181,0.007148087,-0.27550057,-0.9612743,-0.98597133,-0.1622538,0.039170086,-0.16676182,0.94750893,-0.27279544
1356680820242,-0.049439013,-0.22913232,-0.97213894,-0.9854908,-0.14704102,0.08477545,-0.16236907,0.9622252,-0.21853828
1356680820262,-0.116114676,-0.17313251,-0.9780299,-0.98070586,-0.13593012,0.14049497,-0.15726799,0.9754733,-0.15400863
1356680820319,-0.1783486,-0.11383787,-0.9773601,-0.97193253,-0.13449585,0.19302359,-0.1534243,0.98435354,-0.08665556
1356680820338,-0.2285124,-0.057215005,-0.97185826,-0.961547,-0.14295214,0.23450384,-0.15234637,0.9880744,-0.022348583
1356680820382,-0.26173276,-0.0076516867,-0.96511006,-0.95269966,-0.15799022,0.2596197,-0.15446451,0.987411,0.03406149
1356680820415,-0.2755993,0.03216937,-0.9607341,-0.94809985,-0.17398673,0.26614916,-0.15859315,0.9842224,0.07845044
1356680820458,-0.27271324,0.06118065,-0.9601481,-0.9479272,-0.18772572,0.25728023,-0.1645039,0.98031425,0.10919008
1356680820500,-0.25454235,0.0799315,-0.9637526,-0.95171297,-0.19755441,0.23497778,-0.17161146,0.9770277,0.12635785
1356680820541,-0.22237688,0.088403404,-0.9709445,-0.9581093,-0.20417362,0.20084739,-0.1804857,0.9749348,0.13010362
1356680820582,-0.18000025,0.088323474,-0.97969323,-0.9648646,-0.20965111,0.15837488,-0.1914056,0.97377884,0.1229575
1356680820621,-0.13426793,0.08277601,-0.98748183,-0.96989673,-0.2152735,0.11383149,-0.20315614,0.97303927,0.10918856
1356680820662,-0.092832685,0.075683534,-0.9928012,-0.97284764,-0.2192114,0.07425591,-0.21201336,0.97273755,0.093978465
1356680820702,-0.060557663,0.069930196,-0.995712,-0.9750377,-0.21763277,0.044015676,-0.21362156,0.9735223,0.081363976
1356680820741,-0.038683116,0.066508114,-0.99703574,-0.97790784,-0.2076438,0.024089932,-0.2054261,0.97594094,0.07307112
1356680820781,-0.026390553,0.0649949,-0.99753654,-0.9816805,-0.19004917,0.013588339,-0.18869779,0.9796208,0.06881973
1356680820823,-0.02270633,0.06452033,-0.997658,-0.98606217,-0.16596425,0.011709243,-0.1648201,0.9840188,0.06738955
1356680820862,-0.027236164,0.063705415,-0.9975971,-0.9899545,-0.14022672,0.018072784,-0.13873842,0.9880679,0.0668847
1356680820903,-0.03843248,0.06165296,-0.9973575,-0.9929972,-0.11393756,0.03122124,-0.11171153,0.9915731,0.0656001
1356680820942,-0.05773592,0.05687663,-0.9967104,-0.9945154,-0.0904901,0.052445024,-0.08720949,0.9942719,0.061789244
1356680820985,-0.07788396,0.04622692,-0.99589014,-0.9947589,-0.069981456,0.07454708,-0.06624779,0.99647665,0.051435113
1356680821022,-0.10138589,0.028839737,-0.994429,-0.9935607,-0.053753257,0.09973842,-0.050577372,0.99813765,0.03410393
1356680821061,-0.106647015,-0.0011065304,-0.9942963,-0.99338114,-0.04279208,0.10659647,-0.04266596,0.9990834,0.0034644604
1356680821102,-0.080492854,-0.04770744,-0.99561286,-0.99576366,-0.04069394,0.08245501,-0.04444906,0.9980321,-0.044229805
1356680821141,-0.004337311,-0.11155769,-0.9937485,-0.9983417,-0.05656147,0.010706872,-0.057402313,0.99214697,-0.11112738
1356680821181,0.11988127,-0.18160254,-0.97603744,-0.9895614,-0.10105896,-0.102739245,-0.0799796,0.9781655,-0.19182196
1356680821241,0.2551147,-0.23671347,-0.9374877,-0.9610937,-0.16827378,-0.21904975,-0.10590258,0.95689636,-0.27043295
1356680821262,0.3601537,-0.26532024,-0.8943682,-0.9242124,-0.23195681,-0.30336016,-0.12696722,0.93584245,-0.32875237
1356680821301,0.4217292,-0.2707566,-0.86535275,-0.8961605,-0.26970643,-0.35235605,-0.13798848,0.9240937,-0.35638446
1356680821343,0.43770438,-0.25906745,-0.8609872,-0.88823605,-0.27313024,-0.36937326,-0.13946906,0.9264361,-0.34966335
1356680821382,0.4220256,-0.23510426,-0.8755686,-0.8961838,-0.25405738,-0.36374363,-0.13692701,0.9381795,-0.31791535
1356680821423,0.36366987,-0.19800359,-0.91024107,-0.92202216,-0.2157504,-0.32144484,-0.1327377,0.9561622,-0.2610256
1356680821461,0.28585744,-0.15040743,-0.9463948,-0.9496726,-0.17647737,-0.25880045,-0.12809172,0.97274524,-0.1932852
1356680821501,0.116790086,-0.105318576,-0.9875567,-0.98544693,-0.13594791,-0.10204235,-0.12350932,0.9851022,-0.11966324
1356680821542,0.08516416,-0.037590295,-0.99565756,-0.9890671,-0.12393108,-0.079921484,-0.1203886,0.9915786,-0.047733814
1356680821581,0.047890604,0.022212684,-0.9986056,-0.9916056,-0.119154096,-0.05020526,-0.12010315,0.99262726,0.0163199
1356680821623,0.01936704,0.071303934,-0.9972666,-0.99217427,-0.12168771,-0.027968735,-0.12334937,0.99000394,0.06838918
1356680821661,0.0067729354,0.108403236,-0.994084,-0.99150705,-0.1283865,-0.020755768,-0.12987688,0.9857818,0.10661298
1356680821701,0.010924816,0.13370383,-0.99096113,-0.99013865,-0.13697213,-0.029396534,-0.13966447,0.98151004,0.13088888
1356680821741,0.029896498,0.14830396,-0.9884898,-0.9878812,-0.14630288,-0.051828027,-0.15230519,0.97806,0.14213279
1356680821783,0.061450064,0.15321988,-0.9862796,-0.9839948,-0.15629697,-0.085588634,-0.16726646,0.9757535,0.14116317
1356680821822,0.09851527,0.15164334,-0.9835136,-0.9783096,-0.16621679,-0.12362221,-0.18222293,0.9743595,0.13197917
1356680821863,0.1382553,0.14500391,-0.97972405,-0.9708313,-0.17581397,-0.16302165,-0.19588801,0.9736854,0.11646712
1356680821902,0.17416883,0.13743696,-0.9750776,-0.9630681,-0.18271327,-0.19777712,-0.20534143,0.97351277,0.100538135
1356680821942,0.20458293,0.1303244,-0.97013474,-0.9566386,-0.18331087,-0.2263622,-0.20733675,0.9743781,0.08717108
1356680821982,0.23018849,0.12435934,-0.96516734,-0.95241106,-0.17485732,-0.24967614,-0.19981605,0.97670865,0.07819101
1356680822021,0.25169024,0.11934221,-0.96042156,-0.9503361,-0.15723625,-0.26858544,-0.18306664,0.98032355,0.07384038
1356680822061,0.26949474,0.11474699,-0.95614105,-0.94966644,-0.1329939,-0.2836305,-0.15970665,0.984452,0.07313019
1356680822101,0.28371388,0.10971624,-0.95261157,-0.9496098,-0.10586935,-0.2950133,-0.1332202,0.98830867,0.07415104
1356680822141,0.29389858,0.10330117,-0.9502381,-0.9498532,-0.07949853,-0.30242193,-0.106783,0.9914681,0.074756384
1356680822182,0.29761994,0.09508994,-0.949937,-0.9510156,-0.057620227,-0.30372566,-0.08361685,0.9937996,0.073283106
1356680822243,0.29534456,0.08386052,-0.9517032,-0.95321095,-0.041388124,-0.29945946,-0.06450197,0.9956176,0.06771296
1356680822261,0.28515282,0.0678024,-0.9560809,-0.95717514,-0.031927913,-0.28774336,-0.050035387,0.99718773,0.055794448
1356680822302,0.2736738,0.043393075,-0.9608432,-0.9609253,-0.030805796,-0.2750884,-0.04153648,0.99858296,0.033266783
1356680822342,0.27055404,0.008425802,-0.96266794,-0.9618474,-0.039827734,-0.27067202,-0.04062152,0.9991711,-0.0026712418
1356680822383,0.322771,-0.03997451,-0.9456325,-0.9450711,-0.06804913,-0.31970274,-0.05156952,0.99688077,-0.059743047
1356680822422,0.43352938,-0.08747414,-0.89688385,-0.8982296,-0.121864855,-0.4222943,-0.07235882,0.98868465,-0.13140386
1356680822461,0.58501184,-0.114677966,-0.8028761,-0.80471325,-0.20533851,-0.55702114,-0.10098335,0.9719491,-0.21240835
1356680822502,0.7037097,-0.11538789,-0.70105505,-0.69883895,-0.2903567,-0.6536949,-0.1281276,0.9499361,-0.28496438
1356680822541,0.7743488,-0.10225189,-0.6244426,-0.61569554,-0.34939128,-0.7062894,-0.14595538,0.93138087,-0.33350673
1356680822581,0.8087252,-0.08694932,-0.58172446,-0.5678673,-0.37313035,-0.7336896,-0.15326524,0.9236956,-0.3511356
1356680822621,0.8103166,-0.07754876,-0.5808383,-0.56536895,-0.36411083,-0.7401225,-0.15409395,0.9281215,-0.3388887
1356680822661,0.75631607,-0.084682345,-0.6487025,-0.6363013,-0.32562155,-0.6993506,-0.15200885,0.94170034,-0.3001563
1356680822701,0.5385487,-0.12773693,-0.8328557,-0.8294531,-0.25426096,-0.4973519,-0.14823243,0.958663,-0.24288374
1356680822743,-0.2681505,-0.20535496,-0.94123566,-0.9527085,-0.08847308,0.2907217,-0.14297518,0.97468036,-0.17191929
1356680822782,-0.83151835,-0.17050758,-0.52868176,-0.5380604,0.010635912,0.8428391,-0.13808747,0.985299,-0.10058737
1356680822823,-0.9420056,-0.13846421,-0.30570102,-0.3070712,-0.011887789,0.9516123,-0.13539834,0.99029607,-0.031320035
1356680822862,-0.96429867,-0.12499394,-0.23346208,-0.22772247,-0.05859238,0.9719616,-0.13516842,0.9904258,0.028036594
1356680822905,-0.9678609,-0.11803515,-0.22206509,-0.21037115,-0.10384512,0.9720906,-0.13780126,0.98756456,0.0756765
1356680822942,-0.96235096,-0.111597106,-0.2478441,-0.23148052,-0.14144564,0.96250194,-0.1424689,0.9836357,0.110287786
1356680822981,-0.9465413,-0.103088684,-0.30566683,-0.28597587,-0.17026496,0.94298863,-0.14925581,0.9799911,0.13168192
1356680823023,-0.90992224,-0.08924796,-0.40506333,-0.38336885,-0.1918298,0.9034543,-0.15833466,0.9773618,0.14033532
1356680823061,-0.82985497,-0.06562556,-0.5541065,-0.5316097,-0.20868576,0.82087845,-0.16950475,0.9757784,0.13829172
1356680823101,-0.67284924,-0.028931856,-0.7392136,-0.7169613,-0.22075897,0.66123503,-0.18231884,0.9748991,0.12779462
1356680823141,-0.4393937,0.016626984,-0.89814067,-0.87706757,-0.22401112,0.42493713,-0.19412813,0.97444475,0.113012075
1356680823183,-0.20079267,0.057090282,-0.9779688,-0.9589404,-0.21555942,0.18430233,-0.20028856,0.9748204,0.09802896
1356680823242,-0.017180145,0.08454695,-0.9962714,-0.9800894,-0.19855672,5.093217E-5,-0.19781208,0.9764359,0.08627477
1356680823262,0.10662001,0.09949988,-0.9893088,-0.97707945,-0.17389071,-0.12279108,-0.18424934,0.97972536,0.078679144
1356680823301,0.18225747,0.10441798,-0.9776907,-0.9694727,-0.14679384,-0.19640318,-0.164027,0.98364043,0.07447618
1356680823360,0.22141647,0.101988316,-0.96983147,-0.96540403,-0.11753714,-0.23276603,-0.1377306,0.9878175,0.07243526
1356680823378,0.20957053,0.09275171,-0.97338444,-0.97147703,-0.09321886,-0.21804246,-0.110961616,0.99131596,0.07057026
1356680823418,0.13968748,0.07861996,-0.9870696,-0.9864595,-0.07546502,-0.14561197,-0.08593723,0.9940443,0.06701386
1356680823455,-0.03468132,0.057726294,-0.99772984,-0.9972831,-0.06691915,0.030794054,-0.06498963,0.9960871,0.05989033
1356680823499,-0.3233559,0.027592987,-0.94587505,-0.9449724,-0.06189525,0.32124174,-0.049681187,0.99770117,0.046088815
1356680823540,-0.6380254,-0.008731246,-0.76996577,-0.7689006,-0.046560466,0.63767076,-0.04141766,0.9988773,0.022993386
1356680823581,-0.8086711,-0.041441917,-0.58679944,-0.5867728,-0.014084399,0.80962914,-0.041817307,0.9990416,-0.012927353
1356680823622,-0.8341823,-0.082456276,-0.5452895,-0.54885095,0.027537942,0.83546644,-0.05387333,0.9962141,-0.06822783
1356680823662,-0.75476986,-0.14833686,-0.63899815,-0.65161085,0.057172,0.7563958,-0.07566857,0.9872829,-0.13980961
1356680823702,-0.47678745,-0.24592647,-0.8439158,-0.8727946,0.01840216,0.48774055,-0.10441846,0.9691138,-0.22341722
1356680823742,-0.08822164,-0.31430444,-0.9452141,-0.9873712,-0.09776041,0.12466377,-0.13158685,0.9442752,-0.3017106
1356680823784,0.15020922,-0.33734515,-0.92931986,-0.97719336,-0.19337168,-0.08775285,-0.15010118,0.9213065,-0.3586976
1356680823822,0.20356157,-0.35256928,-0.91337705,-0.9662209,-0.22294286,-0.12928143,-0.15805018,0.9088408,-0.38604245
1356680823861,0.07696739,-0.37131613,-0.92531097,-0.98466164,-0.17405769,-0.012056977,-0.15658054,0.9120462,-0.3790176
1356680823902,-0.18945953,-0.36596397,-0.9111396,-0.97041047,-0.07168254,0.23057577,-0.14969525,0.9278642,-0.34155428
1356680823941,-0.47339898,-0.31254295,-0.82353526,-0.8696835,0.017458498,0.493301,-0.13980007,0.94974315,-0.2800783
1356680823981,-0.656588,-0.23749158,-0.7158841,-0.74326634,0.04234624,0.66765404,-0.1282472,0.97046614,-0.20432359
1356680824022,-0.7498549,-0.1686654,-0.6397418,-0.6512722,0.017973602,0.7586313,-0.11645639,0.98550946,-0.12332469
1356680824061,-0.7895134,-0.112418786,-0.6033495,-0.60445625,-0.027853131,0.7961513,-0.10630755,0.9932705,-0.045961797
1356680824101,-0.79836893,-0.06726593,-0.59839994,-0.59390485,-0.07610983,0.8009272,-0.09941919,0.9948279,0.02081412
1356680824143,-0.7871854,-0.03147587,-0.6159127,-0.6090051,-0.117764056,0.7843752,-0.097221285,0.9925426,0.07353318
1356680824182,-0.7596311,-0.0036772192,-0.65034366,-0.6426693,-0.14902657,0.7515099,-0.09968197,0.9888263,0.11084211
1356680824242,-0.7184618,0.01529637,-0.6953981,-0.6872027,-0.1701814,0.70625114,-0.10754073,0.985294,0.13278061
1356680824261,-0.6649831,0.026909381,-0.7463734,-0.7373147,-0.18290329,0.6503179,-0.11901456,0.98276246,0.14146835
1356680824302,-0.6007879,0.031236112,-0.7987981,-0.7883126,-0.18905777,0.5855087,-0.13272992,0.98146904,0.13820738
1356680824342,-0.5271751,0.029289186,-0.8492518,-0.83685046,-0.19141674,0.51287526,-0.14753926,0.98107177,0.12542075
1356680824381,-0.4487418,0.023201793,-0.89336026,-0.8787668,-0.19320893,0.43639347,-0.16248012,0.98088324,0.10708988
1356680824423,-0.37451518,0.01654318,-0.92707324,-0.9105501,-0.1953044,0.36435515,-0.17503393,0.98060316,0.08820784
1356680824461,-0.31342906,0.012467384,-0.94952977,-0.9321117,-0.19511801,0.30511767,-0.18146634,0.98070055,0.072776675
1356680824500,-0.27014774,0.012198687,-0.9627416,-0.9460186,-0.18934196,0.2630561,-0.17907846,0.9818354,0.0626905
1356680824531,-0.24221736,0.013885766,-0.9701226,-0.95490503,-0.18038207,0.235836,-0.17171797,0.9834986,0.056951284
1356680824571,-0.23230952,0.018640935,-0.9724632,-0.9600683,-0.16463804,0.22619265,-0.15588802,0.98617786,0.056143582
1356680824612,-0.240044,0.02372548,-0.970472,-0.9611846,-0.14588922,0.23418018,-0.1360254,0.9890163,0.057824433
1356680824651,-0.2634768,0.026852578,-0.96429193,-0.9575958,-0.1280809,0.25808057,-0.11657727,0.9914001,0.059460282
1356680824691,-0.3006922,0.026254773,-0.9533597,-0.9484471,-0.113213,0.29602504,-0.10016069,0.9932238,0.05894357
1356680824733,-0.3476562,0.019868493,-0.93741167,-0.9335064,-0.10090798,0.34406903,-0.08775607,0.99469745,0.053628564
1356680824772,-0.40127194,0.0061762035,-0.91593814,-0.91249204,-0.08961731,0.39915788,-0.0796186,0.99595714,0.04159659
1356680824813,-0.44150913,-0.019468397,-0.89704555,-0.89389765,-0.07688552,0.44162837,-0.07756758,0.9968499,0.016542852
1356680824852,-0.46574467,-0.05832112,-0.88299525,-0.88108546,-0.062218368,0.46884683,-0.082282186,0.9963572,-0.022408009
1356680824891,-0.45080268,-0.115988344,-0.8850558,-0.8873956,-0.048920393,0.45840564,-0.09646699,0.99204516,-0.080874085
1356680824932,-0.39174503,-0.1906021,-0.9001149,-0.9123653,-0.045899034,0.40679586,-0.1188505,0.9805938,-0.15591806
1356680824971,-0.29634464,-0.26964885,-0.9162257,-0.9441803,-0.061812818,0.3235781,-0.14388695,0.9609728,-0.23627919
1356680825023,-0.193275,-0.33404285,-0.92252916,-0.967392,-0.0919967,0.23598555,-0.16369897,0.93805754,-0.30536973
1356680825048,-0.11566341,-0.37120515,-0.92131907,-0.9780769,-0.119145036,0.17079306,-0.17316979,0.9208753,-0.34928644
1356680825088,-0.08204505,-0.3798081,-0.92141974,-0.98162556,-0.12902048,0.14058802,-0.1722785,0.91602373,-0.36224383
1356680825132,-0.084222674,-0.36537945,-0.9270407,-0.9825753,-0.12424332,0.13823676,-0.16568747,0.92252994,-0.3485487
1356680825172,-0.121674865,-0.32932746,-0.9363432,-0.9802401,-0.10836026,0.16549122,-0.15596318,0.9379773,-0.30963528
1356680825241,-0.17435002,-0.27758673,-0.94474745,-0.9739351,-0.092761755,0.20699191,-0.14509466,0.9562117,-0.2541784
1356680825251,-0.2364896,-0.21379519,-0.9478209,-0.96236587,-0.08287448,0.25881222,-0.13388291,0.97335684,-0.18615031
1356680825289,-0.29082942,-0.14780799,-0.9452889,-0.9486592,-0.08386505,0.30497965,-0.12435508,0.98545396,-0.11582899
1356680825334,-0.33687627,-0.08443692,-0.93775517,-0.934078,-0.09524673,0.34413144,-0.11837548,0.9918661,-0.04678434
1356680825372,-0.3654682,-0.031484485,-0.9302913,-0.92355597,-0.11238378,0.36662564,-0.11609259,0.99316597,0.011994958
1356680825411,-0.38026518,0.009194046,-0.92483175,-0.91733015,-0.13123488,0.3758761,-0.11791441,0.9913087,0.058338106
1356680825452,-0.38249588,0.037474334,-0.9231968,-0.9157196,-0.14849949,0.3733701,-0.123102546,0.98820204,0.09111655
1356680825491,-0.37445664,0.054315597,-0.92565215,-0.9179517,-0.16269237,0.36179513,-0.13094544,0.9851807,0.11078042
1356680825532,-0.3575083,0.060809284,-0.93192804,-0.9231744,-0.17387956,0.34280443,-0.14119753,0.9828876,0.118300974
1356680825571,-0.33334005,0.05885935,-0.9409676,-0.9302161,-0.18309659,0.31807822,-0.15356606,0.9813314,0.1157853
1356680825612,-0.30355918,0.05032298,-0.95148283,-0.93791854,-0.1916588,0.28909495,-0.16781193,0.9801707,0.10537857
1356680825651,-0.2723596,0.0392493,-0.9613947,-0.9449339,-0.19932187,0.25955895,-0.18143946,0.9791478,0.0913752
1356680825693,-0.24361402,0.028924316,-0.9694409,-0.95094216,-0.20364588,0.23288935,-0.19068652,0.97861725,0.07711637
1356680825732,-0.22031504,0.022506386,-0.97516906,-0.9563055,-0.2019735,0.21139187,-0.19220066,0.97913235,0.06602076
1356680825773,-0.20426685,0.021199167,-0.9786856,-0.96162856,-0.19140083,0.19656083,-0.18315431,0.98128295,0.059482574
1356680825812,-0.19368368,0.023725599,-0.9807771,-0.96672463,-0.17491436,0.18667737,-0.16712302,0.98429775,0.056814224
1356680825851,-0.18888205,0.028981417,-0.98157203,-0.9712931,-0.1527142,0.18239516,-0.14461389,0.98784536,0.05699444
1356680825892,-0.18918532,0.034654588,-0.9813297,-0.9746642,-0.12807149,0.18337762,-0.11932549,0.9911593,0.05800581
1356680825931,-0.19474709,0.03866613,-0.98009104,-0.9763018,-0.10379338,0.18989933,-0.09438425,0.993847,0.057963252
1356680825971,-0.20567149,0.038928717,-0.9778466,-0.9759728,-0.08162087,0.20202795,-0.07194796,0.995903,0.054780364
1356680826012,-0.22047973,0.032687724,-0.9748436,-0.9739167,-0.062316477,0.2181806,-0.053617,0.997521,0.045574725
1356680826052,-0.23189318,0.014588177,-0.9726319,-0.97186595,-0.04588306,0.23102239,-0.041257083,0.99884033,0.024817705
1356680826092,-0.23385078,-0.017907053,-0.9721075,-0.9716034,-0.032782495,0.23433337,-0.036064357,0.999302,-0.009732366
1356680826133,-0.20156574,-0.07373199,-0.97669584,-0.9785857,-0.027320206,0.20401824,-0.041726172,0.9969038,-0.06664628
1356680826172,-0.13121718,-0.14695731,-0.9804008,-0.98970747,-0.037549257,0.13809124,-0.057106882,0.9884299,-0.14051765
1356680826241,-0.018641084,-0.22807506,-0.9734651,-0.9965073,-0.07502839,0.03666082,-0.081398934,0.9707484,-0.22587991
1356680826250,0.1001541,-0.29314193,-0.95080864,-0.9891907,-0.13220227,-0.06343812,-0.10710266,0.9468846,-0.3032139
1356680826288,0.18826637,-0.33024558,-0.924929,-0.9738146,-0.18497518,-0.13217157,-0.12743983,0.92559284,-0.35642257
1356680826332,0.22742501,-0.3412917,-0.9120295,-0.96388817,-0.21215495,-0.16096577,-0.13855529,0.915702,-0.37721634
1356680826389,0.21408632,-0.33135968,-0.9188948,-0.9665405,-0.20793888,-0.15020269,-0.14130288,0.92030543,-0.36478937
1356680826408,0.1523267,-0.3028104,-0.9407989,-0.9785,-0.18012989,-0.10045344,-0.13904765,0.93587345,-0.32373857
1356680826448,0.052618682,-0.2568775,-0.9650104,-0.98954284,-0.1433714,-0.015792072,-0.13429832,0.9557502,-0.26173532
1356680826485,-0.067487955,-0.19741291,-0.9779946,-0.9894375,-0.11279982,0.09104678,-0.12829143,0.9738091,-0.18771511
1356680826531,-0.1899926,-0.13106471,-0.9729978,-0.9741494,-0.09819865,0.20344508,-0.122211546,0.98649836,-0.10901958
1356680826573,-0.29437703,-0.06859186,-0.9532248,-0.9484366,-0.101680756,0.30021504,-0.117516905,0.99244964,-0.035122573
1356680826611,-0.37257874,-0.017320573,-0.9278389,-0.92086387,-0.11685842,0.37195936,-0.1148684,0.9929975,0.027589142
1356680826651,-0.42602372,0.02074331,-0.90447414,-0.89740956,-0.13645458,0.4195667,-0.11471644,0.9904291,0.07674813
1356680826692,-0.45719564,0.045599908,-0.8881964,-0.881644,-0.15455729,0.44588783,-0.11694473,0.98693097,0.11086577
1356680826733,-0.4660566,0.056879133,-0.8829247,-0.87622976,-0.16787308,0.451708,-0.1225265,0.9841664,0.12807745
1356680826772,-0.45803136,0.058031827,-0.8870398,-0.87932014,-0.1759538,0.44253406,-0.13039696,0.9826864,0.13162088
1356680826811,-0.43166828,0.048358083,-0.90073526,-0.8908607,-0.17952663,0.41729775,-0.14152625,0.98256385,0.12057632
1356680826852,-0.39307952,0.03170967,-0.91895765,-0.9063561,-0.18176812,0.38141713,-0.15494257,0.98283005,0.10018951
1356680826892,-0.35249037,0.013390958,-0.93571967,-0.9205927,-0.18457907,0.34415045,-0.16810578,0.98272645,0.077389956
1356680826931,-0.32072324,-0.0010661483,-0.9471724,-0.9305546,-0.18614608,0.31530583,-0.17664862,0.98252153,0.058709264
1356680826971,-0.30434817,-0.008327454,-0.9525244,-0.9360132,-0.18296295,0.3006721,-0.17678055,0.9830845,0.04788983
