1356681775520,0.90167254,-0.42799872,0.061674222,0.10071558,0.069159746,-0.9925086,0.42052704,0.9011293,0.10546559
1356681775559,-0.89703816,0.3955144,0.19720818,0.13598993,-0.17755306,0.97467005,0.42051095,0.9011345,0.10548586
1356681775600,-0.89711964,0.39538693,0.19709256,0.13583647,-0.17764747,0.97467417,0.42038646,0.90117174,0.10566306
1356681775639,-0.8973926,0.39498764,0.19665062,0.13525505,-0.17797422,0.9746955,0.41999137,0.9012825,0.10628861
1356681775681,-0.8980999,0.39403552,0.19532682,0.13358055,-0.17874765,0.97478485,0.4190141,0.901546,0.10789776
1356681775719,-0.8995487,0.392259,0.19221038,0.1298327,-0.18004513,0.97505236,0.41707963,0.9020624,0.11103135
1356681775759,-0.90187865,0.3896074,0.18660343,0.12335053,-0.18172109,0.9755829,0.41400415,0.9028751,0.11583215
1356681775801,-0.9051131,0.38597906,0.17829879,0.11383481,-0.18405187,0.9763025,0.40964854,0.9039608,0.12264991
1356681775839,-0.90886116,0.38193238,0.16762778,0.10146664,-0.18736136,0.9770365,0.40456882,0.90499914,0.13153207
1356681775879,-0.9124252,0.37842125,0.15581319,0.08722247,-0.19216692,0.97747856,0.39984074,0.9054664,0.14233106
1356681775919,-0.915177,0.37631956,0.14434241,0.072175026,-0.19932246,0.9772724,0.39653736,0.90479505,0.15525448
1356681775961,-0.9167502,0.37624556,0.13419563,0.056989953,-0.20931631,0.97618586,0.39537495,0.9025664,0.17044848
1356681775999,-0.91714346,0.37821767,0.12569472,0.04165259,-0.22268957,0.97399914,0.3963746,0.8985325,0.18848461
1356681776039,-0.9167354,0.38164032,0.11809625,0.025593206,-0.2389018,0.97070634,0.39867413,0.89290345,0.2092424
1356681776080,-0.9158604,0.38593984,0.11068039,0.0081908405,-0.2576517,0.96620315,0.40141326,0.8858138,0.23281181
1356681776127,-0.9146743,0.39091948,0.10272737,-0.0110556185,-0.278257,0.960443,0.40404052,0.87735677,0.2588364
1356681776159,-0.9131995,0.39659333,0.09370293,-0.031906143,-0.29881585,0.95377725,0.40626162,0.86799926,0.2855323
1356681776198,-0.9114097,0.40286434,0.08386268,-0.05387512,-0.31886393,0.94626814,0.40795845,0.85791975,0.31231987
1356681776238,-0.9093102,0.40966937,0.07297823,-0.076769084,-0.33752507,0.9381808,0.40897593,0.84749496,0.33836502
1356681776279,-0.9069237,0.41678134,0.061503515,-0.099823326,-0.35441762,0.92974377,0.40929776,0.83706725,0.36303425
1356681776318,-0.9043072,0.42391595,0.050236523,-0.12199971,-0.36942232,0.9212183,0.40907764,0.8269355,0.38578898
1356681776360,-0.90162367,0.43067876,0.039884612,-0.14219734,-0.3822462,0.91305417,0.40847874,0.81755966,0.40588343
1356681776399,-0.8992252,0.4364289,0.030391634,-0.15941375,-0.39156622,0.9062356,0.4074078,0.81006515,0.42167914
1356681776456,-0.89792305,0.43971702,0.019570574,-0.17254576,-0.3925544,0.9033986,0.40492225,0.8078056,0.42835504
1356681776490,-0.8975638,0.44083238,0.0067867637,-0.18155324,-0.3835945,0.9054798,0.40176818,0.81149375,0.42433512
1356681776530,-0.89813787,0.43964934,-0.007531002,-0.18504931,-0.36238062,0.9134752,0.3988797,0.8218203,0.40682465
1356681776570,-0.89911073,0.4371603,-0.022154987,-0.18283711,-0.32909167,0.9264283,0.39770666,0.8370123,0.3758189
1356681776629,-0.90009016,0.43424094,-0.035671026,-0.1752763,-0.28592253,0.9420862,0.39889324,0.8542149,0.33346826
1356681776649,-0.90089613,0.43149355,-0.046897247,-0.1629571,-0.23611367,0.9579641,0.4022823,0.8706685,0.2830289
1356681776689,-0.9013685,0.42962158,-0.05440712,-0.14603525,-0.1832763,0.972154,0.4076868,0.8842144,0.22793937
1356681776726,-0.90133375,0.42938328,-0.05681166,-0.12452416,-0.13126695,0.98349524,0.4148389,0.8935318,0.17178386
1356681776770,-0.90064675,0.43125838,-0.05340205,-0.098571375,-0.08306265,0.9916574,0.4232248,0.89839685,0.11731976
1356681776809,-0.89933854,0.43498778,-0.044451922,-0.0694534,-0.04173994,0.9967116,0.43170196,0.8994684,0.06774968
1356681776849,-0.89742845,0.4400872,-0.030748382,-0.038720742,-0.009146035,0.9992082,0.43945748,0.89790845,0.025248408
1356681776889,-0.8950002,0.44587642,-0.0129915625,-0.007935673,0.013204515,0.9998813,0.44599503,0.8949972,-0.008279741
1356681776929,-0.8921187,0.45173043,0.007987142,0.021480426,0.024749815,0.99946284,0.45129013,0.89181113,-0.031783164
1356681776969,-0.88886476,0.45710367,0.031236053,0.04854174,0.026161492,0.9984785,0.455591,0.8890286,-0.04544264
1356681777009,-0.88544065,0.4613886,0.055815265,0.072875336,0.01922518,0.9971557,0.4590032,0.8869898,-0.050646544
1356681777048,-0.88213086,0.46403766,0.08071123,0.09445238,0.0064015985,0.9955088,0.46143687,0.8857924,-0.049476564
1356681777089,-0.8790271,0.46499532,0.105311975,0.11371969,-0.010023296,0.9934623,0.4630109,0.8852564,-0.044068396
1356681777128,-0.87577736,0.46496928,0.12968253,0.13166113,-0.028378367,0.99088854,0.46441287,0.8848719,-0.03636527
1356681777168,-0.87194926,0.46480918,0.15380797,0.1490155,-0.04729402,0.9877032,0.4663677,0.8841468,-0.028025806
1356681777208,-0.86794215,0.46418768,0.17665312,0.16551793,-0.06501156,0.98406166,0.4682738,0.8833478,-0.020405173
1356681777248,-0.86518073,0.4614526,0.19627458,0.18018891,-0.0791834,0.98043966,0.4679681,0.8836241,-0.014640629
1356681777288,-0.8651254,0.45501083,0.2110052,0.19230896,-0.08762044,0.97741497,0.46322274,0.88616467,-0.011699975
1356681777328,-0.8685354,0.44417113,0.21990524,0.20123382,-0.08944327,0.9754511,0.45293623,0.89146614,-0.01169759
1356681777369,-0.87556165,0.42886913,0.22240311,0.20575166,-0.085490644,0.9748629,0.43710196,0.8993123,-0.013388276
1356681777408,-0.88562,0.40990254,0.21830505,0.20451745,-0.0777989,0.9757663,0.41695297,0.9088054,-0.014931977
1356681777457,-0.8975995,0.3888195,0.20768836,0.19660994,-0.068564415,0.97808146,0.39453718,0.9187591,-0.014902413
1356681777490,-0.9101045,0.36781877,0.19083819,0.18159254,-0.0599429,0.9815452,0.3724701,0.9279635,-0.0122388005
1356681777530,-0.92202675,0.3487263,0.16809744,0.15930834,-0.05395651,0.98575336,0.35282803,0.9356702,-0.005805731
1356681777570,-0.9325064,0.3329386,0.13994187,0.1297756,-0.052699625,0.9901419,0.33703136,0.94147474,0.0059354305
1356681777600,-0.9409175,0.32135707,0.10678912,0.09422897,-0.05443549,0.99406123,0.3252617,0.94539225,0.020938158
1356681777630,-0.9463735,0.31454906,0.073728725,0.056960076,-0.062186122,0.99643785,0.3180135,0.947202,0.040934622
1356681777670,-0.947827,0.3156945,0.044282958,0.018311068,-0.084766746,0.99623257,0.31825888,0.945067,0.0745635
1356681777700,-0.9462565,0.32313633,0.013472989,-0.024462342,-0.11304891,0.9932883,0.32249063,0.9395759,0.11487794
1356681777740,-0.9406356,0.33933628,-0.007462397,-0.06511474,-0.15883243,0.98515606,0.3331139,0.9271587,0.1714992
1356681777770,-0.93292487,0.3591255,-0.026077166,-0.1064246,-0.20582974,0.97278357,0.34398395,0.9103093,0.23024344
1356681777810,-0.9241914,0.38000208,-0.038323417,-0.14490561,-0.25603306,0.9557455,0.35337323,0.888845,0.2916879
1356681777840,-0.91588104,0.39817268,-0.051190794,-0.18051255,-0.29456866,0.9384266,0.35857663,0.8687277,0.34166503
1356681777870,-0.90914655,0.41139916,-0.06483328,-0.2100986,-0.318632,0.92430097,0.35959867,0.8539464,0.3761176
1356681777900,-0.9043192,0.41923434,-0.08030695,-0.23288226,-0.32689428,0.91591805,0.35773242,0.84698445,0.3932491
1356681777939,-0.90177214,0.42070955,-0.099047795,-0.24672097,-0.31290317,0.91718066,0.3548743,0.8515252,0.38596523
1356681777979,-0.90100414,0.41832587,-0.114868544,-0.2486088,-0.2809239,0.926971,0.35550666,0.8637622,0.35711324
1356681778019,-0.9016626,0.4147805,-0.12231856,-0.23682405,-0.23695725,0.9422132,0.36182737,0.87852633,0.31188542
1356681778058,-0.9034861,0.41179934,-0.118887976,-0.21128288,-0.18655515,0.95945656,0.3729244,0.89197457,0.25555605
1356681778099,-0.9059639,0.4102903,-0.10436079,-0.1735664,-0.13512403,0.97550815,0.3861399,0.9018888,0.19363016
1356681778139,-0.90812814,0.41098058,-0.07998964,-0.1263227,-0.086798966,0.9881845,0.3991816,0.9075026,0.1307407
1356681778178,-0.9088959,0.41425505,-0.047966152,-0.07292551,-0.044637144,0.99633795,0.41059697,0.90906554,0.0707804
1356681778219,-0.907575,0.41973653,-0.011361018,-0.017495573,-0.010768533,0.999789,0.41952562,0.90758216,0.017116666
1356681778259,-0.90420926,0.42627668,0.02634111,0.035695106,0.013967693,0.99926513,0.4255955,0.90448505,-0.02784568
1356681778298,-0.8995445,0.4323549,0.062362567,0.083315104,0.029668748,0.99608153,0.42881048,0.9012154,-0.06271011
1356681778339,-0.89458936,0.43664265,0.09514706,0.12355204,0.03704655,0.9916463,0.42947018,0.8988719,-0.08708948
1356681778378,-0.8901892,0.43832284,0.12424295,0.15601103,0.037059665,0.98705983,0.42804646,0.8980533,-0.101373315
1356681778419,-0.88667434,0.4373226,0.15019137,0.18151924,0.030465126,0.98291534,0.4252755,0.8987885,-0.106395066
1356681778459,-0.8838375,0.43426406,0.17391339,0.20112868,0.017113209,0.97941536,0.42234865,0.900623,-0.10246819
1356681778498,-0.8804222,0.43109798,0.1975128,0.21805811,-0.0018007755,0.97593415,0.42107892,0.90230334,-0.09241897
1356681778539,-0.8757501,0.4294642,0.22050476,0.23235306,-0.025411844,0.9722995,0.42317122,0.90272635,-0.07753295
1356681778578,-0.86943626,0.4299121,0.24342614,0.24556899,-0.051481783,0.96801114,0.4286917,0.9014019,-0.06081301
1356681778619,-0.8626629,0.43084762,0.2649208,0.25792918,-0.07580829,0.96318513,0.43506923,0.89923495,-0.045731187
1356681778658,-0.857542,0.42949206,0.28312266,0.26936984,-0.093972504,0.95844096,0.43824852,0.898168,-0.035106897
1356681778699,-0.8557987,0.42379272,0.29666203,0.2797166,-0.10331696,0.95450735,0.4351635,0.8998474,-0.030123413
1356681778739,-0.8581554,0.41318133,0.30471376,0.2880477,-0.103803575,0.95197344,0.42496803,0.9047133,-0.029936314
1356681778778,-0.8642695,0.39864552,0.30678988,0.29255158,-0.09779638,0.9512358,0.40920883,0.91187584,-0.03210193
1356681778819,-0.87355375,0.38139254,0.30239642,0.29128736,-0.08809507,0.9525707,0.389943,0.92020595,-0.034139037
1356681778859,-0.8853835,0.36277592,0.2906711,0.28227293,-0.07725239,0.95621866,0.3693481,0.9286688,-0.034003854
1356681778898,-0.8992364,0.34384465,0.27045292,0.26350003,-0.06776762,0.96227604,0.34920144,0.936578,-0.02966398
1356681778939,-0.91442865,0.32558346,0.24044903,0.23271269,-0.06313354,0.9704942,0.33115727,0.9434032,-0.018036246
1356681778978,-0.9295982,0.30961764,0.1999605,0.1879702,-0.06841463,0.9797891,0.31704018,0.94839674,0.0053991675
1356681779019,-0.9424106,0.2989001,0.15007043,0.12914789,-0.08868188,0.987652,0.30851778,0.95015496,0.04497236
1356681779058,-0.9500649,0.29718083,0.095185086,0.059501357,-0.12691021,0.9901279,0.306327,0.9463495,0.10289025
1356681779099,-0.9508038,0.30693382,0.04199812,-0.01492025,-0.18078041,0.98341036,0.30943432,0.93440366,0.17646617
1356681779138,-0.9451647,0.32657218,-0.0038045794,-0.08706094,-0.24070972,0.9666847,0.31477648,0.9140074,0.25594193
1356681779179,-0.93583137,0.3499865,-0.04158236,-0.15087323,-0.2911803,0.94469637,0.31852305,0.89035016,0.32529926
1356681779218,-0.925944,0.37018156,-0.0747889,-0.20223545,-0.3187728,0.92600477,0.31894922,0.87255347,0.37002957
1356681779258,-0.9174844,0.3831949,-0.10669634,-0.23958811,-0.31825376,0.9172307,0.3175216,0.867108,0.38380182
1356681779299,-0.91114885,0.38832584,-0.1378798,-0.26337972,-0.29146308,0.91960883,0.316921,0.87421525,0.3678434
1356681779338,-0.9070726,0.3865463,-0.16673744,-0.27493626,-0.24401855,0.92998123,0.31879377,0.8894026,0.32761806
1356681779378,-0.9053056,0.3796523,-0.19048849,-0.2753627,-0.18310285,0.94374186,0.32341477,0.9068282,0.2703061
1356681779418,-0.9058203,0.37039065,-0.20567001,-0.2649837,-0.11653465,0.9571851,0.3305647,0.921537,0.2037071
1356681779462,-0.9083277,0.3623089,-0.20898128,-0.24330923,-0.051301897,0.96859115,0.34020805,0.93064517,0.13475198
1356681779500,-0.9120916,0.358811,-0.19835201,-0.20997044,0.0067261457,0.9776846,0.35213813,0.93338597,0.06920481
1356681779540,-0.9158142,0.36197147,-0.17395648,-0.16589954,0.053485513,0.98469114,0.36573425,0.93065345,0.011068165
1356681779580,-0.9179991,0.37181976,-0.13794106,-0.1137535,0.08633655,0.98975056,0.37991816,0.9242814,-0.03696108
1356681779619,-0.9174413,0.38661814,-0.093956396,-0.057695314,0.10437626,0.99286294,0.39366567,0.91631436,-0.07345307
1356681779659,-0.9137564,0.40363324,-0.046147183,-0.002373442,0.10828388,0.99411714,0.40625572,0.9084904,-0.097987056
1356681779696,-0.907511,0.42002493,0.0016644597,0.04818906,0.10017967,0.99380165,0.41725478,0.90196615,-0.111154795
1356681779739,-0.8997888,0.43383825,0.04652299,0.0912711,0.08288038,0.9923711,0.4266727,0.89717066,-0.114171684
1356681779779,-0.8916273,0.44429415,0.087197825,0.12651998,0.05957246,0.99017364,0.43473375,0.89389807,-0.10932851
1356681779819,-0.88376504,0.45148367,0.122970685,0.15422165,0.03292185,0.9874876,0.4417861,0.89167184,-0.09872377
1356681779859,-0.8766075,0.45585984,0.15411429,0.17575936,0.005174458,0.9844196,0.4479599,0.8900366,-0.08465767
1356681779899,-0.8708159,0.4573112,0.1804059,0.19202264,-0.02140814,0.98115695,0.4525562,0.88904905,-0.06917161
1356681779938,-0.86771,0.45465493,0.20091838,0.20317219,-0.044495344,0.9781315,0.45365226,0.8895555,-0.053764105
1356681779978,-0.8686585,0.44652784,0.21458173,0.20922649,-0.061954737,0.9759026,0.44906205,0.8926223,-0.039607942
1356681780024,-0.8754064,0.43061355,0.21962635,0.20939454,-0.07169795,0.9751991,0.4356807,0.8996841,-0.027403355
1356681780068,-0.88644594,0.4091612,0.21633497,0.20424443,-0.07362193,0.9761476,0.4153287,0.9094872,-0.01830709
1356681780109,-0.89957356,0.3856171,0.20510228,0.19323835,-0.06974614,0.9786697,0.39169687,0.920019,-0.0117743015
1356681780148,-0.9139898,0.36074093,0.18571109,0.17516997,-0.062019408,0.9825828,0.36597556,0.9306017,-0.0065059066
1356681780189,-0.9289251,0.3354243,0.15680784,0.14784606,-0.052262127,0.9876286,0.33946976,0.94061637,-0.0010435581
1356681780229,-0.9432476,0.3107841,0.117034666,0.10915234,-0.042699456,0.9931075,0.31363934,0.9495209,0.006353438
1356681780269,-0.9552354,0.28846353,0.06568039,0.05760874,-0.036392212,0.9976756,0.2901833,0.956799,0.018145144
1356681780309,-0.96242744,0.27151167,0.0038379878,-0.006493643,-0.037143588,0.9992888,0.27146113,0.9617181,0.03751117
1356681780349,-0.962255,0.26457095,-0.063777156,-0.07939172,-0.048740268,0.9956512,0.26031187,0.96313375,0.06790531
1356681780388,-0.95349807,0.27266577,-0.12843287,-0.15374249,-0.07349193,0.98537415,0.25923902,0.95929784,0.111994684
1356681780461,-0.93672425,0.30361864,-0.17425166,-0.21892282,-0.11965281,0.9683781,0.2731679,0.9452508,0.1785506
1356681780469,-0.9146653,0.3435127,-0.2130408,-0.28132385,-0.1625396,0.9457472,0.2902486,0.9249756,0.24530774
1356681780509,-0.89242065,0.38791743,-0.23044616,-0.3278183,-0.20649815,0.9218968,0.31003314,0.89826417,0.31144965
1356681780549,-0.8718821,0.4266132,-0.24046394,-0.36522633,-0.23934323,0.89962476,0.32623836,0.8721904,0.36448938
1356681780589,-0.85487217,0.45251903,-0.25381148,-0.3956556,-0.252123,0.8831142,0.3356343,0.8553716,0.39457458
1356681780629,-0.84216696,0.463521,-0.27550521,-0.41924226,-0.24154943,0.87515134,0.3391029,0.85252696,0.39775252
1356681780669,-0.8337893,0.4608431,-0.3040047,-0.43503904,-0.20941585,0.87572026,0.3399062,0.8624202,0.37509358
1356681780709,-0.8296619,0.44719562,-0.33418125,-0.4419568,-0.16040814,0.88257766,0.34107947,0.8799348,0.33072573
1356681780749,-0.82995373,0.42587692,-0.3602854,-0.43932176,-0.10100043,0.8926339,0.34376317,0.89912605,0.27092272
1356681780789,-0.8349493,0.4009623,-0.3769466,-0.42650527,-0.038603187,0.9036609,0.34778258,0.9152808,0.20324427
1356681780829,-0.8447226,0.37759492,-0.3792962,-0.4022204,0.019643605,0.9153321,0.35307547,0.9257624,0.13528305
1356681780869,-0.8586426,0.36120403,-0.36368167,-0.36481392,0.06775737,0.92861164,0.3600604,0.93002176,0.07359302
1356681780909,-0.8747501,0.3556743,-0.32910168,-0.31381974,0.10168147,0.94402224,0.369228,0.9290622,0.02267176
1356681780949,-0.8898601,0.36177188,-0.27797526,-0.25147045,0.11944628,0.96046615,0.38067275,0.92458296,-0.015315592
1356681780989,-0.9006785,0.37701365,-0.21596059,-0.18310198,0.12139773,0.9755697,0.39402023,0.9182174,-0.040308356
1356681781028,-0.9054364,0.39700714,-0.1502344,-0.11562851,0.109864056,0.9871981,0.40843004,0.9112164,-0.053569615
1356681781068,-0.9045604,0.4173683,-0.08703068,-0.055004165,0.088182926,0.99458456,0.42278263,0.90444875,-0.056809843
1356681781109,-0.8998435,0.4351845,-0.02993393,-0.004339248,0.059688747,0.9982076,0.4361912,0.89836055,-0.051822186
1356681781148,-0.8932889,0.44903818,0.01999107,0.03628531,0.027710438,0.9989572,0.44801596,0.8930828,-0.041046917
1356681781188,-0.88695174,0.45763016,0.062379777,0.06829584,-0.00362432,0.9976585,0.45678473,0.88913524,-0.028039634
1356681781228,-0.8831551,0.4590633,0.09642622,0.09318252,-0.029776037,0.99520373,0.45973268,0.8879044,-0.01647979
1356681781268,-0.8836798,0.45203835,0.121537626,0.11209746,-0.047725976,0.99255043,0.45447135,0.8907208,-0.008497834
1356681781308,-0.8887841,0.43707782,0.13793401,0.12566091,-0.057035387,0.9904323,0.44076312,0.89761347,-0.004231453
1356681781348,-0.8973777,0.41634122,0.14619596,0.13374737,-0.05909276,0.98925215,0.42050558,0.9072861,-0.0026561022
1356681781388,-0.907971,0.3925892,0.14650047,0.13543676,-0.0559026,0.9892077,0.396542,0.9180134,-0.0024131536
1356681781459,-0.9208171,0.3654857,0.13607433,0.12719774,-0.04838103,0.9906967,0.36866888,0.9295588,-0.0019389391
1356681781472,-0.93266505,0.3420511,0.11461654,0.10773199,-0.039126694,0.9934098,0.34428146,0.93886644,-3.5774708E-4
1356681781510,-0.94317275,0.32100365,0.08591626,0.0796634,-0.03258854,0.99628896,0.3226123,0.94651705,0.005164504
1356681781550,-0.9518026,0.30356914,0.043792114,0.03637223,-0.030056298,0.9988863,0.30454725,0.9523353,0.017566144
1356681781590,-0.9564126,0.29181492,-0.010901988,-0.022330493,-0.035861373,0.99910724,0.29116344,0.9558023,0.040814698
1356681781630,-0.9544641,0.2891721,-0.07333276,-0.092880785,-0.05444807,0.9941874,0.28349844,0.9557274,0.07882732
1356681781671,-0.94465274,0.29932818,-0.13428971,-0.16753492,-0.088202715,0.98191255,0.28206939,0.9500646,0.13346893
1356681781710,-0.9283295,0.32239264,-0.1851145,-0.23819792,-0.1335237,0.9619944,0.28542274,0.93714166,0.20074719
1356681781750,-0.9086246,0.35200402,-0.2247101,-0.30094364,-0.17884433,0.9367218,0.28954172,0.9187535,0.26843566
1356681781790,-0.88844115,0.37883875,-0.25913972,-0.35509542,-0.20957744,0.9110348,0.2908255,0.90142024,0.3207212
1356681781830,-0.8697276,0.39668646,-0.29362157,-0.399559,-0.2167278,0.89071965,0.28970048,0.8920027,0.34699386
1356681781870,-0.8539358,0.40396148,-0.32803777,-0.43217635,-0.19940704,0.879466,0.28985736,0.8927776,0.3448634
1356681781910,-0.8425296,0.40171233,-0.35884693,-0.45109263,-0.16211653,0.87762964,0.29437962,0.9013021,0.31779736
1356681781949,-0.8368362,0.3917365,-0.38242343,-0.4556964,-0.11131728,0.8831474,0.3033907,0.9133187,0.27166724
1356681781988,-0.8380634,0.37698084,-0.39437935,-0.44586968,-0.05668044,0.8933015,0.31440392,0.9244851,0.21558625
1356681782029,-0.84611446,0.36136845,-0.3917947,-0.42158404,-0.003975272,0.9067806,0.3261244,0.93241465,0.15571076
1356681782069,-0.8605564,0.35002142,-0.37003705,-0.38041043,0.041449726,0.9238883,0.33871862,0.93582416,0.097482085
1356681782109,-0.8788094,0.34739867,-0.32712117,-0.32139048,0.07579601,0.94390845,0.35270706,0.9346492,0.04504031
1356681782149,-0.8964268,0.3549499,-0.26538584,-0.24731153,0.09627479,0.9641412,0.36777177,0.9299149,0.0014798045
1356681782188,-0.90878856,0.37049758,-0.19192445,-0.16554677,0.10206002,0.9809068,0.3830114,0.92320925,-0.031416357
1356681782228,-0.91361,0.38960105,-0.11630869,-0.08580828,0.09486109,0.99178535,0.39743382,0.9160853,-0.053234994
1356681782268,-0.9119236,0.40765676,-0.047025993,-0.016429186,0.078235745,0.9967995,0.4100312,0.9097776,-0.064647615
1356681782308,-0.90661967,0.42179018,0.011568278,0.038767785,0.055966735,0.9976797,0.42016405,0.90496457,-0.06709242
1356681782348,-0.89998627,0.43177956,0.05992645,0.08104922,0.030668855,0.9962382,0.4283174,0.9014576,-0.06259692
1356681782388,-0.89287287,0.43888748,0.100776374,0.114133015,0.0040768385,0.99345714,0.43560505,0.8985328,-0.05373162
1356681782461,-0.8864278,0.4427591,0.13494436,0.13927864,-0.022885859,0.9899887,0.44141483,0.8963485,-0.041380167
1356681782480,-0.8824433,0.44093627,0.16391774,0.16061215,-0.045107543,0.98598635,0.44215107,0.89640427,-0.03101486
1356681782520,-0.8832413,0.43204087,0.18227841,0.17432673,-0.05832684,0.98295885,0.43531013,0.89996594,-0.023799539
1356681782560,-0.8883415,0.4173982,0.19138482,0.1817701,-0.06309289,0.9813149,0.4216741,0.90653074,-0.019822478
1356681782600,-0.8965752,0.39910764,0.19200504,0.18292654,-0.061118186,0.98122495,0.4033494,0.91486484,-0.018210351
1356681782657,-0.9067731,0.37937132,0.18395643,0.17658183,-0.05448097,0.98277706,0.38285953,0.9236391,-0.017588198
1356681782679,-0.9183191,0.3594985,0.16568299,0.16039228,-0.0447253,0.9860395,0.36188996,0.93207324,-0.016588688
1356681782719,-0.93093383,0.33960637,0.13427454,0.1308245,-0.033147633,0.9908513,0.34095028,0.93998337,-0.013570607
1356681782756,-0.94367564,0.31941828,0.08630288,0.08372164,-0.021830797,0.99625003,0.32010454,0.9473623,-0.0061409473
1356681782799,-0.9539141,0.299412,0.020005152,0.016272232,-0.014955759,0.99975574,0.2996381,0.9540067,0.009394467
1356681782839,-0.9571296,0.2828253,-0.06255271,-0.0704579,-0.017855942,0.9973549,0.28096026,0.9590052,0.037017643
1356681782879,-0.94924796,0.2760626,-0.15072425,-0.16715877,-0.036859214,0.9852408,0.26643255,0.96043265,0.08113474
1356681782919,-0.93021053,0.28606468,-0.22994606,-0.2603587,-0.072722614,0.96276927,0.25869203,0.9554466,0.14212692
1356681782959,-0.90444064,0.3135624,-0.28925022,-0.33930212,-0.117770314,0.933276,0.25857517,0.942236,0.21290863
1356681782999,-0.8769451,0.34969252,-0.32967013,-0.40188795,-0.1574341,0.9020536,0.26354003,0.9235419,0.27859837
1356681783039,-0.8513713,0.3822923,-0.359193,-0.44966683,-0.17926484,0.87502223,0.27012363,0.906486,0.32452506
1356681783079,-0.83053935,0.40368778,-0.3837192,-0.4828648,-0.17854291,0.85730034,0.27757132,0.89730626,0.34321362
1356681783119,-0.81678486,0.412083,-0.4037947,-0.5002611,-0.15720326,0.8514846,0.28740448,0.89748245,0.33455032
1356681783159,-0.81172293,0.4089074,-0.41701385,-0.5010916,-0.120809555,0.85692024,0.30002174,0.904544,0.30296403
1356681783199,-0.8159333,0.39706933,-0.4202246,-0.48562145,-0.076280236,0.87083477,0.3137269,0.9146132,0.25506502
1356681783239,-0.828703,0.38099837,-0.40998954,-0.45426762,-0.029958546,0.8903613,0.32694352,0.92409015,0.19790208
1356681783279,-0.84777915,0.3664402,-0.3833954,-0.4072217,0.013357639,0.9132316,0.33976606,0.93034565,0.13789809
1356681783318,-0.8694025,0.358587,-0.33993325,-0.3457044,0.05009389,0.93700534,0.35302654,0.93215126,0.08041334
1356681783358,-0.88915694,0.35980827,-0.2827329,-0.27353323,0.07741344,0.95874226,0.36685073,0.9298092,0.029586792
1356681783399,-0.9035406,0.3690306,-0.2177859,-0.19701892,0.09356421,0.97592485,0.3805231,0.92469573,-0.011833012
1356681783460,-0.9111574,0.3831529,-0.15161149,-0.12290688,0.09847742,0.9875202,0.3933015,0.91842043,-0.042636275
1356681783480,-0.9126376,0.3989365,-0.089119226,-0.056163177,0.09357458,0.9940269,0.4048929,0.9121916,-0.06299406
1356681783520,-0.909652,0.414048,-0.03312671,5.3060055E-4,0.080910385,0.9967212,0.41537073,0.9066519,-0.073819935
1356681783560,-0.904081,0.4270758,0.015611276,0.046636418,0.062282026,0.9969684,0.4248088,0.90206826,-0.07622522
1356681783600,-0.8974719,0.43730593,0.05751349,0.08299963,0.039376438,0.99577135,0.43319207,0.8984503,-0.071635544
1356681783640,-0.890978,0.44433683,0.09339666,0.111249104,0.0142079,0.99369097,0.44020653,0.89574707,-0.062090933
1356681783679,-0.885761,0.44725442,0.124060035,0.13351123,-0.010471523,0.990992,0.44452465,0.89434546,-0.050438225
1356681783719,-0.8830513,0.4446655,0.14997675,0.15180737,-0.031728208,0.98790073,0.44404387,0.89513457,-0.03948587
1356681783759,-0.883498,0.43589118,0.17155236,0.16771176,-0.047608614,0.98468584,0.43738323,0.8987393,-0.03104192
1356681783799,-0.8868752,0.42158532,0.18899268,0.18174936,-0.05772388,0.9816492,0.42475826,0.9049496,-0.02542895
1356681783839,-0.89251786,0.4032486,0.20199606,0.19315791,-0.0629555,0.9791458,0.40755597,0.9129223,-0.021701753
1356681783879,-0.8998266,0.38253832,0.20970614,0.2002749,-0.06481618,0.9775934,0.3875593,0.9216634,-0.018289566
1356681783919,-0.9085092,0.36076096,0.21086165,0.20107087,-0.06493527,0.97742206,0.36630806,0.93039507,-0.013544321
1356681783959,-0.9184815,0.33879584,0.20398316,0.19345814,-0.064944565,0.9789567,0.34491405,0.9386158,-0.005892396
1356681783998,-0.92950577,0.3174597,0.18771866,0.17553383,-0.066836596,0.982202,0.32435605,0.9459134,0.006400168
1356681784038,-0.9408766,0.2978502,0.16135846,0.14580376,-0.07387948,0.9865511,0.3057655,0.9517495,0.026083827
1356681784079,-0.9511652,0.28216454,0.12517157,0.10354793,-0.09034741,0.99051255,0.29079646,0.9551024,0.056717753
1356681784118,-0.95825964,0.2738874,0.0820006,0.050462373,-0.12028277,0.99145633,0.28141063,0.9542106,0.101441205
1356681784158,-0.96027565,0.27652466,0.03748191,-0.00893046,-0.16470224,0.9863029,0.27891046,0.9467879,0.16062897
1356681784199,-0.95694476,0.29025692,-0.00279589,-0.06880352,-0.21745896,0.9736415,0.28199816,0.9319134,0.22806686
1356681784238,-0.9500491,0.30989766,-0.037014104,-0.12379278,-0.26530337,0.9561848,0.28649947,0.9130047,0.2904144
1356681784278,-0.9421866,0.32830754,-0.0670724,-0.16976416,-0.29510075,0.9402637,0.28890255,0.8972903,0.33377475
1356681784318,-0.93510807,0.3415609,-0.094387196,-0.20382899,-0.30055803,0.9317288,0.2898733,0.89050597,0.35067433
1356681784358,-0.92948186,0.3496106,-0.1176258,-0.22417566,-0.2821561,0.9328093,0.2929312,0.8933982,0.34063315
1356681784399,-0.92568135,0.35363865,-0.13436402,-0.23009503,-0.24439138,0.9419815,0.3002836,0.9028912,0.30759913
1356681784460,-0.92408574,0.35455692,-0.14267084,-0.22183287,-0.19361174,0.95566976,0.31121656,0.9147699,0.2575662
1356681784480,-0.9246948,0.35376152,-0.14068563,-0.20000228,-0.13696033,0.97017574,0.32394254,0.92525387,0.19739956
1356681784520,-0.92669266,0.35391328,-0.12643585,-0.16498777,-0.08083731,0.98297733,0.337668,0.93177825,0.13330269
1356681784550,-0.92891717,0.35657194,-0.0998463,-0.12025371,-0.035469174,0.99210936,0.3502169,0.9335943,0.075827
1356681784581,-0.92930526,0.3630681,-0.06762616,-0.07248992,2.2858381E-4,0.99736917,0.36212838,0.9317626,0.026106358
1356681784620,-0.9266549,0.374799,-0.028922021,-0.020628765,0.026121259,0.9994459,0.37534684,0.926738,-0.01647383
1356681784660,-0.9206547,0.3899004,0.019304246,0.03713332,0.03824097,0.99857837,0.38860786,0.9200627,-0.049685
1356681784700,-0.9113186,0.405705,0.07001409,0.09343338,0.038182974,0.9948931,0.40095976,0.9132062,-0.0727033
1356681784740,-0.8999689,0.4196899,0.11796795,0.14289302,0.02832973,0.9893327,0.4118709,0.9072254,-0.08546668
1356681784780,-0.88825303,0.43040806,0.1604849,0.1829058,0.0109170675,0.98306984,0.42136914,0.9025684,-0.088421166
1356681784822,-0.87735516,0.43756378,0.19694108,0.21337587,-0.011849642,0.9768983,0.429789,0.89910924,-0.08296913
1356681784860,-0.86806786,0.44122472,0.22754976,0.23572299,-0.037062824,0.97111326,0.4369128,0.89663094,-0.07183379
1356681784900,-0.861443,0.4407392,0.25231904,0.25180548,-0.06078559,0.96586704,0.44103283,0.8955747,-0.058617234
1356681784940,-0.85883725,0.43474856,0.27091026,0.26325503,-0.07908356,0.9614794,0.4394263,0.8970728,-0.04652989
1356681784979,-0.861084,0.42235935,0.28310242,0.2711367,-0.08959907,0.9583615,0.43013868,0.9019892,-0.03736478
1356681785027,-0.86954516,0.4013452,0.28777313,0.27505106,-0.09039295,0.9571709,0.41016853,0.9114556,-0.03178972
1356681785068,-0.8806171,0.37747017,0.28640854,0.2750031,-0.085074246,0.957672,0.3858586,0.92210555,-0.02888763
1356681785108,-0.89317834,0.3528866,0.2787537,0.2695445,-0.07607597,0.9599783,0.35996985,0.93256825,-0.027169287
1356681785148,-0.90672064,0.32878706,0.26411495,0.25696036,-0.06588274,0.9641736,0.33440843,0.9421032,-0.024748027
1356681785188,-0.92088187,0.3061465,0.24135247,0.23533624,-0.05700904,0.97024065,0.31079504,0.95027596,-0.019548833
1356681785228,-0.93524647,0.2856059,0.20914914,0.20279434,-0.052000403,0.97783965,0.29015264,0.95693535,-0.009286046
1356681785268,-0.94888973,0.26814175,0.1664582,0.15768732,-0.05408007,0.98600715,0.27339172,0.96186036,0.009033382
1356681785309,-0.95987064,0.2562448,0.11396133,0.09982598,-0.067554295,0.9927091,0.2620751,0.9642485,0.039263368
1356681785348,-0.9655059,0.25429624,0.055962294,0.03225091,-0.09647626,0.9948126,0.25837615,0.9623023,0.08494711
1356681785388,-0.96388465,0.26632017,3.3682585E-4,-0.03873592,-0.14144689,0.9891878,0.2634883,0.9534498,0.14665449
1356681785461,-0.95445675,0.29535505,-0.0421651,-0.106482364,-0.2052108,0.9729081,0.27870056,0.9330885,0.22731489
1356681785480,-0.9405627,0.32891434,-0.084600456,-0.17388362,-0.2524057,0.95186967,0.29172996,0.9100037,0.29459614
1356681785520,-0.92633814,0.35619628,-0.12256397,-0.22903608,-0.2742656,0.93398124,0.29906553,0.893254,0.33564448
1356681785560,-0.9138309,0.3731354,-0.1602597,-0.27138072,-0.26754272,0.9245395,0.30210212,0.88836414,0.34575057
1356681785600,-0.9037304,0.38034996,-0.19648251,-0.3004265,-0.23649448,0.92402077,0.30498424,0.8940941,0.3279944
1356681785640,-0.89655215,0.37947983,-0.22844982,-0.31612843,-0.18694228,0.9301158,0.31025326,0.90611684,0.28756785
1356681785680,-0.8928457,0.37230134,-0.25341368,-0.31944388,-0.12688786,0.9390715,0.31746244,0.9193973,0.23222053
1356681785719,-0.8929526,0.3614009,-0.2683743,-0.31090194,-0.06398767,0.9482856,0.3255386,0.93021226,0.16949832
1356681785759,-0.89682233,0.35083735,-0.26948625,-0.2893417,-0.004365444,0.95721596,0.3346507,0.9364262,0.10542691
1356681785796,-0.90372443,0.34494734,-0.25356182,-0.25326067,0.046762526,0.9662672,0.3451685,0.9374565,0.045101106
1356681785839,-0.9118492,0.34631312,-0.22045037,-0.20324284,0.085740924,0.97536707,0.356684,0.93419254,-0.0077971816
1356681785879,-0.918874,0.35485074,-0.17248636,-0.1422736,0.10975695,0.9837234,0.36800653,0.9284581,-0.05036688
1356681785919,-0.9224084,0.36876857,-0.11477138,-0.07582675,0.11846763,0.9900585,0.37869912,0.921941,-0.081313014
1356681785958,-0.921202,0.385557,-0.052276015,-0.009197369,0.1127404,0.9935819,0.3889761,0.9157704,-0.10031062
1356681785998,-0.9153817,0.4024701,0.009704486,0.052074656,0.09446746,0.99416506,0.3992049,0.9105458,-0.107432246
1356681786038,-0.9063019,0.41726148,0.06715524,0.104022816,0.06622553,0.9923676,0.40962934,0.9063703,-0.103425086
1356681786079,-0.895671,0.42881405,0.117863595,0.14518951,0.031450212,0.9889038,0.42034906,0.9028451,-0.09042829
1356681786119,-0.88527226,0.436403,0.16076535,0.176267,-0.0050453544,0.9843295,0.43037546,0.8997372,-0.0724569
1356681786159,-0.87747306,0.43834618,0.19466275,0.19864723,-0.03727126,0.9793621,0.43655497,0.8980331,-0.054371655
1356681786199,-0.8746982,0.43259975,0.21854182,0.21383497,-0.060194552,0.97501343,0.43494564,0.89957434,-0.039852977
1356681786238,-0.87772334,0.41890875,0.23263127,0.22333029,-0.07189131,0.9720881,0.42394036,0.90517795,-0.030454397
1356681786279,-0.8854223,0.39919803,0.2380513,0.22795406,-0.07337034,0.9709036,0.40504867,0.9139244,-0.02603513
1356681786319,-0.89612895,0.3760817,0.23561701,0.22722279,-0.0672341,0.97151905,0.3812121,0.92414397,-0.025203943
1356681786359,-0.9087422,0.35143185,0.22512963,0.21946621,-0.056440353,0.9739862,0.35499617,0.93451065,-0.02583766
1356681786399,-0.9226831,0.32623515,0.20549059,0.20248124,-0.043554246,0.978317,0.3281114,0.9442847,-0.025869668
1356681786461,-0.93739504,0.3011079,0.17499894,0.17385769,-0.03080684,0.9842888,0.3017683,0.95309234,-0.023471832
1356681786480,-0.95177454,0.27695984,0.13197935,0.13133521,-0.020961106,0.9911164,0.27726585,0.9606528,-0.016424298
1356681786520,-0.96372604,0.2557931,0.07617097,0.07384811,-0.018688142,0.9970944,0.25647333,0.96655095,-8.7958574E-4
1356681786560,-0.97020096,0.24209562,0.009979129,0.0030164197,-0.02911371,0.9995715,0.24228242,0.96981543,0.027516007
1356681786600,-0.96847993,0.24234667,-0.057571933,-0.07363876,-0.057762027,0.9956107,0.23795752,0.96846867,0.07378751
1356681786640,-0.9583237,0.26092312,-0.11633883,-0.14783344,-0.10445732,0.9834805,0.24446037,0.95969146,0.13867718
1356681786679,-0.9420791,0.29476,-0.16001119,-0.21398175,-0.16086578,0.9635009,0.2582612,0.9419336,0.21462148
1356681786720,-0.92311805,0.33355448,-0.19129714,-0.2709538,-0.21127355,0.9391207,0.27283186,0.9187519,0.2854082
1356681786760,-0.9044715,0.3664009,-0.21836111,-0.31864548,-0.24011397,0.91695714,0.28354236,0.8989414,0.33392823
1356681786800,-0.8882019,0.38762563,-0.24666551,-0.3557849,-0.24057138,0.90307397,0.29071394,0.8898718,0.35158724
1356681786839,-0.87551,0.39642707,-0.2762751,-0.38091502,-0.21445036,0.89939696,0.29729795,0.8926683,0.33875847
1356681786879,-0.8673333,0.3940998,-0.30400378,-0.39328334,-0.16829133,0.903884,0.3050593,0.9035283,0.30095756
1356681786919,-0.86454076,0.38293213,-0.3254721,-0.39270663,-0.11061782,0.9129869,0.31360897,0.9171295,0.24601376
1356681786958,-0.86763924,0.3668249,-0.33562088,-0.37859896,-0.049891412,0.9242151,0.32228053,0.92895114,0.18216741
1356681786998,-0.87626666,0.35124084,-0.3298279,-0.34968433,0.0073421,0.93683875,0.33147764,0.9362563,0.11638981
1356681787038,-0.888832,0.34154567,-0.30549023,-0.3052453,0.055912495,0.9506309,0.3417646,0.9382006,0.054558396
1356681787078,-0.9023907,0.34070194,-0.26384288,-0.24724138,0.092119396,0.964565,0.35293424,0.9356474,0.0011079907
1356681787118,-0.9136529,0.3484934,-0.2092624,-0.18036991,0.11378384,0.97699535,0.3642871,0.9303793,-0.041101217
1356681787159,-0.9201816,0.36257547,-0.14766484,-0.11075102,0.12069005,0.9864929,0.37549978,0.9241066,-0.070901155
1356681787199,-0.9211452,0.3798734,-0.08478047,-0.044240877,0.11422169,0.99246967,0.38669658,0.91795945,-0.08840883
1356681787238,-0.91730607,0.39737976,-0.025275543,0.014419049,0.09658623,0.9952201,0.39792162,0.91255707,-0.094329
1356681787279,-0.91044855,0.41267094,0.02803731,0.06257677,0.07042003,0.99555266,0.40886128,0.908154,-0.08993745
1356681787318,-0.90248877,0.4243105,0.07399072,0.09982784,0.038954556,0.9942419,0.418985,0.9046785,-0.07751405
1356681787359,-0.8951287,0.43139046,0.11245854,0.127667,0.006357074,0.9917968,0.42713678,0.90214294,-0.06076479
1356681787399,-0.8900586,0.43264052,0.14358938,0.1484488,-0.02272737,0.9886589,0.4309973,0.90128005,-0.043996274
1356681787460,-0.88866764,0.42671114,0.16789086,0.16469423,-0.044690013,0.9853317,0.4279551,0.90328306,-0.030562222
1356681787480,-0.8911512,0.41363978,0.1864182,0.17842746,-0.058261096,0.9822267,0.41714898,0.9085746,-0.021885335
1356681787520,-0.89667565,0.39482674,0.20021133,0.19049403,-0.06411457,0.9795924,0.39960575,0.91651577,-0.01772219
1356681787560,-0.9038754,0.37274483,0.20992982,0.20050886,-0.06435317,0.977576,0.37789607,0.9256997,-0.016571403
1356681787599,-0.91210866,0.3489408,0.21517023,0.20696686,-0.061110795,0.9764375,0.3538681,0.9351502,-0.016479552
1356681787639,-0.9211358,0.32456273,0.21486703,0.20789075,-0.056465328,0.9765209,0.32907483,0.94417727,-0.015461385
1356681787679,-0.93106747,0.30014968,0.2074212,0.20106567,-0.05227387,0.978182,0.30444372,0.9524587,-0.011679292
1356681787718,-0.9419032,0.27623883,0.19107705,0.1841341,-0.051112473,0.98157126,0.28091455,0.9597289,-0.0027219057
1356681787759,-0.95299625,0.25431436,0.1646885,0.15512939,-0.057341576,0.9862286,0.26025558,0.96542025,0.015194654
1356681787799,-0.96279407,0.23750548,0.12891364,0.11367752,-0.07682538,0.9905429,0.2451632,0.9683434,0.046967983
1356681787839,-0.96917576,0.2303569,0.08737441,0.06213046,-0.11466092,0.99145997,0.23840803,0.9663274,0.096814275
1356681787878,-0.9705433,0.23645547,0.04620155,0.005232163,-0.1710347,0.9852512,0.24087009,0.9564706,0.16475934
1356681787929,-0.96618533,0.25752935,0.012827158,-0.053029656,-0.24714506,0.9675264,0.2523366,0.93412954,0.25244462
1356681787968,-0.9590602,0.28243256,-0.020866513,-0.11055718,-0.3055482,0.9457364,0.260731,0.9093251,0.32426405
1356681788008,-0.9520628,0.30171382,-0.050448507,-0.1552962,-0.3346269,0.9294664,0.26355144,0.89274496,0.3654409
1356681788048,-0.9464495,0.31343842,-0.077393346,-0.18523183,-0.33084095,0.92532885,0.2644287,0.89011276,0.37118304
1356681788089,-0.94243604,0.3191449,-0.09980486,-0.19972253,-0.2978568,0.9334839,0.26818907,0.8996821,0.34445137
1356681788129,-0.9401981,0.3205048,-0.11534315,-0.19956324,-0.2438724,0.9490525,0.2760469,0.9153157,0.29324943
1356681788169,-0.9398389,0.31912854,-0.121900484,-0.18602571,-0.17880398,0.9661384,0.28652608,0.9306912,0.22741312
1356681788209,-0.9409018,0.31793886,-0.11669877,-0.15957259,-0.11224091,0.98078465,0.29873115,0.94144404,0.15634209
1356681788249,-0.94216096,0.32079005,-0.0970897,-0.11991463,-0.052129805,0.99141455,0.31297466,0.9457146,0.08758217
1356681788289,-0.9418435,0.33017948,-0.062549874,-0.06801474,-0.0050124526,0.9976718,0.3290972,0.94390494,0.02717799
1356681788328,-0.9379997,0.3462736,-0.015845865,-0.0073871017,0.025734246,0.99964154,0.34655726,0.9377805,-0.021580756
1356681788368,-0.9294312,0.3669558,0.038744748,0.057117194,0.039337277,0.9975923,0.36454812,0.92940634,-0.057520747
1356681788408,-0.9162199,0.3889976,0.096030444,0.119897604,0.03748834,0.99207824,0.38231605,0.92047566,-0.080987394
1356681788461,-0.8998763,0.40904403,0.15134585,0.17596118,0.02297908,0.98412883,0.39907426,0.91222525,-0.09265423
1356681788490,-0.8827314,0.42446464,0.20153168,0.22203706,-0.0011823773,0.9750375,0.41410723,0.9054437,-0.09320319
1356681788530,-0.8667912,0.4342057,0.24523145,0.25732672,-0.031774044,0.96580195,0.4271487,0.9002532,-0.08419126
1356681788570,-0.8531403,0.43853655,0.28255513,0.2838038,-0.06431085,0.95672333,0.4377295,0.8964094,-0.06959224
1356681788610,-0.842828,0.43750304,0.31342006,0.30425906,-0.093018234,0.94803697,0.44392282,0.8943929,-0.05471587
1356681788649,-0.83725685,0.43029067,0.3374181,0.3211169,-0.11254388,0.9403286,0.44258896,0.89564717,-0.04394555
1356681788689,-0.837353,0.41647062,0.35410753,0.3353162,-0.12029189,0.93439436,0.43174407,0.90115595,-0.038922608
1356681788747,-0.842738,0.39710066,0.36346093,0.3463653,-0.11687434,0.9307908,0.4120969,0.910303,-0.03904742
1356681788769,-0.8523029,0.3742358,0.36541376,0.35265893,-0.104783714,0.9298667,0.38627884,0.9213946,-0.04267007
1356681788809,-0.865227,0.34968942,0.3593043,0.3518204,-0.08712989,0.9320036,0.35721797,0.9328053,-0.04764074
1356681788846,-0.8811751,0.32444847,0.34389487,0.34119958,-0.06711811,0.9375916,0.32728174,0.9435192,-0.051558852
1356681788889,-0.9001015,0.29887748,0.31700096,0.31776512,-0.047422767,0.9469828,0.29806492,0.9531124,-0.05228752
1356681788929,-0.9213853,0.2737612,0.27586922,0.27833092,-0.030623615,0.9599969,0.2712581,0.96130997,-0.04798001
1356681788968,-0.9432634,0.2501619,0.21834181,0.22027491,-0.020603001,0.9752202,0.24846144,0.9679848,-0.03567034
1356681789009,-0.96243125,0.23084196,0.14296198,0.14159536,-0.022565305,0.9896674,0.23168275,0.97272956,-0.010968566
1356681789048,-0.97378343,0.22099295,0.053923137,0.04560826,-0.04256028,0.9980523,0.22285753,0.9743462,0.031365514
1356681789088,-0.97318906,0.2270518,-0.036753,-0.0570058,-0.08329433,0.99489325,0.22283095,0.9703142,0.09400427
1356681789129,-0.96121925,0.25099784,-0.114269465,-0.15267888,-0.1392641,0.97841436,0.22966626,0.9579173,0.17218548
1356681789169,-0.94239223,0.2857328,-0.17393607,-0.23473126,-0.1944068,0.9524218,0.23832381,0.9383831,0.25027782
1356681789209,-0.9208854,0.32012066,-0.2224697,-0.30343905,-0.23034966,0.92458844,0.24473403,0.918946,0.3092628
1356681789249,-0.8989133,0.34686673,-0.26765323,-0.36010593,-0.23696995,0.9023131,0.2495566,0.90748477,0.3379243
1356681789289,-0.87771744,0.36344326,-0.31228393,-0.40492767,-0.21410215,0.88892853,0.25621444,0.90668035,0.3350894
1356681789329,-0.85834295,0.3693427,-0.35613638,-0.4384779,-0.16760856,0.88297474,0.26642877,0.9140532,0.3058144
1356681789369,-0.84183216,0.3647676,-0.39782298,-0.46198237,-0.10584372,0.88055056,0.27908927,0.9250631,0.25761896
1356681789408,-0.82992494,0.35165203,-0.4330884,-0.47501045,-0.038320124,0.87914544,0.29255727,0.9353462,0.19884115
1356681789458,-0.8256899,0.33487904,-0.45397374,-0.4734698,0.0261271,0.8804225,0.3066961,0.9418988,0.1369822
