1356682440999,0.9610071,-0.15578492,-0.22846529,-0.22173725,0.059515208,-0.97328854,0.16522083,0.9859965,0.022651222
1356682441053,0.602324,-0.11909744,0.78931713,0.7809627,-0.116761714,-0.61356664,0.16523623,0.98599315,0.022682264
1356682441086,0.6018108,-0.11926016,0.78968394,0.78132975,-0.116823584,-0.6130872,0.16537061,0.9859661,0.022875845
1356682441121,0.60041815,-0.11973846,0.79067105,0.7823012,-0.117096186,-0.6117952,0.16583997,0.98587584,0.023364842
1356682441169,0.5975226,-0.12079188,0.7927017,0.78425825,-0.117916495,-0.6091262,0.1670501,0.9856496,0.024274245
1356682441210,0.59276444,-0.12262866,0.7959852,0.7873566,-0.1196602,-0.6047735,0.16941026,0.98521256,0.025622144
1356682441244,0.5869593,-0.12507674,0.7998966,0.7909833,-0.122154236,-0.5995196,0.17269665,0.9845985,0.027234033
1356682441286,0.5801045,-0.12808007,0.8044093,0.7951538,-0.12514096,-0.59335506,0.17666149,0.983837,0.02924852
1356682441325,0.57240057,-0.13162991,0.80934,0.7998309,-0.12780353,-0.5864611,0.18063232,0.98302585,0.03212686
1356682441373,0.5636402,-0.13581392,0.8147787,0.8052739,-0.12933743,-0.5786241,0.18396655,0.9822558,0.03646761
1356682441404,0.5526555,-0.1409798,0.82139915,0.8122989,-0.12930864,-0.5687264,0.18639296,0.9815314,0.043054596
1356682441445,0.53887796,-0.14749885,0.82937,0.82117724,-0.12754399,-0.5562377,0.18782559,0.9808041,0.052392066
1356682441489,0.52170175,-0.15588549,0.83876514,0.83211505,-0.12388492,-0.54058963,0.18818042,0.97997564,0.06508368
1356682441530,0.5033997,-0.1661807,0.84792256,0.84344304,-0.118551105,-0.52397466,0.18759665,0.9789431,0.080485344
1356682441570,0.48402068,-0.17867711,0.8566204,0.85498226,-0.11191556,-0.50643885,0.18635815,0.97752213,0.09859629
1356682441609,0.4659902,-0.19354889,0.8633608,0.8652072,-0.10447794,-0.49040866,0.18512028,0.97551167,0.11877425
1356682441656,0.45270342,-0.210457,0.86646837,0.8723359,-0.09668207,-0.47925216,0.18463391,0.97281057,0.13982087
1356682441684,0.4430006,-0.22940058,0.86667514,0.87710637,-0.089194655,-0.47194153,0.1855664,0.9692367,0.16169542
1356682441726,0.43760106,-0.25043547,0.8635899,0.8792186,-0.08201918,-0.46930557,0.18836164,0.96465284,0.1842958
1356682441766,0.4352915,-0.2735126,0.85773665,0.8792876,-0.07542804,-0.47028068,0.1933251,0.9589064,0.20766309
1356682441805,0.43403944,-0.29855698,0.8499844,0.87825316,-0.069964916,-0.47304988,0.20070148,0.95182383,0.2318411
1356682441848,0.43130535,-0.32539237,0.841484,0.877267,-0.066524625,-0.4753703,0.21066135,0.943236,0.25676364
1356682441888,0.42466497,-0.35365298,0.8334202,0.8773962,-0.0662238,-0.47517404,0.223239,0.9330294,0.28217083
1356682441958,0.4119667,-0.38278425,0.8268976,0.8794464,-0.07044372,-0.47075647,0.23844793,0.9211481,0.30761778
1356682441962,0.39250082,-0.41184467,0.82239115,0.88335425,-0.080250025,-0.46178496,0.25618052,0.90771365,0.33230644
1356682442004,0.3691268,-0.43905133,0.8191333,0.8876279,-0.09465814,-0.45072886,0.2754308,0.8934616,0.3547734
1356682442044,0.34905255,-0.46196133,0.81532454,0.8898174,-0.10949677,-0.4429847,0.29391718,0.8801149,0.37284106
1356682442087,0.3455956,-0.47774684,0.8076643,0.8864037,-0.11628157,-0.4480703,0.30798066,0.8707677,0.38329023
1356682442126,0.37173963,-0.48374724,0.7923372,0.8734251,-0.10693663,-0.47507173,0.31454453,0.86865014,0.3827644
1356682442163,0.43306094,-0.47721437,0.7646729,0.84534216,-0.07939142,-0.52829313,0.31281757,0.87519336,0.36902812
1356682442202,0.52494836,-0.45519626,0.7191839,0.7950922,-0.039277166,-0.6052154,0.3037393,0.8895244,0.34130454
1356682442245,0.63125086,-0.41706747,0.6538938,0.7197884,0.0010518432,-0.6941927,0.28883743,0.9088749,0.30086428
1356682442284,0.73287463,-0.36661738,0.5731373,0.6247422,0.029032439,-0.78029114,0.2694287,0.9299187,0.2503185
1356682442326,0.81531155,-0.31192505,0.48782152,0.5235771,0.037399128,-0.85115707,0.24725306,0.9493704,0.19380873
1356682442365,0.87384653,-0.26166028,0.40978795,0.4310283,0.026943743,-0.901936,0.22495963,0.96478385,0.13632768
1356682442402,0.9115684,-0.22144362,0.34641847,0.35602334,0.003712207,-0.9344697,0.20564637,0.9751661,0.08222303
1356682442448,0.93402344,-0.19343334,0.3003061,0.30124018,-0.025281727,-0.9532131,0.19197544,0.98078763,0.034656167
1356682442487,0.9462678,-0.17721212,0.27050525,0.2650217,-0.05437583,-0.962708,0.18531248,0.98266935,-0.0044890344
1356682442530,0.9518915,-0.17095493,0.25431675,0.24386837,-0.07992357,-0.9665094,0.18555544,0.9820319,-0.034388065
1356682442567,0.95307744,-0.17236634,0.24886392,0.2343569,-0.10026714,-0.9669661,0.19162528,0.9799165,-0.05516711
1356682442607,0.9511039,-0.17912424,0.2516264,0.23373342,-0.115168154,-0.9654559,0.20191588,0.97706234,-0.06766957
1356682442647,0.9468508,-0.18898174,0.26030654,0.23970461,-0.12512058,-0.9627495,0.21451178,0.97397673,-0.07317072
1356682442690,0.94133335,-0.19963375,0.27209905,0.2496171,-0.13074028,-0.9594781,0.22711852,0.97110933,-0.073238194
1356682442724,0.9360049,-0.2087167,0.28342935,0.26014298,-0.1322254,-0.9564738,0.23710862,0.9689963,-0.069467425
1356682442766,0.9324445,-0.21423782,0.29094565,0.2681271,-0.12946427,-0.9546449,0.2421881,0.96816385,-0.06327528
1356682442801,0.931353,-0.21528322,0.29365748,0.2724354,-0.12307119,-0.9542706,0.24157923,0.9687655,-0.05597195
1356682442842,0.9319713,-0.2122767,0.29388455,0.2748121,-0.11504915,-0.95458996,0.23644838,0.97041345,-0.0488863
1356682442882,0.93292356,-0.20625132,0.29515076,0.278171,-0.10765133,-0.95448,0.22863615,0.9725593,-0.043057323
1356682442947,0.93396235,-0.19751647,0.29782802,0.28270254,-0.10147191,-0.9538253,0.21861738,0.9750337,-0.038932532
1356682442962,0.9360598,-0.18547378,0.29898432,0.28558928,-0.09580022,-0.9535518,0.20550165,0.97796816,-0.036705405
1356682443002,0.94014287,-0.16989274,0.2954111,0.28370482,-0.09004709,-0.95467436,0.18879317,0.98133993,-0.036457747
1356682443041,0.94678336,-0.15101719,0.28424484,0.2742427,-0.083820194,-0.9580006,0.16850002,0.9849711,-0.037944198
1356682443081,0.95444846,-0.13069114,0.2682314,0.25989103,-0.077484936,-0.96252424,0.14657725,0.9883906,-0.03998992
1356682443121,0.9614072,-0.111552656,0.25149998,0.2447063,-0.07112607,-0.9669849,0.12575793,0.9912099,-0.041083485
1356682443163,0.96659505,-0.09616452,0.23758435,0.23213366,-0.06453538,-0.97054064,0.10866418,0.9932711,-0.040056556
1356682443201,0.9698827,-0.08625093,0.22778997,0.22347,-0.056933522,-0.9730466,0.09689506,0.9946453,-0.035944343
1356682443240,0.97159845,-0.082593545,0.22175384,0.21849053,-0.046763837,-0.974718,0.090875454,0.99548554,-0.027389765
1356682443271,0.9729983,-0.08327683,0.21526538,0.21306351,-0.0345864,-0.97642595,0.08875893,0.9959261,-0.015909255
1356682443302,0.9727248,-0.088989764,0.21421319,0.21331719,-0.019572228,-0.97678685,0.091116674,0.9958402,-5.5342913E-5
1356682443335,0.97021604,-0.1011605,0.22010794,0.22116068,-8.2847476E-4,-0.975237,0.098837815,0.9948697,0.021568924
1356682443376,0.96120536,-0.12852894,0.24405852,0.24941333,0.027110606,-0.9680175,0.117801696,0.9913351,0.05811569
1356682443412,0.9431088,-0.17261189,0.2841672,0.29837584,0.062316924,-0.952412,0.14668918,0.9830167,0.11027485
1356682443450,0.9120037,-0.23242268,0.33797777,0.36782065,0.09872348,-0.92464143,0.18154126,0.9675916,0.17552602
1356682443484,0.8711261,-0.2949137,0.3926389,0.44242263,0.12440667,-0.8881358,0.2130765,0.94739056,0.23885038
1356682443520,0.8254271,-0.35299456,0.44052798,0.5124864,0.14136887,-0.8469784,0.23670183,0.9248836,0.2975946
1356682443550,0.7800067,-0.39663854,0.48401183,0.57374454,0.1445208,-0.8061829,0.24981344,0.9065272,0.3402964
1356682443580,0.74702543,-0.4201941,0.51516,0.61491233,0.14223094,-0.77566296,0.2526574,0.89621824,0.36463273
1356682443621,0.7384134,-0.41403922,0.5322755,0.62900245,0.13833167,-0.764997,0.24310815,0.8996866,0.36257762
1356682443650,0.7274475,-0.39873582,0.5584172,0.64601487,0.123696476,-0.75323564,0.23126782,0.90868527,0.347572
1356682443691,0.73048186,-0.36498243,0.577221,0.64761823,0.10193576,-0.75511575,0.2167645,0.9254172,0.31083152
1356682443730,0.7325897,-0.3220495,0.59966356,0.6499452,0.06926556,-0.75681806,0.20219682,0.9441856,0.26005775
1356682443769,0.7323662,-0.2748044,0.62299466,0.6542135,0.030293822,-0.75570315,0.18879761,0.9610229,0.20196688
1356682443809,0.72984195,-0.22704722,0.6448103,0.6601855,-0.010738239,-0.7510258,0.17744246,0.9738245,0.14205608
1356682443839,0.72351015,-0.1842712,0.66526484,0.6694321,-0.047950596,-0.74132407,0.16850455,0.98170507,0.08866433
1356682443880,0.7177093,-0.14584717,0.68089795,0.67700016,-0.0827204,-0.7313194,0.162985,0.9858428,0.039369345
1356682443949,0.71041214,-0.11366418,0.6945467,0.6854223,-0.11222601,-0.71944535,0.15972134,0.98716044,-0.0018187761
1356682443953,0.702006,-0.08879167,0.70661426,0.69401914,-0.13729212,-0.70674485,0.15976566,0.9865429,-0.034756742
1356682443976,0.69223285,-0.06990355,0.7182807,0.7033803,-0.1573275,-0.69318414,0.16146135,0.9850693,-0.059738494
1356682444009,0.68083113,-0.056981713,0.73022056,0.7136171,-0.17296435,-0.6788476,0.16498402,0.98327845,-0.07709641
1356682444048,0.6651513,-0.051258326,0.7449472,0.726714,-0.18488343,-0.6615926,0.17164055,0.9814228,-0.0857253
1356682444088,0.64416903,-0.050463945,0.7632167,0.7433294,-0.1939048,-0.6402049,0.18029863,0.97972155,-0.08739615
1356682444128,0.61883247,-0.05247259,0.78376853,0.7623418,-0.20048729,-0.6153373,0.18942389,0.97829014,-0.08406602
1356682444171,0.5905709,-0.05557242,0.8050699,0.78242385,-0.20482743,-0.58809733,0.19758245,0.9772192,-0.07748389
1356682444210,0.56098723,-0.058580756,0.8257491,0.80234593,-0.20709348,-0.55977964,0.20379955,0.9765657,-0.06917475
1356682444250,0.53183234,-0.060331076,0.84469783,0.82112193,-0.20725876,-0.5317917,0.20715463,0.976424,-0.060687706
1356682444282,0.504352,-0.060001165,0.861411,0.838146,-0.20593855,-0.50507486,0.20770285,0.9767237,-0.05357577
1356682444309,0.48097432,-0.057625175,0.8748389,0.8525561,-0.2019828,-0.48202804,0.2044794,0.97769237,-0.048019856
1356682444349,0.4626209,-0.05122477,0.8850751,0.86517566,-0.19184154,-0.4633227,0.19352782,0.9800882,-0.044431463
1356682444379,0.44295394,-0.042273194,0.89554715,0.8783841,-0.17956752,-0.44294107,0.17953572,0.98283696,-0.042408034
1356682444420,0.42696834,-0.030005008,0.90376866,0.89033926,-0.16078705,-0.42596197,0.15809527,0.9865329,-0.041936353
1356682444469,0.4066081,-0.017484635,0.91343534,0.90344834,-0.14095712,-0.40486068,0.13583407,0.9898613,-0.04151784
1356682444490,0.38657007,-0.005686611,0.9222425,0.915704,-0.116656154,-0.3845487,0.10977197,0.9931562,-0.03988859
1356682444525,0.3614365,0.0036711693,0.93238956,0.9285855,-0.09174079,-0.35960072,0.084217966,0.99577624,-0.03656748
1356682444555,0.3331794,0.009515911,0.9428154,0.9407501,-0.070266604,-0.33174035,0.063091666,0.9974828,-0.032363445
1356682444599,0.30418998,0.009397447,0.952565,0.95143634,-0.052648127,-0.30331016,0.0473004,0.9985689,-0.024956107
1356682444638,0.27153337,0.0025904179,0.96242553,0.96168816,-0.039959848,-0.27121776,0.037755787,0.9991979,-0.013341606
1356682444678,0.23466828,-0.012969464,0.97198904,0.9714136,-0.033765584,-0.2349799,0.035867363,0.99934566,0.004674971
1356682444718,0.19101334,-0.03968212,0.980785,0.9806042,-0.036997736,-0.19247505,0.04392466,0.99852717,0.03184536
1356682444758,0.13722032,-0.07947478,0.9873471,0.98844075,-0.053882003,-0.14170945,0.06446254,0.99537957,0.07116237
1356682444798,0.07135385,-0.13141021,0.9887568,0.9925976,-0.088315606,-0.08336851,0.098278165,0.9873862,0.12413579
1356682444838,-0.003713131,-0.18893477,0.9819827,0.98993015,-0.13965529,-0.023126751,0.14150849,0.97200835,0.18755072
1356682444878,-0.07900214,-0.2403383,0.967469,0.9796871,-0.19815695,0.030773818,0.18431458,0.95024806,0.25111112
1356682444942,-0.14401156,-0.2749301,0.9506178,0.96573985,-0.24861878,0.074398935,0.21588695,0.9287638,0.30131492
1356682444959,-0.19250822,-0.2880473,0.9380667,0.9535053,-0.28079802,0.10945332,0.23187956,0.91552234,0.32871062
1356682445000,-0.22238165,-0.2800026,0.933887,0.9462434,-0.2927515,0.13754988,0.23488247,0.914273,0.33005318
1356682445038,-0.23534882,-0.25398734,0.9381372,0.9442693,-0.28832126,0.15882829,0.2301445,0.9232342,0.30768847
1356682445078,-0.23367864,-0.2141836,0.9484301,0.94690824,-0.27165407,0.17195612,0.22081476,0.9382587,0.26629198
1356682445118,-0.22076958,-0.16536748,0.96120465,0.9529003,-0.2466914,0.17642096,0.20794666,0.9548806,0.2120407
1356682445158,-0.20033991,-0.11234316,0.9732641,0.9606389,-0.21766114,0.17261666,0.19244948,0.9695373,0.1515274
1356682445198,-0.1759308,-0.05940485,0.98260844,0.96852994,-0.1889717,0.1619856,0.17606246,0.98018396,0.09078133
1356682445238,-0.15134305,-0.010654956,0.9884239,0.97529113,-0.1644181,0.14755979,0.1609425,0.98633325,0.03527516
1356682445278,-0.13014376,0.030385166,0.9910295,0.9802462,-0.14619386,0.13321,0.14892998,0.98878926,-0.010758758
1356682445318,-0.11485672,0.061466902,0.99147856,0.98329854,-0.13481331,0.12226692,0.14117995,0.98896265,-0.044956088
1356682445358,-0.1063782,0.08203918,0.99093556,0.98470944,-0.12957507,0.11643726,0.13795292,0.98816997,-0.06700081
1356682445398,-0.104075015,0.09304854,0.99020725,0.9848416,-0.12926793,0.115658194,0.13876384,0.9872345,-0.078184545
1356682445438,-0.10643935,0.09625614,0.9896492,0.9839897,-0.13289547,0.11875644,0.14295089,0.98644495,-0.080569744
1356682445478,-0.11169815,0.093622565,0.9893222,0.98232317,-0.14008671,0.12416473,0.1502155,0.9857031,-0.07632023
1356682445518,-0.118038714,0.087085605,0.98918295,0.9799974,-0.1505149,0.13019368,0.1602248,0.9847646,-0.067577004
1356682445558,-0.1237483,0.07844815,0.98920786,0.97745967,-0.1622011,0.13514179,0.17105222,0.9836344,-0.056607783
1356682445598,-0.12751138,0.06910446,0.98942685,0.9756267,-0.1708808,0.13766769,0.17858747,0.98286545,-0.04563093
1356682445638,-0.12864381,0.059791327,0.98988676,0.97548497,-0.17208844,0.13716668,0.17854944,0.9832652,-0.03618741
1356682445678,-0.12718564,0.050376296,0.9905988,0.97739756,-0.16366947,0.13381404,0.16887188,0.9852281,-0.028421223
1356682445718,-0.123705745,0.039964974,0.99151385,0.980902,-0.14620817,0.12827492,0.15009388,0.98844624,-0.021114945
1356682445758,-0.11869651,0.02755782,0.9925481,0.98505974,-0.12234473,0.12119794,0.124773026,0.992105,-0.012624204
1356682445798,-0.11213106,0.012694001,0.99361235,0.98895335,-0.09612471,0.11283329,0.09694296,0.9952884,-0.0017752647
1356682445838,-0.10348189,-0.004414141,0.99462163,0.9920821,-0.07200873,0.10289803,0.0711672,0.9973943,0.0118306875
1356682445878,-0.09214151,-0.023297727,0.99547327,0.9944156,-0.053812683,0.09078422,0.051454037,0.9982792,0.028126061
1356682445946,-0.07808405,-0.043934464,0.99597824,0.9961122,-0.04430735,0.076140076,0.04078403,0.9980514,0.04722339
1356682445960,-0.062310517,-0.06705868,0.9958014,0.9972112,-0.045243442,0.05935195,0.041073382,0.9967227,0.06969085
1356682445999,-0.047840714,-0.09420493,0.99440277,0.99741495,-0.05794543,0.042496145,0.053617746,0.9938651,0.09673351
1356682446039,-0.039491117,-0.12706906,0.99110746,0.9960486,-0.0839684,0.028922528,0.07954657,0.98833334,0.12988296
1356682446081,-0.042310238,-0.16602743,0.98521304,0.992031,-0.1241132,0.021687597,0.11867717,0.9782795,0.16995561
1356682446120,-0.05977148,-0.2090247,0.97608197,0.9839674,-0.17694086,0.022363067,0.16803432,0.9617695,0.21624947
1356682446159,-0.090732396,-0.2511506,0.9636862,0.97111154,-0.23676729,0.029726505,0.22070351,0.9385439,0.2653777
1356682446200,-0.12810427,-0.2858479,0.9496738,0.9551953,-0.29317766,0.040603817,0.26681665,0.91232544,0.31059793
1356682446239,-0.16169685,-0.3076612,0.937656,0.94092596,-0.33451784,0.052499592,0.29751056,0.89075387,0.34357685
1356682446279,-0.18354172,-0.31473944,0.93126345,0.9330077,-0.35408032,0.06421682,0.3095305,0.88066244,0.35864276
1356682446319,-0.1895023,-0.3073851,0.93252516,0.933143,-0.35188276,0.07363796,0.30550432,0.88413393,0.35351694
1356682446359,-0.17758489,-0.286638,0.9414363,0.9402461,-0.3318302,0.07632846,0.29051837,0.8987366,0.32843822
1356682446399,-0.14785683,-0.25381726,0.9558845,0.95180935,-0.299101,0.06780577,0.26869577,0.9198453,0.2858098
1356682446440,-0.10213959,-0.21056318,0.97222984,0.964818,-0.25899237,0.045268983,0.24226812,0.94264853,0.22960845
1356682446479,-0.04615587,-0.16023353,0.98599935,0.97582006,-0.2183373,0.010197639,0.2136465,0.96262866,0.16643664
1356682446519,0.015145063,-0.10646886,0.99420065,0.9825565,-0.18272883,-0.034536064,0.18534619,0.9773814,0.10184428
1356682446559,0.07458013,-0.054068536,0.99574816,0.98422897,-0.15662968,-0.08222225,0.1604093,0.9861764,0.041534334
1356682446599,0.12528628,-0.008024991,0.9920882,0.98198485,-0.14156938,-0.12515554,0.14145365,0.9898958,-0.009856284
1356682446639,0.1629971,0.028071135,0.98622715,0.9780071,-0.13643876,-0.15775502,0.13013124,0.9902507,-0.0496929
1356682446678,0.18705651,0.052927732,0.9809223,0.97415364,-0.13870981,-0.1782814,0.1266275,0.9889177,-0.07750633
1356682446718,0.19970444,0.0673821,0.97753656,0.97122264,-0.14575383,-0.18836764,0.12978709,0.9870236,-0.09455073
1356682446758,0.20380801,0.07310885,0.97627735,0.96925884,-0.15546924,-0.19070047,0.1378392,0.9851317,-0.10254729
1356682446798,0.20159793,0.07171598,0.9768393,0.96807826,-0.16624206,-0.18758494,0.14893898,0.9834736,-0.10294074
1356682446838,0.19415936,0.06439227,0.9788543,0.967527,-0.17719838,-0.18025583,0.16184437,0.98206633,-0.09670597
1356682446878,0.18273422,0.05250737,0.9817592,0.96733975,-0.1880314,-0.16999394,0.1756756,0.9807585,-0.0851523
1356682446960,0.16995135,0.038234264,0.98471045,0.96721065,-0.19784692,-0.15924913,0.18873313,0.979487,-0.07060495
1356682446961,0.15985215,0.024468899,0.9868376,0.9671595,-0.20400506,-0.15160626,0.19761023,0.978664,-0.056275994
1356682446985,0.15563595,0.013401687,0.9877235,0.9671157,-0.20568824,-0.14959794,0.20115823,0.9785258,-0.044973493
1356682447026,0.15741777,0.0062870383,0.9875121,0.96821773,-0.19778812,-0.1530829,0.1943557,0.98022467,-0.037222624
1356682447069,0.16689304,0.0020263493,0.9859729,0.9698007,-0.18072465,-0.1637842,0.17785773,0.98353165,-0.032126844
1356682447108,0.18290994,-7.943809E-4,0.9831294,0.97103775,-0.15621164,-0.18078652,0.15371987,0.98772335,-0.027801305
1356682447148,0.20480335,-0.0036071837,0.9787965,0.97080064,-0.1268624,-0.20359784,0.12490693,0.99191374,-0.022479981
1356682447188,0.23273957,-0.007562995,0.97250974,0.9678678,-0.09609026,-0.23237592,0.09520617,0.99534386,-0.0150440335
1356682447228,0.2669705,-0.013520956,0.9636099,0.9612954,-0.06692359,-0.2672683,0.06810194,0.9976665,-0.004869014
1356682447268,0.30686942,-0.022460073,0.9514866,0.9506279,-0.04133126,-0.30756813,0.04623416,0.99889296,0.008667856
1356682447308,0.34974018,-0.03604433,0.93615305,0.9363067,-0.020474046,-0.35058588,0.03180349,0.99914044,0.026587963
1356682447348,0.38979745,-0.057151586,0.9191255,0.92049885,-0.005296886,-0.39070934,0.027198136,0.9983515,0.05054325
1356682447406,0.41813195,-0.0898456,0.9039322,0.9077032,0.002742052,-0.4196038,0.03522095,0.9959519,0.08269969
1356682447428,0.42453372,-0.13798809,0.8948354,0.90351593,6.353259E-4,-0.42855406,0.05856687,0.9904337,0.124944165
1356682447468,0.4024677,-0.20145193,0.8929932,0.9102328,-0.01577583,-0.4137964,0.09744781,0.9793713,0.1770189
1356682447506,0.35552654,-0.27212375,0.8941753,0.9231363,-0.04757026,-0.38151848,0.14635643,0.9610857,0.23429488
1356682447548,0.29861373,-0.33650628,0.89308083,0.93422294,-0.08821517,-0.34560895,0.1950829,0.9375402,0.28802967
1356682447588,0.25356793,-0.38195193,0.888716,0.93901956,-0.12340462,-0.32095733,0.2322619,0.9159062,0.32736886
1356682447628,0.23516065,-0.40359578,0.8842001,0.93860936,-0.14194924,-0.31442437,0.25241193,0.9038588,0.345438
1356682447668,0.24688947,-0.40209886,0.8816813,0.93438864,-0.14236212,-0.32657418,0.2568332,0.9044608,0.34056902
1356682447708,0.28507245,-0.3798252,0.8800378,0.9253329,-0.13040072,-0.35602608,0.24998525,0.9158212,0.31429118
1356682447748,0.34113324,-0.34037122,0.876228,0.90989196,-0.11452073,-0.39872485,0.23606074,0.93329114,0.27063423
1356682447788,0.40505135,-0.28863972,0.867537,0.88797265,-0.10184467,-0.44847763,0.21780252,0.9520056,0.21505189
1356682447828,0.46761873,-0.23067975,0.85329926,0.86158,-0.09675971,-0.49831465,0.19751608,0.9682069,0.1535024
1356682447868,0.52191645,-0.17295632,0.83527803,0.8342471,-0.10068393,-0.54212034,0.1778622,0.9797698,0.0917397
1356682447908,0.5639752,-0.121233106,0.8168442,0.8098407,-0.112282604,-0.5758044,0.16152397,0.9862531,0.034854904
1356682447950,0.59277606,-0.079484135,0.8014355,0.7911687,-0.12856317,-0.5979328,0.15056127,0.98851085,-0.013323799
1356682447975,0.6106075,-0.048356205,0.7904557,0.77870834,-0.14498916,-0.6104027,0.14412424,0.988251,-0.050876126
1356682448006,0.61977905,-0.02757898,0.7842916,0.7717241,-0.16009285,-0.6154772,0.14253369,0.9867166,-0.07793884
1356682448048,0.61825687,-0.019522607,0.7857337,0.7717976,-0.17394783,-0.61161315,0.14861694,0.9845613,-0.092476934
1356682448088,0.6094851,-0.021232992,0.79251313,0.77642596,-0.18611515,-0.6020996,0.16028306,0.98229855,-0.09694858
1356682448128,0.59618807,-0.029391706,0.80230665,0.7835358,-0.19655079,-0.58944,0.17501864,0.98005307,-0.094151795
1356682448168,0.5810075,-0.040694147,0.8128803,0.7913903,-0.20500872,-0.57591045,0.19008371,0.97791386,-0.08690664
1356682448208,0.5660289,-0.052479982,0.82271326,0.7989434,-0.21109706,-0.5631408,0.20322594,0.9760553,-0.07755852
1356682448248,0.5527598,-0.06275001,0.8309747,0.80576384,-0.21415508,-0.55216134,0.2126056,0.974782,-0.06781463
1356682448289,0.5421431,-0.07009071,0.8373579,0.81193894,-0.212957,-0.54351115,0.21641636,0.9745443,-0.058543757
1356682448328,0.5347495,-0.07347697,0.84181005,0.81772554,-0.20611307,-0.5374406,0.2129975,0.97576565,-0.050134867
1356682448368,0.5308337,-0.07228458,0.84438777,0.82317495,-0.19290939,-0.53401226,0.20149115,0.9785505,-0.04289998
1356682448408,0.52992827,-0.06674808,0.84541154,0.8281754,-0.17378587,-0.5328451,0.18248698,0.98251873,-0.036814928
1356682448448,0.5307629,-0.058270365,0.8455148,0.83268344,-0.15000084,-0.5330459,0.15788868,0.9869672,-0.031094104
1356682448488,0.53167343,-0.049249142,0.8455163,0.836789,-0.12362516,-0.53338635,0.13079593,0.99110615,-0.024517074
1356682448528,0.5315902,-0.042215914,0.84594893,0.840539,-0.09684965,-0.5330237,0.10443196,0.99440324,-0.016000196
1356682448568,0.53026634,-0.039217025,0.84692365,0.8439156,-0.07147962,-0.5316928,0.08138919,0.9966708,-0.004807368
1356682448608,0.52760905,-0.041924536,0.8484521,0.8471122,-0.04866922,-0.52918065,0.063479155,0.9979347,0.00983648
1356682448648,0.52239597,-0.052392364,0.8510919,0.8510912,-0.02930364,-0.5241994,0.052404106,0.99819654,0.029282555
1356682448688,0.51123714,-0.073703736,0.85627353,0.8579627,-0.014618844,-0.5135039,0.05036494,0.99717295,0.055761382
1356682448728,0.48859286,-0.10951349,0.8656118,0.87044084,-0.007135749,-0.49222142,0.06008166,0.9939597,0.09183851
1356682448768,0.44808495,-0.16210708,0.8791708,0.89003694,-0.011499286,-0.45574346,0.083989024,0.98670626,0.13912857
1356682448808,0.38736257,-0.22778323,0.8933448,0.91394293,-0.03237596,-0.4045492,0.12107247,0.9731734,0.19563971
1356682448848,0.31397527,-0.29421514,0.9026942,0.9351948,-0.06819332,-0.3475058,0.16379926,0.9533032,0.2537375
1356682448888,0.24441838,-0.345991,0.9058421,0.9487897,-0.10748422,-0.29706085,0.20014411,0.93206084,0.3020016
1356682448950,0.19400197,-0.3736366,0.9070606,0.95585406,-0.1360166,-0.26046592,0.2206949,0.9175485,0.33075458
1356682448970,0.16906327,-0.37566945,0.91120255,0.9598206,-0.14733195,-0.23882565,0.22396871,0.91496766,0.33566684
1356682449009,0.16875339,-0.35432896,0.9197681,0.9620378,-0.14385247,-0.23192611,0.21448901,0.92399,0.31660223
1356682449050,0.18876338,-0.3127516,0.93088925,0.96190923,-0.13198459,-0.23939642,0.19773468,0.9406202,0.2759248
1356682449089,0.22021776,-0.25710863,0.94095653,0.95907015,-0.11896896,-0.2569643,0.17801243,0.95903146,0.22038624
1356682449129,0.2565927,-0.19372791,0.94690526,0.953577,-0.10905081,-0.28071132,0.15764245,0.9749756,0.15675284
1356682449169,0.29091746,-0.12998348,0.94787717,0.9465948,-0.10484803,-0.30490172,0.13901529,0.9859569,0.09253961
1356682449209,0.3186242,-0.07236445,0.9451148,0.9396466,-0.10702878,-0.32497558,0.12467116,0.991619,0.033895016
1356682449249,0.33712232,-0.025500387,0.94111544,0.9342059,-0.114800155,-0.3377578,0.116653144,0.9930612,-0.014879078
1356682449289,0.34566054,0.008306801,0.9383229,0.93116707,-0.12660912,-0.3419036,0.11596012,0.99191797,-0.0514988
1356682449329,0.34472877,0.02888599,0.9382578,0.93069196,-0.14081717,-0.33761367,0.12237048,0.9896141,-0.07542771
1356682449369,0.33587766,0.037879825,0.94114363,0.9322549,-0.15603662,-0.32642522,0.13448787,0.9870248,-0.0877229
1356682449409,0.3214341,0.038210183,0.94616073,0.9349884,-0.17100301,-0.31073275,0.14992315,0.9845294,-0.09069228
1356682449450,0.30368716,0.033031404,0.952199,0.9382065,-0.18444872,-0.29282603,0.16595948,0.9822868,-0.08700493
1356682449489,0.28484467,0.025435984,0.9582362,0.9415137,-0.19518152,-0.27469277,0.1800429,0.9804373,-0.07954475
1356682449530,0.26632434,0.017603278,0.9637227,0.9448574,-0.20244241,-0.2574131,0.19056705,0.97913593,-0.07054791
1356682449569,0.24944726,0.011452347,0.96832067,0.9483781,-0.20511267,-0.24188402,0.19584471,0.97867143,-0.062025934
1356682449609,0.23526222,0.008330613,0.9718962,0.95245516,-0.20115918,-0.22883195,0.19359955,0.9795231,-0.055259705
1356682449649,0.22400716,0.008511275,0.97455025,0.9573971,-0.18890694,-0.21841452,0.18224034,0.98195803,-0.050465167
1356682449690,0.21519345,0.011075884,0.9765086,0.9630096,-0.1684733,-0.2103078,0.16218626,0.985644,-0.046920538
1356682449729,0.20809427,0.014203072,0.97800565,0.96854573,-0.14247152,-0.20401236,0.13644028,0.989697,-0.043403864
1356682449769,0.20260191,0.015923887,0.9791317,0.97327673,-0.11364579,-0.1995421,0.10809672,0.9933937,-0.038523197
1356682449809,0.19911927,0.014489651,0.9798682,0.9766466,-0.0852769,-0.19720355,0.08070269,0.99625194,-0.031131536
1356682449849,0.19866663,0.008874983,0.98002696,0.97838974,-0.060275733,-0.19778895,0.057316422,0.99814236,-0.020658016
1356682449890,0.2022917,-0.0014104545,0.97932434,0.9785049,-0.04063335,-0.20218092,0.04007843,0.9991731,-0.006839633
1356682449954,0.21045753,-0.01679033,0.9774588,0.97712857,-0.027532011,-0.21085933,0.030451834,0.9994799,0.010612011
1356682449969,0.22053501,-0.038576722,0.9746159,0.97492266,-0.021846563,-0.22146913,0.029835522,0.99901676,0.032791346
1356682450009,0.22767454,-0.068597615,0.971318,0.9729304,-0.024576128,-0.22978812,0.03963411,0.9973417,0.061145306
1356682450040,0.2334038,-0.102814645,0.9669291,0.97078764,-0.03224361,-0.2377637,0.055622846,0.99417776,0.092285424
1356682450080,0.21064699,-0.14902395,0.96613646,0.97381717,-0.054437637,-0.2207185,0.08548653,0.987334,0.13365498
1356682450119,0.16353285,-0.2033709,0.96534824,0.9783741,-0.09219134,-0.1851615,0.12665316,0.97475183,0.18389651
1356682450159,0.09467131,-0.25746745,0.9616381,0.980153,-0.14490265,-0.13529,0.17417666,0.95536053,0.23863932
1356682450200,0.021044075,-0.3004737,0.9535579,0.97528744,-0.20364416,-0.08569348,0.21993512,0.93179643,0.28876275
1356682450239,-0.03665811,-0.3261564,0.9446049,0.9662279,-0.25283122,-0.0498012,0.25506857,0.9108778,0.32440966
1356682450298,-0.0652827,-0.33474347,0.94004524,0.95963967,-0.27931106,-0.032817245,0.2735504,0.8999623,0.3394673
1356682450318,-0.060550094,-0.32871997,0.9424845,0.95960915,-0.2790649,-0.035682112,0.27474368,0.90225613,0.33234
1356682450358,-0.020867765,-0.30966198,0.95061773,0.96469843,-0.25591016,-0.062185466,0.2625292,0.9157617,0.30407065
1356682450396,0.050969362,-0.27831125,0.9591377,0.9688605,-0.21922934,-0.11509946,0.24230456,0.93513715,0.25847077
1356682450438,0.14894623,-0.23541778,0.96041316,0.96450907,-0.17956287,-0.19359615,0.21803051,0.95516264,0.20031738
1356682450478,0.2565933,-0.18453044,0.94874036,0.94701034,-0.14822811,-0.28495574,0.19321308,0.9715847,0.13671792
1356682450518,0.35772574,-0.13122922,0.92455995,0.91810054,-0.13151205,-0.37389293,0.17065644,0.9825902,0.073436394
1356682450558,0.4373375,-0.081884384,0.8955618,0.8862087,-0.1300436,-0.4446604,0.1528728,0.9881213,0.01569371
1356682450598,0.48866937,-0.040964663,0.8715068,0.8609518,-0.1391286,-0.48929057,0.14129516,0.9894266,-0.032719284
1356682450638,0.5124395,-0.009973556,0.85866547,0.84788454,-0.1524944,-0.50777686,0.13600597,0.9882541,-0.069687754
1356682450678,0.5130949,0.01162979,0.8582531,0.84746516,-0.16546965,-0.50440323,0.13614872,0.98614633,-0.09475745
1356682450718,0.49578384,0.025175154,0.868081,0.85700953,-0.17586854,-0.48436028,0.14047429,0.9840917,-0.10876815
1356682450758,0.46519336,0.032197475,0.88462335,0.8728192,-0.18329856,-0.45231447,0.14758676,0.9825299,-0.11337188
1356682450798,0.42494625,0.034063905,0.90457743,0.89160264,-0.18842006,-0.41175562,0.15641457,0.9814976,-0.11043985
1356682450838,0.37825155,0.03215009,0.92514443,0.91066635,-0.19232237,-0.36564863,0.16617036,0.98080504,-0.10202423
1356682450878,0.329264,0.028125346,0.94381905,0.92778856,-0.19539869,-0.3178487,0.17548135,0.9803206,-0.09043214
1356682450947,0.28298825,0.023810089,0.95882773,0.94177485,-0.19617677,-0.27308366,0.18159768,0.9802793,-0.07793942
1356682450961,0.24327749,0.020440876,0.96974134,0.95287836,-0.19182312,-0.23500374,0.18121517,0.98121667,-0.06614393
1356682451000,0.21206084,0.018377393,0.9770837,0.9618014,-0.18103585,-0.20533913,0.17311361,0.9833048,-0.056066006
1356682451040,0.19007814,0.017198771,0.98161834,0.96909964,-0.163396,-0.18479124,0.15721434,0.98641074,-0.04772532
1356682451079,0.17721537,0.015962332,0.98404264,0.9748603,-0.14006463,-0.17328969,0.13506344,0.9900137,-0.040382683
1356682451119,0.17322785,0.013444781,0.98479,0.9788787,-0.11258227,-0.17065102,0.10857552,0.99355143,-0.032663196
1356682451159,0.1789734,0.008507907,0.9838171,0.98051536,-0.083850235,-0.17764765,0.08098185,0.996442,-0.023349106
1356682451199,0.19622117,4.7671795E-4,0.9805596,0.97896683,-0.057070673,-0.19587469,0.05586782,0.99837005,-0.011665136
1356682451239,0.22632629,-0.011275917,0.97398627,0.9733741,-0.03466654,-0.22658536,0.036319762,0.9993353,0.0031297803
1356682451279,0.26681408,-0.028264344,0.9633335,0.9634308,-0.017821044,-0.26736385,0.024724513,0.99944156,0.022475868
1356682451319,0.3085554,-0.053525776,0.94969916,0.9509293,-0.0067366064,-0.3093347,0.02295518,0.9985437,0.048820645
1356682451359,0.33463684,-0.091228604,0.9379209,0.94178355,-0.0020434558,-0.3362137,0.03258893,0.9958279,0.08523378
1356682451400,0.32380947,-0.14476973,0.93498087,0.94452685,-0.007903069,-0.32833916,0.05492276,0.9894338,0.13417974
1356682451440,0.2665588,-0.21068692,0.9405091,0.95974195,-0.031633645,-0.27909613,0.08855367,0.9770416,0.19377285
1356682451479,0.17846239,-0.27586648,0.9444834,0.9756316,-0.07491571,-0.20622945,0.12764844,0.9582721,0.25577444
1356682451519,0.099588335,-0.3255144,0.94027793,0.98163974,-0.122358024,-0.14632821,0.1626825,0.9375868,0.30735242
1356682451559,0.0658921,-0.3540924,0.9328863,0.98053026,-0.15034318,-0.12632257,0.18498296,0.9230469,0.33729184
1356682451599,0.090596855,-0.36269182,0.927495,0.9771643,-0.14736885,-0.15307629,0.19220343,0.9201832,0.34105837
1356682451639,0.17046839,-0.35132554,0.9206035,0.9672638,-0.11858332,-0.22436282,0.1879926,0.9287132,0.31960982
1356682451680,0.2880112,-0.31896165,0.9029468,0.94099104,-0.08072692,-0.32866248,0.17772284,0.9443233,0.27688986
1356682451719,0.40668502,-0.27084544,0.8724964,0.8983902,-0.05480072,-0.4357661,0.16583866,0.9610617,0.22103824
1356682451759,0.50417864,-0.21599859,0.83615106,0.8496708,-0.04912308,-0.5250205,0.15447795,0.97515726,0.15876089
1356682451799,0.57096726,-0.16280007,0.8046692,0.80809635,-0.061465323,-0.5858347,0.1448332,0.9847427,0.09646346
1356682451839,0.6096187,-0.11576617,0.7841959,0.7806723,-0.08396268,-0.6192745,0.13753429,0.9897213,0.039190263
1356682451879,0.6263635,-0.076351374,0.77578294,0.76814187,-0.109043315,-0.63092595,0.13276607,0.9911004,-0.009652048
1356682451951,0.6264576,-0.0447582,0.7781694,0.76844275,-0.13176449,-0.6262059,0.13056293,0.99027014,-0.048150748
1356682451959,0.6137154,-0.020789474,0.7892536,0.7785654,-0.15006603,-0.6093572,0.13110834,0.9884574,-0.075911894
1356682451998,0.591039,-0.0038605332,0.8066338,0.795375,-0.16377093,-0.5835732,0.13435608,0.98649085,-0.093724415
1356682452038,0.5609395,0.0069161654,0.82782793,0.8160056,-0.17321402,-0.5514815,0.13957727,0.98485994,-0.10280621
1356682452078,0.52436244,0.0123030245,0.8514062,0.83894324,-0.17851618,-0.5141071,0.14566475,0.98386,-0.103928715
1356682452118,0.48125514,0.013119906,0.87648237,0.86334527,-0.18019232,-0.47134465,0.15175137,0.98354393,-0.0980455
1356682452158,0.431838,0.010254383,0.9018929,0.88805366,-0.17969194,-0.42316854,0.15772352,0.9836695,-0.08670427
1356682452198,0.379003,0.005264014,0.92538047,0.9109297,-0.17824328,-0.37207052,0.16298428,0.9839723,-0.07234985
1356682452238,0.32881972,2.4864078E-4,0.94439274,0.9298624,-0.17482826,-0.32371458,0.16502601,0.984599,-0.057718217
1356682452278,0.2875593,-0.0031522512,0.9577577,0.944236,-0.16653934,-0.28404766,0.1603997,0.9860298,-0.04491347
1356682452318,0.25872916,-0.00456205,0.9659391,0.95464504,-0.15133536,-0.25641873,0.14735049,0.988472,-0.034799755
1356682452358,0.24310648,-0.004666239,0.96998835,0.96166146,-0.12967587,-0.24164337,0.12691161,0.9915455,-0.02703774
1356682452398,0.23993614,-0.0047231615,0.9707772,0.96539164,-0.10413739,-0.23911172,0.102223575,0.9945517,-0.020426631
1356682452438,0.24767652,-0.006206423,0.9688229,0.9657719,-0.07797286,-0.24739611,0.07707733,0.9969362,-0.013318062
1356682452478,0.26464507,-0.0104289055,0.9642895,0.9627862,-0.053990453,-0.26481643,0.054824173,0.998487,-0.0042474866
1356682452518,0.28922656,-0.01834175,0.957085,0.9565153,-0.033911794,-0.28970435,0.037770122,0.9992566,0.0077359676
1356682452558,0.3187842,-0.030912817,0.9473231,0.947438,-0.018250734,-0.31941843,0.027163446,0.99935544,0.023469925
1356682452598,0.34863526,-0.049624622,0.93594384,0.93695474,-0.0069674253,-0.34938124,0.023859084,0.99874365,0.044066966
1356682452638,0.37156186,-0.07664105,0.9252393,0.9279506,-6.251037E-4,-0.3727024,0.029142737,0.9970585,0.07088691
1356682452678,0.37758106,-0.1146552,0.9188508,0.92487687,-0.0016500354,-0.38026324,0.045115292,0.99340403,0.10541892
1356682452718,0.35546523,-0.16552788,0.9199158,0.9317536,-0.015192807,-0.36277327,0.074025184,0.98608804,0.14883067
1356682452758,0.30084458,-0.22595468,0.9265188,0.946663,-0.046824962,-0.31880495,0.115419656,0.97301173,0.19981593
1356682452798,0.22557753,-0.28507456,0.9315832,0.96048987,-0.094926775,-0.26162577,0.16301507,0.95379317,0.2523979
1356682452838,0.15432084,-0.33079013,0.93100107,0.9663714,-0.14564145,-0.21193099,0.20569706,0.9323982,0.29719067
1356682452878,0.10783756,-0.3577047,0.9275874,0.9662095,-0.18200898,-0.18251556,0.23411587,0.9159258,0.32599032
1356682452948,0.10758418,-0.3627268,0.9256646,0.96410394,-0.18927616,-0.18622059,0.24275345,0.91247123,0.3293432
1356682452961,0.12082827,-0.35372016,0.9275142,0.962677,-0.1862042,-0.1964204,0.24218488,0.9166297,0.3180195
1356682453000,0.17230499,-0.3290187,0.9284706,0.9572494,-0.1663984,-0.23661172,0.2323457,0.9295473,0.2862817
1356682453039,0.24758828,-0.2881376,0.92502797,0.944621,-0.14045924,-0.29658416,0.21538582,0.94723165,0.23740487
1356682453079,0.33246663,-0.2338385,0.913666,0.9231134,-0.11777547,-0.36604723,0.19320336,0.9651158,0.17670305
1356682453119,0.40850243,-0.1732133,0.8961712,0.89696866,-0.10564646,-0.4292854,0.16903529,0.9792017,0.11221008
1356682453159,0.46539184,-0.11376876,0.87776256,0.87295806,-0.10473278,-0.47641915,0.14613211,0.9879715,0.050573573
1356682453199,0.49692923,-0.0616194,0.8656006,0.85838354,-0.111573696,-0.5007286,0.12743285,0.99184394,-0.0025511682
1356682453238,0.5027604,-0.019993782,0.8641945,0.8567837,-0.121115595,-0.5012511,0.11468935,0.992437,-0.043761805
1356682453279,0.48548216,0.010421753,0.8741845,0.8675168,-0.12957418,-0.48023453,0.10826683,0.99151504,-0.07194702
1356682453316,0.4497013,0.030688971,0.89265156,0.8867117,-0.13538921,-0.44205424,0.107289225,0.990317,-0.08809698
1356682453358,0.40132785,0.042583376,0.91494405,0.9092567,-0.13892472,-0.39236733,0.11039999,0.9893869,-0.0944736
1356682453398,0.34703606,0.048565477,0.9365935,0.93063986,-0.14144236,-0.33749583,0.116083324,0.9887545,-0.0942826
1356682453438,0.29218936,0.0503456,0.9550344,0.94832844,-0.14440429,-0.28252527,0.12368715,0.98823714,-0.08993757
1356682453478,0.23986316,0.04931,0.9695536,0.9616926,-0.1485979,-0.23036095,0.13271448,0.98766756,-0.08306423
1356682453518,0.19202954,0.046645075,0.98028004,0.9711437,-0.15298897,-0.18296012,0.1414378,0.98712647,-0.07467747
1356682453558,0.1497857,0.04337305,0.9877667,0.9778368,-0.15431082,-0.14150411,0.1462856,0.9870699,-0.06552535
1356682453598,0.11308551,0.039906323,0.99278355,0.98313576,-0.1490264,-0.10599628,0.14372101,0.9880277,-0.056086034
1356682453638,0.08130151,0.03603694,0.99603784,0.9878191,-0.1359449,-0.075712144,0.13267788,0.99006075,-0.0466505
1356682453678,0.05420041,0.031334728,0.9980383,0.9919026,-0.11665684,-0.050204635,0.11485478,0.9926779,-0.03740391
1356682453718,0.032084227,0.025297642,0.99916494,0.99512744,-0.09405714,-0.029573113,0.093230486,0.99524534,-0.028192133
1356682453758,0.015578985,0.017423838,0.9997268,0.9973736,-0.071000695,-0.0143048465,0.07073203,0.997324,-0.018484205
1356682453798,0.005674362,0.00751096,0.99995565,0.9987461,-0.04978168,-0.005293578,0.04973969,0.99873185,-0.007784009
1356682453838,0.0031167865,-0.0044879913,0.99998516,0.9994801,-0.03207785,-0.0032592118,0.032091916,0.99947536,0.0043855906
1356682453877,0.007009506,-0.019229144,0.9997905,0.999786,-0.019321322,-0.0073811114,0.019459188,0.9996284,0.01908961
1356682453950,-0.029318929,-0.041940153,0.9986898,0.9994413,-0.017262578,0.028616041,0.016039848,0.99897087,0.04242289
1356682453969,0.01905632,-0.07196584,0.99722505,0.999588,-0.020040631,-0.020547688,0.021463782,0.9972057,0.0715543
1356682454009,0.03354788,-0.11039212,0.9933218,0.9986942,-0.034613132,-0.03757605,0.03853011,0.9932852,0.10908678
1356682454049,0.008001626,-0.156863,0.98758805,0.99760985,-0.066535294,-0.018650949,0.068635106,0.98537666,0.15595564
1356682454090,-0.05542761,-0.20525426,0.9771378,0.9923157,-0.11975032,0.031134248,0.11062214,0.97135496,0.21031451
1356682454129,-0.13624763,-0.2442419,0.9600951,0.9780778,-0.18722051,0.09117189,0.15748149,0.95146966,0.2643959
1356682454170,-0.20815557,-0.2667223,0.9410263,0.95761514,-0.25142735,0.14056101,0.19910902,0.93039966,0.30775335
1356682454209,-0.25504935,-0.27283,0.9276387,0.9402262,-0.29387784,0.17207712,0.22566468,0.9160784,0.33147526
1356682454249,-0.27251315,-0.26609653,0.9246238,0.9333071,-0.30665213,0.18682125,0.23382539,0.91386926,0.33191663
1356682454289,-0.2612887,-0.24871716,0.93266714,0.9381325,-0.29289716,0.18471208,0.22723451,0.9232286,0.30986038
1356682454329,-0.2225101,-0.22113973,0.94951916,0.9516123,-0.2609989,0.16221482,0.21195129,0.9396685,0.2685141
1356682454369,-0.16147178,-0.18345115,0.9696765,0.9678941,-0.22123212,0.11932045,0.1926341,0.95781106,0.21328405
1356682454409,-0.08891398,-0.13725823,0.98653656,0.98109096,-0.18302095,0.062959224,0.17191523,0.9734801,0.15093595
1356682454449,-0.017744243,-0.08632144,0.99610937,0.9882575,-0.15273494,0.004368603,0.15176359,0.9844901,0.08801791
1356682454490,0.04153031,-0.03547877,0.9985072,0.990055,-0.13298136,-0.04590392,0.1344114,0.9904834,0.029603124
1356682454529,0.08146542,0.010382503,0.9966221,0.98917794,-0.123268545,-0.0795728,0.12202594,0.9923191,-0.02031231
1356682454570,0.101017475,0.047913373,0.9937302,0.9881293,-0.121032715,-0.09461242,0.11574063,0.9914915,-0.059571058
1356682454609,0.10199952,0.07551968,0.99191374,0.98807395,-0.12331265,-0.09221625,0.11535138,0.98949015,-0.08719689
1356682454649,0.08914983,0.09332338,0.9916365,0.98879135,-0.1280086,-0.07684708,0.119766355,0.9873725,-0.10368928
1356682454690,0.068083614,0.10270578,0.992379,0.98950344,-0.13403496,-0.054014415,0.1274659,0.9856399,-0.11075327
1356682454729,0.04390666,0.10572371,0.9934257,0.9896482,-0.1405994,-0.028776646,0.13663271,0.9844055,-0.1108025
